-1.68902
0.691298
0.610164
-0.0612071
-0.491633
2.32401
3.23768
-0.323009
1.14332
-0.652827
-2.06341
-0.266713
1.52635
-0.107279
-0.0929223
1.98694
0.903838
-1.373
1.77652
-0.201843
-1.61906
0.665373
2.08306
0.636471
-1.46866
0.247136
0.398837
0.175121
0.278832
2.65807
1.74213
1.19798
1.61587
-0.0662398
1.18024
-0.243357
0.264225
0.0199343
-1.00278
-1.18363
0.139807
-0.606383
0.4129
0.782031
-2.16686
-1.52723
0.968958
0.451606
-1.35726
0.313648
-0.111814
-1.84169
-0.81712
-1.33899
1.88832
-2.51048
-1.94582
-0.353167
-1.60786
1.04975
0.667874
1.12661
1.69688
0.00749713
-0.46162
-5.75265
-0.538023
1.50796
0.424283
-1.17342
-0.591526
0.0259277
0.986967
-2.63294
-0.749021
-0.188049
-1.76028
0.750784
2.37503
-1.38346
-2.73289
-1.56578
1.29539
2.07931
-0.0133557
-0.984918
-0.311638
0.726928
0.85644
0.574458
-0.738846
-1.45157
1.58919
-1.54811
1.05159
-1.0048
0.225452
1.80901
0.304057
-0.622095
-1.3375
-1.77625
1.25675
0.947198
-0.654246
2.15808
1.76629
0.900645
-3.0515
1.21197
-0.316745
1.38708
-0.700148
-1.45692
-0.556818
-1.46856
2.44773
-1.38785
-2.15989
0.928309
2.55829
1.94556
2.12164
-1.38355
-0.786776
-0.0727918
0.272267
-2.3145
-0.362096
3.7193
0.66145
-3.09883
-2.01325
-0.182562
-1.21901
1.18583
-1.64212
2.12471
2.25765
-0.0378358
-0.0694478
0.12188
-0.926026
-0.488874
0.330482
1.06768
-0.58286
3.136
1.79013
-2.28529
-0.0432929
-0.285731
2.09062
1.30186
-0.943033
0.947716
-0.457035
1.17453
-0.534199
-0.282636
-0.0915586
-1.10605
0.905466
2.13219
1.596
-3.55066
0.190206
-0.0209039
-0.28904
1.30718
1.89835
-1.01117
2.44093
2.2661
0.454825
-2.68386
-0.0906177
1.80716
0.944865
0.0407288
-0.161189
2.791
-1.77775
-0.495974
0.341495
-1.50163
1.35563
4.08629
-1.52006
1.69868
0.896187
0.087704
0.875489
-4.1731
-2.13646
3.38971
0.427321
-3.68731
-1.38321
-0.621939
0.137532
-0.571751
-0.755931
2.2756
-3.96645
-0.342229
-0.932085
0.941684
1.66786
0.0649216
1.02321
0.044213
2.94486
-1.32326
-2.58939
1.39229
0.799593
-3.09506
-0.0300654
-2.71151
-0.5135
0.835396
0.0908568
0.182584
-0.170244
-2.72222
0.0322519
-2.52112
-0.149255
2.52675
-1.71517
-2.09438
2.1168
-1.94146
-0.487925
-1.50961
-3.34621
-1.53083
1.40982
0.261103
1.05722
-2.0295
2.62656
1.44161
1.14213
0.708446
-0.262613
-3.35778
1.00438
0.600002
1.36693
0.894291
3.05585
-0.338703
0.504742
-3.47108
-1.25185
0.940352
2.60517
-0.868036
0.0953557
0.29413
-1.08833
1.11886
1.49559
-2.42747
-1.06595
-0.195963
0.993151
0.582588
0.603153
1.52922
1.11558
0.239504
-2.42831
0.41767
-0.828991
1.77171
0.416187
0.948243
0.883339
-1.2804
-1.18378
3.68598
-0.389563
-4.19089
2.25299
-1.46614
1.4673
1.05745
-0.207752
-1.50198
2.08841
1.39771
1.61222
-2.59002
-1.24628
0.0871237
0.135949
1.41722
-3.97075
1.85778
2.44381
0.439806
-3.53816
-0.491433
-0.211303
-1.30422
-1.1142
1.36343
1.18793
1.2471
-2.81151
2.91471
1.17263
0.568472
0.169619
0.668936
1.65323
-2.06278
-1.00117
-0.734641
1.02078
0.1525
-1.7782
0.356549
1.42843
-3.36745
0.233495
2.68928
-0.203398
0.502154
1.23131
-0.131313
1.84191
-2.01711
-0.307817
-0.907186
-3.66894
-0.728355
0.707596
1.78729
-2.33298
1.51645
0.784197
-2.03328
-0.630616
0.77584
-0.285106
-0.825601
1.03066
2.00991
0.486874
-2.0309
0.752295
-0.943837
0.816444
0.446766
2.84413
-1.11318
-3.1301
-0.859649
-2.32314
1.52582
-1.1976
-1.08256
-1.27921
1.16745
0.88343
-0.823604
0.620218
0.381961
1.57563
-0.225447
-0.124132
0.85816
0.130241
-0.622873
-2.02985
-1.90536
-2.27653
1.08792
4.39414
-0.723314
-0.0373515
1.10314
0.826543
-0.804529
-1.59718
-0.774227
2.67216
0.544998
-1.84484
-0.593805
1.70248
3.15917
-0.948069
-2.87472
-2.08397
2.81219
0.368867
-1.11748
0.605236
-0.252516
4.59792
0.0596886
-0.128579
-0.173694
0.0276096
0.858858
1.89734
0.271683
1.10624
0.0586906
0.170928
-0.416759
2.63142
-0.280674
-1.18311
-0.350636
-1.45916
-1.39698
1.45837
0.405046
1.91826
-2.08087
-2.19271
1.51817
3.23395
0.0772481
-1.434
-0.842335
0.865755
1.99021
1.5415
2.02274
0.952033
1.40058
-0.894056
-0.547521
-1.0224
0.135234
1.47738
-3.08107
-1.44655
-0.824732
1.92911
2.32324
0.388159
-0.978596
-3.59306
-0.266127
0.776472
-0.879279
-0.483078
-2.21662
1.41477
-0.330574
-0.573241
1.06438
1.65207
1.01397
-3.95519
-2.8164
0.760215
1.73235
-1.72181
0.568946
1.10762
0.410398
0.337736
-1.3766
1.13668
-1.12292
0.121804
-1.23686
3.88136
-1.84569
-0.119875
-0.547533
-0.630614
-2.09962
-2.54945
1.20156
0.367221
-3.10056
-1.8044
1.47428
0.471128
0.683599
1.0088
-1.45483
1.74063
2.2363
-1.59795
1.17926
0.121532
-0.341516
0.473632
-1.19371
-1.2095
1.15088
-1.28549
-1.31316
2.54268
-2.41376
-3.96446
0.355319
-0.417013
2.46449
0.545923
-0.709936
-0.230277
-0.177974
2.56354
1.53967
-1.90449
0.711377
-1.50175
0.508066
-0.693501
-0.497309
0.725623
-1.2066
2.6466
0.411603
-2.38929
-0.335934
-2.06017
1.01714
-1.68721
-0.0661782
-0.665124
0.21425
0.649879
0.199538
-0.53639
1.45108
0.882535
-1.48908
-2.93315
-2.85818
1.02219
-1.0142
1.0458
0.1022
-1.13123
0.141183
0.721994
2.34685
0.623729
-0.772284
-1.92256
-2.32149
2.62841
0.438187
1.89573
0.724281
1.88447
0.27696
-0.112192
-0.454185
-0.483594
-2.40905
-0.159928
2.26448
0.159433
0.265598
2.53686
-0.447743
1.74751
-1.97514
-0.480604
0.740947
-2.16333
1.01524
-0.816929
1.4855
0.475475
0.970889
3.7998
1.64029
-1.78628
1.70691
-1.01937
2.15912
-0.944517
-0.631289
3.24925
-0.251973
0.483786
1.34512
0.533263
0.899828
-1.65033
0.849275
2.71931
-1.78286
1.06487
-0.631599
1.99308
0.386705
1.84249
-3.26437
-1.99412
-0.662318
-2.66536
1.04393
-0.903262
-1.89119
0.610907
2.57458
-0.714448
0.75879
-1.09337
-2.42762
0.143899
-1.10222
0.207376
-0.729361
-0.778806
-0.363915
2.45942
1.20282
0.583646
0.760075
-1.80592
-0.679876
-1.00834
-2.8277
-0.542387
-2.26038
-0.875828
0.0832654
4.242e-05
2.72628
0.189624
-3.08554
-0.760007
-0.509209
-0.423659
3.00654
-0.644102
1.61314
-1.69356
0.55319
-0.88591
-1.53744
-0.325373
0.613362
0.364572
0.0956699
-0.849755
0.24789
3.74205
-0.253061
-1.61286
0.372675
0.510842
-0.169057
-1.62675
0.0787575
0.948482
-0.356981
0.622524
2.16065
-2.18398
1.57654
1.50591
-1.27427
-2.36225
1.6175
1.586
-1.52353
-1.03241
-0.400858
1.84864
2.49755
1.68844
-0.915993
0.222349
1.21896
0.215214
0.768627
-2.72223
1.47556
-1.99499
1.09306
0.30624
-0.83821
-1.25295
0.0420794
-2.04499
-0.107881
1.57249
-0.144006
1.18494
0.903091
-0.0113731
0.0345964
0.225617
0.551306
-1.97437
2.60243
-0.449507
-1.25088
0.831315
2.03597
-0.128938
1.16276
-0.249247
-1.59506
0.050154
0.431086
-0.223451
1.02127
1.16073
0.263472
0.627935
1.19283
2.17628
-1.61759
0.929752
-2.3606
-0.496161
-2.1025
-0.711733
-1.74175
1.89283
-2.64754
1.09577
-0.12918
-0.545388
0.348002
-0.327068
2.81962
1.46082
0.0428087
-0.102663
-1.03044
1.23939
1.30469
-1.64851
0.846337
1.03733
0.654676
-0.13295
-1.4506
-0.775485
2.35023
-0.761896
-2.9944
1.51959
0.0329155
2.68614
-0.719512
-0.396372
-0.978905
0.692814
0.0089067
-0.793017
4.2663
0.012309
-4.0565
-0.412894
2.08485
0.338205
0.743432
-0.0138826
-1.67846
3.65195
-0.620857
1.79705
0.258731
2.8725
-1.97567
-1.19935
1.97925
-2.74687
2.4627
0.321245
-0.803242
1.87172
-0.0727963
-2.23241
1.41467
-0.0210923
-0.550075
2.07491
-1.52019
0.362414
-0.80698
1.18719
0.382567
-0.571094
-0.626177
-0.974983
-1.95617
1.40536
0.195495
-2.15806
-0.320699
-1.39126
-0.149651
-1.15093
2.46942
0.033229
1.14989
2.17736
-2.76488
1.00242
-0.680012
-0.675479
0.618095
-1.04362
-0.336472
1.45907
1.61636
-0.871534
-1.52388
-0.367739
-6.14513
2.3721
0.6958
0.110199
1.62645
1.15581
-5.02232
2.95288
1.2052
-0.814979
0.891036
-1.90517
1.73042
0.681999
0.782608
0.0816795
-1.35916
-1.01221
-2.9276
-1.86478
0.0508231
-0.960351
0.949183
3.392
0.0894393
-1.9131
0.879891
-1.76159
0.310361
0.761592
2.58981
-1.93787
1.04474
0.452328
-3.13686
-1.38312
-0.215328
-0.598015
1.88673
-0.439028
0.591677
-1.56859
-0.813406
-0.318694
-0.59668
-0.775033
0.979478
-0.311154
1.54236
1.64167
-0.757305
2.91556
2.27858
-2.09448
-1.29705
-0.292517
0.431361
-0.556326
-1.09642
-0.650535
-1.46151
-1.95518
0.337183
0.581786
-2.18541
-0.108215
1.45855
-4.08821
-0.140345
1.09369
0.0805007
1.07456
-2.70314
-1.9619
0.98464
2.37366
-0.414461
1.33547
-2.19039
-1.21005
1.53954
0.262761
-0.390467
1.23155
0.680748
-1.3098
-4.12329
2.74905
0.915764
-0.509667
-0.337548
-1.28992
-0.764607
1.7456
0.0875558
-0.0168974
0.116217
-2.36555
2.54932
1.10877
-1.09426
0.769469
-2.04917
-2.51198
1.59815
1.89847
0.162662
-1.03294
0.144052
-0.642623
-1.31729
0.207004
0.934677
0.286366
3.02941
1.16018
-0.652254
1.94023
-0.0392177
-1.06245
2.25271
-1.17307
0.550695
-1.07513
-2.13657
-0.719882
3.31344
-0.152678
-0.931411
-0.101126
-0.171326
2.22447
-1.68496
0.0989681
-2.09642
0.508346
-0.287178
1.25255
-0.499668
-1.57105
-0.267929
0.764309
-0.796812
1.93283
-0.363191
0.298845
2.51757
1.2048
-0.157507
-2.43173
0.235105
1.09835
-2.64903
-0.212067
1.29117
1.9394
-0.794147
-0.0176595
-1.37215
-0.594648
-1.65507
0.445575
0.602218
1.58578
0.0316998
1.56723
0.038671
-1.03206
-1.0675
2.8697
1.16553
-1.22248
1.67588
0.367405
-0.538566
0.906237
-1.16394
0.469229
1.56452
-0.282562
1.46708
2.13059
-1.53617
0.751619
3.1192
0.272698
-0.232144
-1.04962
1.33042
-2.95074
2.14298
-0.265221
-1.67854
2.02729
3.57415
-2.09719
-1.92397
0.292133
-1.42024
-1.22793
-0.814271
1.15689
2.7499
-0.658523
-2.40962
-0.576114
0.834619
-0.266798
0.00271125
0.563789
2.09245
-3.15499
-0.431166
0.188107
0.584247
1.47539
-0.15129
0.278909
0.590921
0.975167
0.493692
3.37685
3.9299
2.13632
-1.15805
-0.732809
-1.14121
-1.61499
-0.276852
-3.93349
-0.260123
-0.991675
4.24424
-0.796148
1.21411
-0.638024
1.54262
-0.945925
1.51619
1.98158
-0.863519
-0.066004
0.751398
-1.26303
-2.84733
-0.202412
1.42243
-0.209046
-1.95163
-0.508879
-1.13218
-0.10852
0.0175564
-1.39816
1.01715
0.653514
-0.459023
-0.472935
-0.0998069
-1.77776
0.578357
-0.524304
0.804194
-1.98765
-0.587874
-0.836906
-0.650953
2.1586
-2.46865
-2.43475
-3.78941
-0.51089
0.846326
1.07032
0.0520338
1.23933
-1.51617
-0.959721
0.445702
1.12118
0.0469674
-3.70942
-0.94286
0.429687
1.30154
-3.0879
0.262821
-2.12621
-3.62043
-1.60592
0.200901
2.40667
1.32592
-0.800628
-0.402492
-0.189425
3.03306
-1.33183
-1.34831
1.86119
1.78693
-0.660782
2.90706
2.77088
1.72275
1.57685
1.93161
1.6254
0.5502
-2.94822
2.09299
-1.83679
-0.600104
0.280528
0.50129
1.06444
-0.667154
-0.00720443
-1.07104
1.31234
2.50448
-1.38638
0.721068
0.728664
0.242394
1.84134
-1.7513
1.85943
0.196051
-0.0325949
0.64735
-0.584146
-0.826197
-0.729145
1.21844
0.0297273
-1.56147
1.44694
4.42947
0.596089
-2.30547
-0.70691
1.49578
2.07233
-0.612928
-1.03983
1.55624
0.190692
0.391332
1.83396
-1.55955
0.849674
0.434642
-1.79
-0.11435
0.272013
1.52325
-1.79399
0.597811
-1.86404
-0.0911029
1.25407
2.11211
-1.18766
-0.534782
0.699319
-1.82284
0.43717
1.52344
0.264885
-1.01359
-1.44749
-2.55793
3.18872
1.966
-0.074502
0.81538
1.24096
1.64171
-0.0880406
0.0354854
1.03942
3.20912
-0.959089
1.74585
0.00888563
2.03837
-1.72793
-3.2999
-0.19619
0.400948
-2.33844
-1.53138
-0.906611
0.311126
-1.34708
-3.70479
1.89713
-3.28746
-0.602227
-0.295902
-1.85061
-0.217742
-1.58574
-1.4941
-1.06837
2.58478
0.538229
0.233747
1.11163
-1.51894
0.229899
1.47213
-2.28106
-3.19751
0.275291
0.871002
2.39186
0.956654
-0.650117
-1.65764
-0.159192
-0.22029
-1.62254
0.000115376
0.447898
0.525201
-0.0374568
-1.08371
1.48594
1.35783
0.067039
0.237632
-0.0305294
-0.616998
2.5338
1.29298
0.905222
0.365423
0.428651
-1.46716
-0.522149
3.07242
-0.360465
-0.340699
0.183346
-0.554576
-1.39381
-0.442524
0.304214
-1.61649
-0.123649
-1.06263
0.837948
1.67417
1.08931
-2.03974
0.441329
-0.919812
-2.73065
0.124319
0.895952
-0.0807068
0.719065
-1.35383
-1.3987
-0.0660264
1.44096
0.732384
-0.140622
-1.0254
0.572467
0.0589726
-3.07068
-0.303526
-2.26931
-1.67172
-0.91005
0.151474
-0.573467
-3.44638
-0.492139
0.0889225
0.136481
1.06677
2.60365
2.51237
-0.0801264
-1.63821
2.56486
1.94802
-0.879473
0.751562
1.861
-2.09936
1.37446
0.208559
1.20375
-1.32063
1.50523
-3.17764
1.92729
1.58429
-2.0262
-0.926196
-0.64318
0.479017
1.13819
-1.31264
2.73522
-1.43314
0.954936
-0.706184
-2.42534
-1.05342
1.84928
0.503791
0.557982
0.294652
-0.214431
-2.42669
-0.249065
0.341945
1.19235
-1.94301
-0.0219076
-0.839559
-2.10057
-1.02127
1.43011
0.158776
2.23834
-0.379846
-2.26355
-0.342721
-2.26409
1.27464
-0.181106
-1.3174
0.223849
-1.2145
0.999728
-1.19129
-0.946785
0.267697
-3.55066
-0.30823
4.20017
0.355616
0.416083
2.07299
-0.163045
1.5647
0.872983
0.0420764
-1.05458
-1.70773
0.363584
1.26725
1.65893
-1.39493
-1.98109
0.684185
-0.602235
2.193
0.605073
-0.485388
0.00885281
2.79991
-0.17007
-0.102005
2.20783
-2.24894
-1.33948
1.35194
-0.499683
3.9506
-1.30516
-0.0774848
2.13519
-0.45214
-1.77053
-0.197397
0.539367
-1.20931
-0.333658
-0.922535
0.0892134
-1.57886
-2.3001
1.18279
0.130436
1.54333
-0.716042
-1.65343
1.1717
-1.39989
0.325829
0.0461939
-0.168832
0.112717
-1.58074
0.162588
0.315745
-0.234674
-0.835317
-0.129563
2.61774
-0.976527
0.743501
-0.546516
0.805286
1.02087
-0.51735
-0.461886
-0.437427
1.05319
0.0724037
0.731003
2.88351
-0.848698
-0.377863
2.22365
0.0667633
-1.79473
0.263006
1.7663
-1.32509
1.36199
-0.686536
2.27681
0.763088
1.17982
-0.703026
3.08647
1.46705
1.63281
1.01947
0.203237
0.370985
0.87927
1.22849
1.56899
1.71647
0.0947363
-1.39244
-1.40979
1.26917
-2.56363
-0.8355
-1.13793
1.88578
3.40065
-0.566937
-0.437481
3.20602
-2.09811
-1.7975
-1.3214
0.0759953
1.96804
-2.73809
-1.37678
-1.3716
1.19859
-1.3955
1.64979
1.52406
1.99351
0.587749
1.21634
-2.17069
-3.46761
-0.856087
3.81211
-0.0657512
-3.01755
-1.43365
-0.481918
-2.14875
1.0798
-0.983166
0.695129
-2.30621
-0.247645
-0.511425
-3.00897
1.01178
0.373117
-0.382449
-1.31651
-0.699051
-0.168391
0.20057
0.930491
-0.455141
0.369591
2.15161
-0.0830811
0.2032
-0.748017
-0.947737
-1.23366
0.930343
3.41307
-1.95376
0.546535
-0.0810026
-1.01038
-1.74112
-0.717313
1.9001
-0.204864
-0.660732
-0.327443
-0.660792
-0.0150742
1.45829
0.686433
2.31735
-1.45923
-0.351522
2.84399
0.184837
-3.31942
-0.986669
0.216548
-0.427012
0.860402
-2.46153
-2.23448
1.36201
-1.32409
2.46702
-1.57967
1.2887
0.00864934
3.34246
-1.09852
-2.30419
1.9263
0.11965
-1.48275
1.13485
-0.0449042
0.157435
1.98997
-2.27319
-1.37011
-0.924221
-1.90405
-0.945079
0.239179
0.359785
0.027451
1.24938
3.17275
1.72847
2.38982
-2.11465
1.07211
-0.304068
0.139709
-0.338035
-0.819786
0.986651
1.32353
1.80563
-3.01951
0.510408
0.560259
0.749999
-0.601429
-2.3901
0.546622
1.19282
0.0609652
2.66398
3.18236
0.330366
-1.98913
-0.912646
-1.11192
1.20626
0.275993
-2.08153
4.26452
-3.49193
-0.415855
-0.990442
0.638319
-1.41635
-0.370673
2.42181
-2.05892
-2.6318
-0.151373
0.472697
0.571697
-1.07142
-0.00824243
-0.865697
-2.42181
-2.21915
1.21246
0.05045
-0.581682
-0.771502
-0.6165
0.498109
2.65542
-1.30325
0.137014
-1.51603
0.827063
-0.622201
-1.82168
-0.411173
0.491377
1.05477
0.292584
2.89104
0.77515
-0.406944
-0.167747
-0.543347
-0.664702
-1.55642
0.289023
2.89103
1.32471
-0.692421
-0.922958
0.924514
2.33551
-4.62984
-0.703692
-0.163469
2.56884
-0.642657
-3.00575
0.0966566
2.52066
1.41947
0.864119
1.02007
0.409814
1.96058
0.727482
-0.748092
-0.408923
0.387876
1.96766
-0.531633
-0.744408
0.362663
-1.60853
1.3266
-1.89447
0.553762
0.0349475
-0.419862
0.361718
0.416923
-1.07906
1.39344
0.212332
3.03931
1.12023
-1.27598
-0.622
-1.69973
0.797827
0.914495
-1.13111
-0.911126
-1.86251
-0.406423
-0.148533
-0.654352
1.23168
1.44299
-0.377979
2.16625
1.39612
1.52681
-0.551341
-1.12094
4.17818
0.318397
1.95475
0.0615833
0.0582078
-0.0855321
-1.26785
1.31492
-1.96548
-0.525005
-1.42071
1.5933
0.259268
-2.75519
-1.16981
0.59797
-1.02903
-0.941577
1.16877
1.26946
-0.744474
2.56406
-1.70538
-2.60197
-1.60716
0.713831
0.113881
0.502675
-0.655851
-1.3556
-1.28684
0.699658
-0.770082
-0.419907
0.886687
2.63971
-1.90742
2.67809
-1.19471
-1.50093
-2.12346
0.956963
-1.58467
0.275863
-0.0942715
-1.0941
-1.14614
-2.27313
-0.46523
-1.39019
-1.67102
-1.64482
-0.646434
-0.87893
3.50469
-0.00176883
2.58534
-1.22763
-0.108461
2.53544
0.333571
-3.21945
-1.56389
-1.84483
0.557328
-0.302205
0.435583
0.261411
-0.609754
2.66199
0.201095
-0.361466
-0.236709
-0.762561
-2.25923
-1.31168
0.804664
2.59425
2.26586
0.233617
-3.36143
2.59884
0.125937
2.46786
2.41992
0.874974
-1.18295
1.87957
1.42203
-1.44437
-2.00047
-0.877059
-1.3233
1.0132
2.23407
-2.2242
-0.528919
1.26674
0.0296681
-1.69862
-1.34801
-0.651784
2.34486
-1.64443
-0.00196029
0.932635
0.935359
1.17392
0.79873
-0.395613
-0.246496
-1.05797
0.744551
-0.253681
-1.79773
0.123649
-1.96218
2.58559
0.555039
0.631616
1.25065
0.228325
-1.56174
-1.83578
-0.710292
-1.65214
0.964666
0.556534
-3.269
3.01362
-1.99687
-2.3858
0.20955
-2.79635
-1.36878
-1.64068
1.29869
3.14761
2.92959
1.93241
0.69488
-1.75553
-1.27786
0.24378
-0.650601
1.79818
0.51056
1.22166
0.584094
0.0809633
0.790282
1.21404
-1.84489
-1.65285
1.52147
0.913548
-0.165613
-0.172357
2.67824
-1.60108
-0.567482
0.407285
-0.0243664
-0.290745
1.06384
0.352096
-3.83176
2.78498
1.95468
0.264787
0.921255
0.832691
-0.583431
-3.55925
1.88
2.66256
-1.8
1.0202
-0.858983
-0.709534
0.55653
0.960195
-2.7628
-2.2474
-1.02871
0.651642
-1.06323
0.731196
-1.18224
0.984562
1.9433
1.8579
-0.490843
-1.00243
-0.604923
1.49032
-0.431523
0.097359
-0.0214116
0.17182
1.05543
-3.22468
1.36896
0.177653
-1.4174
0.442926
1.41699
0.0476864
-0.175176
-0.440699
0.371134
2.94437
-1.73458
-1.10116
-1.18785
-0.191586
2.23207
-3.16367
-0.214276
0.73165
0.571968
1.82878
-0.291078
-0.955395
1.97916
0.584179
0.97491
0.214524
-0.477776
2.12907
0.738895
3.65966
0.014813
0.469096
-0.321806
-0.157602
0.860989
-2.90937
-0.675488
-2.29089
-0.105263
0.629702
-0.200106
-1.58541
-1.23853
1.21261
1.68795
-3.22761
4.81844
0.587527
0.813336
-0.294269
-1.90892
0.457495
0.742431
0.297511
0.854782
-1.89035
0.823101
-2.92453
0.0952724
-2.12937
-1.41571
-1.60256
-0.392324
0.445432
1.22506
1.01409
0.595136
-2.23373
1.67578
-3.67408
2.13399
-2.1058
0.736887
0.444583
-4.73291
-3.57094
4.6125
1.9053
-0.671017
-0.504996
-0.848772
-0.835729
2.48718
1.70201
-1.87097
-0.443899
1.68773
2.56015
-1.90249
1.64908
1.29177
-1.36628
-0.770871
-1.07524
0.0193438
1.10382
-1.14684
0.778575
-1.24543
2.04345
-1.0622
0.486867
0.123552
1.27684
-1.44192
-0.0196033
1.9687
-0.0412436
3.7242
-0.517396
0.52882
0.403859
0.140378
-1.51812
-2.07744
-1.12834
3.63963
-0.585427
0.904667
0.255391
0.996061
-0.174771
0.383039
1.20305
-3.54424
-0.658384
1.14546
0.700169
-0.129625
-1.69023
0.488375
2.78054
-0.97514
-4.13491
0.13852
1.17317
1.04578
-0.686634
-0.407302
0.663202
0.561544
-0.675337
-3.90182
-1.42347
-1.48427
-0.513624
-1.97977
1.08053
-0.170383
-0.513443
-0.869236
0.363074
-0.365714
0.0269466
-1.44743
1.55726
2.52909
0.247955
-0.335311
0.865923
1.3142
-1.21677
4.05585
0.64057
-2.0069
-2.44753
2.64498
-1.12474
1.67351
-1.70189
-0.533339
-0.352089
1.33098
3.59206
-0.431669
-1.00577
-0.0749995
-0.0618101
-2.22843
2.14934
2.16809
0.502153
-1.95488
0.547529
0.299513
1.02531
2.27734
-3.19784
-0.464324
0.870731
1.14241
2.60192
1.27526
-0.125074
-0.903601
1.51858
-1.83698
-2.37938
3.07615
-1.16951
2.08035
-2.79633
0.914955
-0.273868
-2.00644
-0.252456
3.30403
-2.39193
0.301796
0.0676381
0.254448
-0.282454
1.44577
-0.425611
0.840388
0.413957
-0.156393
-2.12396
1.88401
-0.996619
3.24978
-2.24045
-0.111727
-0.191874
-0.734469
1.06702
-1.98642
1.5581
-3.45748
-2.26636
4.52965
-2.3708
1.02954
-2.32316
0.376719
0.819393
3.25156
-3.06178
-2.83915
-0.481287
1.52379
0.684999
0.286651
0.672361
0.245544
0.738626
-1.70723
2.38097
-3.2858
0.856083
0.50849
-0.845509
0.933789
-0.958278
0.753036
-1.0229
-0.526912
-0.27778
-1.3592
2.52026
-0.0421506
-1.87148
-1.6848
1.14262
2.06662
-2.29378
0.00709921
0.978176
-0.155214
-1.08159
2.87037
-0.221665
-2.56441
-0.133571
0.474134
4.17573
-1.38185
-4.81387
0.600529
1.54368
1.81638
1.53229
0.289951
2.53659
-2.51206
-0.699173
1.03448
0.960806
3.08342
-0.255694
-0.40358
0.0470455
3.85964
1.73531
0.619923
-1.18136
1.47303
-2.92015
2.75742
-1.08907
-0.657767
2.55819
-1.53343
0.0851005
-0.381108
-1.62581
-1.56833
-0.461758
0.0351229
0.276119
-1.27502
0.854593
-2.26145
-0.514297
-2.02867
-0.870544
0.195167
-2.95165
-0.592364
1.95797
2.31944
1.23628
-0.405419
-2.33896
-0.650325
2.44037
3.08104
1.11889
1.3881
-0.975023
-0.141529
0.200083
-0.354182
0.870794
-1.82099
-0.758814
0.332986
1.22138
-1.03603
-0.865464
-1.51373
-3.44944
0.325313
-0.528316
2.06595
4.22477
-2.17941
1.76891
-1.64912
0.961372
-2.52475
-1.72786
0.812975
0.188254
-0.424182
-2.17375
-1.91727
0.23113
2.83803
0.609147
0.513666
-2.03878
-1.70637
2.01741
3.24037
0.912918
-3.71186
-2.5823
-0.410244
0.77531
2.10092
1.47906
0.188516
-4.00433
-4.88501
0.402524
-1.33037
0.521832
2.43514
0.14899
0.748763
-0.166091
-1.57863
0.86092
-0.915473
2.35549
0.455888
-1.6179
1.99026
-0.106333
-0.648301
-0.136444
-1.84335
-1.4384
1.41024
-1.59046
0.452303
-2.53026
1.41172
0.0569748
3.14127
-1.80133
2.80129
1.06833
1.61862
0.634191
-1.32058
0.793946
0.999441
1.68456
0.956283
1.83359
0.441913
2.56325
-0.28336
0.235034
1.41257
-1.26253
0.577027
0.19141
0.181493
0.275812
-0.34707
0.934412
-0.936471
0.905742
0.0469464
-0.0073297
-0.406334
-0.455703
-0.616809
-0.240617
-1.77393
-1.57199
-1.82048
-0.550245
1.55965
0.519162
1.65533
-0.653049
2.14012
0.812673
0.611908
-1.48175
1.40086
1.04886
0.372681
-1.64673
0.0551177
-0.335209
-2.04665
1.44235
0.323715
0.34944
-1.72871
-1.11259
-1.46533
-0.00723616
-1.16942
-0.141233
-1.13219
-1.39927
0.86492
1.88558
-0.984812
-2.20675
-0.868899
-1.2312
-0.854691
2.00998
-0.516788
1.52668
0.502169
-3.39507
-1.5492
1.07097
1.26548
-0.43079
-0.163131
0.316335
0.217092
-2.09809
1.61971
1.27304
-2.20918
0.0990427
0.651784
-2.05516
-1.58175
-1.9965
0.0770795
0.136314
-0.963733
0.933968
-1.11398
-1.6372
0.641048
0.655942
0.455595
1.17945
-1.74483
1.63739
1.40651
3.06987
1.0536
1.60298
-1.83956
-2.56793
0.880161
1.36769
1.95599
0.685199
-1.38455
1.40395
-2.25346
-0.425226
-0.375221
-0.414441
-0.1319
1.76793
1.74148
0.173262
2.80977
0.454072
-1.95031
-1.15416
1.08691
-0.25641
1.1772
1.36304
-0.241432
-0.99306
-0.0856925
-0.497131
-0.900638
2.54075
-0.410606
3.61516
-2.9865
1.41647
0.459608
-2.80455
2.11521
0.0449658
-2.11884
4.07803
-1.10962
-1.42354
-2.87681
-0.522878
0.636589
0.671798
-1.79849
0.797645
-1.55924
-3.03478
0.387538
0.314508
2.41936
-0.41683
0.598082
0.723345
1.05488
0.337231
1.74984
0.362296
-2.36324
-2.05724
-1.33302
0.562385
0.390064
0.434221
-0.42042
-0.864553
1.00482
0.904411
1.19028
-0.90382
2.39969
-2.54337
4.55824
-1.8977
-0.0532665
0.00307531
-1.17405
-0.833995
1.12317
0.236309
-1.95484
4.6747
-1.59291
2.76124
0.746179
0.613401
0.448079
-1.60556
-0.426819
0.432355
0.298309
-1.08163
-1.70965
-2.10199
2.94877
2.23913
3.70848
1.24323
1.48497
-2.98537
-3.7042
1.34322
0.626778
-2.62184
-2.94138
-2.2982
-2.41756
-0.187775
-0.853029
1.98476
-0.330081
0.173842
-1.84461
1.11759
1.47282
1.09174
-2.82658
-1.36902
0.367111
-1.62905
-2.78609
1.41459
1.54579
-1.15967
3.21656
0.0750956
1.05273
0.180176
-0.860154
0.883652
0.113777
-1.02495
1.92859
0.470138
-0.473603
2.05578
0.471052
1.12201
1.32717
0.128553
0.0866767
-2.68982
-0.12214
-0.527538
-1.27373
0.971301
-0.325463
2.15614
0.548702
0.485211
2.22255
1.57437
-0.64875
-0.0404583
2.55123
1.24767
0.779751
1.81836
-0.0297157
1.36245
-4.21487
1.1496
-0.613088
-0.424701
-0.114947
1.89515
-0.107171
0.514812
5.13926
0.619123
-1.06872
-0.515488
-0.227191
0.478275
-2.84824
0.498074
2.63058
-0.86651
-0.715481
-1.19742
0.365492
0.111213
1.09931
0.877982
-0.33429
-0.653468
1.81389
-1.44975
-0.382461
-0.724387
-0.325856
0.767762
0.706305
-0.203276
-3.97444
-1.69928
-0.709256
-2.15442
2.17906
2.72055
0.626899
0.299687
-1.73431
1.70558
0.33567
0.98203
1.3032
2.72495
-0.646496
-0.447361
2.26986
-0.355336
0.0875909
0.933773
-1.37192
-0.81071
-2.05428
-1.98194
0.641936
-0.81467
-0.322422
1.90496
-0.57005
0.250868
-1.22844
-2.23396
1.3946
0.628096
1.4912
-2.87717
-3.16607
2.60205
-2.11359
-1.62697
3.31778
-1.22854
-1.44089
-1.18511
0.817655
0.673044
-0.246318
2.16275
2.03015
-0.226517
-0.414943
-0.0278444
-1.53909
-0.935809
0.584149
0.764122
-0.0650881
-2.00133
-1.66464
-0.187335
0.784875
-0.442743
0.374849
0.460328
-0.0905839
2.2109
0.326151
-0.480246
-0.685949
0.574015
-3.08663
-1.1123
-1.86678
2.66207
0.531262
-2.21406
0.112754
-1.54186
-0.279062
-0.504223
0.278621
-0.311511
1.54152
-1.76929
-0.376677
3.36221
-1.23944
-1.46551
-2.73163
0.586897
1.73318
-0.74762
-0.024467
0.122826
-1.74948
1.07067
5.20325
2.15976
-2.48299
-1.98125
-1.98041
-0.656463
0.420453
-0.81046
-1.51561
-1.17396
-2.19492
-4.16134
-2.79703
-0.735464
-2.99424
-2.07837
-0.296316
-0.972602
-1.76186
1.6042
0.139644
0.363652
3.62099
6.24245
0.207862
-0.436908
-1.8527
1.00153
1.78068
2.27262
-1.1027
3.08376
0.994044
-0.834746
-2.36068
-0.415938
-0.117346
-0.573892
1.2009
-1.51418
0.62372
2.48729
0.90062
-0.875369
2.66541
-0.347798
-1.76169
0.720191
3.16231
0.813889
1.44648
0.98647
0.17936
-0.688941
-0.262455
1.03701
0.192953
-0.117663
2.20984
1.09967
0.598473
0.432909
-1.2774
-0.551534
1.93661
0.879807
0.0379649
0.195165
2.37808
-1.13449
-3.57948
-2.53568
-1.34096
-0.225804
1.10334
-2.10289
-3.50861
0.889685
0.261223
0.592005
-2.22405
-0.0329411
2.08699
-0.00292742
1.38575
-1.06289
-1.23329
-2.70531
0.696998
0.578815
1.66064
-2.68641
-2.60897
1.12854
-1.61116
-0.9965
-4.40006
-0.735324
2.3896
1.27542
0.740622
1.51074
0.0782293
0.335562
1.95567
3.17401
1.43647
-0.662518
1.14058
2.73801
0.874886
-1.48219
1.59249
0.634547
-0.548558
0.809426
-1.75411
0.625685
0.0314018
-0.351012
1.46508
0.043094
-1.38043
-0.255272
5.20007
-1.27534
-1.15337
-0.500589
-1.83692
1.52062
-0.872165
2.12044
-0.722398
-1.37995
0.0578038
0.329189
4.04503
2.36462
-2.63676
-1.20512
1.63592
-0.632385
0.0672898
-0.048578
-2.40872
-1.5294
-0.0782609
-0.890078
0.449665
0.422253
-1.81668
-0.863423
1.36374
0.506416
-2.1159
-0.781226
0.548951
-0.0660975
-1.57879
0.603904
0.921446
-3.57406
-1.49998
0.128245
2.17313
0.970274
0.397427
0.206946
-0.0411284
-0.157858
1.36805
