2.05039
-2.84134
-0.237851
-1.77847
-1.93865
-0.9098
-0.674403
0.678237
1.72156
0.581552
-1.37295
-3.01266
-1.47907
-1.92112
0.310529
1.17729
0.592034
0.182443
-2.33444
-1.73132
0.967038
-0.549582
-1.27571
-3.6573
-0.237969
0.230809
2.92311
2.07137
0.104482
0.696744
-1.65159
0.153221
-0.220964
0.70976
0.283744
-0.154342
-2.44448
-0.724829
-0.317297
0.305301
0.745844
-1.19114
-0.161207
-0.873061
-0.0243505
1.37632
2.11895
-0.98654
0.631473
-0.375888
0.416559
1.76
0.57585
-2.00492
0.782724
1.65483
1.17463
-1.77404
2.63264
0.531365
-0.64981
-3.06186
-1.75774
0.924298
0.574143
5.87782
-1.92755
0.858255
2.06082
1.12228
0.458429
-2.06452
0.0269073
0.84752
-0.178022
-0.730133
-2.21041
-0.489471
-0.375606
1.81191
0.764138
-1.66669
0.251176
-0.518351
0.749496
1.38691
1.21331
-3.72051
0.875872
0.583947
0.131932
-1.7224
0.00788815
1.58476
-1.27154
0.585144
1.71938
0.794235
1.27116
0.963052
1.28158
-0.516023
0.928349
1.63533
-0.741665
-0.462421
0.843242
2.22332
0.377908
1.87136
0.342235
-0.794312
-3.2357
-0.628242
-0.0654193
-0.31671
-3.51079
-1.76884
1.50968
2.01536
3.49715
-0.483226
-0.862735
0.843098
1.99736
1.11575
-0.106654
-1.28129
-2.32839
-1.89834
1.03875
0.400863
1.01904
-0.925033
1.33117
-2.31577
1.71279
2.15871
0.713836
0.572354
2.09863
0.602346
-5.51833
0.491746
0.924028
-2.77615
1.32583
0.786322
0.845475
0.273781
-0.64716
-2.2836
-0.883613
-0.408775
-0.648869
-0.483023
-1.26771
2.32371
1.26835
-1.65558
-3.74357
-1.78096
0.419789
0.924845
-0.777345
-2.19649
1.62112
-1.58659
-0.472631
1.43952
-0.324999
-0.786979
-1.36658
1.61323
1.48969
-0.556578
-1.19637
0.817597
1.75324
1.28364
-0.679088
-3.24526
2.28923
-0.845014
-0.360811
0.628717
0.451723
-1.27358
-0.626236
1.95883
-2.40963
1.44662
-1.20909
-1.22312
0.943232
0.086871
-3.21374
-0.20645
0.0879817
-1.76256
0.776914
0.258331
1.21402
0.884094
-0.291063
3.15802
1.18315
2.37521
-0.207301
-0.182373
1.86079
1.44826
2.78025
-0.574682
0.52193
0.733676
-1.56977
2.72014
0.474733
-0.632549
-0.430488
-1.16975
2.11299
-0.287748
-1.95607
-1.0178
0.271041
1.03965
0.0478584
-0.653225
-0.590201
0.435089
0.540293
-0.0800941
-0.0225884
0.582339
-1.57402
-0.479311
1.62671
0.697694
-1.79059
0.018904
-0.684702
0.235062
1.5953
1.37249
0.287334
-0.139077
-0.305639
-0.48494
2.26376
-0.906169
-2.67495
-1.56657
-0.914707
1.01962
0.91547
-1.77831
-2.6561
0.74033
1.15342
-0.234631
-0.476679
-0.794409
-1.39465
0.92852
-3.16292
1.13088
-1.05929
0.119895
3.38961
1.5799
-1.33273
-0.419613
0.451658
0.724795
-1.26933
-2.49824
-0.977598
2.57989
0.120497
-1.33717
1.17851
0.561676
-1.27957
2.01405
1.33343
1.00455
0.863301
0.60591
-0.117549
0.291222
1.97865
0.56808
0.853939
-0.80377
-1.18972
-0.347562
-1.04469
2.54223
-1.02032
2.64762
0.215549
-1.69712
-0.0491948
0.308205
-3.05707
1.27515
0.459929
0.955368
0.216867
0.990671
0.0865303
-1.0238
-2.08061
-0.321981
1.08852
-0.0374762
-0.751665
0.307116
1.08497
0.059871
0.390086
-0.116926
-1.04564
-0.694376
1.06448
0.439365
3.59642
-0.662007
1.10796
0.0932783
-1.26766
2.98552
-1.71071
0.472127
0.887941
0.351786
-3.13413
-1.44937
-1.77857
1.88994
-1.58939
-1.77527
2.17118
-0.858974
3.21355
-0.247522
-1.92426
-3.13063
1.70148
0.37708
-1.4383
2.54255
0.623134
-3.33362
0.925787
0.0862145
1.19369
-0.125145
-0.04796
-1.84515
-0.991353
-0.327036
-1.24796
0.456497
0.793065
0.0652325
0.465941
0.158373
-3.45311
1.59842
2.9707
-0.653038
-0.532073
-0.553341
-0.842462
0.161937
-1.77997
1.58281
-0.722908
-0.691961
-1.61285
-2.81204
1.324
0.0240703
-2.27152
0.412554
-0.510263
2.63701
1.48335
-2.03194
-0.477667
-3.71822
2.40446
-0.493326
0.590965
-0.561427
-1.73919
0.764806
-0.847548
1.7278
0.590851
-1.55525
1.95021
-1.26943
2.32929
-0.850042
1.46567
1.66352
1.67059
2.87097
-1.40114
0.837195
-2.10717
-2.21337
-2.62312
0.924572
1.27159
2.64528
1.30144
1.05762
1.02292
-0.975035
0.25571
-0.846243
-1.3336
-0.618602
-2.3817
-3.18855
1.07634
0.103629
1.84163
1.26257
0.277134
0.555196
-2.29893
-1.9697
2.87065
-0.366344
0.428958
-1.94047
1.29338
-0.522846
0.581428
2.84368
-2.14089
-0.0817803
0.755783
1.33297
0.0831327
-1.57254
-2.1775
-0.703351
0.964797
-0.119864
0.540554
0.896264
-1.17915
0.0572117
-0.0336193
0.125058
2.59339
-0.0666277
-1.59281
-1.40341
-0.613308
0.945989
-2.34752
-1.87583
-0.121562
0.457388
0.217893
-1.78447
0.978267
1.42658
0.96833
-0.592307
1.29372
-1.62097
0.115301
-0.422528
5.5147
1.03451
-3.26273
0.398028
1.31234
0.57351
-1.2961
1.99642
1.99704
-1.1451
-2.12505
0.598382
-1.10745
1.65145
-2.0045
1.33942
-1.23437
0.653168
1.67142
-0.689129
1.83309
2.56728
-2.26452
-0.641316
-0.698125
-0.344732
1.1522
1.60148
0.770396
2.3279
-2.11442
-0.145498
2.54117
1.6742
-0.472777
0.934185
0.887359
0.441776
-0.786415
-1.98561
0.0387443
2.21487
1.8306
-1.90381
0.382879
-0.0105787
0.88167
-0.0980303
-0.838002
-0.299841
0.500628
-1.15014
-2.85361
-1.99732
1.19774
1.15973
0.328851
-0.399379
-0.444534
-0.287808
-1.63915
0.441394
-0.17141
-1.51546
1.752
-1.27223
1.56578
-2.24253
-1.22151
0.304402
-0.458443
-2.46576
-1.32867
2.49538
0.703324
-0.977789
-1.75178
-0.226408
1.11405
-0.568111
0.624646
-0.351398
0.513655
-1.18367
-0.599143
1.9295
-0.0650607
0.253129
2.64163
-0.876832
0.786822
0.225835
-0.622016
1.85824
-2.86795
-0.24264
-2.34177
0.695106
2.7341
-0.434527
0.740809
-3.16301
0.356638
-1.09694
0.00483265
0.602088
0.444645
-0.494583
1.68213
0.942174
0.763831
0.0319844
0.43661
0.51247
-0.634275
-2.80019
1.57473
1.59964
-2.7921
2.88051
2.01033
0.214308
-0.266909
-1.92149
1.46536
-0.434145
-1.84918
0.293597
-1.89316
-0.00649464
0.688147
1.06419
-0.109255
-1.74943
-2.04085
1.90935
-0.956711
0.822615
-1.61362
-0.963568
0.230534
1.42663
-1.4758
2.06854
-0.495961
0.499159
0.684629
1.59503
2.8696
0.380781
-0.0245007
-1.68883
-0.743056
2.67595
-0.273411
2.02797
-0.910313
2.65796
-0.336246
-2.27778
1.19967
-0.808147
2.35202
1.00748
1.44484
0.866725
-0.241397
1.08061
-1.27021
-3.63507
2.67078
-0.733886
-0.944304
0.285523
-0.346862
1.19329
1.68255
-0.676663
-1.90034
-0.0707267
0.485557
-0.443219
-1.02758
-1.54022
1.97071
-0.758606
0.249229
-0.467624
-0.0384113
-1.20371
2.16186
0.578727
-0.921346
-1.50667
-0.168156
-2.45845
-1.43303
1.85485
-2.25099
0.599238
2.67327
-0.57178
-2.29658
1.81796
-2.07907
0.29018
-0.84288
-1.53162
2.79602
-0.719033
-1.23289
0.445157
-0.264239
-1.23399
1.00693
0.298451
-2.33445
2.17002
-0.233272
0.511592
1.568
-1.72148
0.987236
-0.558335
1.33307
-0.138649
-0.557536
2.44256
-2.50921
-0.882409
2.30717
0.311543
0.478972
-0.0337906
1.44741
-1.23126
-0.0744563
-1.30519
-1.16804
-3.6596
0.559291
0.479408
-0.356874
0.910733
1.57527
-0.961072
1.88433
0.564827
-1.07276
-0.279422
0.940577
-1.05124
-1.96303
-0.759904
-4.03011
-1.1084
-0.291426
1.39036
-2.40135
0.382042
-0.240546
-0.204436
-2.97322
-0.85607
0.771644
-0.586566
-0.611455
-0.32072
-1.03546
3.93473
2.45754
-0.373337
-0.522608
1.36318
1.7875
-1.96162
0.734352
0.161222
0.591635
-2.01311
-2.13909
2.60867
1.53537
-2.20105
0.486612
0.345352
0.526586
0.0489849
2.21471
1.63683
-0.980184
-1.43141
-0.416401
-1.18221
1.37661
-0.299262
1.22342
-0.277539
0.200386
1.90519
-0.952438
2.20297
-1.16653
-0.635152
-1.14551
-1.8744
4.57569
1.76977
1.82981
0.892914
1.05467
-0.982711
-0.757793
-1.79609
0.271733
-1.25207
1.68354
-0.77359
0.222891
-0.38495
0.394031
-0.262292
0.0661103
-1.5744
-0.888724
-0.0266186
-0.773149
0.412615
2.42096
-1.38664
-0.850438
0.874744
-0.745894
2.04777
0.616452
5.45954
-3.65768
-1.37092
3.19963
0.0780958
-0.512716
1.68699
-1.57603
0.281891
2.88291
-3.17544
0.543349
1.59845
-1.65356
1.52232
0.0451232
2.22106
-0.236802
1.61527
0.73751
-1.96193
0.479932
-1.97621
-0.812603
2.36909
0.0854418
1.44351
3.31462
-1.38306
-0.23706
-2.84714
0.684295
1.74223
1.9709
-1.52148
3.14959
-3.22724
1.37853
1.61234
-1.42721
0.126349
-1.41288
-2.94616
1.2828
2.8753
-2.05874
0.359825
-2.72871
-1.44713
-1.74273
1.3959
0.582586
0.209072
1.28426
-0.492203
1.19094
-0.445272
-1.8475
0.889975
-1.42384
2.74709
-1.59473
1.44432
-1.80415
0.851985
-2.08402
0.826957
-1.71089
-0.432139
-1.26275
-0.170814
-0.151518
-1.19646
-0.0557716
-1.46706
0.970206
-1.66938
1.05807
2.19433
-1.62403
-2.70051
-1.29696
2.36592
-1.2339
-2.39126
1.86388
1.04794
0.156541
1.49891
-1.03422
0.180883
1.89467
-0.655615
-3.02313
-0.336507
1.48082
0.804386
-0.693858
-0.310242
-2.21158
0.79495
3.50923
-0.918255
-0.806915
0.481635
-0.0892258
1.10122
1.15941
-2.06075
-3.11549
0.643915
0.117271
-0.383359
2.83149
-3.24124
-1.61154
2.1284
3.86747
0.411759
0.319776
0.187444
-2.70084
-1.36057
-0.988803
-0.872439
-2.67092
-1.26868
-0.435908
2.12734
0.35976
-2.99108
0.204018
1.74925
-0.295768
-2.15154
0.894109
1.58475
-1.3371
-1.93376
3.92165
1.40418
0.981437
-0.338052
0.0675565
-3.51394
-0.329181
1.67255
-1.54671
-3.1508
-1.741
1.31037
0.277155
-0.127823
-0.280406
-1.57907
-0.211113
2.12898
2.74958
2.86834
-0.30306
-2.99958
1.25565
0.10102
1.35475
0.366917
0.493896
1.95238
-0.17565
-0.464891
0.0911302
-0.525669
1.3507
1.88278
0.469963
-0.67832
-0.164112
0.995399
2.9654
0.825166
0.652376
-1.63915
-0.231858
2.24766
-0.313144
-1.09759
-0.248708
0.823686
-1.43153
-1.89348
-0.0361739
1.32748
0.46094
-1.0158
-1.88332
0.562326
1.68641
0.636299
0.401377
-0.146596
0.547859
-1.9636
-0.818232
-0.661812
0.776851
-1.2791
0.935795
0.974348
1.76499
-0.371365
2.13378
-0.101633
0.373823
-2.5612
-1.84851
-0.692939
0.523818
1.1989
-0.525978
3.91074
-0.589466
3.04214
0.832725
-0.362612
-1.6858
1.61445
-1.07062
-1.42935
1.2083
-0.444472
-0.932273
2.75126
-0.880531
0.132007
1.11907
2.7274
-0.0795517
-0.693189
-0.787756
-1.32358
1.81013
2.84726
-0.104467
0.518668
1.18489
0.455908
-1.8077
0.94513
-1.58593
-2.76479
1.07314
0.903385
-0.175914
-1.33679
-0.25745
-0.164555
2.26884
-1.14819
-2.80144
0.24417
-2.78838
-1.12723
-0.366808
1.15509
0.27662
1.24589
0.00197025
1.00952
0.544256
1.16072
-0.108306
-0.0661113
1.83008
0.521258
2.25987
1.58733
0.0784184
-1.55605
-1.8515
-0.63175
-2.66816
-0.925828
0.29107
-1.5951
-3.34831
0.895315
-0.242635
-0.811148
1.03614
2.18146
-0.755708
-0.0893827
2.49036
0.641169
-0.217185
0.603727
1.17566
4.2022
1.16337
-1.53268
-1.23665
1.63185
0.612247
1.1158
1.01497
-2.26925
-1.26961
0.399661
2.29577
1.1347
0.277226
-0.877653
0.92973
1.83327
-0.677053
0.70365
0.119143
0.41284
-2.52495
-0.495496
0.282821
0.593787
-1.46202
-0.345045
0.559513
0.501932
-0.219047
0.907057
0.137358
0.914463
1.24217
0.960224
0.456394
-0.108957
1.23361
-1.47181
0.938112
-3.39847
-0.183153
-2.37143
0.387006
0.361312
0.669931
0.147824
-2.71925
0.192879
0.930356
-1.51585
2.47394
2.09105
-2.13757
-0.422257
2.32185
-1.24869
1.60426
0.0593263
3.38068
-2.32297
-1.55892
-0.459669
0.538493
0.539574
-2.17113
-2.02927
-0.645602
-1.28251
-1.06879
-1.50957
-0.371821
-0.64482
0.320381
-2.5111
0.931544
-2.12932
-1.50274
-2.10016
-0.952213
0.686433
3.25452
0.562559
0.401822
-1.29572
2.10069
0.880009
2.32191
-2.79991
1.69438
0.848093
2.43469
-0.456663
-0.742657
-1.59333
-1.60975
2.08694
1.14622
-1.24239
-0.804735
-2.59357
-0.699011
1.64532
1.50864
-0.483721
1.20559
-1.57818
1.22303
-0.997462
0.753507
0.470149
-1.58999
1.26271
-2.26636
-1.75938
-1.1767
-1.18856
1.69952
-0.954576
0.821791
-0.517009
2.18923
0.295873
0.277541
1.14606
-1.33126
-1.12239
0.414121
0.259831
1.10039
-2.22197
-3.21318
1.21341
2.6916
2.2564
0.442429
1.79172
-0.141712
-0.423224
0.844008
1.90853
0.520136
-2.69641
1.29218
1.34189
-0.85739
-2.07455
1.00857
-0.883138
1.64979
-3.40184
-0.887302
-1.15676
-2.20768
-3.65054
3.31926
0.752154
1.4193
-0.809461
-0.0635932
-0.246621
-2.63635
3.51801
-0.735886
-2.84511
1.0348
-0.761781
1.53449
0.14105
-1.47437
-0.217607
0.120726
1.72822
2.00946
1.9648
-0.873686
1.14099
-0.228135
1.46263
-1.19634
-1.68876
2.28266
1.31345
-1.70527
1.46846
-1.06253
-3.03816
1.61932
0.709871
2.05314
-0.162918
0.337498
-0.540469
-0.616804
-2.74735
-1.76847
2.87681
0.568605
-4.74987
2.0558
-0.741728
2.19941
0.531762
-0.866275
-0.11612
-0.722159
-2.67599
-0.0171455
1.39314
2.64807
0.922994
0.894942
1.39135
-0.197242
2.38589
0.113568
0.950915
-3.01891
-1.25319
-1.24502
0.802152
0.45094
-0.646316
-1.21084
-1.47384
2.78859
2.87232
0.270982
-1.9127
-0.531797
-1.15753
-0.804353
-0.482139
2.69184
-0.808457
-3.30852
-2.99949
1.5428
1.88793
-1.47543
-0.434465
1.28546
1.25918
-2.26627
0.447952
-2.74965
4.53465
-0.110099
0.568886
2.23072
0.29258
-1.58721
0.494833
0.949509
1.52484
-1.17851
-3.36042
0.80042
1.3909
-0.0360316
0.296856
0.349824
1.01117
0.389826
-0.0304074
0.995728
1.3488
-2.19445
1.63137
1.14147
2.58316
-1.29684
-2.18339
-2.14059
-1.05885
-0.908982
-1.25539
2.79959
1.4071
-1.18594
-3.83056
0.511281
-1.44622
-1.16539
0.405662
0.55812
-1.26125
-1.39325
0.0900803
1.44913
-0.776482
0.830605
1.62979
0.139014
0.317691
-3.589
-1.56985
-0.362231
-1.90443
-2.06282
-0.241836
-1.41306
2.43074
1.09837
0.0936854
-1.2677
-2.80346
0.776002
0.817091
0.122323
-1.41377
-1.74665
-0.448952
2.2455
-0.166774
-1.62608
-1.25539
2.32658
-0.402943
-1.02467
-1.08728
-1.8872
2.82714
-2.52363
0.275174
-0.799206
-0.364223
-1.43552
-0.227219
2.76447
1.47026
-1.23875
-0.387343
0.80556
1.23306
0.922185
-1.16362
-0.136135
2.50669
2.86421
-0.722581
-0.00134624
0.881186
-0.401669
0.551199
-0.39171
0.479903
1.00627
-1.55822
0.124471
-2.4779
3.61395
2.44708
-0.241232
2.69518
-0.0123885
-1.42818
0.745078
0.0502697
-0.27224
-0.537634
-0.97997
-0.962544
-0.819551
-0.528507
0.222448
0.480838
1.33518
0.969215
1.68264
-0.331727
-0.807696
-0.914148
-1.97728
0.0904748
-0.855262
-0.563208
2.38918
0.0417777
-2.62249
-2.28343
2.28985
1.14403
0.418135
-1.44356
-1.36887
-1.30655
-2.20096
-0.409094
1.72805
0.740056
-0.904897
1.65377
-1.55048
-1.09983
0.815895
0.900378
0.505234
0.386298
0.767362
-3.00817
0.911232
-1.07709
0.322516
-0.645573
0.333256
0.268297
-0.406819
1.7429
0.160153
-0.639552
-1.44704
0.536862
2.49036
2.32958
1.22454
-1.2103
1.45411
-0.461755
0.358844
1.34314
-0.180692
-1.0419
0.509869
0.633757
1.06102
-3.67186
0.199457
0.416979
0.123836
0.511729
-1.67543
-1.86692
-0.273338
-1.25414
-0.191866
1.56805
-2.99141
1.2876
0.221796
0.787041
1.33639
-2.34021
2.6381
0.597141
-2.84546
1.0506
-0.0323924
-0.0674765
-0.913025
1.73996
-2.27185
0.721861
0.234464
0.481012
-2.58969
2.66666
-0.479806
2.46266
0.764248
-0.827676
-0.83592
-1.69036
-0.981753
-0.155436
0.366805
1.19104
0.313865
1.31822
-0.0871882
-1.21349
2.08838
2.80708
0.551397
1.87047
-0.25463
-1.55845
0.0490905
2.13066
1.74838
1.97094
0.164742
1.7086
0.65211
-0.120685
-2.00302
-0.333597
-1.66645
-0.645844
-1.20088
1.44444
0.25538
-1.49036
3.38419
-1.22884
-0.0572045
0.876782
0.981621
-3.33126
1.35603
-0.443527
0.387418
-0.389843
0.551785
0.570754
-2.28082
-3.18267
2.28542
2.05196
0.00207457
-3.06168
-2.01039
-0.0686308
1.13646
-0.707145
0.998062
-0.3867
2.60502
1.58714
1.28885
-3.38529
-1.93865
0.171996
1.0911
1.97182
-0.49986
-0.372313
0.645947
-2.61588
0.760162
-0.567751
-1.83594
1.52591
0.194846
3.12073
0.5225
-0.43491
1.26597
-1.3352
-0.940465
1.14957
0.531706
-1.76565
-0.999417
-3.08284
1.01357
0.526398
2.19422
-0.843398
1.77814
-0.711913
0.762998
-0.169084
1.59271
-2.59871
-0.329492
-0.227067
-0.517629
-1.40086
1.05677
0.155963
0.553372
-1.17289
1.1461
-1.05101
1.9104
-1.02802
-0.00706687
-4.12237
-1.69017
-0.234972
-0.64114
-1.73145
0.015149
3.34651
-0.323983
-0.0787255
-1.23479
-1.17744
-0.157033
-0.826805
-1.80965
1.49458
-0.868143
-1.33144
-0.242663
-2.64754
1.98693
3.02073
-0.0281926
-0.276899
-0.123023
-1.2612
-0.0862598
1.6041
-2.56937
-0.0277522
1.15052
1.33491
-1.213
0.0276058
-0.606084
3.53341
-1.72562
0.812199
1.70547
-1.21511
-0.215075
2.60505
1.24618
-3.36061
-1.57091
-2.71487
0.4528
0.629153
0.500374
3.38473
1.04806
-0.834195
2.11345
0.107501
1.30259
0.576066
-1.28937
-0.735245
-1.98748
3.21661
-0.192549
-0.0636514
-1.37952
2.64345
2.36424
1.72859
1.40122
-4.48513
-0.890705
0.157116
0.618258
-1.11778
0.0234066
-0.44967
-1.57875
-0.470145
2.4767
0.174147
0.349715
-1.42273
-2.04328
-0.462825
-1.29409
-0.979406
2.66564
0.422728
0.026766
-0.620002
-1.13023
1.89108
1.73325
-2.43732
-0.0927809
-2.12622
1.10745
-0.450364
-0.259378
0.809833
0.149774
-0.947597
2.08851
-0.354159
-0.684196
-3.49802
1.90904
-0.655941
1.63861
-1.51631
1.95796
0.407152
-0.0926504
0.722145
3.98137
2.61285
-2.21667
-0.671145
0.565232
-0.901993
-0.743032
0.0787239
-0.2628
0.579954
-0.196282
0.434353
0.878711
1.4231
1.51339
-1.93777
0.0286571
0.290655
0.12551
0.00253181
-0.714901
4.52183
0.232905
-0.333105
-1.75235
-1.00797
-0.690723
-0.95791
-0.823003
1.15468
-1.23443
-0.0618885
-0.0177528
0.661238
-0.231409
-0.574842
1.98935
0.125347
0.460399
-0.211172
1.85989
0.250526
1.77117
2.48792
-2.32522
-1.09344
-2.33049
0.813055
-0.253635
-1.17834
-1.55973
-0.265947
1.14938
0.928345
0.28176
0.560667
-2.24057
-0.225071
1.34069
0.00354786
-0.973707
-2.88591
1.74676
0.194986
-1.65468
-1.91606
-0.044217
3.92852
-1.41764
-0.755101
0.52068
-0.868283
0.614278
1.67929
0.356282
-0.778421
-1.44757
0.621507
-0.881949
-0.558817
-2.71074
-1.47127
1.50197
0.236693
-1.0678
1.62355
-0.503585
1.08351
0.858257
0.105132
-0.579855
-3.16292
0.319224
3.32274
1.16727
3.18163
0.16684
0.413574
-0.262785
0.463692
-3.71022
2.90482
-0.131122
1.6928
-1.27387
0.39005
1.0046
-2.26032
-0.553423
-1.48879
1.80202
-1.16845
0.462242
0.594437
-0.334328
1.33487
-1.74415
0.850219
1.24016
-1.89204
1.30828
1.37747
0.365346
0.481089
-1.67728
-1.65814
1.08916
0.00783132
-0.861842
1.4286
0.259144
2.17097
0.0656051
-1.36546
-0.0656304
-1.51111
-0.264375
-1.80399
-0.786642
-0.503547
-0.487912
2.15935
-2.03453
-1.14568
-1.75891
2.58359
-0.203032
-1.48068
-0.205169
-0.77504
-0.430488
-2.21004
3.60087
-1.65723
0.861191
0.907462
3.21486
-1.03309
-0.012951
1.37586
-0.53162
-0.28148
0.660361
0.780736
-2.12658
-0.964595
-0.713191
0.982074
0.44467
0.153164
0.587967
2.2499
0.248718
1.20098
1.18424
-2.88475
-1.33158
-0.201511
-0.945374
-1.11706
-1.15738
0.978867
0.21932
-2.3457
0.381087
-0.439084
-0.880828
0.989295
1.52088
0.225068
0.646629
-0.386278
-0.0929747
0.15309
1.99644
-0.480873
-2.04367
-1.33247
0.262662
-1.79767
1.84821
-2.62064
3.60893
1.97209
0.392405
-4.91582
3.11002
1.74644
-2.99746
-0.885409
-0.973119
-0.112169
0.430157
-1.11383
0.281867
2.95546
-1.06013
-3.17297
-0.00908638
0.755525
0.866434
-0.898844
1.09122
1.1065
-0.863672
1.59451
-2.3159
1.60739
-1.02418
1.31643
0.613025
-2.55643
0.277607
0.902011
1.92292
-1.01866
-0.626601
-0.658487
-1.29504
0.189241
-1.93575
2.42694
0.790887
0.605187
-2.67418
2.01708
0.392903
-1.35263
-1.37406
1.24359
0.804455
1.75381
-3.47127
1.63579
0.093411
-0.827748
-0.816225
0.897183
0.706454
-1.4546
0.512529
2.24301
-0.0561945
0.503855
-2.56426
-1.46261
1.28999
0.314514
-0.514991
-1.84326
2.16838
-3.09597
1.64518
1.26073
0.834644
0.284748
1.80813
-0.31823
-0.235972
0.145781
1.09068
-0.109986
-0.953274
-1.11565
1.09277
-0.681422
1.371
-0.856029
-0.314928
1.99315
0.620356
-1.42194
1.70743
0.789646
-0.734597
-3.79537
2.04679
2.17472
0.225527
-0.216915
-0.561466
0.775306
-3.53283
0.893596
2.62686
-0.518044
1.7728
0.399886
-0.321702
1.1898
-1.90245
0.361113
-1.86366
1.59749
0.871084
-1.05991
-0.764178
-2.08377
1.54659
2.08312
-1.06564
1.96385
-1.47326
-2.48803
-0.9983
3.05551
0.533091
0.222651
1.12478
0.91386
1.39837
1.43968
0.697629
0.0057211
-2.51132
0.00425053
-1.23083
0.54567
0.444499
1.97397
1.08845
-2.61397
0.262602
2.0915
-3.38919
0.28736
1.80744
-1.27918
-1.07301
0.61923
-0.598323
1.38816
-0.12569
-0.931896
-1.62951
-0.303615
1.088
-2.8793
-0.415937
-0.254539
0.657995
-1.25161
0.928098
2.90432
2.46429
1.22885
-3.74212
0.979988
-0.164143
-0.166245
0.196088
1.67095
-0.982287
-0.776325
-1.97666
0.469888
-0.0088831
-1.26979
-1.70496
-3.4279
0.673486
0.848833
-2.8063
2.51165
1.34564
-1.71089
-2.80945
1.50409
-1.64585
0.968597
0.929832
0.364107
-1.90224
1.73361
1.73098
-1.30595
0.277867
0.420753
1.03907
-0.716156
4.4093
0.238644
-0.0242084
0.241709
0.0769508
-2.00839
0.626997
2.19977
1.15216
0.676023
0.0799954
-0.659125
0.437821
-1.96132
0.395766
1.07704
-0.234227
-0.204079
-1.91444
2.67379
1.8868
0.191721
2.24187
0.0363005
-0.354325
0.770569
0.0363331
1.80238
-1.49762
-2.40045
-1.18224
1.35211
1.91663
0.273004
0.854685
-0.185025
-1.25394
-2.24793
1.89216
1.05494
-0.692026
-0.17486
-1.10654
-0.167602
-2.45943
-1.3262
-1.30184
-1.11126
-2.08968
-1.325
-3.84082
-2.9651
3.80702
0.130834
1.52226
1.38334
0.346616
-1.97031
-0.6384
-0.979947
-0.877278
3.23658
0.332009
0.757899
-0.120237
0.625648
-1.90794
1.12132
-1.03307
0.110714
-0.976371
1.44599
-1.1389
2.45266
-1.11075
0.969376
4.10931
1.22099
0.41306
0.889277
1.60325
-3.02743
1.0206
0.712
0.429383
-2.28461
-0.701799
1.9948
-0.711198
-0.0995347
0.0509513
0.814073
2.27971
2.27296
0.471394
-2.0244
-0.624486
1.02087
1.01718
1.08386
2.49434
-2.35232
0.495633
1.05483
-2.5312
-0.681506
-1.45801
1.27864
-1.45304
-0.637253
-1.35076
-1.84745
2.57818
-0.638477
1.56751
0.904657
-1.04255
0.580578
-3.67329
-1.16354
1.70405
0.539826
-1.169
-0.686204
1.22726
-0.510154
1.77977
0.726658
-2.40946
-2.57856
0.728447
0.164644
-0.247076
-0.580855
1.92504
1.85047
-1.02818
-0.0248719
0.192739
-1.38687
-0.173279
-0.619836
0.0690721
0.430266
1.50469
-0.71613
-0.628378
-0.209826
1.83308
0.670025
-0.210125
-1.89514
0.299852
1.17555
0.161136
0.949209
1.06502
-1.01171
0.803345
-0.628831
-5.06981
0.0759464
-1.35102
-1.60863
0.696702
-1.44376
2.86484
-1.44646
0.697188
-1.47333
-2.26772
-2.59099
1.3979
-0.768751
0.510906
-1.51463
-0.0845813
2.92792
1.15237
-0.855805
-0.128803
-0.909658
-1.57787
-0.187833
0.272114
1.47711
0.16958
-3.21396
-0.974517
1.37781
3.77001
2.01484
-0.24189
-2.73696
0.34611
-1.99166
0.525976
0.0378108
1.48164
-0.0364721
1.99265
-0.545913
1.43223
0.863213
0.0833369
0.305675
0.717377
2.76706
4.72478
1.9356
0.996255
-0.948377
-0.409462
0.333318
-1.24696
0.679917
-1.49355
0.345239
-0.444087
-0.686745
1.26377
-0.896077
-0.725449
-0.254748
-1.11192
-1.5363
1.35931
0.508008
1.05565
1.43184
-2.45586
2.67163
-1.00443
-0.745233
-1.14954
-0.752689
-0.638908
0.145929
4.96819
2.1522
-1.25036
-0.251566
0.613066
-1.08145
-0.971111
-1.71892
-3.6986
-1.20903
-0.0906294
-0.311351
-3.95734
-4.03158
-1.0273
2.28438
-3.92734
-0.151182
-0.422267
-1.57396
0.179868
1.88515
0.552411
-2.07641
-0.880986
-1.7846
3.78478
-0.0310971
1.64839
0.843657
0.0868995
0.862286
2.65615
2.39604
-1.55284
-0.425999
-2.75782
0.674015
0.61804
-0.123086
-0.465487
1.4926
-0.595792
-1.02515
-0.859307
-0.286026
-1.2509
-0.501949
-0.0974136
-1.8078
1.18757
-0.57934
0.191575
4.24649
-0.391267
-2.63917
0.340509
0.640283
0.845635
2.0527
-0.613348
4.4363
-1.8654
1.70889
2.05426
0.893669
-0.79587
-1.88649
0.89327
-2.34461
1.71602
1.95716
2.69098
2.31468
-1.30146
-0.955485
0.3429
-0.192457
-0.407381
0.222341
1.13597
-1.60254
-1.13131
-0.0617575
-1.13184
0.649501
0.574904
-1.20522
0.218688
-0.324927
-1.87419
1.48428
1.19227
2.1384
1.34818
2.1175
-2.66501
-1.01828
1.6877
-0.63209
1.25408
2.27295
0.25547
1.53571
2.31465
0.411643
-0.00143796
-3.44631
3.77277
0.924679
-0.261993
-0.868756
-1.21926
0.0299687
2.26384
1.37445
-1.73398
0.289537
-2.24122
-1.36082
-1.97158
1.16939
0.159252
-0.61764
-0.75258
-1.65557
1.3037
-0.392721
0.666181
-2.13782
0.765894
0.988724
0.627487
-0.655049
1.67284
0.971789
-0.995477
-1.35908
0.430667
-1.77045
-2.3635
-4.05285
-1.12453
2.60923
-2.05771
-0.324047
-0.146356
-0.0561595
1.95349
-1.13488
0.679027
1.37372
-0.410767
0.962414
1.35494
-0.0305428
-1.60895
-0.0506383
-1.10605
-0.693357
1.63361
-2.08327
-1.75186
-0.468184
3.11457
-0.500755
2.82522
1.18316
-2.25438
-2.27328
0.656744
0.708575
-1.50947
0.407727
-0.345385
-0.322736
0.519052
-1.20663
0.430649
2.51507
-1.23131
-0.824243
1.32709
1.67407
-1.5221
-1.51855
2.41507
1.37686
1.88541
-1.27084
0.433187
1.90385
0.0686364
0.935823
-2.46378
1.0594
2.18419
1.20375
0.711848
-1.79737
0.112876
-1.26026
0.338192
0.182954
-2.12042
-0.319788
2.79246
-1.63866
1.2041
0.101623
0.152747
0.465307
-2.46219
-0.712008
0.214745
-1.6065
-0.028454
0.539189
0.649628
-0.956782
2.86736
1.1809
1.79532
0.0634151
-1.52568
-0.523144
0.820922
-0.00677266
0.607799
1.50574
-2.17857
1.30232
2.28763
-2.14251
-0.02202
0.520236
0.484854
1.84697
-2.09996
-2.00158
-2.99712
-0.307696
-0.322342
-1.63524
-0.192799
-0.106744
-1.1886
-0.379479
0.417256
-2.10539
0.117714
-0.157741
1.23067
-2.87371
1.38599
1.20315
-0.963038
0.698705
-0.0298804
-1.65956
0.757828
1.03566
-1.03795
0.0114541
2.96573
3.29497
-0.668923
-1.30523
1.72067
0.39831
-1.78199
0.542117
-0.397254
0.4686
2.48656
1.06045
-2.04845
-3.31883
-1.25299
0.565144
-1.87579
-1.23387
0.85229
1.49028
-0.229879
1.53553
1.20677
0.74912
0.83416
-0.100305
0.133508
-0.255742
0.531921
-1.3192
0.630647
3.35547
0.220592
-1.08828
3.13147
1.26023
-0.051778
1.60475
-2.43878
-3.13478
0.193073
-1.09724
-2.02331
1.37222
2.00802
0.394733
1.00645
1.41275
-1.40065
-2.10015
0.73671
0.827565
-1.39031
-1.91711
-0.358012
-1.88076
-1.72804
-0.815263
-1.43359
-0.954778
-0.875236
0.997365
1.0186
2.44032
-2.23068
-0.570457
-1.09451
0.28642
-3.53266
-1.35161
2.34936
1.8748
0.31262
0.0773608
-0.535176
0.862238
-2.27834
-1.45633
-0.47962
0.0947181
-0.0225074
-1.10656
1.14645
-0.194349
-1.30111
1.45784
0.174813
3.5795
1.85609
1.40187
1.06579
0.00927104
-2.62268
-1.18027
-0.996489
-1.15905
0.491093
-0.978631
-1.20376
0.183547
-1.65498
0.515575
0.902119
0.655204
0.255528
-2.81077
2.20649
-1.72325
0.586056
2.71553
0.0174574
-0.650478
1.84237
0.787467
-0.343606
2.2665
-0.409919
-1.17827
-0.0388393
1.84201
-3.6416
0.830001
0.689525
2.10888
-2.05787
-0.0789812
0.277105
0.0361325
3.24153
-1.45051
-1.88436
0.123294
0.45903
0.811547
-0.981972
0.439935
-1.99058
-0.575939
1.62679
-1.069
-0.275178
3.51276
0.29381
-1.19689
0.0311323
2.33738
-0.198114
0.18024
-0.427982
0.493371
0.982092
1.41529
1.77017
-0.344162
1.37326
0.988854
-1.58614
0.196466
-2.58285
-0.132574
-0.202507
0.917307
2.00748
1.09396
-0.962115
-2.16335
-1.84314
1.26227
-1.05559
0.764732
0.142134
1.21189
1.47146
-0.101054
-0.757807
-0.441695
-1.09314
0.558867
-0.569859
0.918401
0.611999
-1.85375
2.36386
-3.34414
0.455143
-0.596928
