1.49653
0.766895
3.53696
-1.97623
-1.65258
1.52665
1.00978
0.74683
-1.13182
1.76715
-0.246094
1.80983
-1.65874
-1.864
-0.596735
-0.792602
0.22362
-0.990028
-0.718033
1.20777
2.20208
0.336055
1.68372
-0.166164
0.705746
-0.388202
0.959392
1.79385
1.88677
-0.333946
1.52432
1.73002
0.276821
-0.367359
-0.646275
0.679273
-0.430426
-0.0468134
0.125006
1.6164
0.617609
2.18193
0.193408
-0.440655
0.600766
-1.33053
-0.525494
1.72013
2.64668
-2.0439
1.83603
-2.31011
-2.44959
1.18518
-1.92176
-0.726866
-0.00939499
-0.949519
-0.140336
-0.190249
1.91226
0.320712
0.262671
-0.723534
-0.337312
0.645363
-0.263046
0.749445
1.34182
-1.51701
-0.910473
0.25255
1.42944
0.0813459
-0.796251
-0.636296
1.79647
-2.53604
0.288841
-0.409872
-1.90085
-0.312624
-0.760308
0.116478
-1.92635
-0.671528
-1.83657
-0.411427
-1.10924
0.348453
-0.555996
-0.49137
-0.7085
-1.27336
0.285277
-0.105569
0.0135015
-1.77495
-1.77637
4.01722
0.950304
-0.0221189
-1.2237
2.5248
2.07796
0.284838
-0.875337
2.02256
-0.51574
-0.313406
-1.23724
-2.34768
0.347303
0.217887
-0.134917
-1.10153
1.30224
-0.904238
-0.528329
0.936232
0.159927
-0.904139
-2.48575
0.852385
0.851484
-1.31152
-0.802986
0.028229
1.00787
0.334313
-1.16867
1.85646
1.68438
2.71019
0.456398
0.115801
0.531138
-1.47484
-0.772393
-1.63218
-0.0328298
0.609628
0.744292
0.212992
0.0779576
-0.0607462
0.937976
0.87917
-0.0356538
-0.125494
-1.13322
1.28796
-0.797627
-0.434986
-1.47732
0.476724
0.19968
-0.535968
0.985904
2.01609
1.69258
-1.16699
-0.841207
-1.07744
1.55449
0.471409
0.266875
-0.667289
1.67761
-0.559456
-0.399533
0.40518
-0.0310499
2.26203
-0.512409
1.59847
-1.64138
-0.0124967
-0.559239
-0.059916
0.517614
0.400475
0.114689
-2.0775
0.108426
0.320913
1.02987
0.44057
-0.13193
2.13948
0.168454
-1.12845
-0.783585
-0.460298
1.15612
-1.37623
-0.0710122
-0.324298
-1.73139
2.25587
-3.29753
-1.77115
1.85292
0.0697973
-0.57143
1.82853
0.221593
-0.628875
-0.779996
0.318112
1.9016
0.235373
0.368863
-3.07944
-1.29514
-0.616141
-0.257438
-1.0232
0.573348
1.80685
-0.0854258
1.07485
-1.56553
2.01477
1.27656
2.09678
-1.16365
-0.679496
1.93734
1.03675
-0.548413
-1.5866
0.648441
0.986025
-0.681271
0.6515
0.580696
0.730594
2.35338
-1.7764
-1.42137
-1.40249
-1.23791
1.76183
0.0653641
0.580004
0.260672
-1.18876
-0.170175
0.141015
1.57035
-0.281448
-3.03632
-0.127374
-0.549461
-1.05838
-0.973969
-0.496135
-0.718097
1.1235
-0.973106
2.90345
-0.53835
-1.06766
-1.11357
1.08108
0.201702
-0.151837
-1.53871
-2.01501
-1.07902
-0.920354
-0.952556
-0.451838
0.157441
-0.877648
-0.370947
-1.30885
0.779468
-0.324878
0.37177
0.931833
0.706586
-0.443096
3.4443
0.00956263
-2.01192
0.225509
1.33582
-0.0294055
1.17828
0.0162237
-0.848564
2.7213
0.497994
1.11747
1.90207
0.391808
-3.6019
2.57664
1.77785
-1.82736
-0.0700465
2.62004
0.580496
-0.524904
0.727858
2.50401
-1.31539
1.584
-1.92946
-1.4886
2.65246
0.546067
0.556255
-0.267
-0.681647
1.09704
0.901257
1.81193
-0.319215
-1.21386
0.321202
0.495335
-0.855627
-0.408123
-0.106955
-0.30144
0.0356586
-1.18586
-2.08335
-1.55973
3.52098
-1.70757
-1.96196
1.36965
-0.199964
1.30767
-2.14269
-2.05575
-1.10383
1.89608
-0.51925
-2.54353
-1.23015
1.28163
-0.99361
1.6055
0.267155
-0.58237
-1.13292
-0.698238
1.27003
-1.89013
-1.61143
-1.39394
-3.02733
2.95162
-0.799865
-0.453737
0.484701
-1.01425
-0.918654
-0.435544
2.3589
-0.135363
-0.467466
2.71004
2.49475
-4.11136
1.56802
2.17984
-0.607321
-0.446274
0.893922
1.73536
0.324956
-0.490976
3.2756
-0.337097
-1.81128
-0.219549
0.93807
0.967655
-0.569653
-1.05366
1.74652
2.32684
-1.8893
-1.43307
-0.890939
0.326095
-0.543711
2.00854
0.118146
-0.979706
0.524854
-0.761798
-1.30966
0.570583
0.286985
2.02953
1.61587
-0.893641
0.11845
0.916543
0.105485
1.3135
-0.524142
0.976036
0.435151
-0.976615
-1.52453
-0.107279
-0.717458
-1.50065
-0.270794
-1.43273
-0.279176
-0.145912
-0.871846
1.15812
0.684924
-1.13226
0.5279
-2.24692
-0.472938
0.449802
-2.56267
0.051648
-0.0660953
1.04289
0.280193
3.07777
-0.378422
-0.103127
0.309946
1.55412
1.61569
-0.0816357
-0.988918
-1.84909
2.32723
-1.48966
0.587075
-0.882237
-0.306944
1.60251
1.75858
-3.02308
0.977031
0.986654
0.637615
-0.75746
1.54453
-0.0637611
-1.75975
-1.24439
-0.333582
0.915531
0.74877
-1.7428
2.39127
-1.05133
0.645201
1.98124
1.37623
-0.900987
-1.72498
0.74266
0.717145
-3.01148
-1.08345
2.59096
0.865321
0.204186
-0.0402177
-0.195983
-0.170463
-0.306568
0.787963
-1.85801
-1.53727
1.56658
-0.0208258
0.0310164
1.12133
-1.65997
0.374157
-0.164274
1.0419
-0.997205
-1.11056
1.95471
2.21728
0.445216
-2.49668
-1.36367
-0.799923
-0.0692224
-1.55145
-0.466721
0.459167
2.29676
-0.636886
-0.596997
0.118512
-0.37339
-0.109986
2.75665
-0.166021
-1.345
1.62885
-1.22244
-1.23087
0.0688368
0.777237
-0.972053
0.903042
1.00284
0.409665
-0.0921222
0.596546
-3.53076
-1.43198
2.15038
0.829407
-0.518058
-1.01478
2.06203
0.619242
-1.75474
0.835204
1.14181
-1.31979
0.181089
1.32825
0.150759
0.001532
-1.42147
-1.46153
0.483442
-0.405591
0.385241
-1.42053
-0.207428
1.12038
1.88382
0.0599144
0.00129915
-1.02935
-1.84326
0.396061
-0.0383654
1.68142
1.60251
-0.833107
0.797388
-0.233268
0.792557
0.537569
0.282016
0.459041
1.33787
1.60539
-1.12769
0.188471
-1.5407
-0.248253
1.54659
-1.22937
-0.359804
2.00286
0.864154
-1.34512
0.942107
-0.970062
-0.0841735
-0.126658
-0.494303
1.61953
-0.107041
-1.27842
1.65615
0.339324
-1.40262
-0.652191
1.14791
-0.58755
0.914775
1.04209
-2.3451
0.621211
1.20168
-0.717146
-0.435285
-0.462013
-1.49375
-0.323803
0.763324
-2.72981
0.654411
-0.422215
-0.350363
-0.0945412
0.473448
-1.84124
-1.32622
-0.570464
0.135952
0.284583
-1.70991
0.218776
-0.706829
0.272177
1.61351
-0.544408
-1.60453
-0.353782
0.223255
-0.080466
0.490597
-1.83191
1.02242
0.0188117
-0.481777
-2.77887
1.71756
-0.263688
-0.706656
-0.624384
-0.283033
-0.723356
1.26052
-0.42323
-0.196073
2.03081
0.607209
-0.380096
-0.748451
0.450738
1.08591
1.4379
-0.0482205
0.38327
-0.428416
1.49442
-0.890618
0.124258
0.11304
0.9268
1.32555
-1.11489
-0.717008
2.10264
-1.778
1.55384
-1.30958
0.0295078
1.02861
-1.35059
-0.539344
1.05027
0.553118
-0.516438
1.15352
1.04746
1.78919
-1.398
-0.676996
0.443883
0.200631
1.14763
0.0676503
1.76046
-0.727983
0.559367
-0.193457
0.426812
-2.16549
-0.00807889
0.209589
-0.975586
0.217424
0.223631
-1.39068
0.423687
-0.454221
-1.08285
1.16952
-0.341256
-0.79765
-0.53177
1.4339
0.404983
1.51898
-0.748198
-0.963187
-0.657285
0.850367
0.852619
-1.25286
0.52097
1.737
-0.596914
0.717898
-0.096799
-0.259066
0.179151
0.9323
-0.691282
-0.271116
-1.08522
0.59421
-0.636785
-1.1836
0.864183
-0.936671
1.57131
-0.372065
1.34046
-0.909452
-0.426604
0.605457
2.13208
2.34977
-0.343749
0.385982
0.922878
-1.64194
-1.55186
0.484248
-0.150106
-1.77036
1.31793
1.04304
0.824791
1.77548
-1.96671
-0.846739
0.527299
0.146877
0.103165
0.163778
-2.07474
0.253005
1.12921
-0.890035
0.70423
-0.975857
-0.913048
-0.414377
0.254104
-0.979249
-0.335154
1.49364
0.124698
0.994696
0.0602111
-0.801971
0.550498
1.29891
-1.93109
-0.425249
-0.348945
-0.360011
-0.582565
-0.0788634
-0.830479
-2.04044
1.63223
-3.76731
1.07766
-2.08839
1.10472
0.798287
1.6963
1.85796
-1.80658
1.10138
0.648184
0.70936
-1.42502
-0.0144865
-2.15982
1.46061
0.352499
-1.20037
3.56102
0.819957
-0.813929
0.460557
-0.167624
-0.480816
0.330948
-0.709707
2.39977
0.783589
1.10108
-0.153882
0.0488167
-0.390969
-0.348994
-1.03269
0.433749
-1.52755
-0.189771
1.6831
-1.83272
1.36048
-0.724413
-2.22063
-1.47518
1.90008
0.11489
-2.94042
-0.283989
1.5849
-0.770184
2.40899
0.671409
-2.51328
2.04903
-1.62377
-1.62343
-1.21383
1.48974
-0.692317
-0.468731
0.0202567
1.4456
-2.21601
2.83336
-0.32748
1.28074
1.05061
-1.1936
1.02457
0.754167
2.68265
0.160596
1.10706
-0.81715
2.04742
-0.411694
-1.83511
0.111333
-1.77631
3.18009
-0.145195
-0.429395
0.221832
0.425624
0.842878
0.837143
-0.226398
-0.348152
-0.211285
0.279235
2.23394
0.804768
0.513244
3.2586
-1.39011
0.31035
1.07947
0.217533
0.105819
-1.41152
0.696462
-2.47697
0.76199
-0.0603384
1.21037
-1.30055
-0.261136
1.21111
-1.30627
2.59919
-0.837196
-1.97514
-1.57684
-1.23964
0.0811418
-0.895625
0.235267
-1.463
0.587839
-0.560633
0.163749
-3.95045
0.700992
-3.38662
0.779231
2.2796
-0.445111
-1.59639
2.10012
-1.59471
-1.31152
-0.601915
4.04056
-3.25068
-1.30636
2.10777
0.0844026
-1.51475
-3.14442
-0.869
-1.51954
0.588488
-0.316033
-0.36436
0.0296267
-1.11642
-0.5541
2.2109
0.293906
-1.9274
0.718383
1.19001
0.421371
1.65838
-0.499442
-2.29485
-0.352596
1.29188
-3.03447
2.73928
-1.67744
0.373864
-0.276232
0.487001
-1.69939
-0.846476
1.90094
-1.30713
-2.02195
1.00703
-1.58974
0.122483
-1.60428
0.180437
0.679028
1.04544
-1.37407
-1.89398
-0.54606
0.821964
-0.499063
1.09496
-1.18573
0.535444
-0.140151
1.96907
-2.98261
-0.228225
0.0785106
-1.92363
-0.0205866
0.574256
0.791245
0.021231
-0.552097
1.54317
-1.39089
-1.24841
0.835269
1.85259
-1.14242
-1.24411
-1.43948
0.440301
2.30553
3.44624
0.886235
0.730675
-0.554999
-1.07392
-1.0334
-0.671159
1.32214
0.362328
0.201233
0.621376
0.367922
0.680083
1.53352
-0.474027
1.79243
-0.180439
-1.89724
0.444902
0.626739
1.07728
-0.185375
2.28538
0.624888
-0.00632667
-2.52789
-0.0755271
0.447784
1.50262
0.725624
0.716833
2.45045
1.16267
2.03308
1.43983
-0.198462
-3.57744
-0.847882
-2.06247
0.46778
1.92708
0.190485
-0.831448
1.34411
2.53013
-2.04584
-2.49112
-1.66277
0.859447
-0.89695
-0.628488
0.178834
1.98553
-0.756643
0.257238
-0.119148
1.11288
1.57751
-1.87078
2.67306
1.11079
0.624955
-1.07679
2.09975
-0.532511
0.380929
1.14876
-0.843489
-0.987195
-1.12142
-0.996311
1.10003
0.783998
1.02426
-0.133434
-0.434013
-1.85717
1.03081
-0.624915
0.252446
-0.237399
0.552376
-0.404114
-0.440023
-0.341955
2.57478
1.47296
1.17029
1.95645
-2.0409
-1.5543
1.07344
0.724175
1.49502
0.311421
-2.72579
-0.0497154
-0.305291
2.88025
-1.2411
0.655606
0.037276
0.176194
-0.00299493
0.184444
-0.321385
-2.30927
-0.552048
-1.67271
-2.17909
-0.370179
-0.115323
0.0716635
1.85252
0.558703
-1.35431
0.0204127
0.642712
-2.06152
0.543883
-0.630138
0.364622
0.0340958
0.253344
-1.7921
0.572389
0.621899
-1.04237
0.400928
-0.908115
-0.605416
-0.0331012
-0.304321
-1.16514
-0.567012
0.431261
1.88854
-0.182463
0.355076
-0.0165592
-0.0373941
-0.816638
-0.287389
2.30065
-0.427792
-0.697762
-1.29546
0.23895
0.720895
-0.587212
1.92512
-1.00718
-1.38487
-0.442739
-2.10782
-0.0171068
0.678171
-0.284761
0.713724
-0.498518
-2.10319
-0.101605
0.171598
-1.13334
-1.32534
0.38578
0.805749
0.563506
4.00935
2.87317
-1.34157
-3.48408
0.387134
0.434913
-0.408042
-1.04195
-3.54457
-0.720956
-0.0318912
0.929705
-1.51377
-0.0547605
-1.54417
-0.175748
2.41338
-0.384248
-1.42581
-1.3416
2.04758
0.293332
0.38042
-2.02366
0.245127
1.90836
-0.41823
0.987876
-0.750662
0.438433
1.14106
0.653773
-0.119754
3.44558
0.119663
-1.92816
-1.75322
0.379294
0.273091
0.629607
-1.27421
-3.1883
0.672268
-0.161172
-1.22457
1.14598
-0.25767
-2.49963
-1.25539
-0.0044375
-1.13857
0.368009
2.7073
1.57426
1.11977
2.23797
-1.92881
-0.481338
-1.06679
1.18644
0.217275
1.12541
2.56188
-0.502934
1.28855
-0.935119
-1.92433
-0.910242
1.31414
1.74957
0.410954
0.944156
-0.66574
-1.18094
-0.993023
1.27991
-1.84522
-2.57557
2.61662
-1.16877
-1.69481
0.676606
1.52352
0.115678
0.0202386
0.768635
0.654815
-0.324366
-0.379941
1.33857
1.01769
-1.11451
1.78984
-0.370872
2.92698
-0.725388
-0.0366802
-0.539629
-0.870964
0.643493
-1.13971
0.555968
1.04029
1.9327
2.67385
0.140362
-2.11606
-0.199809
0.218787
-1.94088
-0.0310395
-1.8313
-0.992714
0.0248998
-1.12778
0.564724
0.0381414
0.511072
-2.00918
-2.04562
0.733707
-0.676925
1.24407
2.30668
-2.20537
1.19025
-0.813159
-1.14518
1.96104
2.35562
1.65275
-2.7539
-1.44127
0.74033
-0.922527
0.682814
-1.14968
0.460726
0.848545
2.05525
2.82718
0.5659
-3.15525
-0.245625
-1.16471
1.22855
1.59703
0.634994
-1.84956
0.503431
-1.13352
1.52371
1.0273
-0.831854
2.26497
0.552489
0.0606813
0.139475
-0.552672
0.795378
0.720482
0.927481
-0.272846
-1.81406
0.408084
1.40937
-0.0324254
-0.239777
0.46518
1.79404
0.643742
0.184804
-0.58041
-1.86694
-0.318865
-2.02954
0.929899
0.548269
-0.258571
2.92832
-2.11089
1.8921
0.374252
-0.432887
0.269085
-1.69335
0.295888
1.30222
-0.993172
-1.77376
-0.0853923
-1.3961
-0.821009
-0.0691365
1.35415
1.6089
-1.29002
-0.565641
-0.148504
0.068467
-1.14044
-0.54013
0.429766
-0.581074
-0.729738
0.281002
0.566169
1.66084
-0.841771
0.657965
-0.626681
1.16893
-0.220151
1.22541
1.09861
-1.26759
-0.565177
-1.89809
-0.750424
0.896651
0.51131
-0.167754
-0.0650608
0.615444
-0.901645
0.924398
-1.41368
-1.49188
2.03852
1.25646
-2.97176
-1.01135
2.12945
-0.451674
0.302944
-0.194891
0.680406
-1.27576
0.0609342
0.627292
0.630456
1.15095
-1.56376
0.305776
-0.268548
1.31904
-0.268931
-1.62874
-2.21917
-0.655808
0.746152
0.483469
0.29765
-1.44327
-2.07239
-0.0856936
1.94477
0.416861
-0.771716
-0.554403
-1.15939
0.269885
-0.391898
1.84304
0.510894
-2.67989
0.556969
-0.643012
0.32069
0.260799
-1.47947
1.05215
-0.0805298
-0.88672
-1.29047
-0.239899
0.895328
-1.75263
2.06312
1.78006
0.727409
2.46728
0.50959
-0.178148
1.86145
-1.5905
2.52022
-0.220418
-1.43395
0.283773
-0.408802
-1.80066
-2.01041
1.42196
0.0355791
-2.19785
0.535325
-0.0166001
0.0831276
0.590746
1.07934
0.447654
2.28477
-1.73497
0.389373
0.468232
0.263775
0.680348
0.769915
0.880656
0.585831
1.09941
0.685024
-0.00649023
0.626833
-0.484198
0.269864
0.96325
-0.939707
-1.5527
2.1698
-0.985442
-0.00529728
0.55823
0.788754
0.975502
-1.08008
-0.191618
-2.28954
-0.905482
-0.851754
-1.27464
1.71347
-2.35436
0.315539
-1.54626
-0.201154
0.832231
1.03718
-0.120636
0.00847005
1.15895
-0.29112
-1.76843
0.0123659
2.43159
-1.60567
-2.40151
2.33296
2.20025
-1.07357
-1.77422
0.937495
-0.129967
-1.6235
-0.59339
-2.24501
-0.973241
-0.221927
0.217202
0.473086
2.16294
0.583637
-0.0546659
-1.36859
0.503325
1.26329
0.98635
-0.202805
-0.76408
-1.07558
-0.0752815
2.71112
-3.3688
1.88734
-0.551195
1.71084
1.32209
-1.99618
0.138636
0.422134
0.150248
-0.595698
-1.61787
-0.461978
0.857059
-0.721114
1.83379
1.34663
-0.16448
-0.167585
-1.11322
1.23765
-0.938721
-1.69294
0.104361
-1.79938
-0.855255
1.2044
-0.232747
0.117441
-2.40424
0.545636
1.73111
-0.344439
-2.25987
-0.414832
-1.41501
1.85145
-2.5846
2.26145
-1.54777
0.795996
0.0906764
-0.841641
-0.764298
0.616434
-0.494787
-0.130328
-0.347888
-0.616297
0.49221
-0.891088
1.88295
-1.09093
0.790534
-0.80877
0.173579
1.50102
-0.082047
0.970079
0.452885
-0.979266
0.408749
0.169459
0.591853
-0.382214
-1.64734
0.263831
0.122946
0.549333
0.398515
2.12644
1.67246
0.0054626
-1.18641
-0.706148
-0.0545878
-2.22648
-0.892228
1.34318
1.95714
-1.04628
-0.257847
0.945164
-1.84272
0.0836455
-1.03526
0.507665
-2.49017
1.02088
0.394215
-1.8089
0.52644
0.53671
-0.735955
-0.0538832
1.41343
0.520519
0.955915
1.34539
-0.906444
0.498402
-0.218163
-1.22247
1.05588
0.787381
-0.611542
-0.567608
-0.302194
1.80152
1.51902
-2.65683
-0.796885
0.258277
-1.01969
0.100761
0.921735
-0.300405
-1.18791
2.5464
-2.1321
0.231254
1.20126
-1.59745
0.98398
0.421562
-1.85852
2.47301
0.33222
-0.283335
0.335612
0.84456
-0.12064
-2.8096
2.73721
-0.60625
0.248673
2.55776
-0.0754465
-0.111892
-0.0017228
0.0476793
-0.839447
0.107847
0.346121
-0.487028
0.0255066
-0.800419
-2.89561
1.5686
4.86741
0.473762
0.959698
-0.98865
-0.113378
-0.378863
-1.57498
-0.528718
1.32166
0.167647
3.48985
-0.146398
-0.195197
2.52133
0.848742
1.52759
-2.34918
2.70178
-1.64574
1.24778
1.43885
0.965925
1.76892
0.490859
-0.303175
0.222404
1.75006
0.29446
0.709829
1.20728
-0.903795
-3.30335
1.07614
1.31265
-1.37904
-0.274151
-1.84137
0.38852
0.201721
-0.188662
0.866219
0.981272
-1.89997
0.618914
2.507
-0.733525
-0.451012
-1.01851
-0.848636
0.223294
-0.89523
-0.552514
1.57132
-3.43581
1.20106
-1.13782
1.07109
-1.26786
-0.0684362
0.239418
0.714603
1.38722
-0.188685
2.16012
-1.75031
-2.59076
2.2678
-0.227051
-0.16067
0.504784
-1.37126
-1.45289
-1.82039
0.571564
2.79829
-0.0193496
0.631272
2.61191
-1.37305
0.82309
-0.322793
-0.384365
0.0860622
1.26143
1.00783
0.154315
-1.37063
-0.00447878
-3.65688
0.915604
-0.116768
0.788154
1.157
-1.45587
1.24504
-0.299266
-2.84476
0.616184
0.262033
0.0117709
0.419398
-0.776227
-2.63222
1.77567
-0.114503
-1.16838
-1.45075
-0.0513677
0.556296
-3.57038
0.915899
-1.07014
1.14243
0.689363
-0.00638618
0.565416
-1.06833
-1.3766
-1.12325
0.196558
-1.67358
1.66648
-4.31726
-2.80964
-0.924903
2.19005
0.254765
1.05356
1.28471
-0.766461
0.175914
0.298485
1.38651
0.636512
-0.472301
2.06122
-0.104705
1.72202
0.102411
-2.81571
0.309924
0.590082
0.817306
0.710177
-0.337273
0.831742
1.72398
-0.953119
-2.80607
-0.170652
0.615676
2.83099
-0.60949
-0.787818
0.44318
0.210244
-0.612557
-0.560633
-1.49397
-0.598416
1.33458
-2.11653
-2.03863
-0.528535
-2.17228
-0.219199
-0.92067
1.69465
0.345281
-1.72151
-1.76631
0.210202
-0.72891
1.13936
0.657539
-1.62595
-5.27723
2.05408
0.78884
0.593395
1.60843
-1.39297
-1.4584
-1.24698
-1.34321
-1.70985
1.0569
1.92282
1.39655
-0.525208
-1.5977
-0.326092
0.208795
1.08558
-2.62265
-0.949232
-0.207214
1.51936
1.82538
2.58666
0.428616
0.879422
1.72172
-0.74855
0.12144
-0.926477
-0.030268
3.0296
0.336675
1.77961
1.13276
-0.871361
0.606889
2.32212
0.359301
0.628773
-1.34933
1.35418
0.472975
-0.0274166
0.76709
0.153208
0.212135
1.25332
-3.48824
1.80743
1.15104
2.01767
-1.01173
-1.81384
0.434002
0.662883
0.544549
0.545963
2.75542
-1.55353
-1.8192
-0.39002
-0.825257
-0.748906
1.52055
1.50604
0.0308147
1.8251
2.17293
-2.04514
0.0997821
0.24771
0.0831232
0.329755
1.50002
1.62796
-0.0907545
-0.986273
-1.17623
-1.73567
-1.12693
-1.61432
0.303905
-0.391069
1.62688
1.53272
0.298602
0.439848
-0.486691
3.92816
1.61644
-2.37849
2.50444
-0.808671
-2.70502
0.78628
-1.06955
-0.657257
-0.75222
1.82927
-1.63634
1.39589
-0.270583
0.897714
0.451598
1.19102
-1.76013
-1.02205
0.634012
0.15255
0.735701
0.350137
-0.464534
0.377019
-1.37846
-1.57347
-1.49227
-2.446
1.18412
0.180255
-2.0977
-2.73357
-1.67322
1.51452
1.36884
-0.544374
-0.913895
-1.56157
-0.223544
-0.129215
0.616708
-1.45052
-0.565425
-1.05846
-0.559721
1.40634
0.734465
-1.0675
-1.66046
-0.431586
-0.829397
-0.814559
0.438133
3.51322
-2.51505
0.199864
2.03434
-2.01793
-1.40208
-0.116777
-0.491457
1.75873
-0.930061
-0.12082
2.62932
-1.61371
-0.0536962
0.718532
3.17958
-3.40473
-1.06173
1.42764
1.74918
-0.459222
2.87757
0.592319
0.70114
0.675613
0.99644
-0.276905
0.455372
-0.604381
1.30241
0.231035
0.576846
2.08759
0.812397
0.452966
-0.026388
0.81845
-0.815397
-0.0744878
1.43899
1.20472
0.0536998
-3.3846
-0.894873
0.634761
0.270515
0.992646
-0.456181
-1.4217
0.720809
0.274236
0.48903
0.455614
-0.176429
2.38895
-1.55141
-0.21062
-0.945703
-0.237908
-0.575992
-0.456028
0.159852
-0.405264
0.802033
0.134569
-0.608357
0.126298
-0.249945
-1.48224
-0.826122
-0.66775
0.458788
-1.6037
-0.242848
1.39192
0.897127
0.0311831
1.63926
-0.315452
0.217973
-0.972845
-0.577782
1.30418
-0.712414
-1.59307
-0.348916
-0.307684
-0.424432
-1.09708
0.82575
1.63235
1.03357
1.73523
-1.18488
1.41893
-0.993998
0.119903
-0.440201
-0.344406
-0.22341
-1.65686
2.51231
-0.475031
-0.0743648
-0.0448814
0.455837
-0.678475
-0.473697
0.874457
-0.894542
0.80196
-0.291259
0.136416
2.08256
-1.41603
0.744658
0.380003
1.02271
0.403372
0.322933
-0.668868
0.194949
-1.60363
-2.30835
-0.269611
-0.416093
2.06024
0.511371
-0.0117621
0.971051
-1.66898
-0.66886
1.99015
2.78461
-0.131526
-2.09539
-0.364401
-0.396031
1.44546
-2.41491
-0.448149
0.327912
0.881649
0.373922
-0.394102
0.736193
-0.545235
-0.483025
1.45343
-1.62659
0.603201
-1.32899
1.96811
-1.0223
1.09345
0.226129
0.139542
-1.19053
-0.178555
0.0175438
0.584527
0.166272
0.978764
0.179423
-0.39829
-2.3528
-0.696165
0.382793
1.13275
0.507793
-1.0709
-1.40836
-2.17625
-1.03942
0.767573
-0.397416
-0.809355
1.41608
1.37345
2.34862
-0.243631
-0.444994
1.01505
0.635824
-1.1197
-0.403981
0.120237
-1.02494
0.376442
-1.4294
-0.0139994
2.80973
-2.69616
1.95529
0.389448
0.27099
-0.349359
1.1991
-0.426391
-1.48577
-1.68511
1.9523
1.33866
0.819978
-2.22042
-1.17292
0.54402
-1.42247
-1.42783
2.34685
-0.436537
-3.38763
1.95919
1.94394
-1.08852
-1.13333
0.896153
-1.69636
0.702097
0.752691
-0.393025
-1.64099
-0.805239
-1.54983
0.365219
-2.76168
-1.38331
-1.70953
-1.93625
-3.69732
-1.22953
1.62716
-2.16642
1.1311
1.59536
-1.1289
-0.333656
-0.193715
1.40488
2.36535
-2.27766
-0.855152
-1.4576
-1.32271
0.543884
-1.24946
0.0633023
3.28803
0.213501
-0.716275
-1.17728
1.24641
-0.370724
0.39123
0.747657
-0.333627
2.21172
0.0223006
1.27147
-0.941009
3.88668
0.055598
-2.21684
0.584485
1.76033
-0.92261
1.15234
1.24422
0.380462
1.40106
0.563105
1.46395
-1.17155
2.5547
1.8402
-0.976645
0.118611
3.66708
2.17984
0.927207
2.4403
0.0550914
-1.8932
1.16851
-1.21197
-0.542004
0.829362
-0.0369895
-2.32262
0.598287
3.59113
-0.349964
-0.0300676
1.1745
0.2798
0.531926
-2.30879
-0.420741
-0.435487
1.88592
-0.358567
0.0930991
0.183729
-1.6636
0.0706845
-0.70276
-1.36705
-0.790374
0.0426123
-2.35902
-0.604339
1.59672
1.58184
-0.34719
1.43858
0.672235
0.468515
-1.01828
-0.481106
1.47604
1.04023
-0.566582
0.55906
0.499439
1.82193
0.319021
-1.96452
-0.399594
-0.635693
-0.131576
-0.527141
0.125613
-0.263657
-0.261274
0.228015
-1.01183
-1.22293
0.0970669
1.48449
0.294342
-0.769238
-1.7176
0.873387
1.72105
-1.13781
0.263676
-0.477921
2.77841
-1.58614
-0.963781
-0.601568
-0.32123
-1.01163
0.784622
2.63869
0.439879
-2.92833
-2.31247
-2.52004
0.273219
-0.63035
-0.11502
1.54256
0.86116
0.243553
0.7399
1.71117
-1.23607
-0.839111
-0.344007
0.369549
-1.48404
-0.910183
-2.12679
3.28748
-1.18568
-0.0091769
-0.987827
0.950498
2.438
0.137742
-0.564578
0.938965
-0.399533
0.802868
0.380641
0.845477
1.68269
-0.569341
0.133832
1.33384
3.93436
0.366018
-2.61772
0.541307
0.428608
-3.29175
-1.30712
-1.61363
0.590751
1.83652
1.15764
3.28596
1.21971
0.473024
1.98439
1.62869
-1.60021
1.27203
1.78789
0.00114403
0.306
-0.59224
-0.014216
-0.259294
0.204794
-0.143571
0.40975
-0.467198
0.770212
0.195985
2.97451
-1.83844
0.301952
0.477724
0.649202
-2.36659
2.25427
2.28421
-1.87901
-1.49121
-0.180489
-0.570802
0.0855545
-0.84736
-0.330439
-1.98745
-0.63596
0.848504
-0.592655
0.471303
-0.761543
0.45447
-0.258638
-0.949824
1.7545
0.692807
-0.456376
-2.22023
-1.63084
1.62111
1.63806
0.115437
-0.195741
1.61675
-1.70697
0.692632
-1.88711
-0.721766
-1.83705
1.32772
-2.01936
-0.289333
0.0876894
-0.635275
0.413949
-0.623427
0.599002
-0.166404
-1.43996
-0.469734
-0.0418834
-0.00309701
-0.930887
1.17197
-2.49257
-0.485289
-2.1405
-0.398452
0.250355
-0.694374
0.288936
0.175952
0.292718
0.715064
-0.86444
1.46724
-0.54982
-0.490492
0.134768
0.403805
-0.761633
-0.850688
1.16937
0.916139
1.00677
0.0763573
-2.54541
-0.10031
1.06967
1.02596
0.761081
-0.0528718
0.847875
-0.70092
-2.31432
0.593517
0.265162
-0.20858
-0.936959
-0.10797
0.128622
2.38757
-1.7012
0.911728
-1.23842
-0.690542
-0.172593
1.16946
-1.4087
-0.176004
-0.457336
0.140816
-1.27302
-1.97371
0.57992
1.37173
0.931812
1.19817
-1.05383
-0.11066
0.22765
0.378541
-0.589459
2.26857
-0.848762
-0.0432066
2.29066
-0.0676721
-2.13375
-1.01421
0.147931
2.03816
0.488534
-0.347888
-1.66158
-1.29314
1.01844
1.34119
-0.291243
0.0251017
-3.24426
1.61579
0.292529
-1.23457
-0.808757
1.26228
1.2519
0.324608
-0.388562
-3.63367
0.985509
1.01471
1.61769
0.89793
-0.497424
-0.148704
-1.60329
-0.308162
0.925017
-2.10878
1.50184
0.777929
-0.186654
-0.661304
-1.23152
-1.44991
-3.10397
0.644179
-0.366137
-1.05263
0.0494513
0.929187
-2.65547
-0.228691
0.279845
0.513132
0.101517
0.736785
1.61789
-0.319074
-1.47753
1.9288
1.50541
0.159084
-0.880607
0.960774
-0.582623
-0.883017
0.745466
-0.693602
0.503713
0.139265
0.140476
0.204583
0.59054
0.798541
-0.0706862
2.63909
0.183904
-0.768289
-0.884764
-0.835566
0.500932
1.07629
1.29454
1.95396
1.32233
1.31484
0.339896
2.13338
1.21749
0.143016
-0.675849
1.53985
2.03956
-2.15658
1.4523
0.528569
-0.78158
0.265008
0.996746
-0.390542
-0.431301
-0.00816372
0.478608
1.94253
0.438417
-1.93778
-2.88132
-0.124379
1.7115
-0.174553
-1.94792
-1.10346
-0.598807
0.857024
2.1041
-0.23256
0.359626
2.26219
-1.35743
-1.14433
-0.81519
-0.955485
-0.184457
-0.802671
-1.60341
-0.215581
-2.12243
1.5611
-0.3802
-0.200787
-0.682499
0.772737
-1.53101
-1.14038
0.165625
-0.379319
0.134241
-0.787044
0.0919838
-0.183695
2.161
-1.03539
1.35773
1.3379
-1.52776
-0.894395
1.92598
0.552678
1.35003
-0.120703
-0.978418
0.273338
-2.50368
-2.27399
-1.25183
-0.405286
2.30954
-1.37489
-1.59589
1.91059
-0.845288
0.211444
2.10369
-0.107266
0.278805
0.180008
-0.606358
1.60966
-0.840567
0.00921588
0.933671
0.468821
2.11755
0.367015
2.50597
-1.57577
-0.450463
0.48596
-1.70518
-0.164235
-0.183929
1.27836
-0.341519
0.476774
0.905969
-0.77008
1.54174
-0.0423814
1.8373
0.914307
0.998534
0.0747999
0.151064
0.930865
-0.898809
1.10035
-0.683009
-0.577101
-0.860673
-0.0581738
1.42233
-0.0246351
1.68307
1.22639
-1.28483
-0.686904
1.67492
-0.442418
-0.315151
-1.63104
-1.30413
0.465835
0.119262
-0.304793
0.357841
-0.00659735
-1.01043
1.50849
-1.36905
0.251602
-0.732297
-2.24949
0.418619
-0.307305
2.76989
-0.534891
1.06376
-1.28813
-0.507748
2.22742
-0.416608
-0.448849
-1.09979
-0.333407
-1.64792
-0.272971
-0.431252
-3.46722
-0.833356
-0.795777
-0.212915
0.619954
-0.360884
0.923018
-0.45429
-0.379235
-0.850623
-1.16553
0.274911
-3.71708
1.14505
1.29104
-1.18027
1.38629
0.495776
-0.0267176
-1.13769
-0.95632
0.00317888
-0.633592
0.00501101
-0.00850833
0.0333613
-1.15794
2.28804
-2.85514
2.24704
-0.505549
-0.143819
1.87387
-1.93887
-0.743049
-2.90351
-1.53597
1.12807
0.00181941
1.1995
1.59055
-0.0495867
-0.395912
-0.00514392
1.52532
0.234207
-2.18046
2.65866
-0.431358
1.48961
0.387989
-0.158577
-1.2667
-0.883529
1.40944
-0.390235
-0.978389
1.61869
1.50889
3.13874
-0.601812
1.4787
1.31101
-1.82447
1.31882
1.37091
1.63371
-0.566484
1.1617
0.651786
0.542235
-0.151287
0.284596
0.897319
0.299643
0.213553
2.25109
-2.00998
-0.947325
-0.394765
0.84739
0.948524
2.02753
2.20604
0.887983
0.561741
-0.164932
0.943303
-3.46368
-2.91165
-1.15278
0.12579
-0.296928
-0.286871
-1.13375
3.03201
0.741111
-1.15315
0.4187
0.565541
-0.88317
-1.54037
-0.443724
0.21851
1.38753
1.36895
-1.27667
-0.730636
-2.45172
-0.464518
-2.25516
-3.33563
-0.508724
0.731196
0.554909
0.0576069
-1.65261
0.795751
0.487343
-2.45626
-0.267729
0.433215
-1.09586
-0.99768
-1.37337
1.70147
1.48488
0.489408
