1.38989
1.38985
-2.01472
-0.719458
-0.944404
1.13063
0.173647
-1.65517
-2.08848
2.87981
1.24572
-1.39455
0.0446979
0.273822
0.556325
-0.871943
1.12489
1.22052
-0.889517
-1.58716
-0.771717
1.5996
-0.626186
-1.71258
-2.1059
-0.496452
0.640946
2.90603
0.801133
2.88036
-0.82909
-0.11156
0.897231
-0.141396
-1.60416
-1.20848
-1.72796
-0.674294
1.76436
1.41265
3.4902
-0.185516
-0.187025
-0.458752
-1.89624
-0.790022
-0.914602
2.786
-0.648187
-1.64666
-1.47204
-0.0456192
0.8256
-1.53032
1.89756
1.16909
-1.87958
-1.48493
1.45898
-0.231482
2.0165
-0.408958
-0.0867985
-2.2983
-0.459846
-1.46128
0.208992
-0.505675
1.80225
2.71012
-0.307577
2.76641
0.798682
-0.735624
-0.347728
0.378534
-1.51514
-0.945122
0.610459
1.13838
-0.213791
-1.50891
-0.594204
0.89037
1.93246
0.959936
-2.82632
-0.642526
-0.786905
-1.75214
0.110305
1.5555
0.994849
-0.139905
-1.23751
2.38171
1.64523
-1.82834
0.631768
0.829674
-0.44613
0.753501
0.678984
1.69213
-0.466623
-2.12307
1.21961
-0.276572
1.2782
1.35176
0.461021
1.07288
0.936019
-1.22462
-0.94616
0.749475
-1.13099
-0.89929
-1.69672
0.537604
-0.0649162
0.378295
-1.59703
1.06821
-0.672954
-3.80644
-0.839864
0.0279996
1.67186
1.9553
-1.69109
-1.85609
0.835992
-0.00793398
0.0101927
1.96233
-0.141505
-0.0204674
-0.450921
0.325446
0.757389
2.2022
0.0811417
-0.163502
2.48386
0.524938
1.75651
-0.0924285
0.182556
-0.0713281
-1.1195
0.755059
-1.19928
-1.18549
0.549452
-2.53598
0.246598
-0.445595
0.0712593
1.51207
0.811912
1.04788
0.0618751
0.414192
0.149627
0.16218
-0.623323
0.156151
-1.16331
1.36478
-1.00551
-1.69606
2.45948
2.106
0.415104
-1.60509
0.448365
-0.377366
-0.970893
1.22412
1.15796
-1.21308
-1.94345
0.830812
0.95061
0.381048
1.38788
0.477066
-2.34477
-1.38619
0.57886
0.0398951
2.18906
-1.73351
0.329414
-0.355029
-0.356942
-0.988524
0.98709
1.63073
0.0879198
0.363779
0.768042
-1.28816
-0.873743
0.560686
-0.585402
0.862995
-0.799977
-0.0313355
-1.03275
0.0568543
-1.15294
0.396095
0.373697
3.36239
1.23818
-1.56962
-0.295296
0.196552
2.47092
1.69287
-2.35978
-0.922928
-1.40062
2.46834
0.673609
-2.21635
-0.825531
3.40707
0.45988
1.06544
-1.99824
-1.20654
-2.86778
-0.52986
1.65247
-0.261368
1.31898
-1.12665
-0.239141
-2.59077
0.0576471
2.36534
-1.57518
-1.451
1.23773
-2.50745
-1.33729
0.722258
1.28832
0.501481
0.468555
0.95564
-2.0213
-0.574853
-1.04451
-0.837488
-2.37882
0.122142
0.884389
0.972215
-1.62616
0.314069
0.99396
-0.961255
-1.4916
-0.848286
1.12037
-2.31171
3.32123
0.550276
-1.66376
-2.04626
0.670432
0.279634
-0.488613
-2.32261
-0.651403
0.822236
0.148723
-0.620276
0.833531
0.185078
0.553677
-2.08389
0.276065
-0.882957
-0.688875
-1.05177
0.566857
-0.140916
-0.537841
-0.0976492
3.3616
0.577843
1.41115
-1.53509
-1.11448
-2.08576
0.503833
1.27097
-1.46734
3.20425
0.918817
1.12847
1.02026
2.24808
2.64791
1.24395
-0.177245
-1.78328
-0.390861
-1.14082
-1.09448
-0.346583
-0.194831
0.106949
1.21644
-0.227952
-0.36063
1.71043
3.34507
-2.93943
-0.118509
-0.265587
1.29848
1.10485
0.460705
0.400713
-1.26161
1.51289
1.38765
-0.805438
0.535298
-0.774966
0.265357
3.40061
-1.04859
1.56623
-1.87894
-0.545812
-2.43804
0.154431
2.47344
-2.17752
-0.542656
1.44506
0.236492
-0.221361
-2.3317
-0.333257
-0.345095
-1.04796
-0.595659
-0.762056
-2.54123
-1.27189
0.757253
-1.27658
-1.14974
1.89367
1.75862
-0.765675
1.86049
-1.48043
0.186385
-1.00266
0.663402
-0.957081
-1.10139
1.64701
1.59158
-0.326492
-0.921846
0.784337
-0.647056
-1.31924
0.930972
-0.261109
-1.16963
0.35078
0.501532
0.349529
-0.566148
-0.90183
-0.62252
0.123293
3.16296
2.53162
-3.29191
1.68635
0.275265
-0.260189
-0.634231
-1.71852
-1.01614
0.854968
1.1188
0.405676
-0.862797
0.653152
0.824924
-0.345135
-1.09133
2.13645
0.442409
0.710142
0.152864
0.612077
-1.18902
-1.66701
0.759029
1.51638
-1.91891
-0.308529
0.455265
2.48039
-1.58697
-0.860782
-0.838356
0.314843
-0.140536
0.946393
1.1857
0.38135
-1.63096
0.0982981
3.24186
-0.395299
0.405071
-1.056
1.2623
1.83939
-2.68927
0.718908
0.43198
0.100418
-0.868214
-0.365076
0.918143
0.174389
-0.62157
0.341485
1.87246
-0.858907
0.423794
-1.23472
-1.58774
1.20384
1.18301
0.399183
-1.78872
1.0142
-0.864244
-0.582857
0.365905
0.874646
1.91548
-2.85287
-0.424361
0.874191
0.920989
-1.59832
0.0435133
1.43046
0.366227
-0.163594
0.101455
-1.26987
1.07405
0.297226
-0.48465
0.0596457
-1.1081
-0.428254
-1.91932
-0.726361
1.94222
-2.00586
-0.140032
0.723435
-0.694018
1.19995
-2.34852
-0.748302
0.492404
0.849903
-0.0113032
-0.571054
0.163215
-2.24628
0.209029
0.274396
-1.47458
0.795676
-0.24683
0.364197
0.940421
-1.81174
2.98469
2.41375
-1.48251
0.0777982
1.76506
-1.22383
3.01218
-1.01249
1.60309
-1.17535
1.30677
0.479655
-2.41689
-1.14732
0.142187
1.48661
0.586029
-1.1225
1.05448
-0.418563
1.2392
0.757581
0.829769
2.13888
0.0790495
-0.0178031
-0.837644
-0.438495
-0.823659
1.38679
-2.63322
1.69638
-0.122471
0.61253
1.49763
-0.0932534
-1.91742
0.984962
1.4006
-0.0125903
-1.64344
1.90131
2.66254
-0.467771
-0.864553
0.943909
2.41532
-0.371662
-1.22122
1.21995
-1.92153
0.475281
-0.895709
0.173879
-0.551251
-1.95782
-0.533995
-0.556655
0.769322
0.801358
-0.646748
0.00747101
-1.29654
-0.716865
0.365385
0.223841
1.02311
-1.35016
-1.41187
-0.235411
-1.12455
-0.0319024
-0.362957
-1.07608
-0.633487
0.0813822
-1.44485
-1.08984
1.99899
0.462899
-1.42874
-0.933708
-0.508615
0.564792
-1.32661
0.0499662
1.11274
0.388663
0.522255
-3.26417
0.357685
1.32853
-0.209614
-0.694304
0.129782
-0.306512
-0.816605
1.21999
-0.698599
1.6896
-3.12825
-2.44472
-1.25259
0.781562
0.336996
1.04672
-1.64829
-0.733089
1.07007
1.98761
-0.133054
-0.178192
0.742023
-1.78052
0.161177
-0.0683591
1.87381
-1.43358
0.366576
-0.0692119
-1.14803
2.21673
0.949725
-1.63197
2.66662
-1.81202
-1.11083
1.63121
-2.13868
2.73118
0.485988
0.881272
-2.43214
0.317862
0.862037
-1.99431
1.51854
0.923371
1.82257
-0.0558587
1.05849
0.935707
-2.68499
-0.966265
-0.0088915
2.53755
0.00141516
1.14844
-0.987491
2.63816
1.95679
-1.3783
0.867127
0.282686
-1.40427
-1.08259
-2.90418
0.519668
1.32807
-1.65914
-0.28301
-0.876869
1.44535
-0.786219
0.0813012
0.882496
-0.817611
1.32285
-0.207233
-0.412287
-1.18177
0.315826
3.22154
0.896946
0.486473
2.39753
0.113977
-0.520831
0.284068
1.2092
2.29875
-0.203552
-0.499732
-0.611152
-0.190796
-0.813352
-0.908885
-2.20106
-0.79896
-1.70117
0.343532
1.80681
-0.528787
-1.18745
-0.338956
0.532063
-0.833955
-0.499073
-0.7175
-0.932183
1.96752
-1.31663
2.87737
0.614534
1.37914
1.19001
-0.53819
-1.13864
0.72144
0.455433
-0.978437
-0.91165
-0.0756758
-1.99365
0.741609
1.55483
-0.553294
1.1985
-0.568596
-0.610188
-1.99102
-0.275258
-0.220619
-2.57581
-0.398777
-1.52995
-0.372747
-0.145276
-1.65074
1.41888
-0.588846
-0.380222
0.256988
0.493694
1.35739
0.815283
1.18613
-0.41627
2.02626
-1.16875
-1.83987
-0.502895
1.03875
1.3311
-1.03144
1.47854
-1.79033
0.608827
-0.130361
1.09893
-0.85064
-0.969086
-2.20877
1.23818
-0.884965
-0.883375
0.963929
0.276261
-0.403302
-0.782606
3.25597
1.45764
1.05335
-1.96778
-0.503474
1.51138
-0.577231
-0.01307
-0.544374
-0.653216
-0.743935
0.6235
0.207321
-1.15741
0.61501
0.493859
0.275582
0.490988
-0.71589
0.624087
-0.23592
-0.611831
0.0313722
-0.182955
-2.65789
0.347778
-2.47953
2.42315
1.48904
0.288027
0.963073
0.466561
-0.737447
2.20345
0.0648459
0.594461
0.0469944
1.55835
-1.39949
1.56577
0.247481
0.144658
-1.06189
0.617106
0.132416
0.698895
0.602865
-0.0626384
0.306039
-2.01112
0.89408
0.526287
-0.269933
0.637575
-0.454207
-0.382594
0.398406
0.708581
1.70334
-0.814767
1.96485
-1.07903
2.02774
-1.20231
-0.187667
-0.419261
-0.661078
2.84439
-0.399127
-0.227542
-1.50658
1.28546
0.359653
1.10536
1.18461
0.442623
1.38924
-0.30302
-0.0817459
0.897657
-1.2028
-0.523986
-0.757295
0.0144892
0.118464
0.709829
-1.33884
2.69941
-2.23923
-0.449873
1.24474
-1.75038
-1.12513
1.47908
-2.01297
0.0193583
-0.272008
1.10583
1.0836
-4.56719
2.6526
1.54768
0.106215
0.11504
1.05338
0.0846881
0.0759136
0.278929
-0.755933
-1.86544
-0.589245
0.459536
0.685612
-0.982418
0.257087
0.615135
-1.64
-0.704877
2.04096
0.25959
-1.24623
0.752595
-0.403206
1.01736
0.00698982
0.420359
0.484825
-1.19891
1.87822
-0.520811
-0.945438
1.26848
-0.532985
-0.151044
0.0519745
0.266321
-1.44596
0.13376
-1.30768
0.711415
0.387515
1.06297
0.20865
0.53167
-0.58439
-1.84985
0.725594
1.09738
-1.66871
-1.74087
-0.0378108
-1.55795
-0.831395
0.463375
-0.321718
-0.188033
-0.636883
0.294838
0.935377
0.478617
0.516836
-0.242531
-0.423128
-0.344997
0.246127
2.41861
1.84367
0.12184
-0.753007
-1.71586
-2.69534
-1.52752
-2.83469
-0.862743
0.869189
-0.324509
-0.794581
1.58934
0.413302
-1.49669
0.81881
-1.84381
1.06531
1.1374
0.846338
-0.697415
-0.0737482
0.877736
0.73281
2.32291
-1.82845
-3.86491
-0.145052
1.76135
1.09038
-1.46187
2.00966
1.82088
-0.541637
-0.0158349
-3.13323
-2.11942
1.21054
0.108148
-0.180474
0.910304
1.39399
-1.39558
-1.01802
0.903269
0.811036
-0.308294
-1.24794
-1.64193
-0.671443
-0.119373
0.0957916
0.614781
-0.285966
-0.845927
0.491014
-2.08071
-1.21905
1.74459
-0.349978
-0.286974
0.988575
0.351446
1.89708
-1.70123
0.273775
-0.805748
0.630058
-0.502013
0.016303
0.268116
-2.05372
-0.437566
2.83638
-0.377336
-0.204561
-0.494718
-1.06129
-1.62091
-0.167522
0.702778
0.564651
2.44573
-0.752891
0.0965742
0.576198
2.51378
0.920966
-1.82786
-1.68569
-0.3411
1.22611
-0.110219
1.45028
-0.220858
-2.07629
-0.0949286
1.93222
0.609616
0.693148
1.89271
-0.746811
2.04514
-0.239533
-2.2675
0.483072
0.547708
-0.655783
-1.7791
-2.06398
-0.0902594
2.37489
-0.956349
-1.41362
1.60726
0.683778
0.586838
-1.54408
-0.880181
-1.22516
0.687136
1.92348
1.22417
-0.344681
-1.65627
1.0931
-0.40933
0.574775
0.850033
-0.177593
0.968158
0.354636
0.849633
-2.80954
-2.05485
-0.712145
-1.37886
-1.33964
0.0421926
0.782758
-0.988418
0.530017
1.36389
0.0962659
-1.74835
-1.77911
-0.558516
0.661131
0.269876
-1.24245
3.16492
-0.0312127
-0.314506
0.0995242
1.85221
1.60606
2.52482
-0.254332
0.235086
2.36383
-1.1677
0.0385527
0.161218
1.04406
-0.196523
-0.193735
1.9115
-0.145537
-0.769549
-0.328442
-0.532987
0.361569
1.72504
-0.114808
0.566507
-0.340757
0.74894
0.277371
-2.1714
-1.02963
1.35946
-1.19957
-0.653474
0.567644
2.3569
1.29031
-1.23247
1.53764
0.0738458
0.703292
0.194685
-0.671626
-2.41132
-3.86074
-0.239889
0.790165
-1.00105
-0.318431
0.318353
1.04881
0.81482
-0.135305
-0.236198
-0.916139
-2.50828
-1.32515
0.285991
0.813133
-1.80187
0.23509
1.61981
0.412879
3.45538
-0.274496
-1.88183
-0.543997
-0.697916
1.80133
-0.179969
-1.17201
-1.8107
-0.381052
1.35726
-0.0998643
0.311772
-2.27527
-0.194074
-0.904199
2.0192
1.52652
0.488333
0.719665
-0.420074
0.855491
1.74093
0.956331
0.362096
0.352617
1.98547
-1.56121
-0.0257019
1.64407
1.39783
1.15848
0.571602
0.352251
-1.64557
-0.633811
2.07847
-1.70045
0.563503
-1.92633
0.377588
0.59508
-2.36284
-2.1604
-0.887564
-1.37869
-1.78912
-2.86994
-0.8277
3.13007
-0.645156
-2.3029
0.0911319
1.13809
-0.357504
0.164248
1.9275
-1.22779
1.41656
-1.47552
0.943294
1.09575
1.00697
1.91668
0.378296
0.420946
1.64734
0.668422
-0.955776
-1.86816
0.408422
-0.279802
1.53223
1.83161
0.440195
-0.486544
0.505687
0.734096
-0.697988
-0.8514
2.13113
1.58735
0.417502
0.603546
3.13613
-1.82198
-0.435177
0.980598
-1.02207
-0.734937
-0.638174
-1.12945
1.14222
-1.27796
-0.454228
-0.902138
0.213069
1.69429
1.06103
-1.78409
-0.481758
1.4437
-0.030087
-0.299445
-0.867796
-2.49643
2.24683
-0.519566
0.52944
-0.622692
1.18304
-3.95249
0.0802792
-0.345854
0.0393129
-1.62246
0.626818
1.84193
0.728882
-1.95018
-0.731562
-0.141356
0.258038
1.53736
-1.76168
0.459116
2.80131
-0.948264
-0.757182
1.92454
0.15416
-0.347985
0.651815
-1.80112
0.0179667
0.323465
1.2908
0.21345
1.43831
0.911161
2.01745
-1.77576
-0.13519
1.9723
0.572371
0.0343101
-0.474149
0.310976
-0.949733
0.30882
-0.923799
1.32369
0.853214
-0.38095
-0.910326
-1.36611
0.515618
-0.257498
1.17847
2.42415
-0.450686
-0.751628
-1.50593
1.47562
0.295475
-2.44292
-1.06957
0.377462
-1.36459
1.88385
0.515575
0.327994
-0.580536
1.83294
1.06996
-0.685187
-0.233742
-1.52481
-0.288991
-0.0380456
-1.04192
-1.45091
-0.0776106
2.11883
-0.0356459
-1.52478
0.196191
2.75417
-0.0600648
1.16865
-0.88139
0.838703
-1.92601
-4.57873
1.30455
-1.05365
-1.40326
0.0708609
-0.852475
-0.997834
-1.35181
2.33855
0.32626
1.86205
-1.19786
0.590068
0.363567
2.19813
-1.4699
-0.515566
-1.78472
2.38079
1.16349
-1.55951
0.482838
0.327795
-1.74057
0.542164
0.436764
0.652325
-1.87121
-2.9948
-0.978272
-0.965701
-2.16379
-1.04822
-1.92204
0.832055
1.19091
0.906343
1.09859
-2.83382
1.45453
-0.464637
-0.501539
1.97592
0.182011
-1.51747
-0.540003
1.55547
0.524729
-0.769192
1.44913
1.41938
-0.252632
0.814971
-1.41864
0.588717
-1.25943
-0.253217
-1.53959
0.00631958
-0.654302
-0.548742
1.18116
2.17136
1.5409
0.0733893
0.128659
1.04386
2.29792
1.14529
-1.26439
0.235459
0.0572606
-2.78979
-0.452419
1.6923
1.27736
0.658911
-1.345
1.68475
0.642971
2.45255
1.00508
1.86414
-1.37632
-0.991033
2.84483
0.309841
0.0514101
1.81498
-1.7206
-0.41921
-0.737735
0.354958
0.518167
-0.708192
1.26132
1.163
0.468115
-0.0199176
1.73483
-1.50185
0.32477
-1.49631
-0.957078
0.964002
-1.58008
0.606902
-1.2139
-0.824892
-0.958893
-2.83833
-1.73555
0.434711
-0.838984
-0.241562
-2.11434
0.103138
0.86541
0.459614
-1.53398
-1.7265
1.0228
-0.0863752
1.45172
-0.704125
0.480205
1.62702
-0.514136
-1.6926
-1.8449
-1.98611
-0.712807
-0.762817
1.17315
-0.260147
-1.58783
-0.603909
2.92126
-0.971764
-0.805733
2.72553
-2.0039
1.34868
0.473245
-1.84727
-0.279333
-3.22132
-0.426926
-0.406261
0.865305
1.16092
-0.718249
3.04307
0.341091
1.55317
-0.982297
0.337932
-0.228764
-1.54947
-1.76575
0.338792
-0.00104423
-0.954106
-0.530773
0.681476
2.95252
-0.0633816
-1.27984
-0.325786
-1.0239
-2.28636
0.807117
-0.831817
-0.708052
-1.62922
-2.87319
2.07275
0.699507
0.00309909
0.731347
-2.73073
0.347231
2.11232
1.16731
-0.162729
-1.05317
1.36905
-1.27029
2.73675
-1.60715
1.31891
0.130717
1.02292
1.80699
1.67678
0.193351
1.30779
1.88587
-0.415011
0.386153
-1.00543
0.828033
1.4838
-1.33325
-0.368915
-0.454074
-1.01105
-0.219031
0.231608
0.697281
-1.74288
1.09749
-0.74699
-1.3245
1.0084
1.7799
-1.82188
-0.147023
-0.519081
-1.1959
-2.20515
0.179435
2.47999
1.73108
-0.517575
-0.345926
-0.602663
-0.157406
0.975923
2.25644
-1.42325
-1.82363
-0.858025
1.07627
-1.62918
0.0964784
-0.62738
0.450459
0.20964
-0.0815423
1.07958
0.884383
0.955419
-0.287869
-0.115109
0.840611
-0.407763
0.670527
0.713184
1.32886
-0.400685
1.46283
0.855928
1.24789
1.58397
0.354768
1.24032
2.03137
-1.028
-0.870471
-0.259396
-1.13867
-1.4291
0.793513
0.530656
0.00682058
1.48005
2.1709
-1.37095
1.5868
-1.09867
-1.36525
-2.2296
2.32641
0.224336
1.30972
-2.22935
-1.02728
1.28195
3.01067
0.798213
-0.525613
-0.921496
0.0689312
1.51832
-0.295548
-0.558823
0.548047
-0.692881
0.0605056
-3.2511
-0.421344
1.20156
-1.02954
-0.217279
-0.997263
-0.924065
0.0235794
-0.836585
0.831034
-0.95579
0.936854
1.21661
-0.470605
-0.599269
0.31388
-0.760792
1.04592
-0.986253
-0.375548
1.31963
-0.177804
0.0101941
-0.534107
3.24842
0.500978
-1.35471
-0.733644
0.615876
-0.167561
-1.09385
1.62263
-1.37683
0.350816
1.80463
0.337735
0.150903
-3.0453
-1.26171
-1.13222
-0.132773
-0.346325
1.35232
-0.489381
-1.20878
1.36737
2.21721
-2.20801
0.885068
-2.18022
1.10468
0.418994
0.552893
0.502941
-0.0129071
-0.819999
0.846811
0.905654
0.202527
0.134204
-1.23282
0.821143
0.476109
-0.398537
1.00551
0.260105
0.658845
0.628396
-1.2971
0.056778
0.331127
-2.11178
1.05361
1.01498
1.35216
0.796312
-1.18967
0.416981
-0.663399
2.11676
-0.276762
-1.03795
-0.105895
1.11633
1.15819
0.171635
1.87193
1.90449
0.0869836
-0.587994
0.24856
1.19559
-1.48787
0.322499
0.570244
-1.27108
0.160179
1.4702
-2.38009
-0.606884
0.0794696
-0.54738
1.00917
0.365239
-1.24649
-0.357042
-0.404051
-0.319977
1.37825
0.90761
-1.02961
0.605464
0.57765
-0.848434
0.588598
0.535602
0.772749
-1.19833
-0.746406
-1.52491
-0.314183
0.113576
-0.201391
-1.52015
2.27556
0.0505765
0.882616
1.18583
-2.24267
-1.62615
-1.14953
1.15783
1.12913
-0.171425
-1.55052
-1.09738
-0.488763
-0.270983
1.47939
1.62202
-1.82376
-1.63855
-0.942987
-0.382579
-2.18181
0.912796
0.776945
0.104672
0.265705
-3.33879
-1.35608
-1.66417
0.0875091
-1.67727
1.05751
-1.27943
-0.191286
-2.39723
1.0052
-0.750999
0.9644
0.387056
0.41281
1.12503
-0.803703
0.888068
-0.0669979
0.512197
0.75695
1.1088
-1.32282
-0.490775
-2.0739
-2.54293
-0.226712
1.87151
-0.430517
2.54015
-1.82513
-1.32727
-1.12742
-0.165788
-1.52661
0.918673
1.54563
2.74471
-0.161073
0.0639969
-1.13756
0.323438
1.68973
0.556346
1.46483
-0.479258
0.670366
0.187471
0.821856
-0.865755
0.610469
-0.728196
1.82023
-0.320989
0.0217713
-2.05521
0.819444
-1.3105
1.07834
0.0173645
0.0785684
0.937974
1.33767
-0.0968691
0.345208
1.19801
0.094584
0.969666
2.80932
0.957447
-3.44871
0.945502
-0.660982
0.384239
0.120818
-0.999613
0.140563
0.92943
-2.32573
0.59385
1.859
1.49571
1.70576
-0.814827
-2.16386
-0.03818
-0.507842
1.04467
2.25549
1.56887
0.87518
-0.728762
-1.86407
-2.00606
0.223895
-1.76817
-0.405781
0.549158
-0.551011
0.0408432
0.639426
0.821702
0.257818
3.76833
0.156643
1.25276
-0.0332131
1.82577
0.239787
-0.859446
0.993638
-1.04642
0.325295
-1.0637
-1.27922
-2.9285
-1.88189
-2.04438
3.39444
1.68728
-0.289825
1.25545
1.42012
-1.12101
-1.0232
0.174514
-1.35969
-1.62516
0.575559
-0.792586
0.590211
-0.322597
0.33653
1.20324
1.41226
-1.18297
-2.82096
-2.14971
-0.264951
0.00932873
1.26127
0.151056
-0.308144
0.680565
1.03823
-0.511119
0.544587
-1.05765
-0.137415
0.698628
-1.99067
-1.18126
1.07955
-0.118627
0.0612755
1.42486
-0.730823
-1.12962
0.61756
-0.28969
0.900582
-0.425209
1.60053
2.15167
-0.843233
2.64454
0.739162
-3.97184
-1.60298
0.0100163
0.689656
0.676746
0.195587
1.33839
-0.282174
-0.520373
-0.0127122
0.680719
-1.21777
1.14024
-0.711148
-0.930128
0.201291
3.71066
-0.0608164
-0.453
0.744105
2.18459
1.83194
-1.34884
1.64242
-0.765204
-0.165011
0.801706
1.63276
-0.534743
0.0802865
0.212339
0.518409
-1.77797
-1.86447
-0.167831
1.63343
1.43177
-0.370076
-0.873987
0.341825
-0.958522
-1.7743
-0.883169
0.284013
-0.746663
-0.0677016
-1.0075
0.559025
1.93383
0.179778
0.0964135
-0.71951
0.156189
-0.00303763
-0.602286
1.27427
-1.05041
-0.807536
0.100151
0.970671
-0.28242
0.398925
-1.33251
-0.353138
-0.167354
-1.32524
1.44955
-1.80629
-1.95619
-1.4299
-1.92236
-0.990599
0.426197
0.383209
0.965499
-1.03136
-0.904765
2.21525
0.958409
0.50149
0.357041
-0.695442
-0.053197
-3.17681
-0.877632
0.00628664
-1.10882
0.146773
1.86625
0.0786122
-1.6798
0.458251
1.08654
0.391438
-1.82996
0.745016
1.66962
-1.30304
-1.9324
1.43105
0.741649
0.45271
-1.23506
0.330226
1.1367
0.20801
-0.148388
-1.15745
-1.77294
2.7728
0.418772
-1.30047
-0.294543
0.825605
0.229819
-1.4516
3.03136
-0.413652
3.13617
0.201796
0.891805
-0.84875
-0.806927
-0.229697
0.0111233
0.0927736
-0.657653
0.826397
-1.20683
0.147339
-0.580308
0.388536
1.21548
-0.692921
-0.913886
-1.23529
-0.398987
1.99382
-0.00296789
1.36405
-0.130929
-2.80439
-1.62039
0.795343
2.33032
-1.9409
1.40832
0.51548
-1.82763
0.0445121
0.262011
-1.0708
1.03102
-0.578134
0.795012
-0.740254
0.52568
0.350468
0.588568
-1.93913
-1.26302
1.39847
-0.504427
1.99584
-1.8177
-2.12079
1.77345
1.19355
-1.12006
-0.0638933
0.197023
-0.501038
-2.19173
-2.30807
-0.36173
-0.883071
-0.142383
0.634822
2.04772
0.375767
0.178826
0.482111
0.0955487
-0.202201
-0.898271
0.0367362
0.937962
1.07847
1.05825
-2.53439
0.665184
0.0246905
2.57099
-4.5891
0.160005
2.32934
-0.0185515
1.91659
-0.868835
-2.25533
-0.297453
0.330627
0.937428
-1.20424
2.53682
1.11374
-1.84956
-1.55553
0.667837
1.08673
2.64746
-1.34521
0.721645
-0.667371
-1.17645
0.159272
-2.13188
1.93646
-0.958412
2.12287
-1.09181
0.572782
-1.39106
1.79168
0.979806
0.912251
-1.68573
-0.793026
1.23907
0.284271
-1.68809
2.38385
1.15211
-1.91973
-0.778263
0.0377893
1.87947
-0.268441
0.199215
-1.1007
-0.294609
2.31406
0.477198
-1.8324
-1.63706
-1.54683
3.90829
0.630338
-2.49086
-3.08533
0.818375
1.07346
-0.13466
2.42981
1.21886
-0.515507
1.35175
-1.82319
0.443738
-0.408807
-2.01801
0.145968
0.370555
0.504978
-0.061753
3.68243
-0.331619
0.418583
0.265508
1.48159
-1.08781
0.475859
-0.932784
-0.664103
0.0896277
-1.55938
0.955751
0.67789
-0.874773
1.75984
-0.86923
-0.789176
0.429499
1.14491
0.816698
-1.35162
-0.125306
2.677
-2.21489
-1.67882
-0.693971
0.829051
1.23104
-0.48496
1.5717
0.6619
-0.941314
1.24457
0.368605
-2.85873
-0.850887
-1.00542
-0.366016
-0.791314
0.154199
-2.07107
2.21386
0.837742
-2.6778
1.70155
-0.455848
1.8688
0.800124
-0.269411
-0.685508
0.335302
-2.37494
1.48659
-0.0733613
0.0460566
-0.149228
1.08843
0.986905
1.39509
-0.0504261
-0.587604
-1.55532
-1.47744
0.255744
-1.32772
-0.866381
0.218858
0.788157
-0.195466
-1.0866
0.631994
3.47379
2.0196
-0.0787643
-1.58771
-0.379421
-0.73208
0.508089
-0.132257
-1.035
-0.478416
1.16841
0.862527
1.24765
1.60402
-0.327483
0.58722
-0.412403
-0.463903
1.59948
-0.353906
-0.107114
1.84966
-1.37339
-1.03411
0.704139
1.16712
0.641676
0.874023
0.630782
1.39942
1.96496
-0.695254
1.70982
-2.22007
-0.8847
0.115544
0.238227
0.252198
-3.63381
0.361719
0.13056
1.02392
-1.09376
-0.556651
0.0696302
-0.713893
-2.3926
-0.322619
1.73171
-1.28531
0.496389
0.102011
-1.88408
1.1605
3.72347
0.94596
-1.53391
-0.798833
-0.232698
0.275452
-1.49752
-2.46491
-1.58967
1.52514
-0.295187
-0.624171
0.753608
-1.41398
0.146105
-0.423131
0.462107
-1.06445
-1.86553
-2.02337
-0.428809
0.237919
0.848484
-3.9056
-1.29878
-0.632877
0.0427992
1.29487
0.213455
1.17398
-1.4356
1.33555
-0.0673515
2.1904
-1.04639
-0.0560429
-0.204286
1.66084
0.270318
0.284917
0.232091
0.0138963
1.80836
-0.852186
-3.54654
-1.02401
0.876316
-0.520661
-1.84588
0.780684
0.537743
-1.42778
1.52336
0.488164
0.294464
0.398997
-0.843339
1.95004
-0.783132
0.76726
-0.156065
-0.272708
-1.24924
0.595844
1.18954
0.109035
0.619268
0.982752
-1.10482
0.0353804
0.679702
-0.42943
0.276492
-0.438977
-0.0973659
-0.176747
-0.301922
-1.79638
1.37534
-1.67514
0.386724
-1.20812
1.45751
0.119122
1.38351
1.02795
-0.199206
0.490876
2.18748
-0.881918
2.10953
-1.08761
-1.03395
1.15416
0.654755
0.545904
-2.59467
-0.144288
1.63178
-0.101567
-1.48674
4.95411
1.37571
-1.9655
-2.03423
1.0603
0.397222
0.64317
-0.0839277
-2.21181
-0.193391
0.340209
1.50334
0.164201
2.25525
-2.10059
2.01225
-1.92716
1.32771
1.51577
-0.106696
1.07886
0.436319
1.00164
0.707185
0.793474
1.14369
1.44825
0.410391
-0.764952
0.535419
1.31956
-0.661383
1.24388
-1.48231
0.138636
0.665303
0.0797922
-0.986901
-1.0372
-0.9984
1.41155
2.13049
0.0556935
0.184673
-1.57797
-0.750313
-1.2155
-2.70426
2.63007
0.172563
-0.259637
-0.603704
-0.294212
1.04206
-0.949051
1.5218
0.941083
-0.187866
-2.01388
-0.692315
1.07091
-0.616368
-0.727275
-0.647205
1.79338
0.17203
0.650104
1.46559
-2.02645
-1.28241
-2.45131
-0.469411
-1.32483
-0.773467
-2.99179
0.132573
0.165757
-1.28499
2.15747
-1.79336
-1.49494
-1.14937
0.484838
0.105594
0.694527
-0.457135
-0.983334
-0.808454
0.0659181
0.926586
-0.399608
0.37866
0.346324
-0.431382
0.925269
0.0716713
-0.0356345
-2.73739
0.392475
-1.80134
-0.899198
1.02157
-0.0456856
1.10569
0.510549
-3.66032
-1.30676
0.972709
-1.36453
1.06281
-1.39763
0.342153
-1.27592
-1.12011
-0.551955
-1.85638
2.36111
2.50801
2.82309
0.711557
1.22404
1.58399
1.31233
-1.12043
2.37166
-1.68711
1.22895
0.873023
-1.45528
0.837611
-1.84188
0.319153
-0.393233
1.08296
0.313764
1.34185
1.06471
1.73417
0.603833
0.272893
-0.776463
-2.1442
1.62322
0.439976
0.036989
0.408141
0.722818
1.28977
1.21799
-1.43956
0.503971
-0.148865
2.58194
-1.35568
0.0421971
0.403766
-1.6662
1.30332
-0.729039
-1.66641
0.0976099
0.893314
-0.738515
1.23368
-1.7479
-1.64993
-1.56345
-1.25257
0.070068
-2.39608
1.85927
1.22232
-1.7548
-1.10174
0.668648
-0.428217
0.78321
1.16361
-1.03148
-1.45919
0.229051
-0.378462
-0.175158
-0.274179
1.29681
-1.26406
0.416081
-0.903346
-0.858818
1.64728
0.10778
0.660733
1.29435
-0.897231
0.389046
1.92584
0.565401
-2.01598
-1.48643
-1.90873
-0.728205
0.850703
-0.747061
-0.029402
0.709458
-1.7621
0.835303
0.90767
-0.927914
-1.7761
0.878742
-0.978257
0.38788
-0.33942
-0.814514
1.47408
-0.472737
2.13225
-1.54269
0.14818
-0.851839
-0.433703
0.161343
1.00799
-0.795188
-0.0103639
0.259895
-0.648054
1.66904
-0.981207
-0.673756
1.17153
-1.28907
-0.836889
-1.97647
-1.55488
-1.34645
2.09041
-0.745053
-1.1951
0.815943
-0.82039
-1.37314
0.739895
1.16112
-0.448561
0.262869
2.03905
-0.0640305
-0.011266
0.283282
0.505894
1.11199
0.59249
2.22294
-0.617223
1.93001
2.38653
-2.56068
2.48215
0.678402
-0.630456
-0.535383
0.943475
-1.3069
-0.673319
-1.34135
-2.1954
1.65101
-0.506872
1.89648
0.72202
-2.52571
-1.0633
-1.95472
-0.261571
0.481791
-1.16304
-0.757574
0.443499
2.06758
-0.0463012
-2.14883
0.681088
2.11093
2.70264
-0.664781
-1.89003
-0.633364
0.438736
1.14646
0.0276628
1.26446
-0.143891
2.44649
1.40985
1.42484
0.647166
0.281118
1.03364
-1.19349
1.15197
1.68123
-1.94246
-0.358786
0.615412
0.712066
-2.49454
-0.188666
1.50896
2.14988
-0.758833
0.113466
-0.622145
-0.339966
1.67046
-0.747252
-0.640039
0.798872
-2.0079
2.58173
0.165165
-0.82008
1.51738
1.34102
0.888735
1.57756
-1.70142
0.751396
0.113289
-1.55273
-1.42239
0.922768
0.412365
1.90401
0.20253
-2.48824
-0.984038
0.676948
-0.247207
-0.736576
-0.288127
-0.111079
-0.310755
-2.0357
0.246573
2.0119
-0.249769
-1.48402
-3.33037
1.76947
1.97826
-0.0131907
-1.64911
0.447126
0.223522
0.149837
-0.72855
-0.137849
-1.23484
0.566421
2.03139
0.0149928
2.07325
1.21538
1.36078
-0.210044
-2.02295
0.761865
-0.444755
0.230128
1.51353
-0.0191426
0.100461
0.467699
-1.06039
0.324858
-0.0167224
2.69955
-0.667291
-3.15737
-0.927431
1.03825
0.00460818
0.438737
-0.195827
0.339996
-1.44613
-0.70498
-1.72802
2.5567
-1.03864
0.554232
-0.201872
-3.05522
2.67688
-0.739579
-0.456041
1.31575
-1.33029
-1.66385
0.20814
0.641132
-0.159699
0.377694
-1.41534
0.692652
-0.26874
0.653075
-2.19634
1.29526
-4.74617
1.16387
1.21855
-1.23009
-0.4803
-0.887271
0.631395
1.12492
-1.31515
-0.831008
1.24382
1.56783
-0.745241
-1.05049
1.78099
1.23659
2.11839
1.87749
1.14604
2.05498
-1.00212
-0.774084
-0.939614
-0.965207
-0.0721875
-0.214982
-1.68871
-0.333982
-0.4434
0.00591314
0.228918
-0.552456
0.318153
0.587605
1.18875
-3.39918
-0.0364685
2.43167
0.580275
-0.0725071
-0.0113923
0.15396
0.889568
