1.32191
1.25116
0.642781
-2.44545
0.576209
2.28565
0.21165
-0.0821008
2.56706
-1.57153
-2.63453
0.236803
-0.709124
0.413154
2.16619
0.0362301
-0.212619
-0.188577
-0.592584
1.50967
1.01767
-0.569056
1.6209
3.87309
-0.489876
0.962662
-0.435015
-0.672341
2.44325
-1.91905
-2.37652
-1.38384
1.59254
1.24263
1.26238
0.307023
-0.878939
-0.941102
-1.93836
-0.353504
1.19501
-0.961773
0.491797
1.15037
0.556266
-1.19636
-0.32088
0.817737
0.500433
-0.137023
-0.405689
0.826002
0.633328
-0.246691
-0.912769
1.14419
0.431446
0.0825009
-0.242125
0.698487
0.233427
-0.625279
0.303621
0.17089
-1.0839
1.9701
-0.0828586
-0.20346
-0.836919
-1.06393
0.0651344
-3.64694
-1.98989
-1.5136
0.189533
0.938155
2.23035
-1.152
1.52224
-0.0750586
0.913765
-0.997893
0.120631
-2.2512
0.456374
0.474599
0.165722
-1.07419
1.42433
-0.353345
0.763961
2.33277
-0.187901
-2.34489
-0.839597
1.76759
-1.73583
-0.894513
-1.63412
0.575464
-0.277789
-0.386565
-1.31425
-0.248286
-0.774142
0.530504
-0.429329
1.4641
-3.41681
-1.54315
-1.6747
0.745019
-2.35836
1.55583
1.00917
0.613915
0.502367
0.104041
2.14667
0.109482
1.02402
0.719629
-0.582104
-2.06441
0.590093
-0.294336
-1.89
-0.420901
2.46241
0.140984
-1.93532
0.571174
1.23488
0.836007
1.10815
-0.0193746
0.12213
-1.31832
-1.28566
-1.26079
0.741335
-3.10781
1.06196
0.524576
-2.82318
1.05921
-1.23205
-1.51319
0.72886
2.83652
-0.310589
-0.517552
-0.294623
1.02824
-1.10176
0.00548649
2.49796
0.401213
0.772113
-0.843836
0.543014
-0.438009
0.604778
-0.187122
-1.63908
0.182249
0.125988
-2.6408
-0.662352
-0.827281
1.18746
-0.255105
-0.250473
0.695593
0.314133
0.232722
-0.240275
0.260211
1.06619
1.68754
-2.20553
-0.00639541
-0.8657
-0.176286
-0.911236
1.12627
-1.32267
0.371819
-2.53046
2.70778
1.06972
1.66629
1.19767
0.0676069
1.90978
-1.65791
0.00707975
0.59203
-1.81275
-0.566452
-2.09027
1.03245
1.42033
0.448826
0.242127
0.821019
1.3418
1.82975
0.287546
-2.13527
-0.380228
0.498759
-0.181516
0.923269
-1.32147
0.976918
1.76297
0.635209
0.372319
-0.588334
-1.18471
0.352449
-1.14107
0.677656
0.10952
-0.730339
0.387116
-0.199656
-2.03694
-1.51802
0.621488
0.652758
1.65565
-1.31381
1.1474
1.79876
-1.01515
1.1154
-0.926387
1.18184
1.68817
1.30874
1.82791
-0.393364
-1.3439
0.22705
2.24967
3.54238
0.228442
-2.22634
-0.924737
3.43825
-2.54475
0.30205
-2.34357
-1.05475
-0.848965
1.15339
-0.822576
-0.849896
0.806055
0.880133
0.139872
2.17742
0.351798
0.304426
1.98231
2.61264
-1.33513
1.17676
0.753739
0.192011
-2.70517
0.396991
-0.550308
1.79709
-0.33654
0.164138
2.6142
-1.63714
-0.602053
0.164731
-0.261711
1.31359
1.36911
0.507543
-0.440783
-1.19959
1.19054
-0.928392
0.730621
0.411333
0.0856482
-0.0729584
0.395392
-2.57667
-0.358548
2.9529
-0.221938
-2.39982
-1.15515
1.29001
2.9262
-1.0029
-1.28048
1.12887
-1.76269
-1.35672
1.56788
0.728162
-0.544237
-2.18122
-2.26852
-0.251136
-2.21306
0.592993
-1.14185
1.98388
-0.417692
-2.05186
1.81479
0.203313
-0.467637
1.33853
-1.20512
0.800665
0.553788
-0.988253
0.904764
-0.746924
0.307756
-1.62662
-0.429777
-1.16929
-0.316421
-2.44169
-0.698276
-2.16625
1.14155
-0.575036
-1.24958
-2.31528
-1.32462
0.324906
0.0901537
1.93868
1.14205
-0.0670416
-1.49442
0.940996
-2.39738
-0.450132
0.501568
3.66028
0.76949
1.44752
1.34579
0.0283179
-0.188737
-1.26244
0.288117
-0.759977
-0.685165
0.756169
0.840722
0.0548708
-0.140002
1.45073
-0.354121
-1.72237
1.63241
-0.167838
-1.30942
-0.185348
-0.814762
1.5692
1.60793
-1.87484
-0.103319
1.20761
0.967314
-0.448906
1.50427
-0.472436
0.447884
2.48056
-1.24382
1.08713
1.68647
2.04464
-0.884438
-0.550366
-0.617707
0.518987
-1.18799
-0.84536
-0.0164695
-0.563557
0.671013
0.479339
-0.556941
-2.3601
-2.9282
0.631986
0.346234
1.67335
-0.721338
2.45278
-0.171102
-1.32885
-1.79344
0.0391319
0.180933
-2.09276
1.08708
1.37941
-1.29707
0.539578
1.51156
2.50708
-2.49337
0.323228
1.1612
-1.16011
-0.148198
1.60334
-0.368931
-1.52915
-1.09316
0.412448
-1.51211
2.36362
-0.350296
0.00028564
-1.32771
2.5226
0.322452
-1.88775
-0.894342
0.437069
-0.407457
0.178431
1.56494
-1.36842
-1.70388
2.9742
0.234052
-0.416764
2.48708
0.099167
1.10914
-0.0972951
0.81296
-3.39483
0.151592
0.253901
-0.568031
2.3148
0.115316
0.134793
-0.443351
-0.889701
1.49955
0.336758
-1.58417
-2.02907
-2.00102
0.390766
-0.443809
0.00256203
0.993684
0.838095
-0.148508
-0.746311
-2.19904
1.00796
0.182257
1.62637
-1.45756
1.04594
-3.27388
-0.255371
-0.429962
-2.0535
2.7217
1.08665
2.17099
0.100071
-2.31243
-1.26246
0.386904
-0.400159
-0.293306
0.962727
0.417313
-0.281565
0.161057
-1.20578
0.287614
-0.691702
-1.24786
0.404116
1.25122
1.22242
-0.547635
-0.509558
-0.298888
0.567831
-0.957813
-0.0385391
-0.546962
0.159589
0.535303
2.11941
0.422614
-0.867219
1.82386
0.308349
-0.409268
-0.812133
-2.04808
3.17258
0.134324
0.26077
-0.162652
-0.0744135
1.15568
-1.12458
1.13605
-0.637873
0.125137
-2.21652
-0.318402
-0.195632
-1.75544
2.62982
-0.840507
-0.758262
1.11751
-1.92522
0.333656
0.965645
1.76148
1.27118
-1.97031
1.39937
-1.97558
0.0847709
0.303071
-2.24653
1.06031
-0.611786
-0.09719
1.93037
-0.272519
-0.501425
1.62415
-0.478292
0.301535
-1.8273
0.935272
1.10487
-0.592091
-1.1067
-1.63038
-0.25192
2.36446
0.687543
-1.41626
-1.21175
-0.055728
2.34846
0.626739
0.00875917
1.08651
0.349669
2.7683
-0.828061
1.09772
-0.994387
-1.11169
-0.899309
0.18385
0.790509
-1.87008
1.58353
0.0749588
-0.934867
0.826174
1.33451
-2.92675
-0.242954
1.60437
-0.0986542
0.147944
1.79944
-0.364696
0.0714765
0.100054
-0.719778
1.28089
-0.140069
0.11245
0.694584
-1.26287
-2.58413
0.370252
1.31359
-0.647475
0.505941
-0.174179
-0.499366
0.826363
1.03605
-1.57867
0.547716
0.416114
0.630913
-1.05838
0.160147
-0.920812
-2.08467
0.217574
-0.142881
-0.00247107
-0.597426
1.77357
0.0431868
1.63463
3.59192
-1.28301
1.01048
-0.173708
-0.0753442
-2.66133
-0.170252
1.44625
1.99733
0.794312
0.516441
-1.84705
0.095734
1.83682
-1.30016
-0.839042
0.46854
0.0541058
0.799538
-0.425313
-1.70217
1.0247
-0.144539
1.4848
-0.834048
1.08435
-0.81391
-2.44035
-1.15206
1.07295
0.399277
-2.17312
0.767586
0.924896
-0.564369
-0.0262556
0.434765
-1.03977
1.38738
0.502038
1.10101
-0.410629
-0.38741
0.00433085
0.300712
0.0579873
0.0478701
-2.6625
1.72163
0.0928405
0.505946
2.26399
1.66042
-0.831532
-2.27915
0.923636
0.591619
-0.330005
-2.16508
0.514889
1.15727
-0.940592
-0.80936
0.309483
0.0708942
1.50137
-0.354556
-3.01625
-0.636026
-0.420797
0.670886
1.21022
0.474084
0.0958612
0.785542
1.39752
0.842708
0.297248
-0.0388288
1.39869
-0.404472
-0.897294
-0.410148
-0.543777
0.607611
-2.1356
0.163194
0.486345
0.464871
1.98302
-2.97692
-0.110256
-1.02851
0.247785
-1.77821
-0.575353
-1.48415
-0.401185
-0.242858
-0.0560859
0.0733476
0.356692
0.0124021
0.238863
0.594376
-1.84442
0.465593
0.0779511
-1.68711
-1.66481
-0.843428
3.26769
1.13821
1.43793
-2.67792
0.833179
0.482111
2.18038
-1.98561
0.816607
-1.41902
0.328738
-0.615139
-2.23608
0.0555561
-0.245858
-0.268118
0.483448
0.487884
0.783327
-0.459899
2.39495
-1.08997
-0.488299
0.770632
-0.136764
-0.144178
-1.2867
0.864307
-0.179802
-0.359131
-0.613783
1.48855
1.72618
-1.83021
-0.314527
-0.516598
-0.628475
1.52926
0.37056
-0.0615438
-1.90353
0.307451
0.39221
-0.236889
1.12773
0.574484
2.31437
3.61383
0.231721
-0.628811
-0.327079
-2.02611
0.239041
1.16565
0.617732
-1.52234
-0.367648
-0.212956
-0.281476
0.870395
-0.701419
1.53777
-1.01953
-0.892294
0.362335
1.42532
-0.0931612
0.162829
-1.67198
1.81402
0.516451
-0.479638
0.238289
-0.0750473
-2.08659
-0.200318
-1.80369
2.5524
0.872358
0.943783
-0.697903
-0.0716165
0.870397
1.18811
-0.0668589
-1.88571
0.78985
0.852992
0.330119
0.305609
0.238683
1.54894
-0.222712
-0.302695
-0.376468
-1.4542
-2.52158
-2.25514
0.373984
0.857999
2.4267
-0.34514
-0.662891
-1.21902
0.01569
1.44681
-0.767126
-1.31328
0.352485
-1.61729
0.752133
-0.703705
0.359653
-1.62086
1.01661
-0.00723294
-0.668177
1.00668
-1.22767
-1.42675
0.196503
0.553088
-0.702568
1.57502
-1.26942
2.32551
-1.03632
-0.45449
2.47977
-1.08602
-0.552111
-1.0248
-0.540775
1.39964
-3.30475
1.47471
0.93704
1.43647
-0.0557716
0.335198
-1.35479
0.467763
0.514839
-0.524214
0.515853
0.506897
-2.09728
-0.721122
0.555674
1.61085
1.94576
-0.0949061
1.17876
-2.17377
0.690195
0.514934
0.300906
0.430319
1.70034
-0.891402
1.23312
0.728977
0.275795
-1.14277
0.598709
-0.839225
-0.612298
0.311286
0.0720293
0.126026
0.650294
0.372028
-0.454218
-0.364658
-0.325446
-0.800992
-0.244305
-0.587173
0.697148
-0.0855494
1.27068
-0.818962
2.07
0.428546
-2.89671
-0.921645
0.23902
0.838295
1.16886
0.533983
-0.224374
0.975836
0.545157
-0.0560657
0.309785
-0.575847
-0.61981
-2.19949
-0.790617
-0.853096
-0.703408
0.177548
-1.65836
0.657714
1.05095
-0.966774
-1.83768
-0.178129
0.48348
-1.96375
1.37405
0.46573
-0.154842
1.07086
0.980947
0.176619
0.702431
1.44378
-0.0281125
-0.515071
0.663389
-0.024956
-0.182273
-0.952936
1.11392
-2.6684
-0.625274
-0.0968373
-2.51074
0.47289
2.95925
1.15799
-1.49694
-0.745323
0.249438
0.601846
-2.06326
-2.0311
-1.14206
0.625187
0.607064
-0.334188
2.14573
-0.0505647
1.48347
-2.29096
0.848747
-1.24226
0.103864
1.29367
-1.23683
-2.09269
-0.253914
0.150328
0.741354
1.58733
0.416391
-0.728767
-2.87705
0.877561
0.591628
2.24902
-0.243952
-0.124309
-0.613639
-0.750473
-2.18177
0.815584
0.271595
0.634784
0.0832004
-0.197573
0.543469
0.665745
-0.164985
-0.0197066
0.578035
-0.682485
-0.718454
-1.74387
-0.0414049
2.25299
0.269273
-1.61655
-1.15913
-0.337
-2.47765
0.766927
-0.760663
0.743662
0.895886
0.49379
0.548824
-1.38654
2.22866
0.390713
0.37098
0.360851
0.670277
-0.00759586
1.8462
1.36343
-0.799162
-0.579079
0.700411
1.67239
-0.328284
-2.1713
0.391974
1.59612
-2.97395
1.40392
0.01839
0.604942
-0.196722
0.969552
0.251748
-1.58154
-0.480588
-0.0337839
1.03888
1.25729
-0.309477
-2.64929
-0.115145
2.19887
0.469786
-0.271133
-1.19164
-1.49529
0.145527
0.725899
1.68094
1.59501
-0.370055
1.54711
-0.865193
-0.370139
-1.26039
1.927
-1.64345
-1.98522
3.02663
-0.931127
0.343055
-0.535222
1.27173
-0.607114
-2.29055
0.448998
-0.541167
-0.589808
-0.196942
-0.193802
1.59715
0.233238
-0.67106
-0.770964
0.475453
-1.1844
0.850899
0.703468
0.0247828
0.830483
-0.757676
0.418984
0.85718
0.426763
-0.520699
1.00294
1.74078
-0.737446
0.546408
0.799142
1.1856
-0.582559
0.600814
2.0026
-0.240178
-0.912819
-0.356109
1.19596
0.466777
0.0813247
-0.0369605
-1.63964
-0.970327
0.111194
1.74812
-1.10324
3.86613
-0.527032
-0.212597
1.39246
2.01742
0.704148
0.880363
1.38349
1.15573
2.92193
-0.569673
-0.427473
0.809581
-0.205909
-2.4509
0.688086
0.566079
-0.122525
-0.369159
-0.5238
-0.0988737
-0.393612
-1.76177
1.00962
3.69231
-0.579151
-0.407784
1.22467
-2.03243
-2.14364
0.872794
-0.707336
-0.604897
-0.40987
1.80365
-0.490075
-0.00244146
0.893211
-1.18703
0.244716
-0.333331
-0.858689
0.860215
0.360795
0.60849
0.873526
1.04516
0.0248482
0.139492
0.377055
-0.410364
0.14766
-0.124899
-0.625735
0.823693
-1.71629
-0.352293
-1.07174
-1.44382
1.7478
-0.532085
0.349474
-2.06662
-1.83322
0.0631869
-1.92095
-0.529428
0.323587
0.0484084
-0.565359
0.956951
-0.334986
-1.05297
1.85856
1.89116
0.973882
-3.18147
0.864133
1.33594
-0.40154
0.972178
1.23501
1.27466
-1.31985
-0.375266
1.20204
-1.68343
1.28751
0.884938
0.599132
0.981694
2.21126
-2.4739
1.09079
-1.27237
-0.5775
0.170073
-0.0591765
-1.42455
-0.288198
0.0531504
-0.265724
-1.18297
0.00169881
2.12858
1.60839
0.715231
-1.92384
-0.672709
0.226381
1.1407
1.75396
0.788837
-0.725851
-2.78419
0.110647
0.965511
-2.24626
0.896087
-0.889868
-2.65912
-1.72007
-1.36874
0.793642
0.523247
-0.545927
0.421545
-0.540268
-1.01541
0.704927
-0.2429
-1.30093
2.18647
0.408497
1.0567
0.107463
-1.12455
-1.09398
0.350202
0.769417
-2.99248
2.49731
-0.615467
1.1331
0.0265248
-1.58376
0.283474
-0.867103
-0.575246
-0.823093
2.82407
-0.770558
-3.41015
2.78768
-0.0373979
1.56062
0.0559348
-1.6811
3.8757
1.56961
1.48277
-1.81171
2.00277
0.531935
1.55625
-1.60392
-0.983237
0.85096
-1.43361
-1.10571
0.389458
0.0189425
-0.436512
-1.61487
-0.0779793
-0.983648
-0.355988
-0.990511
-0.959766
-2.31189
0.21073
1.56089
-1.66617
-1.26145
-1.86936
-0.275034
0.564815
-0.490563
-0.992615
-1.2399
0.0144845
-0.514331
-0.359835
-0.990362
0.204478
-4.15903
1.80375
-1.1738
-0.74717
1.45553
-0.648469
-0.0859993
-0.412771
0.00993094
2.22051
-0.932075
-0.781266
0.430312
-1.68381
-1.01103
1.06675
-0.812311
2.30803
-2.12976
-1.58717
1.12888
-0.424154
2.75005
-1.27926
-0.0315691
0.535287
-1.71456
1.12435
2.07346
0.64387
-0.257579
-0.942157
0.331329
0.126216
-3.29824
1.01459
2.03411
-1.38708
0.955805
0.311217
0.264834
0.509504
0.118205
-0.143726
0.0759986
1.04751
-0.244729
0.437476
0.393561
0.326434
-0.892691
1.44518
0.414671
-2.24923
-0.221777
-0.44299
-0.466424
0.19985
-0.563352
0.813923
1.98047
-1.39448
2.22799
-0.847105
-0.752007
1.69693
-0.0217714
-0.283224
1.20114
-1.51693
1.81434
-0.277145
-3.07812
-0.804928
1.13742
0.0420865
1.89506
1.29187
1.36495
0.356262
0.845256
-2.08607
1.66438
2.03924
-1.11781
2.02575
-0.223573
-1.42106
0.720927
0.164442
0.28
0.418024
-2.61826
1.08568
-0.240001
-1.37793
0.589775
2.18546
0.129427
1.86137
-1.07307
1.91225
0.632976
-0.972508
0.834476
-1.71359
-1.4504
1.35794
1.77297
0.835214
-1.47166
-1.71475
-0.0934117
0.754133
-0.718162
-0.86105
-0.340533
0.886252
-2.32389
-0.132806
0.867783
2.00537
0.195791
-2.45736
-1.29179
0.305745
-1.54428
-1.51261
0.309831
-0.447008
-0.103402
0.704341
-0.971552
1.01616
-3.93081
1.12453
3.03989
-1.02831
0.734601
1.87037
-1.11943
0.963927
0.0221125
0.859277
-1.00254
1.12392
-0.83099
0.549538
1.188
1.20642
0.525194
-0.294124
0.672942
-0.920674
-0.0397803
0.312617
2.50363
-0.735829
-2.33653
-0.863692
-0.0797049
0.154995
-0.248987
-2.05085
1.75926
2.1669
-0.22551
0.529613
-0.284591
0.331781
-0.481904
-2.04855
-0.739158
1.25112
1.14968
0.560335
-1.47687
0.974166
-0.0784444
-0.576762
0.00561308
0.837538
1.14205
-1.22297
1.20483
-1.40159
-1.44951
-0.465193
0.237939
-0.836698
-1.04136
2.14488
-2.18381
1.33074
-0.865003
0.653664
-1.90264
-1.64615
1.02396
-0.105971
0.341719
0.504344
0.461836
-2.4869
-0.0471758
-0.0949683
-0.668211
2.65716
1.92131
-1.01545
1.38463
-2.04685
-1.79527
0.514337
-0.794365
0.439054
1.73461
-1.22308
-1.21695
-0.901152
2.08446
0.592576
-0.671531
1.33896
-0.49643
1.3516
-0.504602
-1.27754
0.358524
0.311046
0.170778
-0.196742
-1.58001
1.87291
-0.314459
1.44872
-0.276529
0.224737
0.416434
0.0434722
-1.651
0.0552306
-1.55048
2.48028
-2.37175
-0.18013
-4.05916
-0.0817328
-2.8486
-0.947664
0.255229
0.744851
0.847391
-0.422997
-1.75715
1.71856
-0.822262
-2.41952
3.08333
5.31868
-1.503
0.569457
0.486726
0.960703
-0.282027
-1.37495
-0.553655
0.597788
-0.076754
1.1409
0.947765
-0.859042
1.96848
1.5268
0.205804
-0.114068
1.99289
-3.1225
1.233
0.192667
-1.32354
1.29115
2.44199
-0.856738
-0.329904
0.134249
-0.939539
0.24003
0.379186
1.30405
-1.96906
-0.301927
-0.92479
0.365505
0.425944
1.57151
2.61669
-1.65369
-0.158167
-1.05235
-0.27412
0.326004
-0.810753
1.42492
0.214286
-0.259908
1.83434
-0.514542
-0.870233
0.0458088
-1.25145
0.985037
1.8246
1.04567
0.344911
-0.70419
2.08407
-1.07874
1.28182
-0.300999
-1.64842
-1.17881
-1.04366
0.408709
-0.250237
-0.951265
0.207949
-0.135255
0.581886
0.346925
0.0860277
-1.02671
-0.271645
0.979004
-0.280935
1.08377
2.25718
0.397887
2.37261
0.204196
0.0487605
1.01702
0.717017
-1.13385
1.98084
0.222509
-2.83243
-0.28661
-1.19588
-0.293198
0.168641
0.492308
-0.22014
-0.645806
0.142424
-2.5687
2.86407
-0.269789
0.491374
-0.707314
0.0271273
-0.797591
-1.35797
-0.996906
-3.33327
-0.945087
-0.483645
-0.486533
-0.834469
-0.997852
-0.318122
-1.84318
0.308026
-0.72327
-0.986525
1.40183
-0.57445
-0.544845
0.2315
-0.163741
-0.945222
0.612734
-0.2044
-0.588667
-2.66268
-2.3165
0.538132
1.251
0.374757
0.760782
0.123947
1.30536
-0.706855
2.3028
1.25493
1.86053
-0.288975
-0.0228865
0.89509
-1.13297
-0.562428
-0.437235
-2.01453
3.76172
0.025362
1.51152
1.19706
-1.12717
0.63959
-0.336343
0.517473
0.946046
1.40015
-1.65462
-0.181798
-2.55417
2.93769
-0.775985
-0.0974273
2.45145
-0.200587
1.4306
0.031235
1.7779
-0.0463463
0.587031
-0.374791
1.07659
2.21757
0.0826348
-0.977378
-1.22396
1.26214
0.952376
0.61649
-1.32285
-2.08438
-0.0936939
-0.855475
0.235401
-0.59121
-0.0933011
0.240184
-1.24123
-1.39951
2.3349
1.76334
-1.70015
0.821591
-0.493061
-0.661836
-1.22173
-2.53954
-1.20562
0.436423
-0.184788
0.907488
0.350649
0.643746
1.31312
1.5909
2.07047
0.87432
1.62839
2.41036
-1.05119
0.975074
0.0174342
-1.74462
-0.373401
0.323699
-1.0525
-0.929475
0.449007
-0.285601
-1.1289
0.974819
1.76778
-2.35678
0.277704
0.0422717
1.31691
-2.5735
-3.05302
-0.212806
0.843303
1.00515
0.566346
-1.73319
-0.967154
-1.55891
-0.181065
-1.46501
-0.644521
1.14689
0.57508
1.69038
0.886275
0.519446
-1.14422
0.00276725
-1.23187
-0.674257
0.921861
1.22086
0.699361
-0.570931
2.39382
-0.432373
-1.5725
-1.20811
-0.33698
-3.5476
1.19897
0.238834
1.71462
-0.492119
0.975747
1.9835
-2.95097
-1.22941
-0.523265
0.00336645
-0.477679
2.04693
-0.834243
-1.26092
0.867269
0.195284
-0.755706
0.211766
0.242634
1.27388
1.51401
0.357187
0.433778
-1.00701
-0.235408
0.198071
-0.223029
0.917419
-0.181921
0.198119
0.251116
2.9296
-1.41771
-0.000899238
2.06556
1.7059
1.34673
-0.671139
0.418883
-0.699374
1.06385
-1.99993
0.207698
0.200526
-0.764412
-0.753648
2.53328
-1.19598
2.1854
0.284126
0.217778
1.12843
1.04501
0.482209
-1.82143
0.523074
0.889999
1.19237
0.894797
-2.62247
-0.54038
1.57539
1.26533
-2.61623
-3.09644
1.02204
-0.32793
1.01663
0.599233
-2.45648
0.0986632
2.47246
0.959829
0.520468
-0.116664
1.16731
-0.299527
-0.437698
-1.17711
-0.380477
-2.27035
-0.669826
-0.333576
-1.51712
-0.1448
-0.141772
-0.470119
-2.14906
0.874632
-0.559816
0.6827
-0.829201
1.3026
-1.87784
-0.14177
0.34148
-2.21517
0.792518
-0.859014
1.36702
1.0523
-1.06496
0.841432
-2.65353
0.0924756
0.284436
-0.646327
0.732641
-1.42419
0.152984
2.46683
-1.77799
1.22922
0.842974
-1.80645
1.39597
0.333498
-0.170806
-0.248752
1.91251
-0.484009
0.444106
-0.522332
1.61306
-0.172812
-1.34895
-0.0113381
0.107473
4.28373
-1.20668
0.127837
-1.30173
2.30935
1.54374
-1.77112
-1.18882
-1.57141
-1.01209
0.900875
-0.6472
-0.455265
-0.08385
1.69023
-1.51542
-0.0630922
1.13445
2.28292
-1.42578
-2.09173
1.05034
0.0282516
1.231
0.328835
-0.740033
-1.86266
3.02235
-1.21803
-1.67525
0.0572065
2.27995
0.60891
-1.49082
0.626666
-1.08186
0.789088
0.687989
-1.90528
-1.73214
0.116174
-0.454385
-0.214614
-0.730134
0.264741
-1.21526
-0.349559
-0.287684
1.26414
1.13351
0.122641
1.16017
-1.43016
-0.104938
0.129092
0.734269
-2.11538
-1.43947
-0.228818
0.826113
-1.35282
-0.136712
0.750073
0.473138
-0.313672
-1.03429
0.15403
-0.414629
-0.18739
-0.67284
0.266647
0.138484
1.15803
-1.17491
-0.180474
1.41388
0.00115782
-0.461994
0.174319
-0.182925
1.31689
-0.463583
-2.34379
0.666743
-0.00357695
-0.569573
-0.376432
1.93266
-1.29178
0.763884
0.147148
-1.74875
1.55407
-1.08168
-2.65521
-1.48702
0.346214
-0.7339
-0.131743
0.410395
-0.808386
-1.21224
-0.0354531
2.06643
-0.155169
-0.258117
2.70522
-0.646053
-0.872615
3.97407
-1.70632
0.213088
0.469519
-1.74997
1.84738
-0.378519
-0.834522
0.398578
1.70559
-3.10741
-0.336005
2.20687
-1.59861
1.23092
-0.237863
-1.22212
1.66381
-0.945429
-0.851064
0.64728
0.550998
0.833369
0.290614
-0.944075
-0.618848
1.13001
-0.27457
0.301958
0.709159
0.269731
1.66714
-1.26384
-0.309427
-0.811748
-2.2629
1.64776
-1.04609
-0.600064
1.25532
-0.177783
0.636567
-0.123913
0.639185
3.27852
0.904203
0.714845
-1.34965
1.23397
-0.944247
0.10408
-1.08651
1.01423
-0.476292
-1.41819
-0.548079
2.32325
-1.79916
0.21311
-0.0160275
1.11278
0.639191
-0.855048
-2.14307
0.274131
0.262793
-0.493774
1.75037
-1.17022
1.24899
0.0131314
-0.354342
-0.422197
0.481941
1.2481
-0.288271
0.0147232
0.772071
0.198883
2.64874
1.42584
-0.0774542
0.64375
0.266438
-0.844765
1.68042
0.637275
-0.703575
1.35792
0.317098
-0.45666
0.144947
-2.45521
-1.33263
-0.726107
0.774384
-0.747418
3.50024
-0.0707778
-2.50655
1.62716
0.0125957
2.0771
-1.75445
1.31431
0.672513
-0.463911
-2.4371
0.504109
0.466363
1.83418
-0.409973
-0.391296
-0.0390095
0.171569
-0.907189
1.04529
0.108984
0.0349054
0.507797
-0.626653
-1.9516
-1.12677
-1.11087
-0.712996
-0.296404
-0.740569
1.07761
1.2844
0.309076
-1.02288
0.606041
0.761921
-1.75131
0.509007
-1.81388
1.90691
-0.305865
-0.651596
-0.909293
-1.29015
-0.540962
-1.1622
-0.417136
-2.07738
0.309032
-0.576847
-1.0834
-0.682084
0.491645
-0.150184
0.991588
-1.29673
-3.65313
3.51347
1.22168
-2.23456
-0.711634
2.31609
0.697708
-1.73989
-1.03949
1.12038
-0.841646
-0.338333
-0.489894
0.300592
-1.79418
-1.68621
0.866768
0.288687
1.31916
1.27789
0.368215
-0.786604
0.01488
-0.00550825
0.433971
0.512178
1.66217
-1.32697
2.55264
-1.90234
1.69529
-0.713602
-3.28722
-0.26954
0.495404
2.22164
1.23754
1.20898
-0.905672
-0.0734887
-1.31254
-1.09822
0.296788
1.24856
-1.90314
0.272635
1.79975
0.524744
-2.27114
-0.639752
0.74214
-1.27723
0.39171
1.54071
0.913675
-0.348331
1.30325
0.678343
0.75827
-0.762462
0.981388
1.69827
0.641023
0.693782
2.87365
3.01644
0.806619
-2.23476
-1.12437
1.35776
-1.16123
1.61107
-0.0794615
-1.69246
-2.10763
-0.767013
-0.844175
0.743394
-0.369138
-0.63947
2.19566
-0.948148
-0.23883
-0.563812
-0.388723
0.251825
1.73827
2.63064
1.41293
0.29341
1.34275
1.39796
0.431934
-0.550023
0.304092
0.709044
-1.153
-1.63352
1.56087
0.448653
0.556915
-1.25134
-1.0098
-0.0418625
-0.755174
-0.151204
0.09306
-1.03944
1.0591
-0.646587
0.409593
-2.2825
1.67264
-1.71056
-1.92439
-0.747044
-2.53802
0.0398706
1.01396
-1.70536
1.79396
-0.60425
0.154423
2.96262
0.477296
0.0752424
-1.70285
1.98946
0.876529
0.368119
0.122225
0.416133
2.03127
-1.94808
3.46454
1.42569
-0.103103
3.76572
0.0114739
-1.78094
-0.902207
-0.0647737
-0.490995
-0.683336
1.86601
-0.517506
1.67977
0.0475391
0.241598
1.83478
-2.07662
1.42781
-0.0245113
-0.67637
-0.760964
0.671736
-0.945024
-0.16766
1.3374
-1.22049
-0.477314
-2.22872
0.139643
1.45688
-0.554339
0.611063
-1.22991
-0.357536
-2.81444
3.08491
0.782226
-2.51078
-0.646928
0.0641978
1.01954
-1.10415
-0.213675
-1.13445
1.28166
1.53471
0.0103081
0.300958
-0.224283
-2.01514
-1.55117
-1.8248
0.138146
-1.4363
-2.3262
-1.1504
0.812628
-0.314092
-0.229018
0.852566
-0.528099
-1.15605
1.2347
1.33067
-1.63405
0.513712
-0.123116
-0.273077
0.0175528
-0.14518
-1.40386
0.851372
3.50708
-0.00335264
0.12619
0.0342923
2.38051
0.923538
-2.30394
2.21094
-0.413173
-0.963188
1.29784
-0.633516
-1.53773
0.866165
-0.85566
0.511147
-0.595179
1.71155
-2.42954
-0.0880153
-0.198067
-0.720671
-0.963145
0.100165
-2.85981
-2.26933
0.281959
-0.401327
0.609057
0.012689
0.934092
0.544409
0.400287
0.0695029
-1.53675
1.22623
0.119321
0.992077
-0.118967
-1.24517
1.72762
-0.198766
-1.02197
-2.71993
-0.565473
1.25232
-0.9057
-0.680307
-1.49595
-1.1023
-0.884818
0.668245
-0.0512697
-0.736272
-0.820766
-1.54165
1.5426
2.79855
-1.2336
0.607791
1.55997
-0.448952
1.02473
0.245922
0.849873
0.39077
1.57804
2.03736
-0.975041
-1.56352
-0.550775
-1.58113
-0.840787
0.831798
1.43888
1.56364
-0.606835
-0.991643
0.506413
1.3371
0.532103
0.872457
-0.352227
0.509818
-1.30868
-0.0788272
0.0413193
-1.73637
-0.248641
-0.471611
-0.33043
-0.349971
3.70018
2.11648
-0.421334
-1.4407
0.619706
0.224066
0.497288
0.974264
-2.40488
1.34544
0.0259268
-1.70033
2.5843
-2.54747
1.25593
-1.67
-0.465718
-0.365002
0.8439
-1.06559
1.18015
-1.69724
-0.860034
-0.0209555
0.148496
0.171232
1.13291
2.0269
-0.504917
0.826831
-1.03591
-0.293447
0.438514
-1.34366
-1.27863
0.615346
-0.50849
-0.67703
2.82236
0.887888
-0.0376794
0.55876
1.33347
0.670449
0.171717
0.00885765
-0.220731
3.58182
0.84441
-1.30955
-1.86376
-0.467019
1.09835
0.959947
0.78914
-0.0612205
-0.875527
0.0256063
0.0983494
4.09032
-3.1192
1.11612
-0.570456
0.794735
0.563663
0.358651
-1.19981
-0.633195
-0.119073
-1.98449
0.0405704
-1.692
0.562489
0.685352
1.82474
-0.309425
0.00904225
0.564026
-0.322434
0.450768
-0.511081
-0.627677
-1.39311
0.0924033
-2.09244
-0.957541
-1.2119
2.30199
-0.760084
0.146533
-1.18172
-0.465973
0.372643
-0.079882
0.755771
0.435259
0.206054
-1.4055
1.00771
1.43962
0.484694
0.843499
-0.91256
0.764728
-1.46459
1.23105
-0.165897
-1.23043
0.336222
-0.701268
-0.303657
-0.894337
0.906813
-0.671682
-0.751881
1.66848
-0.130491
0.954734
2.5532
1.3089
0.723144
-1.41698
-1.28658
-0.0596383
-0.448914
-0.849074
0.987436
-0.392428
1.27147
0.865948
-1.08929
0.551118
-1.13334
1.78876
-0.866834
0.104189
-3.12901
0.668148
0.0668156
2.38515
-1.35178
-3.71738
-0.662537
-0.276085
-0.790464
-0.730028
-1.2996
-0.378324
-1.05211
-1.09971
1.35589
-0.161074
-0.34843
-0.0589829
-1.87465
0.16484
0.662577
0.837304
1.24403
-0.260614
-1.60604
1.1286
-1.19596
-0.867648
-1.7186
0.386383
-2.51485
-0.876424
0.33863
0.263068
0.991725
1.07286
0.287775
0.844407
-0.971158
0.777776
0.404884
-0.0600441
2.68283
2.62278
1.5189
0.93812
0.39435
-0.547297
1.21442
-0.184806
0.467189
0.988179
1.48819
-0.910376
0.379926
-1.08484
-0.258952
-1.04902
2.41864
-0.676656
-0.938512
-0.857366
-0.199424
1.34083
-1.25586
0.894603
0.663358
-0.832277
-0.470764
-0.567496
-0.414801
0.919127
-0.406588
-0.158705
2.025
0.767008
1.28043
0.224584
-0.320897
3.29081
-1.92503
0.956143
-0.173686
-0.700106
0.595705
-1.22212
-0.559035
-1.20287
0.82151
-1.20083
0.112822
-2.73022
-0.301713
-1.83012
0.416226
-1.58952
-0.305188
-1.52642
-1.80208
-0.8087
1.22055
1.14516
0.231705
1.60214
1.31518
2.09052
0.752178
0.716783
-0.53022
-0.597623
0.179872
-2.16304
1.00183
0.855224
-1.43001
1.73933
-0.947878
0.517539
-1.06136
1.20134
-0.599631
1.26688
-1.79096
0.621298
-0.022427
-0.0218783
1.52656
-2.08231
0.514736
0.2064
-0.820057
-0.455947
0.154975
-0.325884
0.648294
0.94379
-1.23182
-0.00817265
0.116002
-0.938354
0.676945
-0.47705
1.62139
3.00772
3.12891
-1.15303
-1.48518
-1.27834
0.51125
-0.147397
1.10543
-1.0525
0.959683
0.201895
-0.323119
-0.588193
1.77145
1.19535
1.00329
-1.09235
1.32087
-0.132193
0.426288
-0.430058
1.00465
0.965093
1.43823
-0.998512
-0.0769666
-2.02716
2.15307
-0.0777939
-1.0901
-0.806541
-1.72978
0.536474
-0.731662
0.204064
-0.261403
-0.219591
-0.446378
-0.35534
-1.20478
0.741399
0.578614
1.62106
1.25982
-0.290201
-2.30959
1.08941
1.45753
1.12676
-2.34384
-1.64975
-1.40911
-0.560099
-0.994565
0.386557
-0.754334
0.291448
-2.02085
-2.09216
-1.25381
1.39543
0.923158
-0.305492
0.501224
-0.171989
-0.642117
-0.440976
1.14834
-0.900069
-0.134557
-1.71199
-0.105628
-1.25222
1.24459
2.2405
