1.44166
0.25788
-0.857513
-1.99474
1.16494
-0.31546
-1.53129
0.381332
-0.380371
-1.11498
1.68927
-0.972764
0.277212
0.950661
0.367993
-1.27758
-0.497798
1.84582
2.52412
2.90881
0.753079
0.332665
-0.354733
-0.0816497
-1.34473
0.399236
0.0205729
-0.485256
0.281224
0.767477
0.334794
-0.528349
-1.66993
2.22253
0.385582
-1.38444
-0.129875
-0.189046
-0.648241
-0.762759
0.55878
1.24394
-1.66138
0.0154714
-0.0268597
0.225492
-0.240357
0.490342
1.62394
-1.866
0.484368
1.07928
2.30069
-0.290592
-0.349746
0.12663
0.0351842
-0.150666
-0.198993
-1.63836
0.689139
0.565528
1.16652
-1.29121
0.590557
-1.9077
-0.307863
-2.64243
-0.0902162
-0.984426
-1.50692
0.832831
-0.518916
0.149264
-0.216364
-0.586253
-0.214608
0.801835
-0.585899
-0.287997
-1.54292
-0.140841
0.768856
-1.75449
0.109309
1.4432
2.14808
0.943486
1.70129
-0.607832
-0.256432
0.0998078
-0.965663
-0.670312
-0.872439
-0.00665343
0.720705
0.870916
-1.73987
0.242291
-0.120491
-0.910746
-1.06605
1.71798
0.864493
-0.759494
0.161207
-0.962533
1.18833
-1.56892
0.966471
-1.4733
0.482608
1.36997
-1.3339
-1.72304
1.83062
1.36261
0.457964
0.955928
0.898663
0.936125
-0.587483
-0.679159
-0.11335
-0.677119
0.416255
-0.314815
1.1316
0.833456
0.993319
-0.291272
-1.04538
-2.28859
1.56671
0.55347
0.236983
-0.896468
-1.73043
1.03211
2.07479
0.567389
1.991
-0.546051
-1.11733
1.05851
0.00495035
0.138445
0.124343
0.46086
0.836199
-0.90123
1.18148
0.818139
-1.23909
0.273545
0.775107
-1.7507
0.873265
1.48618
-0.0615801
0.176621
1.9284
-0.633962
-0.373812
0.478244
-0.675279
-1.57626
-2.82778
-1.58253
0.792873
3.15918
-0.872392
0.109532
2.4514
1.4656
-2.54253
-0.31259
1.28381
-0.1116
-0.872634
0.440653
-1.2682
-1.29842
0.631624
-0.517796
0.730508
1.08648
1.03629
-0.829792
-0.67207
0.267337
-1.61181
1.19695
-1.31719
-0.355287
0.937777
-2.00586
1.42122
0.191438
0.314385
-0.698289
-0.0566854
-0.694505
0.846567
0.956401
-1.83704
-0.959921
-0.209469
-0.794012
1.13782
0.0782011
0.0643739
2.3757
-0.0940216
-0.0965209
2.06948
-0.366866
-0.226118
1.29549
-0.864364
-1.45952
1.25596
1.47847
-0.835869
1.3346
-1.6224
1.50891
1.07902
-0.793128
0.303333
-0.0590057
-0.672894
-2.04259
-0.546267
-2.13579
0.268764
-1.77673
1.49433
-0.00508993
-0.326337
1.19664
-2.26892
1.04584
-0.384868
2.19239
1.22136
-1.252
-0.116327
2.39398
-2.47279
0.106191
0.788222
0.658419
0.833488
-0.255849
0.205853
1.08368
-0.559177
-2.2319
2.10203
-2.5259
0.205446
1.15639
-1.79464
0.172189
1.1884
0.853254
-2.02016
0.741069
-1.89545
-0.441316
-0.736837
-0.689236
1.96116
-0.853596
-1.35612
-0.0458603
0.168434
-1.39375
-0.231465
0.0639716
2.02638
1.05415
3.60202
0.152646
-0.550167
-1.12074
-1.16197
0.546423
-0.860295
0.504582
-0.150269
-2.4815
0.930831
-0.919868
0.597885
-0.704947
-0.695084
0.818514
-0.0505657
0.18571
0.000361879
-1.1776
-0.0334176
-1.03041
-0.661984
0.371668
1.18202
-1.36686
0.626718
-2.78073
-0.118317
-0.622543
-0.531083
0.647059
1.43012
0.475969
-0.201223
-0.130768
0.145194
0.398963
0.456152
-0.533537
0.597642
0.588596
-0.786747
-0.257223
-0.0854767
2.00621
2.14969
0.0293132
0.68873
-0.703366
-1.42838
0.262338
2.4106
-3.02344
0.172475
0.390797
-0.982783
-1.34185
0.392638
-0.0899834
0.693935
0.932874
-1.30873
0.149575
-0.601526
0.448862
0.0969209
0.659086
0.393004
0.0167839
1.06796
0.166026
-1.19378
1.19957
-1.36213
-0.758275
1.35466
-1.22294
-0.214748
-0.575256
0.753312
1.37133
-0.000486954
-0.0266261
-0.435546
-0.830376
-1.14419
1.41257
-0.146313
1.82723
-2.13035
0.387511
-0.893411
-0.681828
-0.189941
-0.403671
-2.29464
-1.10347
0.859481
0.937764
2.03894
0.549654
1.01083
0.383168
-0.0697628
1.27404
0.397678
-1.72833
0.740306
0.780066
-0.321033
1.51242
-0.638594
-0.877832
-0.00612776
-1.62623
0.489722
1.38673
-1.34402
-0.878058
1.00698
0.0861558
1.28491
0.91076
-1.38961
-0.109051
0.791507
0.65173
0.992307
-0.115308
-0.351088
1.01624
1.28882
0.0747927
-0.510248
-0.598608
0.418596
0.697697
0.445857
-1.1513
0.306003
0.620393
1.54403
-1.14749
0.704654
-0.705467
-1.71936
1.1367
-0.477248
0.941781
-0.90096
1.75167
-0.278171
2.24705
-1.7375
-0.219257
0.762661
0.461386
-2.2042
-1.10898
-1.47802
0.962179
1.94499
0.0736799
-0.403138
0.929618
-3.26825
1.33921
0.615488
0.326768
-0.317943
-1.10667
-0.853549
-0.910551
-2.52828
1.98308
-0.503874
-2.59109
0.319173
-0.854042
-0.80158
-0.345117
-0.0347441
2.38538
1.63087
-1.64891
-0.763676
-0.649803
1.2716
1.06375
-2.18467
-1.03742
0.631678
1.11926
-0.722607
-0.700812
-1.97325
-0.910808
-0.620813
1.39332
-3.31538
0.534605
0.22128
1.13898
-1.54252
-1.56656
0.69836
0.816894
0.945789
2.26564
-1.76159
1.71635
0.837213
1.30302
-1.38878
-1.00215
1.2177
2.64372
0.773746
0.846254
-0.507761
-0.0633478
-1.16096
1.31127
0.740934
0.664195
0.279757
-1.63761
-1.1469
2.11163
0.62056
-1.69091
-3.2799
-0.123504
1.53988
3.05204
0.507411
-1.14757
-0.00593994
1.39775
-0.215227
0.610862
0.0964532
1.49831
0.356674
1.2695
-1.23863
0.748885
-0.734589
0.550406
-0.203135
1.78111
0.203559
-1.22766
1.32793
-0.432107
-1.84233
-0.599143
-0.90205
-0.675645
-0.846502
-2.59399
1.54874
-0.683777
-0.737515
1.24291
-1.67969
-0.762863
0.0809398
0.406198
-2.09355
0.247119
1.79884
0.22799
0.695978
-0.0789118
0.192199
1.18532
-1.08009
1.2886
1.82541
0.938107
-1.73583
-0.0232309
-1.74433
-0.38387
0.12518
-0.940022
-1.15291
2.08151
-0.314861
0.286086
0.0654765
-0.755974
0.795691
0.698371
0.0115021
-3.01001
1.28551
0.851163
-0.112048
-0.552051
-0.534832
-1.26627
1.03901
1.64161
0.364384
2.19491
2.14576
-1.04358
-0.276866
2.58983
0.429943
-1.31814
-1.67854
1.703
3.74927
0.26036
-0.934364
0.316291
-0.871872
-0.428436
-0.566521
0.302961
-1.0697
-1.36926
-0.671491
-1.02422
0.619729
1.17759
0.226605
-1.01176
0.396741
1.02498
1.07586
-0.256715
0.145073
-1.03865
0.230492
-0.929238
-0.221671
0.250976
1.05584
-0.798943
0.511849
-2.56283
-1.38943
1.16901
-1.24099
0.47946
-0.234018
1.08395
-1.77265
0.989521
-0.400175
-0.684727
0.957654
-0.838277
-0.743349
-0.6317
0.436003
1.2424
-0.0860548
-0.223651
-0.137782
-1.29727
-1.79519
-0.43468
-0.884815
1.27608
0.746839
-0.789471
0.452782
-0.346628
1.09576
-0.365592
-0.12627
0.863043
-2.01388
1.21097
0.258473
-1.48663
0.795444
-0.354584
3.95246
-0.224277
-1.35081
1.13962
1.48108
-0.963102
-0.344578
2.07966
1.57821
1.25003
0.501125
1.45637
-0.583036
-0.422735
2.22195
-0.654775
-1.38188
-0.282936
0.389253
-1.99924
-0.0840955
-1.21689
0.299781
1.38744
-1.55908
-0.956995
2.02616
-1.42403
1.38707
0.22864
-0.163109
0.360739
-0.268492
1.2141
-0.365192
2.0556
-3.12008
2.44223
-0.239672
-0.51056
-1.01467
1.87523
-1.36208
0.0761865
-0.33223
0.155659
1.79376
-2.43388
0.0835406
-1.23707
0.284266
-2.12837
-0.0554432
-0.705878
0.548691
-0.919593
-1.11626
-3.55671
0.583772
0.85336
-2.14033
0.146615
1.46037
-1.12379
0.909161
0.977422
0.578792
-0.620505
2.14986
-0.829818
0.220751
-0.647834
-1.52403
-0.960325
-0.663929
-1.76705
0.635762
2.28321
0.624858
-1.12757
1.67164
0.549119
-0.434739
-0.402856
0.306572
0.519783
0.294626
0.586299
0.310941
-0.544904
0.0152405
-0.7116
0.613386
-0.0211814
-0.951754
0.834794
0.586743
-0.899011
-2.43305
0.556884
-0.341166
0.498632
-1.3015
-0.317351
1.62116
-1.11653
0.651569
-1.42015
0.0409579
0.841218
-0.833597
-0.882718
-0.0306246
1.17609
-1.85563
1.75923
-1.45867
1.63663
-0.878189
1.6356
-1.41189
0.056229
1.30299
-0.468462
-2.93892
0.627593
-0.795962
1.71006
-1.72837
-1.9057
2.52811
-0.619166
0.742593
-1.0431
-0.876167
-0.240482
-0.383494
0.807437
1.50377
-0.229508
-0.0896506
-0.741716
0.676621
-0.0573286
1.64723
1.74727
1.95753
0.72811
-2.45729
1.36007
-0.932969
-1.1022
0.0832719
-0.957322
-0.637677
1.60088
-1.30109
0.723112
-0.502017
0.724862
-0.401362
0.16065
2.11286
-0.470095
0.0272242
0.426637
-1.3226
3.62551
0.345268
0.473827
0.778929
1.20978
-0.695378
-1.26664
0.0407207
-1.61723
-0.043081
2.88283
-1.53689
0.0660534
-0.970064
0.75466
-0.0483233
1.08919
0.397396
-2.30988
1.2785
-0.517892
0.254972
-1.51789
0.889875
-1.77497
-0.532646
-0.167897
0.1956
-0.313095
0.403981
1.57359
0.857782
0.940608
0.217007
1.28395
1.55474
-0.328101
-0.119139
0.467128
-1.47474
1.55729
-2.19922
1.67895
-0.96541
-1.23707
-0.514719
-1.35756
-1.21065
1.07903
0.406792
-0.00900018
0.978534
-0.0706555
0.941171
-0.374732
-3.71582e-05
0.0388915
-0.564587
0.53747
-0.272393
1.20439
2.11902
0.0483355
-0.0857934
0.0310332
0.0961039
1.94983
-2.62536
0.0686916
1.19201
-1.03708
0.396371
-0.000940916
1.11914
0.53803
-1.67574
-1.27969
-0.305698
-0.0734608
2.82152
0.141295
-2.12081
-0.838246
2.65462
-3.45849
1.1078
1.93698
0.279225
-0.351501
-0.752586
-0.61121
-0.471681
-1.69547
2.11925
-1.26287
1.54392
0.435718
1.71217
-0.218478
-0.34213
0.712097
0.723233
-0.623313
1.50119
1.63309
-0.681953
-2.44158
-1.34245
-1.03542
-0.683921
1.57724
0.652655
-0.560171
0.213323
-1.11611
-2.05223
-0.0485632
1.31579
0.512196
-0.956695
-1.86637
-1.02657
2.09598
0.212755
-0.0989693
-0.583518
-0.345054
-1.94805
-2.02247
-1.98314
-0.135917
0.957624
-0.725627
0.82961
1.23807
-1.74743
0.178292
0.937723
0.811558
-0.488485
1.3888
0.568897
1.17692
0.394858
2.34356
-0.867932
-0.349022
-4.19148
1.24558
2.96983
-0.693507
0.161816
-0.587458
0.97367
-0.73293
1.64545
0.624787
-0.360398
1.94316
0.0794541
-0.982264
-2.11277
2.09911
1.9662
-1.59635
-1.94216
2.23541
0.134417
-1.15248
0.370216
-0.539589
0.225224
0.636338
-0.670093
-0.103979
-0.594551
0.826625
-0.0193291
1.83799
0.961297
-1.12027
0.132328
0.577983
0.979493
0.151464
-2.83701
0.488251
1.74956
0.384777
0.414081
-0.309341
0.0102252
-2.38943
-2.14187
0.387067
1.0189
0.830838
1.09244
0.084289
0.622092
-0.148376
-0.902099
0.224309
-0.320909
2.15046
0.344283
-0.463219
0.633599
-0.456299
-1.9145
-1.68527
1.36089
0.290053
2.31933
1.50734
0.893524
1.34482
0.687983
-0.15137
-1.85965
-0.972492
1.65376
0.352514
-0.172273
0.788189
0.717154
0.5664
-0.645388
-0.748249
-0.0998158
0.380107
-1.14895
-0.530658
0.64833
1.53898
-1.55484
-1.42082
-0.438609
-0.544802
-1.45332
-1.47075
-0.395569
0.870509
-0.780715
-0.206162
-2.62499
-1.622
0.267479
-0.152769
-0.302154
-0.274904
-0.400091
0.741666
-1.76855
-1.36702
-0.884649
-0.0882673
0.175754
1.15157
0.858469
0.127717
-0.779307
0.296302
-1.79089
-1.04426
0.128829
-1.62552
1.76685
-0.100728
-0.99192
-0.788981
0.649147
0.229206
-1.19671
-0.761111
-1.22255
1.27206
0.73802
-1.0101
-1.24955
-0.313783
-0.96542
-1.43723
0.256557
0.186126
-1.19877
1.34744
0.869419
1.32273
0.732809
1.57292
2.04685
-0.597267
-0.53906
-0.7281
0.736471
2.23869
0.294816
-1.19749
-1.75148
0.439269
-0.842641
1.42003
1.3246
0.286291
1.1345
-0.483098
-2.10663
1.36052
0.635627
-0.931379
0.412595
-2.77145
1.5676
1.93132
2.02325
-1.11083
-0.0622955
-2.13723
2.10384
0.482632
0.526613
0.741047
-1.33028
-1.35909
0.252172
1.7645
1.83389
-1.6805
0.729419
1.57996
1.36279
-0.910469
-1.12159
1.81878
0.346469
0.994434
0.775916
0.75757
-0.560988
-2.54792
-0.544596
-0.839224
-0.637222
1.66042
-0.427489
0.0959694
0.483349
1.18724
2.24911
-2.17829
0.746016
-1.02606
0.720739
-1.66974
-0.171605
-2.30146
0.290142
1.50174
-0.735062
0.515687
-1.87309
1.72943
-1.75199
-0.0231601
1.08319
0.874484
-0.923832
1.73725
-1.0412
-0.724549
-0.0622777
2.39846
0.47115
-1.79787
0.81632
2.63349
0.000190787
-2.16244
0.661645
0.328258
-0.500856
0.420426
1.54515
-0.644956
0.549072
0.11308
0.165008
-2.52885
0.924739
0.803223
0.0700924
0.280023
-0.660634
-2.37682
-0.174409
0.602985
-0.372956
1.40884
0.233905
0.401746
-2.42074
-0.599082
1.77434
0.413914
-0.0523263
0.658589
0.715408
0.714367
0.152922
0.248709
-1.69346
1.52093
0.478254
-0.383989
-1.3592
1.42016
1.30668
0.162776
-2.57147
2.58509
1.39594
-1.02563
-1.03983
-1.11208
-0.786705
-2.4127
0.543146
-0.0160397
0.295343
-0.253786
0.729851
-2.33033
1.30583
-1.51782
0.687132
0.728816
-0.31461
0.794954
0.184232
1.75467
-1.44773
3.02384
-0.241906
-1.10923
-0.0945312
-1.60242
0.182999
0.18119
0.4911
0.818929
0.248229
-1.28017
-1.58149
0.134508
-1.7085
-0.531596
0.63353
-0.0498463
-1.79332
1.09204
2.77578
0.227983
-0.362584
-0.334489
0.820001
2.50524
-0.961989
-0.716187
1.36216
-1.31039
0.507363
-1.58069
2.62256
0.2777
0.378357
-0.672332
-0.248587
-0.876048
1.27859
-1.86379
-2.79368
1.81752
1.16194
-1.87125
1.24031
-1.4903
-0.770513
1.24248
-1.28863
0.684078
-1.88582
1.65626
-0.941299
0.0194587
1.13371
0.475841
-0.998953
-2.15819
1.22187
-0.870683
0.572247
0.757207
1.47671
-0.849319
-0.249463
2.18131
0.157353
0.189936
-0.996793
0.661557
-0.950469
1.04585
-1.82285
-0.937072
-1.70931
-0.323406
-0.0355494
0.337567
1.37948
-0.180851
1.52102
1.40674
-1.33022
-0.282315
1.95195
0.0312741
0.418577
-1.17444
0.710349
0.766875
-1.03585
-0.591339
2.06702
-0.0529782
0.326925
2.24553
-0.515668
1.5362
-1.68153
-0.390295
-0.673938
-1.15716
1.20382
0.771225
0.712867
-0.613066
-1.03554
-0.000204163
-0.571964
-1.76503
1.61998
-0.226205
1.21046
0.62072
-0.497233
-0.643121
0.201735
-0.401372
-0.425957
1.67213
-0.605525
0.0643745
0.462428
-2.61549
-0.117745
1.44992
-1.20169
-0.494173
-1.16822
-0.0956219
1.52571
1.24599
-0.261315
0.328224
-0.955198
1.12239
-0.337307
-1.6734
1.56755
-1.44993
1.93992
-1.25651
-1.11972
1.89083
-1.31972
0.942523
-2.94995
1.19319
-0.712976
0.527406
-0.617864
-1.98055
-0.330635
0.603454
1.88081
0.470456
0.834306
1.10449
-0.898893
-1.1118
0.623522
-1.72851
0.0389979
0.487236
-0.581773
0.683067
-0.762638
-0.0776062
-0.978863
1.7406
0.985514
-2.20617
2.01049
2.51831
0.882573
0.508868
-0.443177
1.48678
-0.691817
-0.896218
-1.0261
-0.880497
0.331377
0.913113
-0.212925
0.48626
-0.451744
0.752183
-1.14338
0.716249
-0.719901
-1.67644
-1.27758
1.79835
-0.42994
2.66552
-1.43501
0.998517
1.61301
-0.240924
0.308254
-1.56785
2.26198
0.807073
-0.328227
-1.16105
1.87374
-1.52215
-0.266652
-0.864165
-0.693483
0.969434
0.243646
-0.456309
-0.430723
-1.46994
0.628521
-0.66908
0.248608
-0.937629
-1.70413
-1.37817
-0.195152
-0.174812
0.320311
-0.503531
0.0297461
0.470772
-1.24041
-0.122625
-0.745277
1.45635
-2.62441
2.76296
1.3817
-1.14756
-0.529496
-1.46279
3.28877
-1.09988
0.0749758
2.64084
-0.924107
-0.21662
-0.958439
-0.423469
-1.1152
1.90429
-1.67338
-0.202545
1.58221
1.89713
-0.674824
-1.05863
0.192463
0.26769
1.09969
-0.447328
1.56462
-0.153318
2.95733
-1.51345
1.51185
0.534769
1.51977
-0.694248
-1.36838
0.468423
-0.0664865
-0.849837
-0.523043
0.884968
-1.40851
-0.652275
-0.320298
0.113666
0.109253
1.75199
-0.726368
-0.938335
-1.03238
0.525082
-2.72987
1.01836
0.745798
-0.73102
0.681406
-0.0783724
1.13774
-0.965491
-0.703096
-0.413784
0.468913
0.866481
-0.509088
0.131929
-0.697135
0.921053
0.791896
-1.55084
-0.157766
0.0695808
-1.10353
-1.27124
1.49289
-0.756247
2.41421
-2.48385
2.34333
-2.72111
0.154416
0.408733
1.00495
-1.00709
-0.0722179
1.26278
-0.0175067
0.717542
1.68435
0.0222827
0.312958
2.04616
0.576576
-0.0310712
0.359799
0.0265363
0.126858
2.9025
-1.72952
2.32382
0.23758
1.13864
0.337263
-1.69919
-0.42627
0.445937
-0.793596
-0.548218
-0.362098
1.92448
-1.13646
0.666632
-0.812458
0.0949371
-0.259358
0.757579
-0.433962
-0.359992
-0.524681
0.610964
0.899684
1.1957
1.23052
-0.455129
-0.497187
-0.153692
-1.46883
-1.88515
2.00823
-0.29438
-0.758924
0.199882
2.56601
-1.01017
-2.27017
-0.743375
-0.632306
0.550742
0.130532
-1.39025
0.857862
-0.400224
-0.571049
0.917763
0.927936
-1.98047
-0.845756
1.14077
-1.65056
-1.07682
0.210434
1.02812
-0.443951
-0.526366
0.79079
-1.03618
-0.566105
-3.11521
-1.8249
1.9091
-0.322309
2.22083
-0.602344
-2.07669
1.52387
0.0338388
-0.0312235
1.65405
-1.33988
-0.288835
-0.556665
-1.0708
-0.697677
1.2955
0.436415
-0.206623
1.08733
0.526069
-0.482523
0.211413
1.87959
-0.246562
-0.398863
-0.240123
0.158953
0.446147
-1.11807
-1.45823
3.72959
0.0598657
-1.19718
-0.195887
0.863784
-1.78688
-2.14236
1.42053
1.57817
-0.244036
0.099884
-0.115051
1.03669
0.253696
0.18685
1.7683
-0.306762
0.704751
0.604883
2.99055
-0.191879
0.722354
-1.02616
0.544558
-0.628596
0.961387
-1.1304
2.19446
-2.14598
-0.106573
-1.06667
-0.939757
0.535601
0.138141
1.61448
-0.144282
1.60595
-0.30668
-0.514919
-0.223194
-0.682636
-1.82335
0.808168
1.40051
0.97584
0.851426
-1.47973
0.648395
0.0478659
-1.08846
-0.831673
-0.440829
1.37573
-0.718326
-0.224686
1.2802
-0.67449
1.84583
-1.41142
-0.932692
1.21438
-0.240363
0.754524
0.695189
-3.16008
-0.12462
-0.0356129
0.180738
-1.48283
1.37441
0.550331
-0.764379
-0.0542759
-1.76908
-0.498707
-0.396739
0.623443
1.29137
-0.0591696
1.17927
1.22271
-2.45415
-0.280061
0.840557
-0.664091
-1.32705
0.450717
-0.0931839
1.26326
0.826199
-0.356045
-1.11578
-2.59436
-0.984527
-0.384177
-1.47555
0.152403
1.18421
-0.306869
0.371326
0.101734
-0.164588
-0.353442
0.457703
-0.526014
-2.32328
-0.00377892
-0.399403
0.117467
-2.03537
1.56158
-0.911142
-0.301723
-0.388502
-0.0880107
-0.00258715
-1.41677
1.13803
0.612895
-2.60621
-0.231223
0.575611
0.402554
-1.46273
0.534436
-0.892694
-1.87703
-1.05595
0.252526
-0.16716
1.80919
-1.40511
-1.45406
-0.400158
1.50805
-0.0461316
0.942537
0.0331505
1.35896
-1.4125
1.60165
2.16206
2.95686
-0.057373
0.488015
-0.191135
0.757041
1.9739
-1.28498
0.290137
-2.06863
-0.520837
1.87534
1.25657
-0.553104
2.19675
1.79958
-1.53766
0.650889
0.441631
1.44016
0.101693
-1.57954
0.111458
2.65389
-0.0327773
1.06775
-1.18749
1.86901
-0.255816
0.123339
-0.108157
-0.033561
2.19855
0.308048
0.254602
-0.187712
1.82203
-1.08617
-0.365891
2.03056
-1.32927
0.207354
0.0240931
-0.630303
-1.85453
0.845643
-0.0634774
-0.578976
-0.389184
-0.720388
-0.440696
0.435616
-2.83923
-0.221017
0.832573
-0.915448
0.565043
0.750698
0.349505
-0.649297
-0.603938
-2.27744
2.25942
-0.403208
-2.71359
2.77056
-1.46707
-0.0764888
1.08798
-1.7117
-1.89798
-0.16234
-1.35417
-1.43484
-0.403696
0.206362
1.25956
-0.330593
-2.27012
-0.750826
0.575245
1.78741
0.51849
-1.46386
0.731431
0.0153241
-0.77446
-0.791113
1.00411
0.0514692
-0.427422
-0.297113
0.480574
-0.0261406
-0.647789
0.78222
-1.25493
1.49611
-1.34328
1.75408
-1.179
0.823468
0.586413
-2.56896
-0.760222
-0.405736
0.834814
-0.289626
2.0205
1.37921
-0.0347025
-2.63909
2.96942
0.516366
-1.11164
-1.5387
1.84723
0.275024
1.60908
0.74408
0.696491
0.515872
-1.42926
0.788482
1.8395
0.389107
-0.421728
-1.06357
0.126444
1.18756
-1.17249
-0.00858903
0.623726
-1.49918
0.853915
-0.571642
1.17431
-1.04299
0.279212
1.15466
-0.211345
-0.20166
0.00213763
-0.179264
-1.12818
1.19578
-1.50101
0.931783
0.367155
-0.336843
0.774287
0.313457
-0.0254133
0.212574
-1.52138
0.175827
-1.04788
-0.487259
1.54518
-0.191351
0.594112
0.49289
-0.390054
-1.2705
0.780402
-3.36776
1.40092
0.373264
-0.954605
2.33213
0.220982
0.222169
-2.46251
-0.402704
0.315204
0.00510719
-0.570842
0.0935419
-0.117641
-0.878381
-0.732392
0.434618
0.110287
1.58065
-2.03958
0.932502
1.38692
-1.08189
-0.527533
1.61867
-1.35272
-0.504187
-0.0975735
-0.33304
0.387629
-0.848256
0.568104
-0.821532
-1.11605
-0.321733
0.281357
-0.121261
2.46073
0.210387
-0.107347
0.352796
0.030797
-2.22223
0.248617
1.12359
0.105101
-0.930255
0.747742
1.50464
-0.627842
0.455719
2.05406
-0.942499
-1.85751
-1.24621
-0.940048
0.506312
0.157851
0.698358
-0.926183
-0.514005
1.1168
0.400784
0.957707
-0.71964
-0.67461
-1.25966
0.311227
-1.00892
0.576245
-0.243042
-0.00663171
0.415771
-0.60863
2.28724
1.20723
-1.34745
2.49229
0.330005
-2.03677
1.02766
0.90433
-1.18337
-0.734699
0.483218
-0.298667
0.270095
-0.0471723
-1.26322
-0.375831
2.17362
-0.844083
-1.31569
1.2382
0.774012
-0.791806
1.03138
-1.71179
-0.402679
-0.952544
0.606086
-0.238557
1.29382
0.990846
-0.555974
-1.31461
-0.847096
-1.06992
1.56658
1.35111
-0.874839
0.0528934
0.707144
0.423545
0.487629
1.54581
-1.44973
1.18241
0.325484
0.672368
0.980244
0.218416
-2.65672
-0.714149
1.28366
-1.7623
1.23945
0.591572
-2.09753
2.45082
-0.287229
-1.3091
3.20868
-2.62503
0.57024
-1.83669
1.37094
0.228156
1.18001
0.175611
-1.30534
0.15194
-1.32053
-0.475735
-0.409981
-0.198129
3.20622
-0.102216
-0.065123
-0.653712
1.44791
0.366311
0.357705
0.931349
-0.659015
0.192568
-1.98001
-1.65221
0.260102
0.393984
-1.72354
-0.813821
0.0971123
-0.911114
1.32885
0.810033
-0.259492
-1.06279
-0.327834
0.200529
-1.52229
-1.51165
0.570477
-1.91968
1.38427
0.0443297
-0.853976
0.00422994
0.50832
1.03663
-0.98041
-3.02553
1.70565
0.73411
2.02853
-1.48035
-0.449315
0.260033
1.0371
0.941895
-0.306158
-0.560494
1.67286
0.674753
-0.187158
0.899184
-2.52737
0.699117
0.246398
0.234279
3.74992
-0.473915
0.23844
0.0414556
0.564127
-0.0828902
0.137576
-2.76274
1.74054
2.35221
-0.875294
0.757575
0.963847
0.265421
-0.387713
-1.39679
0.936298
0.347259
0.1746
-0.166526
0.269904
-0.153836
-0.492205
0.981621
-0.176073
0.0759337
0.303422
-2.38337
1.85528
0.873128
0.838298
-0.726819
-0.791658
-1.32881
0.149414
-0.798024
-0.648025
0.940212
-0.303028
-0.93136
-0.384392
0.649626
-0.290833
0.0929999
1.05333
0.16848
-1.85048
-1.2514
0.496323
-0.890468
-0.65675
2.00909
-0.325428
1.67615
1.19484
0.303574
-2.45847
-0.624406
1.46702
0.378321
-1.12031
-0.265654
-0.667691
-0.00138517
0.333138
0.708453
0.179885
1.2587
-0.39795
1.17833
-0.737075
-0.874339
-1.02333
0.200185
-0.38069
-0.786779
-0.628404
-0.261919
0.654261
1.59964
-0.100363
-0.269783
-1.68598
-0.0891334
0.720045
1.54267
1.15622
-0.597879
-0.607772
0.20294
1.24236
0.363747
-1.27127
0.845744
-1.9561
-0.499174
-0.732159
1.80077
-0.911686
-2.67757
1.12018
-2.20849
-0.741567
1.40405
1.76688
-0.0377948
-3.49329
0.620331
-1.95245
0.432933
-0.173291
-0.467295
-1.03743
1.35056
-1.20469
0.905565
0.164257
0.555937
-1.26576
0.705736
1.93296
-1.9442
0.763917
-1.47893
0.299194
3.35497
-0.355392
-1.94036
0.390833
0.379038
2.06008
-1.88298
0.141853
1.46814
0.220746
-1.48835
-1.74524
-0.962505
1.46107
0.659661
-0.446124
1.10555
0.857915
0.470472
-1.1849
2.74777
-0.393097
0.680429
1.12657
0.923808
0.374813
-0.375444
0.841514
0.261085
2.40998
-1.1744
2.23975
1.21256
0.112345
0.64214
-1.41728
0.0436285
0.109413
-0.641086
-0.168142
-0.51292
0.468848
1.36065
-0.138118
-1.87848
-0.0421384
1.9767
0.801141
-0.460763
-1.39771
-2.14827
1.45051
-0.831342
0.15835
-1.30584
2.85908
-0.139404
-1.87453
-0.368311
-0.806268
-1.16094
0.735673
0.419796
0.529105
-0.863477
-0.476459
-0.534377
1.39375
0.232434
0.380049
0.300127
-1.7305
0.242172
-0.398689
-0.561706
-1.09552
-0.286103
0.214087
0.0768707
-0.497679
-1.84223
1.50969
1.16051
0.158171
-0.713356
-0.37023
-1.39275
-0.0444084
-1.25073
-0.148271
-0.268272
1.66403
-1.29133
1.74249
0.29398
0.918249
-0.532841
-0.0909998
0.130374
-0.750234
-0.176414
0.567681
-1.18674
-0.263329
0.406705
1.17996
-0.399739
1.0686
-0.647091
1.63357
1.45794
0.449244
0.312663
1.4962
-1.36718
0.48302
-1.19009
1.51311
-1.62923
1.43251
-0.130138
0.10777
0.999588
-0.556376
-0.0622742
-0.298069
-0.691401
1.4461
-0.876969
-1.37252
1.50341
0.0891189
-0.357372
2.52054
1.54161
0.248653
-0.744334
-1.48593
-2.45739
0.448961
-0.544193
-1.06803
-0.658197
0.275837
-0.685875
0.151412
1.46081
1.17252
0.437386
1.41552
0.451771
-0.358703
1.40036
0.369972
-1.50118
-0.536618
-0.196588
0.0368134
1.57064
-0.913909
-0.456298
1.8857
-2.37074
-0.271682
0.195884
-1.48957
0.357606
-1.88097
-0.501047
-0.690509
-0.285322
1.32171
-1.37764
1.60263
-0.184549
-0.00284384
1.78988
0.338998
-0.750293
-0.917024
-1.01525
-0.223754
0.154195
1.41028
0.293434
0.787033
0.560133
-0.319245
1.11696
-1.23829
-0.23465
0.799483
1.44406
-0.705006
0.508699
-0.437813
0.7056
-4.02694
-2.67629
-1.94253
2.52795
2.14678
1.34622
-0.917963
-0.223596
-0.182707
1.48453
0.336572
-1.03159
-0.206129
0.71407
-0.658104
0.5924
1.59887
0.459347
1.8179
0.547244
0.981663
-0.0205465
0.789837
1.23837
-0.661052
0.479645
0.0158299
-2.73241
1.31133
-0.926814
-1.8003
-0.48127
-0.0394228
-0.0985714
-1.07047
-2.17398
-0.840785
0.593469
0.553464
2.69231
-1.91219
-1.2449
-0.556386
0.645063
0.235276
0.0925513
0.198382
-0.474111
-0.241091
2.334
-0.863032
0.0113271
-0.362383
-0.751112
-1.10371
-0.239593
0.75074
-0.647325
-0.392388
-0.367569
-0.707012
1.32323
-0.928196
-0.283122
-1.78946
0.78924
-0.0863792
-0.454525
0.0565645
-0.252714
-1.8804
0.266887
0.58889
-1.44459
0.395325
0.781545
-0.894395
-0.00564248
-0.109848
0.734378
0.407865
-2.01663
0.696301
-1.18614
0.722088
0.131285
2.94754
1.36838
-1.21805
-0.11102
0.615149
0.393701
-0.6811
0.380699
0.706129
-0.614538
-0.633812
3.19368
0.625721
-0.944946
-1.99323
-1.47266
-0.910058
0.373613
-0.580921
-1.30321
1.27921
-0.955578
-0.29569
-0.231992
1.27919
1.05015
1.37692
-1.59321
0.20875
0.116445
-0.186127
-1.42919
0.638449
-0.780476
-2.03243
0.384484
-1.62468
0.699516
-0.584471
-1.16791
2.2705
-0.725705
0.32605
0.375837
2.13008
1.30036
0.00858241
-0.04289
-1.44369
0.687637
-0.0696979
-0.82789
1.41609
0.25897
1.46319
0.00687655
-2.84878
-2.26403
-1.57808
1.93229
-1.30085
0.884667
-0.0282922
1.87477
2.27128
-1.80973
1.20623
-0.253738
0.524084
0.994549
1.37236
-0.663438
1.22614
-1.14406
-1.04826
0.128371
-0.224365
0.345926
-1.09467
2.52795
-0.594383
0.128127
0.692232
0.569826
0.431944
-1.02966
1.41938
-0.0574044
0.966912
1.6255
-1.85301
0.400127
0.646554
0.553168
-0.353392
0.856266
0.811424
-1.05033
-0.246025
-1.63394
0.703375
0.189935
-0.782109
1.54439
-1.26857
1.38723
1.97269
-1.37199
0.0942379
1.1664
-0.373498
0.688055
-0.246323
0.658083
1.1428
-0.678413
-0.570162
0.160347
0.310204
-1.41491
-0.247738
0.184596
0.491258
-0.215651
0.412997
-1.03803
0.506855
0.783862
1.11648
-0.571895
0.82008
0.202061
1.29887
2.58476
-2.20631
1.1252
-1.30594
1.66457
-0.483432
1.24667
1.129
-0.186901
-0.79626
0.288343
0.662337
-0.739903
-0.807532
0.0249696
0.0200432
1.92668
0.972188
0.236445
0.669787
0.362528
-2.66282
0.286761
1.0891
-0.187876
-1.23871
-0.567314
2.17854
0.0322013
-0.129414
0.498644
-0.11831
-1.82887
0.0774982
0.489397
-0.419742
0.0439609
0.290105
-0.278774
-0.560345
2.03391
-0.0105394
-1.28093
0.638319
0.186537
0.397172
-1.23156
-1.28347
-1.64611
-0.415305
0.177924
0.667255
-2.5267
-0.285068
0.446059
-0.901021
-1.46194
0.122445
-1.38553
0.178815
2.89977
-0.656094
-0.63613
-0.661775
0.277218
-2.40919
-1.63233
-2.27019
2.5212
1.11375
1.72127
-1.46866
-2.0365
-2.53841
0.265757
-0.122065
0.303906
-0.300503
0.469528
0.252663
-1.08468
0.0166107
1.10339
-0.691836
-0.387868
0.857937
0.630436
0.852263
-1.81431
1.02466
-0.411652
-1.43751
0.563715
-1.42526
1.87659
0.283854
0.645082
-0.772902
2.61373
0.0157656
-0.299661
2.2005
0.0175643
-0.638178
-0.22736
-0.34573
0.0703217
-2.51635
0.045985
0.226279
-0.0845575
-0.253984
0.415072
-0.713461
2.19684
1.83589
0.123082
0.223554
-0.11311
-2.09963
-1.1966
0.597898
1.76168
1.15626
0.909053
1.01453
1.12061
0.0221477
-0.197945
0.298599
0.534197
-0.00225613
-0.334261
-0.0920465
-2.09829
-0.481358
0.709282
-2.28987
1.9063
