1.45039
2.79941
2.05808
-1.71322
0.228507
-0.263951
1.05551
-0.34429
0.269978
-1.94153
0.297605
0.68234
-0.816447
0.613991
0.0750114
1.27558
1.51035
-0.799138
-1.78165
-0.0524033
0.604835
-0.56766
0.0409206
-0.473397
-1.25931
0.375568
-0.952247
-0.339105
-2.36657
1.62693
0.112443
-0.317905
1.1957
-0.803662
-1.48418
-0.39751
-0.790344
1.76865
0.565956
-0.468025
-0.455753
-1.09291
0.482365
-2.04583
-0.711421
0.869171
0.646377
-0.0738181
-0.449989
-0.322607
-0.508756
-0.438758
0.706655
-1.45606
-0.878986
0.748104
0.635637
-1.37225
1.12438
1.10319
-0.759111
-0.219203
-1.36338
0.633168
0.447107
0.740941
0.922102
1.42663
-0.174273
-1.11352
1.3388
0.267894
0.741321
-0.711825
0.589848
-0.0948107
-0.642397
0.830313
-0.842062
0.265886
0.663039
1.21846
-0.825978
0.977997
-0.578643
-1.29042
0.664044
-0.871406
-0.883681
-0.168077
0.851683
-0.706235
-0.522337
0.748276
0.917395
-1.35699
-0.81133
-1.74316
1.23767
-0.309123
0.082426
-0.228455
-0.353332
0.482277
1.02132
-1.44095
1.3646
-0.931909
-0.39915
-1.22662
-0.918396
1.56819
-0.253187
-0.42742
-0.0840169
-0.864229
-1.36983
-1.75939
0.722123
-2.05044
-2.15247
1.30146
0.957899
-0.192492
1.215
-1.4016
-0.654144
-0.509592
-1.03046
1.80208
0.872022
-0.019684
0.424061
0.135229
0.696577
3.91044
1.11873
-0.393787
1.11081
-0.164682
0.682547
0.375791
0.555451
0.198099
0.676356
-1.21825
0.682064
-0.548117
1.21525
3.36985
-1.15471
-0.702467
-1.09705
-0.479015
0.223449
-0.0522561
2.6235
0.963337
0.776045
0.504247
-1.73232
1.99092
-0.208829
0.594391
1.34082
0.468692
0.28364
0.0525437
-0.796294
0.51695
2.72503
-0.0820185
-0.513442
-1.14963
-0.891373
-0.658979
-0.450967
-2.17346
0.166524
-0.224104
0.651391
0.274242
-1.09493
-0.460757
-0.290737
-0.147785
-0.16413
-1.6468
-0.0438913
-1.09361
-0.579488
-0.0872119
0.474144
1.19233
-1.7469
-0.928065
-0.470268
-1.12312
-1.90513
-1.63164
0.102653
1.68765
1.2595
-1.54322
-0.383934
-0.453355
0.274451
-0.719538
-0.909241
1.86184
0.226799
-0.0169706
-0.536851
-0.192562
1.11291
0.627245
0.0920592
-1.37429
2.17821
0.107149
0.911535
0.331867
0.0750777
1.73256
0.784136
-0.955878
-0.786584
0.355484
1.41198
1.87659
-0.800889
-2.07155
-0.860166
0.26644
-0.799776
0.258107
2.34523
0.682838
-0.260308
-1.27647
-1.06002
1.08126
0.0983041
-0.351404
1.54027
1.84257
0.984027
1.38451
1.51807
0.0980348
-1.47849
-2.66952
0.410861
0.172629
1.40786
-0.861627
-0.591475
-1.57772
-1.31968
-0.633034
1.02537
-0.597193
0.271584
-0.542833
-0.257115
0.807392
-0.0890244
1.32422
-1.20942
-1.01869
0.833606
-1.14881
1.45002
0.0514848
0.809397
0.175299
-0.359913
-1.92097
1.33292
-1.1347
-1.08731
-0.479988
-0.129872
1.23286
-0.523067
-0.787472
0.76459
-0.694761
-1.22463
1.32794
0.298846
1.74363
-0.943409
1.14674
-1.47337
0.41633
-1.95955
1.07596
1.12171
1.915
-0.551136
-0.86937
-0.0563147
-0.0198749
-0.369382
0.685005
0.00700158
0.637927
0.796062
-2.27303
0.671048
1.83085
-0.654522
-1.54458
-1.59107
-0.963009
0.0642326
0.465781
0.23561
-1.62297
0.327994
-1.64322
0.290559
1.90112
0.0969278
-1.69151
-0.524935
4.44734
-0.221938
-0.822962
0.80437
-0.0112591
0.302467
-0.0606624
0.254955
0.833753
0.495122
-1.17365
-1.31289
-1.00896
-1.1274
0.877516
1.31936
0.473198
-1.55381
-0.19782
-0.302959
0.609011
-2.31787
0.639957
-0.830977
-0.126843
-2.04754
0.285474
2.50682
0.743713
-0.0397121
-0.780317
0.0286916
0.583608
1.34127
1.34459
-0.637702
-0.542136
0.536232
0.575766
0.0580585
1.71704
0.305124
1.02482
-1.69995
1.31503
-0.750993
1.47368
-0.60332
-0.888983
0.516006
-1.27651
-1.83353
-0.396085
2.34428
-0.340582
-1.03097
0.574199
-0.434005
0.00730596
0.848107
-0.380959
-0.835671
1.39041
-1.05078
0.903598
-0.748159
1.37808
1.00128
-0.84775
-2.10052
1.74105
1.04904
1.46383
-0.544719
-1.5335
0.46348
0.903974
-0.691277
0.363572
1.81316
-3.39835
-0.281153
0.172651
-0.773252
0.716525
0.0659829
-0.376487
0.0904023
-0.973067
-0.657767
-0.434404
-0.723401
0.556558
0.800913
-0.863866
-0.417619
-0.946419
0.833171
0.728406
-0.116603
1.42287
1.00738
0.2664
-0.874309
-0.490814
-1.17466
1.89466
2.40762
0.0422613
-0.831656
-1.78911
-0.381797
1.28454
-1.12731
-0.485589
-1.2734
0.890098
-0.273239
-1.1117
0.969376
1.82911
-0.763368
-0.403176
0.696821
-0.347061
-0.158353
-1.05132
2.17222
-0.843364
1.36369
-0.903714
0.42396
-0.886975
-1.47848
1.04766
1.27307
0.740629
-0.763741
-0.412403
0.274913
-2.08816
0.0398889
0.0909974
1.21221
0.901419
0.795064
-0.898199
-0.172894
0.568051
-0.964378
-0.879995
-0.754047
0.818403
-1.87608
-0.716947
-0.20657
0.264165
0.684771
1.8401
0.319932
0.135743
1.01119
0.857526
0.0429195
-1.8617
0.18824
2.35287
-1.39041
-1.22194
1.1978
-3.20369
0.154775
1.17547
-1.10633
0.447075
1.13539
0.239973
-0.980005
0.520141
1.80255
0.333406
-1.41572
0.912202
0.976822
-1.68013
0.195526
0.951926
0.133154
0.512823
0.075369
-0.470619
-0.213235
0.547495
-0.103635
-0.824775
-0.712746
-0.141963
-0.322535
-0.445652
-0.906751
0.523252
1.33339
-1.23023
-0.271363
-0.921209
-0.206349
-1.71975
-0.519509
-0.515172
-1.25293
0.193619
0.323129
-0.802458
-0.153736
-0.412414
0.659496
1.35456
-0.202889
0.265561
-0.33494
1.92304
-0.310487
0.644609
-2.53866
-0.711417
-1.84721
0.42972
0.968404
1.00303
0.234243
0.570352
1.46046
-0.724425
1.15625
-1.39981
-1.02397
-0.124782
1.50016
0.432338
-0.630161
-0.129461
1.23948
-0.416088
-0.446169
1.21674
0.332754
0.768706
1.48478
1.32088
1.30534
-0.796553
1.12581
0.847053
0.32857
0.541532
0.560514
-0.319517
-2.44279
1.00793
0.36018
-0.0851617
1.01742
-0.663211
-0.50581
0.0693461
-0.838796
-0.994089
-0.74482
0.446347
-0.126205
-0.0272019
1.0698
0.721834
0.0303159
-0.210369
-1.68938
-1.21573
-0.160513
0.196076
-0.92944
-1.16866
1.22861
-1.86954
-2.68212
0.889476
1.21182
0.617139
-1.37454
0.309674
1.4166
0.889373
1.93866
-0.374631
0.970177
-0.699873
0.580393
0.158542
0.119195
1.56862
0.820526
-1.17636
-0.690127
0.331218
-0.584253
1.12793
0.106122
-1.63106
-0.737509
1.5589
-0.261515
0.20249
-0.0903094
1.79098
0.266346
1.63593
-0.866373
0.665455
0.353841
-1.66573
0.0660262
0.645011
0.620444
1.10301
-1.874
1.59413
-0.0157078
0.141372
1.61811
-0.0471355
0.746136
1.01202
0.15413
-0.793733
-0.500595
-2.0203
3.11201
-0.902898
0.401912
-1.64817
-2.01587
-0.3894
-2.32646
-0.243797
-0.577294
-2.01941
-0.780134
-0.763555
-0.383868
-0.171817
1.02313
-0.609149
0.453958
1.19707
0.70384
0.399484
-0.320466
-1.23672
0.0839462
-1.51921
1.96484
-1.60376
-0.835866
0.031627
0.480422
-1.13939
0.891387
-0.275944
-1.4596
-0.707735
-1.02492
0.523223
0.649995
-0.869742
-0.973466
0.489446
1.42014
-0.162665
-0.064532
-0.934528
0.655171
1.84996
0.403118
-1.48809
0.0881784
0.344773
0.00802725
-1.41455
2.91193
1.167
1.36798
-0.0338361
1.14862
1.16713
0.227655
0.927049
0.159287
1.16309
-1.85094
-0.523275
-0.33914
-0.600377
0.951646
0.141999
0.366659
-0.267415
-0.798132
0.773291
-0.586286
-0.220461
2.13807
-0.0554598
0.609722
0.644717
0.589241
-1.14122
-0.989938
-0.699085
1.70024
-0.699081
2.56883
-0.523958
-1.22204
-1.81252
0.0575366
-0.245401
0.716338
0.237077
-0.922237
1.34302
1.23224
-0.943211
0.136322
-0.649722
-0.644858
0.291569
-0.492969
-1.96121
0.0286169
0.191763
-1.53823
-0.642181
-0.0669151
0.120471
1.38233
-2.03099
0.754845
0.894938
-1.16747
-1.12424
-0.546908
1.48976
-0.58162
0.335821
0.305578
0.721097
-0.752017
1.76315
0.897569
-0.214905
0.782749
-0.367059
-0.296855
1.63161
0.365557
-1.48892
0.137612
-1.24839
2.1327
-0.20233
0.850606
-1.92868
0.253072
-0.769321
0.196875
-0.00355066
-0.28617
0.476551
-0.604057
0.379975
-1.20844
0.00780838
-0.506976
0.926383
-0.762928
1.60779
0.355023
-1.13456
1.46509
0.379008
-0.400092
-1.01621
-1.53073
0.28279
0.378583
-1.89459
0.815548
0.807165
1.10303
-0.67761
0.373674
-1.38288
-0.540775
1.86069
-0.274064
-1.41845
0.384935
-0.860934
-0.174983
-1.34921
-0.406567
-0.455722
-0.253388
-0.164747
0.670609
-1.11805
0.484724
-0.603351
1.01287
-0.22285
0.713277
-0.349284
0.408351
-0.506042
0.477644
0.498749
0.0927994
0.360343
0.102125
-0.711697
-1.50031
0.168607
0.257275
-0.313884
-0.58273
0.36169
0.0303395
-0.871266
-0.152226
2.951
0.0150772
-0.649402
-0.346183
-0.124569
-0.0429703
2.40518
-2.09565
-0.0250004
2.1443
-0.927343
-0.748774
-1.36543
0.480528
1.41458
-1.02714
-0.528648
0.294355
-0.396379
0.390836
-1.48224
0.434299
-0.242764
-0.804729
-2.88817
-3.45072
2.18062
-0.115222
-2.0475
0.548353
1.29078
-1.95263
0.0262753
-0.862942
2.94723
-0.982122
-2.76234
1.4334
-0.857137
1.71351
1.75362
0.441087
-1.11908
1.68989
0.626671
0.659697
0.618422
0.212445
-0.53971
-2.4593
0.402523
-0.893215
-0.188121
0.91729
-0.516404
-1.292
0.152226
-0.0858675
0.148561
0.0367379
0.747693
-0.0212884
-0.265521
-1.32664
3.22132
0.0793645
-0.149542
0.305308
-0.519369
1.84205
1.77856
1.624
2.2043
0.728828
0.81447
0.30367
0.872574
0.745201
-0.343151
-1.90482
-0.82305
1.14701
1.11856
0.0167036
-0.249122
-1.44574
1.13468
-2.22973
0.504163
-0.339476
2.42587
0.0516766
0.297864
-1.15559
-0.635595
-1.34537
0.315349
0.0473086
-0.349383
-0.320628
-0.0967815
-1.98994
-0.264581
0.898957
1.15264
-1.02882
0.271334
-0.514144
1.55486
-0.490698
0.40458
0.898208
-1.36373
-0.00939578
1.62138
0.954395
0.536339
0.264264
-0.584551
0.360872
0.111804
-0.161369
-0.498658
-1.19616
1.18984
-0.685375
-0.21693
1.27559
2.24279
-0.248122
1.81102
-0.32879
-0.674753
-1.06529
2.22108
1.26236
-0.777155
-3.08377
-1.02916
0.420443
-0.215233
0.383513
-1.67358
-0.858959
0.0815313
0.536036
0.991967
0.142789
1.1067
0.721277
1.28322
1.84978
-2.1237
-0.773141
-0.518382
-0.830974
0.757394
2.08037
-0.882359
1.695
-0.0477676
-1.28531
-0.414151
-1.03049
1.33396
0.220524
-0.0613847
-0.896345
0.401693
0.840071
0.167787
-0.473414
-1.44265
-0.393639
-0.736107
-1.65207
0.56176
-0.771568
0.13145
0.0451656
0.575839
-2.02352
-0.792319
1.24736
1.02521
0.546857
-0.725871
-1.91796
-0.758216
-0.21577
0.569119
0.735058
0.181657
-1.10562
0.60171
1.85189
-0.157211
0.494269
-0.343663
0.702153
0.876822
0.647937
0.135081
-0.386809
-0.590797
-0.669411
1.10957
0.939941
0.189094
-0.0868113
-1.05715
0.721253
0.109696
-1.92933
-1.05657
0.0221141
-1.17284
-0.232822
1.21872
0.362504
0.851031
1.06717
1.45787
-2.0669
1.97761
1.10944
-0.74668
-1.65702
-1.1032
2.33792
-1.11107
-0.898571
-1.88916
-0.580796
0.190018
-0.450039
0.689297
-0.503504
2.09008
-0.340007
-0.233473
0.691509
-0.0313608
2.54185
-0.864649
0.45985
-1.46166
-0.849301
-1.81963
-0.29353
0.370759
-0.540494
-0.482903
-2.88345
-0.467216
-0.0277571
-1.73489
2.46214
0.6201
-0.356095
-0.162081
0.186512
-0.598322
2.48842
-0.79876
0.443511
0.734832
0.119289
0.449828
-0.89521
-0.106991
0.498617
0.0207136
-0.814347
-0.244761
0.0618381
1.9766
1.54044
0.128644
1.33741
0.665064
-0.172572
1.12933
-1.42908
-0.769727
-0.581431
3.14285
-0.690991
-0.684879
0.509654
-1.2396
0.0821717
-1.30273
1.13523
-0.975124
1.04057
0.896411
1.38465
-0.402521
0.316882
0.904715
-2.41926
-0.465121
0.70484
-0.720091
-0.804237
-0.330965
0.815938
-0.831573
0.782213
0.180462
1.25781
-1.84045
-0.519451
-0.385497
-0.399551
-0.428426
-0.353242
0.878939
0.231999
0.14675
0.803254
0.454263
1.09364
-0.547099
-0.0689202
0.0371241
0.019332
-1.33437
-1.03112
0.800201
-1.34281
0.371919
-0.312655
0.270991
-0.182144
-0.676694
2.63533
-1.23064
0.106195
-0.879755
0.387386
-0.0198898
-1.26937
-0.0475897
-0.838662
0.231199
-0.247142
0.0948825
1.15952
0.825679
-1.3777
0.304824
0.116491
-1.33785
0.611316
-0.735467
-2.17157
0.394827
-0.754635
-0.135173
0.969522
0.99933
-1.58475
0.171481
-0.0109396
0.395219
-0.460832
0.587579
-0.487917
-0.945056
-0.106037
0.344515
-1.07859
0.0827065
0.985203
0.721766
2.84138
-0.42948
0.185466
-0.722677
-0.866792
-0.34584
-0.344371
0.0744611
-0.792846
-0.214763
2.61844
-1.72306
-0.201083
0.0262251
0.492649
0.316996
0.646288
0.620139
1.72321
-0.353295
-0.346113
-0.72382
1.35334
2.20766
0.596764
-0.801638
0.200033
0.185199
-0.0207907
0.729608
-0.61817
2.35892
-1.17756
0.964066
0.149965
1.25443
0.0847395
-0.251514
-0.0227839
-0.0125821
1.33552
0.275576
0.330751
-0.351004
0.058758
0.420848
-0.449169
-0.634766
-0.234912
0.209308
-0.613893
1.93141
0.44175
-0.736124
-0.0453842
0.508544
0.522799
-0.21643
1.66543
-1.97199
-2.66839
0.500288
1.30329
1.38181
-0.0982643
-0.114169
-1.02679
-1.00365
0.600277
0.519781
-1.58636
-0.245599
-0.405014
-0.858402
-0.99065
-0.759591
0.898741
0.963375
-0.973058
0.96438
-1.59621
1.13683
-0.728205
1.94838
0.942101
-0.804846
1.52139
-0.0956511
-0.722912
0.00516229
-0.22471
-0.352614
0.408328
-1.7725
-0.0799592
-0.404094
1.00331
-2.96484
0.921483
0.766022
-0.957316
-0.233672
0.71649
0.549439
-0.47022
0.188295
1.38663
-0.0948005
0.490016
0.425383
-0.603972
1.28493
-0.89254
0.0641662
0.455049
0.698601
-0.0338367
-1.03449
-0.175053
1.29408
-0.209075
0.544768
-1.73469
3.42333
-1.55416
0.0276785
0.765294
-1.03836
0.665993
0.0372296
-1.49197
0.15075
-3.63391
-0.322754
0.401199
-0.31071
0.94787
0.307098
-1.25851
-0.750489
0.774563
-0.81757
0.123775
0.926364
0.376267
0.910645
0.672629
-0.104043
-1.74102
0.693175
1.1609
-1.84469
-0.904501
0.0734512
-1.2993
0.463863
0.658664
-0.180886
-1.52789
1.745
1.54875
-0.565888
-1.38542
0.655051
-0.801111
0.24576
0.384228
-0.686288
-0.472214
1.03782
0.720752
-2.50086
0.460886
0.760409
3.31913
-1.40034
1.50662
0.689983
-1.72689
0.445689
-0.908225
-0.328657
0.142725
-0.972254
0.478862
-1.59458
-0.00478158
0.109779
0.446642
0.0839792
-0.00402025
0.686567
1.09868
-1.3991
-0.753213
-0.0319286
-0.590215
0.701063
-0.136365
-1.0919
-0.716766
-0.0277076
-0.95959
0.960157
1.98562
1.00995
-2.73044
-1.11497
-1.40686
1.88453
0.122652
-0.538719
0.542689
2.78606
0.156109
-0.719562
-1.49409
1.96559
-0.337561
-0.369076
0.674088
-1.38811
0.578137
-0.840663
-0.877821
0.19294
-0.888957
1.24672
1.47359
-0.712328
1.55393
-1.11031
-0.452423
1.47016
-0.293943
-0.668578
-0.622768
0.762657
0.592148
-1.51283
-0.343356
-0.808923
1.76808
1.24264
1.16458
-0.488848
-0.832917
2.14669
0.969162
0.122748
0.269311
1.14371
0.761779
1.23246
-0.423777
-0.502767
0.451629
0.385155
-1.68194
2.42468
-0.2911
-2.08168
-0.0586661
0.984574
-0.442215
-0.416055
-0.0748734
1.19843
-1.43737
-0.54366
-0.835908
-1.01192
0.0456566
0.724682
0.433852
-0.586315
-0.956511
0.774567
0.896089
0.115075
1.25069
-0.881304
0.28117
1.6078
-0.169318
0.182431
-1.45476
-1.48911
0.0298762
0.649042
-0.118852
0.28492
0.51569
-1.47652
0.23369
2.01206
-0.456539
-0.906796
-0.59237
0.767425
-0.599841
1.31649
-0.4124
0.873867
0.0283643
-0.324224
-0.315871
-0.829292
-1.23213
0.170018
-0.550658
-0.148618
0.0851171
-0.00454814
0.723821
0.831115
0.434106
-0.708793
1.05164
0.712218
-1.08637
0.0913539
0.217841
0.851296
-1.92757
1.2301
1.22546
-1.57118
-1.29419
0.143268
0.827153
0.42228
-2.64812
0.719212
-0.740097
2.84798
3.86732
-0.704288
-0.802984
1.88981
1.97151
-1.37305
-3.42224
1.66555
-0.166531
-1.08397
-1.67606
-0.127528
-1.20003
0.161734
-1.92342
-0.562648
0.587265
-0.661187
-0.620015
-0.419047
0.490545
-0.686734
0.413772
0.374718
0.635004
-0.820486
-0.793918
-0.038835
-1.10256
0.694877
-1.23395
-0.399065
1.57402
1.64583
-0.382297
-1.15093
0.686895
0.415445
0.61052
-0.649938
0.440413
0.10673
-0.980485
0.30293
-0.540078
1.09088
-0.814603
-0.557372
-0.39145
-1.15777
-2.00517
-1.25498
-2.79921
0.268076
-1.10084
0.010773
-0.727276
-0.403707
0.231567
1.9441
-0.690246
-1.36934
-0.655429
2.52601
1.88465
-1.65879
1.68287
0.418672
1.639
-0.874747
0.862195
1.11649
-0.682308
-0.0830761
1.67654
0.590187
-0.377328
0.727452
-0.471427
0.502984
0.173601
-0.440025
-0.333514
0.691911
-0.459997
-1.96922
-1.32096
-0.199182
0.675294
0.268129
0.660491
1.69536
0.0337141
-0.437728
0.000927372
0.185627
-0.189917
-0.597519
-1.04797
0.60005
-0.692433
-0.259599
0.494235
-0.957352
1.89215
-1.19771
-0.31209
0.200811
0.212375
-1.98651
-0.285261
-1.04998
0.0841123
0.119771
-0.474192
-1.14893
1.12572
0.758479
-0.650436
-0.322796
1.53862
-0.101399
-0.0711975
-1.2735
-0.836921
-0.920549
1.47099
-0.634476
-0.369239
0.275731
-0.0274503
-0.428374
-1.25077
0.817924
-0.769414
-1.28481
-0.218459
-1.12541
-0.702404
0.222705
-0.965878
-0.374071
-0.00367047
-0.405178
2.12432
0.528446
0.724348
2.04919
-0.256696
1.29948
1.9231
-1.38757
0.121621
-0.473903
-1.50461
0.976691
2.84067
-1.96102
0.49578
-0.242048
1.05889
-0.200598
0.408359
-1.51537
-0.977151
0.0230908
-0.577717
-0.492117
-0.572266
2.24463
-0.266045
-0.288393
-0.324578
-0.133997
1.71072
-0.59713
-1.01187
1.28257
-0.388883
-2.37452
0.114815
0.710971
2.28625
1.26349
-0.396232
1.11921
1.04843
0.88155
-0.476073
-1.48877
1.32393
0.412498
-0.411496
0.284551
0.474352
0.933972
0.997329
0.166835
-1.20956
0.838299
-1.09122
-0.570875
-1.26784
-1.18526
0.441713
-0.592147
-0.399224
1.05623
-0.135381
-0.398882
0.726085
-0.775612
0.386286
0.700475
-1.68932
-1.22861
-0.963807
0.757646
-0.355767
-1.28536
1.51893
0.879086
-2.24462
-1.44609
-0.870524
0.498801
0.813304
1.89146
0.619428
1.17224
-0.757211
1.89315
-0.811724
-1.13314
0.0519879
1.55503
1.88216
-1.57837
0.746482
-0.0666756
-0.942028
0.367466
-0.7859
-1.12002
1.31333
-0.606781
-1.95628
0.852899
0.0563746
-0.913883
1.18623
0.719629
0.671173
-0.772552
0.77491
-1.01556
-0.415997
0.837259
-1.6792
1.86333
0.258715
2.04256
1.69382
1.43093
-0.63555
0.506234
-0.497212
0.0849541
0.161161
0.0160839
0.503712
0.725039
-0.611753
-0.515234
0.360668
-0.570137
0.693396
-0.385817
-3.0832
-0.178722
-0.360593
1.75795
-1.11353
-0.858928
0.318781
-0.374817
-0.910878
0.678748
-0.997629
-0.516906
0.805717
-1.19944
-0.956959
1.09021
2.03393
-0.605081
2.22228
0.243982
2.43868
1.01191
2.39117
1.14637
-0.778516
-2.23888
-0.302945
2.13263
-0.175531
-0.667104
0.114493
-2.11344
0.796586
-1.14652
0.580432
1.04386
1.25511
-0.571551
-0.381935
1.59769
-1.01779
1.02263
1.08727
-2.77568
-1.25431
1.32671
-2.59969
-1.96228
0.696536
3.37538
-0.549397
-0.770888
0.170083
1.28584
-1.64557
-0.968787
1.13206
-0.400619
-1.75798
-0.912666
0.213331
0.786325
0.296314
-0.694563
0.10216
0.544998
-0.650584
-0.770811
0.841733
-0.405753
-0.731094
1.12577
0.921129
0.084636
0.536108
-0.426023
-0.611337
-0.165256
0.556564
-0.443896
-0.0801313
0.430398
0.708527
-0.584811
-1.10854
1.34291
0.438798
-1.5471
-0.706394
0.805302
-0.0741485
-0.138936
-0.404052
1.14722
1.5237
0.930277
-0.203444
0.701915
-1.22267
1.24276
0.908204
0.00341549
-1.64624
1.63464
0.493613
0.573316
0.907538
-0.199941
-0.592699
-2.44316
0.608432
0.505001
-0.628302
-0.260776
0.0349871
0.482217
1.2384
-0.0442618
0.0510017
-1.00127
0.776592
-0.561695
0.913276
0.230484
1.93159
-0.534815
-0.370807
0.37383
-0.260468
-0.758051
0.718412
-0.848111
0.814724
0.679105
-1.50095
-0.554236
1.30736
-0.48283
-0.884412
1.49592
1.05001
-1.1836
-1.49225
0.101427
-0.405015
-0.949669
1.19746
-1.13306
0.0532648
-0.527412
-0.995274
2.51442e-05
-0.872878
-0.1058
0.949341
-0.282891
1.20214
1.23449
0.191948
0.970503
0.362733
-0.817841
1.03811
-0.596053
-0.413998
-0.685359
-0.275808
-0.338369
-0.800934
-0.842915
-0.410617
-0.470914
-1.18009
0.354621
0.757061
1.004
0.881698
-0.706836
-1.48453
-0.669687
2.3005
-0.932737
1.12016
1.65236
-2.46859
-0.841989
0.254263
-1.31118
0.615591
0.471069
-0.307319
-0.35264
3.05366
-3.48051
0.412765
0.440227
0.579847
-0.132204
-0.602017
-0.76259
1.41156
-0.17554
-0.549966
-0.624457
0.0538611
0.118202
-0.254855
-0.528757
1.68169
0.0564552
-0.644855
-0.5996
-0.228783
-0.0943505
-0.177871
0.791578
1.10642
-2.05181
0.129789
1.03968
2.33802
-2.01572
0.12967
2.06121
-2.30745
0.736812
0.48038
0.201077
-1.02429
1.60494
0.507428
-0.52137
1.04861
-1.35252
-0.23067
-0.432856
0.439747
-0.336269
-0.210982
-0.515737
0.496583
0.360809
0.279791
-1.14542
-1.15997
0.0164754
2.38072
2.70986
0.0174891
0.343095
0.364872
0.1676
0.634059
0.151317
-1.46516
-0.898052
-1.42582
-0.412907
0.418168
0.503394
-0.721573
2.08934
0.435126
0.246804
1.83822
-0.0964562
-0.350824
-0.363455
-0.481199
0.49462
-1.82154
2.38843
-0.660785
-0.509871
0.498356
-2.33852
1.94923
1.20911
-0.263835
-1.3881
0.406355
0.451233
-0.122973
-0.331425
-0.505945
0.536735
2.29242
-0.166119
-1.34345
1.13012
-0.298001
0.63969
1.87641
-2.72442
-0.909843
0.601325
-1.61391
0.808036
-0.12789
-0.697701
-0.245763
-0.565663
0.570677
1.21438
0.191284
0.197173
-0.520594
0.385086
0.146778
-0.0461744
-1.04415
-1.22232
-0.406587
-0.363631
0.047309
-1.21405
1.69898
0.0944909
-0.968667
-0.578029
0.305756
1.03204
-1.76296
2.63657
-0.885656
0.625732
-0.192126
1.01258
-1.63411
-0.733173
0.329806
-0.145589
0.341998
-0.164154
-0.286974
-0.184422
0.540336
-1.36073
-1.05804
-1.12753
0.644079
0.669918
0.755561
-1.19432
-0.728212
2.003
-1.65834
0.415506
0.567768
0.236
-0.255834
-0.463842
-1.56946
1.0079
0.884963
-1.12834
0.271381
-0.547436
-1.11469
0.88193
-0.337941
1.61126
-0.0826807
0.839772
-2.36754
1.10459
-0.242181
-0.613869
0.838415
0.600238
0.891115
-1.35102
-0.133835
0.146793
0.291502
-0.774108
0.634316
0.400387
0.575681
-0.0964926
-0.335202
-1.22561
0.193479
1.75782
0.723568
-0.49812
1.24346
1.20963
0.420517
-0.161521
-0.144682
-1.88153
-0.102246
-0.107906
-0.0616029
0.697331
-0.736355
0.580462
-0.176256
0.815925
1.43575
-0.511414
-1.12848
-0.269668
-0.379599
1.39973
-1.44116
-0.699022
0.341808
0.484918
2.03213
0.142945
-2.0812
-0.863146
1.4725
1.33708
-0.122352
0.118001
0.0243314
-1.76934
-1.61394
0.308238
1.06862
1.02915
0.570463
-1.14757
-1.16969
0.366688
0.498014
-0.926664
-0.756664
-0.375185
0.131957
1.77443
1.21066
-1.49761
1.55621
0.765951
-1.09365
0.363812
1.02319
0.201118
0.81328
-0.416975
0.00167806
-0.895565
-0.317494
0.842272
-0.966194
-0.784122
0.283698
0.471531
-1.415
0.88836
0.854733
-1.63317
-1.04286
-0.322968
-0.368277
0.405307
1.86091
1.39198
-1.93543
0.697798
0.243402
0.321438
1.07712
-1.24965
-0.923563
0.69992
0.169584
-1.12521
0.424308
0.810968
1.13479
0.496416
0.812874
-1.66845
-0.029912
0.169153
0.556572
-2.81231
-1.02401
-1.93725
-0.957559
0.155402
-0.530457
-0.648113
1.68079
1.11103
-2.88634
-0.807073
1.77375
1.01921
0.185923
-1.42361
0.482413
0.204588
0.132282
-0.738791
2.39425
-1.2601
1.00921
0.579636
0.975461
0.0965719
0.60353
-2.19274
-0.999618
1.17303
-1.61487
-0.452527
-0.771413
0.948319
-0.749561
0.765146
-0.44692
-0.0143659
0.780381
-0.889512
0.781544
-1.31674
-0.113479
0.468278
-0.393644
0.144678
1.48076
-0.782592
-0.00305328
-1.39308
1.126
-1.23675
1.09614
0.916723
0.667961
-0.713253
1.03445
-1.23775
0.475796
-0.394578
-0.767436
-0.136837
-1.18046
1.8921
1.07504
0.653445
0.512293
0.457683
-0.132792
0.0500813
0.50241
0.192528
0.29509
-0.170406
-0.893868
1.33281
0.758803
0.506676
-0.811543
1.4827
1.0115
-0.0288314
-0.24871
-0.0530553
0.167326
0.298029
-0.261316
0.0506318
-0.0581292
-0.503954
0.179765
0.733982
0.777491
0.775255
0.549392
0.59958
-0.95916
-0.267989
1.02215
-0.0548281
0.635727
-0.860281
-0.319178
0.795179
0.236992
0.00462246
2.44944
-0.522415
-0.787829
0.500115
0.4266
-1.52577
-0.250758
-1.63136
0.648418
-1.17079
-0.288675
-0.206082
-0.384478
1.4494
-1.02407
-0.0645874
0.183007
1.75006
-2.42612
-0.00104068
0.784039
-0.113638
-0.397509
-1.59174
-1.57043
-1.58186
0.352008
2.25771
-0.818784
-0.332975
-0.475198
-1.57674
1.1216
0.0428405
-1.93689
-1.06421
0.587722
2.4619
-0.78754
1.76924
2.41518
1.33905
-2.14948
0.679027
-1.27662
0.069355
0.883033
-1.58452
-1.90216
0.75537
-0.488868
-1.0955
0.0602411
-0.0726145
0.321279
0.662236
-0.298409
2.34546
0.248007
0.415263
-0.737672
-0.540335
0.813642
-1.49639
-0.0317369
0.459489
0.277766
-0.202612
-0.497317
1.42848
-0.479979
-0.21312
-0.25676
-0.0858067
0.936554
-0.281299
-3.29416
0.241028
1.44447
0.0944166
1.29213
0.634167
1.07846
-0.979022
0.84214
-0.473371
-1.56045
-1.09329
2.1111
-0.875793
0.717627
-0.975777
-0.0175817
-0.196824
0.479781
0.246858
0.900746
1.351
0.0595839
0.820565
0.424454
1.41785
-1.38732
0.175725
-0.723658
-0.815246
-1.14392
1.31586
1.25224
-2.66101
0.104992
0.251698
-2.45549
-0.102479
0.95166
0.785712
-0.606116
-0.0022706
0.362013
-1.19817
0.872534
-0.734265
1.20186
1.13024
-1.6344
-0.0772952
0.680096
1.06186
0.364889
0.242174
0.623502
-1.27478
0.43513
-0.162274
-0.227504
0.00592789
-1.02205
-1.20598
-1.02506
2.22027
0.392182
0.532634
-0.841601
1.05666
-2.1486
-0.829967
0.831543
0.755382
-0.655055
-0.452103
2.07669
-1.05216
0.915479
-0.174388
1.26094
-0.44665
-0.97196
0.941028
0.00513052
-0.460563
0.00455054
-0.487233
0.193182
0.282796
0.125582
-0.658922
-0.468224
-1.5881
-0.155562
1.14286
1.47865
-1.32965
-1.12379
0.961568
-0.150808
-1.72758
-0.428372
0.69733
0.313265
-0.720007
0.0301451
0.0245294
-0.654207
0.156881
-0.125651
-0.0190085
-0.150213
1.2973
-0.225984
-1.53743
0.718594
0.588354
0.929201
0.327716
-1.84016
-1.50846
0.935228
-0.660092
-1.15683
0.757608
0.15313
-0.964977
-1.17211
-1.37473
0.163178
-1.73627
0.631217
1.09582
2.42299
-0.335846
-0.214347
1.3215
-0.198981
-1.6219
-1.29765
0.270319
1.78156
1.25671
0.324058
0.399462
-0.0527698
-0.0467195
0.763226
-1.20757
0.403739
-0.608132
0.617782
0.12306
-0.0706541
-0.802341
0.537039
0.366267
-0.601937
2.67219
0.204039
-0.150675
0.535518
-0.489165
1.06791
-0.573483
0.885693
0.964798
0.98389
1.65586
-1.60103
1.71381
0.506213
-0.202028
-0.131502
0.836459
0.132353
1.21991
1.41868
-1.06055
1.19752
0.150255
0.55416
-0.0590652
-0.097243
-1.89268
1.91584
0.774142
0.372131
0.0422539
-0.710982
-0.45842
-0.877346
0.182812
-0.349047
-0.950747
0.399793
0.235275
0.00314847
1.41756
-0.527586
-0.557366
0.0763909
2.373
-1.03403
-1.31508
0.419834
0.357724
-3.07624
0.356718
1.11358
0.398022
-1.32292
-1.52353
-0.883562
-0.95593
1.43744
-0.788141
-0.517945
-0.340572
-1.35115
1.71027
-1.27267
0.725753
-1.47909
0.318124
-0.348153
0.327538
1.00253
-0.104592
-0.558902
-0.0990185
0.544241
-0.888546
1.03149
-1.15681
1.01729
1.02557
0.329964
0.395311
0.792125
1.34488
-1.70109
-2.4095
0.489824
0.80777
-1.26072
-0.528636
0.558607
-0.813364
0.259137
-0.0497382
-1.75866
-1.8513
0.607604
-0.0736909
-0.79573
-0.687471
0.615822
0.529035
-0.585574
0.0379029
0.656433
-0.050349
-1.18443
-0.399563
0.799127
0.357896
-0.645837
-0.466769
-0.0777858
1.32219
0.565823
0.408344
-1.68752
2.43497
-1.95651
1.24083
0.543646
-2.20148
-0.464339
-1.078
-0.339675
2.18821
-0.421875
-1.53015
0.46527
0.0999605
0.737259
-0.601592
0.392874
0.773991
-0.709288
2.09553
0.147092
0.24148
1.77375
1.4645
-0.690382
0.384794
-0.996605
1.47469
0.732847
0.92689
-0.0608721
0.112753
-0.202669
-0.59163
0.78128
1.0776
-0.746026
-1.11885
0.199695
0.531475
0.487815
-1.48577
1.58815
-0.799066
0.122957
-0.924035
0.298317
-0.324684
-0.231745
1.41539
-2.87294
-0.91037
1.0454
0.324591
0.431719
1.27635
0.202891
-1.12767
0.630174
-1.08778
-3.21
-3.16019
-1.1697
0.312854
-1.78069
-0.00965282
0.788633
1.42287
-0.327451
-0.534728
0.0968581
2.6398
0.269248
0.65771
0.647458
-0.733182
-1.57614
-0.0185997
-0.330795
1.49514
0.0963772
-2.0895
1.55712
-0.896358
0.73939
1.62753
0.446237
-1.33168
-0.0251403
1.43649
