1.85933
-0.0803353
-0.167264
-0.799106
0.426147
-0.916148
-1.39895
-1.30537
0.842262
0.648645
0.576649
1.65633
-0.357779
-0.961187
3.03782
-0.0684135
-0.0515475
-0.234933
-1.66387
-0.739729
-0.798755
-0.721168
-0.89314
-2.6651
1.56923
-0.648943
0.603842
0.314559
0.658357
0.429513
-1.08525
-0.103115
1.72275
-0.00960753
0.424351
-0.178653
0.881842
0.0722934
0.466725
-0.284604
-1.04021
0.0152404
-0.840433
0.397142
-0.754603
0.0539411
-0.196924
-1.44579
-0.735685
0.623129
-0.013303
-0.283108
0.739968
-0.207375
1.42958
0.903872
-0.46651
-1.22262
-0.889738
0.552578
-1.64632
-0.91735
2.03469
-1.83586
0.854014
0.254721
-0.0308881
0.115218
1.5116
0.797243
0.662406
0.356796
2.09605
-2.53034
0.798843
-1.38574
-0.68568
1.30417
-0.459874
-0.363489
0.0377226
-2.26044
1.29384
2.5951
1.22232
-1.17915
-1.96367
0.584222
-0.20761
0.981962
-1.49139
-0.535428
0.783944
0.428304
0.709669
-0.606019
-0.43655
0.0571331
-1.69756
0.335526
-0.571123
1.47317
0.279215
-0.100418
-1.28526
-1.10666
0.555524
0.322813
1.30696
-1.7155
1.10433
-1.24995
0.244504
0.105491
-0.0271778
-1.14308
0.874566
1.14457
-0.972035
0.621827
0.78607
0.910548
0.170894
0.79582
-0.675028
2.21721
1.43399
0.504093
-1.67094
-0.188503
0.807523
0.248472
-3.35434
-0.239608
-0.41697
0.147061
0.556027
0.711846
-0.115012
0.310449
1.48857
0.727901
-0.536336
-0.0369798
-1.94959
2.26012
0.732179
-1.77844
2.13196
-0.212715
-1.06837
0.705351
-0.556805
-1.14595
1.16279
1.01655
1.66874
-2.26373
0.973233
0.382636
-0.0560812
0.596094
-1.02169
-0.805122
0.9358
0.201241
-0.699082
-0.512156
-0.353439
-0.721152
-1.71208
-0.472109
-1.50639
1.09243
-1.65471
0.69039
0.0586961
1.68881
-0.61638
-1.42947
-0.735778
1.35812
0.0899819
0.345137
-0.0740773
-0.246609
0.51792
-0.268195
0.363027
-1.71294
0.180923
0.0205396
0.828936
0.195744
-0.848877
0.391413
1.07426
-1.89781
1.02361
-0.501845
-0.401348
0.394002
0.623915
1.02014
1.03906
0.491422
-0.361701
-1.28463
0.93567
-0.148005
-0.447032
0.336897
0.864063
-1.72724
-1.31799
0.174336
0.300992
0.137563
2.21451
0.733096
-1.00409
0.938529
-0.0535119
-1.50645
-0.877675
0.771391
0.0490408
0.703589
-1.44695
1.58357
-0.0090681
-0.539236
0.121556
0.323803
1.3415
0.32331
0.314596
-1.026
-0.474547
0.379774
-0.124974
0.512139
-1.01236
0.110085
0.977878
-0.735361
2.23994
-1.16363
-0.964336
-1.37952
-1.13533
-0.439368
-1.88529
1.12089
0.719654
-0.340706
0.838557
-0.103341
-0.916338
-1.68918
-1.59667
0.634025
-0.859664
2.22102
-0.905145
0.26167
0.471694
1.09683
-1.20619
0.917994
0.793245
-0.298909
-2.22645
0.757379
0.235006
-1.04615
0.286569
-0.048278
-0.394092
0.212847
-0.22446
-0.869506
1.81934
0.939981
-1.54355
-1.67537
0.455012
0.175611
0.464907
-0.893756
0.474211
-1.18213
0.824819
-0.692604
0.534399
-0.247056
0.891358
0.317204
0.452061
0.103542
0.138448
0.0883344
-0.624823
1.60787
-0.174606
0.365399
0.0300627
1.06863
1.68531
-0.89333
1.70081
-0.0644542
-0.563597
-1.44672
1.64935
0.182607
-0.253742
-0.327165
1.44292
-0.818985
-0.544577
1.31418
-1.06279
0.160885
-1.08243
0.802275
1.33369
0.369674
-0.848223
-1.1579
0.913824
-0.451749
-0.436999
0.334597
0.562467
-0.708738
-0.33641
0.049784
-0.494956
0.0791425
-0.834631
1.75134
0.180552
1.0014
-1.11797
-0.302899
-0.472473
-0.0730861
1.19769
-0.0189748
-1.25025
2.16837
0.488193
-0.347537
-0.345752
-0.229134
-1.21304
-1.75957
0.320502
-0.538895
0.767259
0.795966
0.979663
-2.54706
-0.362723
1.13538
-0.91437
-0.17034
1.28219
0.0298178
0.79922
0.00140691
0.382731
0.750457
-1.82802
-0.627522
0.458484
-0.716596
0.206384
0.141889
1.40132
-1.3256
-0.00330305
0.756428
0.432332
-0.000814046
1.48184
-0.696564
-0.76345
-0.756829
-1.37979
-0.15682
1.83212
0.70051
0.538862
-1.83842
-0.260014
0.303536
-0.250906
-0.41236
0.0154668
-0.885646
-1.21818
0.338109
-0.132419
0.955448
-0.0294321
2.93764
-0.00940418
0.00437138
-0.448983
-0.621832
0.706402
-1.47315
0.970369
-0.532239
0.0681503
-0.713013
-0.0167412
-1.20994
0.215445
-0.173527
0.258847
0.694194
-0.159998
-0.196019
2.05225
-0.891673
1.8182
-0.76298
1.64246
0.698285
-1.24628
0.468437
1.48119
-0.352615
1.83223
-0.859942
-0.0760893
-0.0918145
-0.270496
-0.731614
1.08854
1.07867
-0.615457
0.00478241
0.598316
-0.523498
-0.612479
-1.03757
0.622596
0.215095
-0.319587
0.624502
-0.504494
0.460483
0.406337
-0.519114
-0.112147
-0.441256
0.394548
-0.388157
0.55998
0.425743
-0.67923
-1.31308
0.440374
1.76545
0.407445
-0.274922
0.450868
-1.04563
-0.214255
-1.11838
0.748575
-1.74566
1.08222
-2.20258
-0.621626
-0.561047
-0.246501
-2.11393
0.141199
-0.135942
-0.626402
1.13398
-1.36588
0.934997
0.751228
0.411471
1.03649
-0.651364
-0.823087
-0.964134
1.09274
0.555169
-1.52841
1.0328
0.0567339
2.54938
-0.142789
-1.17044
-0.191444
-1.7479
0.439081
-1.04496
-0.224139
1.48172
1.23393
-0.0551321
-0.997013
1.01146
0.793055
-0.181437
0.948975
-1.50296
0.309283
-0.524968
-0.0909313
1.47562
-0.111677
-1.34048
0.82795
0.202754
0.572714
-0.11525
1.32157
0.783392
-0.177849
0.597502
0.388725
-1.57034
-0.0026274
-0.0682775
-0.175121
0.66227
0.805353
-0.989728
-0.877579
-0.521326
0.819728
0.460436
0.391345
0.291992
0.440181
-0.257918
-0.49914
0.0678321
0.479643
-0.080121
2.08431
-0.196918
0.398686
-0.138303
-1.58115
-1.81803
-0.62506
-0.988008
-0.850804
-0.738048
-0.0444462
1.62419
-0.256511
-2.56027
0.428045
1.48869
-0.13706
-0.327139
0.231923
-1.32239
-1.19562
0.164947
1.26452
0.0873384
0.695376
1.27695
-1.20791
1.95013
0.504968
0.296447
-0.513919
0.836523
0.410453
-0.990671
1.52921
0.18971
-1.46831
0.781519
-0.754504
-0.978461
1.64566
-0.385206
-0.802493
0.246536
-0.651546
1.35522
-0.584461
-0.0515812
1.2546
-0.0607147
-1.85785
0.621473
1.41746
-0.351134
0.578549
0.444511
0.172917
0.0741222
0.00508028
-1.34854
1.14585
0.535178
8.25898e-05
-1.60334
-0.0828261
1.16295
0.964224
-1.39696
1.61737
-0.471747
0.448899
-1.25675
-1.40848
-0.963127
0.674861
-1.20317
-0.223511
-1.78786
-0.148154
-0.158166
0.0778981
-0.658407
0.720157
-0.719293
-0.307625
1.35468
0.285885
-0.187473
-0.907391
-0.405398
1.23842
0.428812
-0.376711
-0.79321
0.69039
1.99397
-0.479965
-0.407535
-0.506917
0.0907428
0.175668
-0.223854
0.828567
1.45802
0.255566
-0.919662
-0.640466
0.153575
1.07742
-0.973104
1.0146
-2.11299
0.851849
0.629169
0.917768
-1.12347
-0.122992
-0.329497
-1.24028
0.879532
0.275559
-1.44304
0.411678
-0.206663
1.8317
-0.803436
-0.138918
-1.37173
1.85521
-0.55991
0.347857
-0.0770915
-0.582602
0.993549
-1.39322
0.288638
-0.8382
0.553481
-0.127577
0.326016
-1.47233
0.233214
0.910704
-1.41355
0.434734
0.915911
0.564169
-1.88056
0.987272
-0.663623
-1.35201
0.11165
1.4222
-0.0314166
0.0720352
0.0630563
-0.0414469
0.891123
-0.0504706
-0.604964
0.109134
2.09956
-0.822493
-0.273818
0.175908
-0.0206124
1.04061
-0.506397
0.683328
-1.66214
-0.0677027
-1.67342
1.44372
1.35899
-0.148288
-1.29528
-0.416092
-0.458417
1.40413
0.0110647
-0.554575
-0.281782
0.420441
-0.0191585
0.87665
-0.469286
1.0969
-0.0285136
1.49903
-0.214107
0.870147
-0.344189
-0.585468
-0.831666
1.53049
-1.35414
0.365872
-0.250175
0.959048
-1.5785
0.258045
-0.313206
-0.258123
-0.147045
0.253677
0.0873425
-0.173293
0.319777
-1.33392
0.233695
0.0550651
-0.592089
-0.170525
0.400249
1.68933
1.20191
-0.63332
-0.39828
0.917084
0.398535
-0.576609
-0.995892
1.74049
0.188378
0.608589
-1.03576
0.274872
-0.377153
-0.71469
1.82787
-0.354204
-0.204854
-1.66429
0.941189
-0.458591
-1.04027
-0.577663
-1.18387
-0.387872
-1.5768
-0.941652
0.22192
0.0169927
0.812308
0.752721
0.8367
0.480688
0.0514846
0.676769
0.248454
0.778115
0.510983
0.104443
-1.01402
0.743
0.444772
0.666945
0.125351
1.03412
-0.506677
0.491748
-1.19941
-1.9035
-0.0532728
1.33825
0.663476
-1.58782
-0.220106
0.294617
1.37655
-1.79259
-0.236434
0.662708
-0.557508
0.317786
-0.683632
-0.1333
-0.853515
1.14136
-0.516329
0.480578
0.519798
-0.326968
-0.528346
1.99973
-1.31791
-0.339575
1.10275
1.06092
-0.786568
1.48985
0.51968
-0.771974
-0.784376
-1.18243
-0.0571273
-0.506102
0.477695
-2.48375
0.00208163
0.024905
-0.0775904
-0.0323913
0.268679
0.431479
-0.592542
-2.04213
0.300111
-0.454725
1.0406
-1.62305
-0.690835
0.388755
0.0987675
-0.691853
-0.0808032
-1.15416
0.584383
0.850017
1.00851
0.574774
-1.17528
-0.998437
0.312679
0.424368
-0.804852
0.89578
1.39913
-0.328571
0.191107
1.79438
-0.367887
0.123685
-0.849479
-0.0374547
0.373461
-0.261917
-2.32489
-0.697464
1.83713
-0.0539061
0.0201735
2.22484
-0.171881
-0.804101
-0.35053
0.206869
-0.314465
-1.01911
0.308493
0.686292
-0.702583
3.17339
0.930631
-0.815206
1.37656
0.291672
-1.0478
-0.0192253
0.607931
0.208433
1.43863
2.23031
1.47697
-0.336328
-0.124659
0.535538
-0.369939
-1.41021
0.00783061
0.681518
1.13562
0.709348
-0.783405
-1.90086
-2.59356
0.18118
0.678337
-1.58541
-0.474337
-0.346741
-0.578865
0.724112
0.22067
-0.911556
-0.659199
1.06728
-0.752251
-0.821705
-0.0292426
-0.569799
0.790288
-0.0122762
-0.280711
0.618044
-1.15112
1.29242
2.02228
-0.777838
-1.0751
-0.382661
-0.29219
-0.498948
0.791276
0.773145
1.23127
0.501652
-2.18586
-0.533622
-1.02127
2.5569
1.14159
0.866476
-0.538959
0.742215
1.02383
-0.371931
-0.176153
-0.0780964
1.66507
-0.836618
0.0226315
1.07711
1.51667
-0.555083
0.254751
-0.813599
0.815646
1.46711
-0.106206
0.200531
1.14801
1.44931
-0.172348
1.30466
-0.100996
0.403132
1.52015
-0.570251
-0.896809
-1.87689
2.90148
-0.957239
-0.681852
0.551599
1.37315
0.515047
-0.653843
-0.742376
-1.02667
-0.858588
-0.744213
-1.19557
-0.653169
1.34667
0.259634
0.574899
0.261464
-0.213777
-0.284111
-0.457373
-1.46153
0.844458
-1.41545
0.38535
0.970915
0.0718204
0.250589
-1.18805
0.576037
-0.539882
0.0312489
-1.08018
0.377071
1.89855
-0.637666
1.33916
-0.0753608
-0.418786
0.043948
-0.553709
1.0212
0.839351
0.0012866
-1.05046
-0.424202
-1.05228
1.25076
-0.414167
1.03402
-0.494943
-0.0988029
0.328591
0.692666
-0.528692
-0.935316
0.950686
0.00609243
-1.80645
1.11633
0.577072
-1.8267
0.487788
1.43217
-0.0940875
-0.337696
-2.00174
-0.784689
-0.989694
1.43141
-0.276686
-0.50751
-0.367277
1.15854
0.473296
-0.842541
-0.3404
0.278614
0.719933
0.950178
0.194623
-0.71962
-0.0602128
-1.32932
-1.14868
-0.308794
-0.638017
-1.33054
-1.0024
1.02252
-0.125736
-1.27867
0.10485
0.599708
0.779114
1.04928
-1.4144
0.7731
-0.741898
0.674459
-0.998717
0.378659
2.08853
-1.69389
-1.27805
1.29614
-0.407583
0.337826
-1.46289
0.413081
1.09864
-0.0272418
-0.838243
-0.486379
-1.45368
0.85823
1.21927
-0.268631
1.32144
0.256057
-0.763623
-0.414537
-0.372147
-0.0224202
0.891954
-0.553354
1.06373
-1.1746
0.55076
1.40438
-2.8484
0.766363
-1.05681
-0.122882
0.387222
0.862787
-0.732333
0.610787
-0.944879
-0.695719
-0.0069406
0.53334
0.360648
-0.936038
1.38705
0.305487
0.783854
1.9161
-0.727676
-1.07563
-0.167902
0.711594
0.784516
1.78648
-0.696663
-0.829021
1.33039
-0.807663
0.669416
-0.0740692
0.367748
-0.978922
0.165317
-1.2308
0.673186
-2.32224
-0.621389
1.00814
-1.40883
-0.0772586
-2.18205
-0.265591
1.24396
-0.576218
-1.19159
-1.22425
0.393203
0.625959
0.813276
0.294836
1.06286
0.161632
1.09334
0.495893
0.233839
-1.08619
-2.12047
1.40354
0.134538
-0.0374174
0.504754
0.0458135
-0.390549
-0.205765
-0.276973
1.06611
1.76652
-0.0982897
-1.80817
-0.236053
-0.66875
-0.144404
-0.528457
0.609086
0.135004
1.02463
0.1362
-0.592526
-1.47297
0.29819
1.18235
-1.07692
-1.37782
-0.174857
-0.267151
-0.386396
-0.890295
0.00582601
-1.39509
-0.321036
0.452745
-1.78705
0.952361
0.55196
1.00807
0.272122
0.0257675
-1.10259
1.55951
-1.26992
0.586801
-0.0286537
-0.778675
0.393511
1.31417
2.46298
-0.0314718
-0.124251
0.710742
-0.428284
1.20131
0.53001
-0.155137
-0.542957
-2.49773
0.483098
1.71377
1.41044
1.3234
0.257428
-1.30551
-0.20968
-0.216861
0.536456
-0.458826
0.182866
-0.020341
0.872485
0.453944
-0.246205
2.37411
-0.461833
1.46848
-1.18607
0.682617
1.30346
0.312976
-0.72191
0.743675
0.25489
0.477053
-0.409194
-0.183912
1.00897
0.581578
-0.937184
-1.33622
-2.796
0.0529311
0.161674
-0.123912
-1.06787
-1.71132
1.37164
-0.653772
0.90418
0.285969
0.0132726
-0.368472
-0.569298
-0.577558
0.494405
-1.68259
1.11512
-0.594113
-1.0221
-0.169137
0.437248
0.487665
-2.31931
-0.283052
0.832605
-0.726571
-0.215202
0.9739
1.11565
-0.55578
0.922627
-0.0720866
0.985252
0.470602
-0.718412
1.57912
-0.4069
-0.738985
0.920926
0.0563443
0.983268
1.14742
-1.61048
2.44347
0.514626
-1.68617
-1.1989
0.831479
1.06177
0.406339
-0.833555
-0.569066
0.827464
1.42196
-0.82318
-0.692434
0.46169
0.271613
-1.8057
0.143485
-1.47342
-0.167402
0.903765
1.61723
-0.88973
-0.939924
-0.885548
-0.914007
-0.385561
1.08836
0.102401
-0.526248
0.265324
0.342274
2.37613
0.608988
0.564191
-0.309469
0.280158
0.463986
-0.939838
-0.240697
0.634593
0.171843
-0.0292042
-0.530952
1.56506
-1.81774
-1.77197
0.760302
-1.40763
-0.872364
-0.470511
2.14004
0.655526
1.44281
0.167364
-0.349758
0.776577
1.42656
-1.32333
-0.106535
0.150456
0.0255313
0.263111
0.928337
0.359417
-1.30904
-0.214118
0.337386
0.568651
0.0917261
1.45603
-1.2317
-1.6722
0.311944
-0.100943
0.868314
-1.28748
-1.22518
2.03817
0.90972
-1.32422
-0.0322312
0.0914743
0.819548
-0.298816
1.37673
-1.4925
0.724337
1.98158
0.144552
-2.41136
0.446377
-0.310464
0.726171
0.293071
1.30399
-0.461995
-1.09427
1.26312
-1.09777
-0.398509
-1.03965
-0.553674
0.455736
-1.1311
0.784883
0.539439
0.539159
-1.97609
0.240092
-1.28799
1.09605
0.301336
0.272114
1.35687
0.35288
0.70699
-2.97224
0.343338
-0.549542
-0.540521
0.755577
0.803688
0.447533
0.923463
-0.121276
-0.573653
-0.794344
-0.423303
0.323653
-1.35511
0.251587
-0.564244
1.12395
-0.21475
-0.260949
-1.17068
-0.859185
0.850613
1.13328
1.06611
-1.02442
0.180306
0.508752
0.0805659
0.904871
-0.315748
-0.0392956
0.26919
-0.554256
1.22932
-2.04675
0.667681
-0.989497
-2.0758
-1.21894
1.47748
0.665166
0.15281
0.948164
0.373583
-0.97496
1.31515
-0.15621
-0.377543
1.70423
-0.419322
0.648065
1.55869
1.20385
0.509161
-2.01455
-1.46267
1.89955
0.34298
0.0162837
0.391234
0.0577839
-0.891234
-2.36026
0.106048
0.0191439
0.535094
0.546267
-1.92981
0.562855
1.4174
-0.312291
-1.92287
0.040427
1.07082
-0.101438
0.00597267
0.878634
1.56185
-0.0702916
0.198531
-0.0465673
0.891104
-0.677048
0.756134
0.884174
2.04166
1.90747
0.201562
-0.495097
-1.12386
0.532775
-0.684469
-0.486779
-0.101872
0.459418
-2.37578
1.54563
-0.949323
-0.367212
0.191123
-1.50581
0.0225092
-0.798544
-0.155563
-0.0995931
-0.548634
-0.918858
-0.421445
-0.555974
-0.938629
-0.651962
-0.213257
0.333115
0.170833
0.619995
-0.422026
-0.0455567
0.384567
-0.199247
0.251168
-0.158171
0.101319
0.00572455
-0.66032
-1.37381
-0.316482
-0.645739
-0.928079
0.782326
-0.730236
0.642121
-0.523509
-0.859148
-1.55874
0.0788897
-0.751232
0.961035
-0.10797
0.299037
0.00958597
1.59707
-2.36787
0.132019
-0.390353
0.174844
0.4199
-0.668869
-0.129123
-0.151589
0.653599
0.716334
0.842676
-0.533143
0.116377
-1.13237
-0.00476592
0.107496
-0.260711
2.91942
0.224799
-0.440429
-0.679817
-0.575459
0.511339
0.498537
0.667399
-1.27161
0.580472
-0.624339
-0.567027
-0.410447
-0.037425
-1.38984
0.711482
0.511856
-0.300016
-0.884648
1.44129
0.303595
-0.618519
-0.43705
0.499068
1.46591
-1.0862
1.06589
-0.509894
0.348025
-0.6608
1.03569
0.440379
-0.303903
-0.444321
1.11558
-0.179315
1.05433
0.44477
-0.014078
1.18767
-0.566166
-0.713781
-0.205852
-0.64831
-0.762801
0.284062
0.578544
-1.19036
-0.629406
1.10718
-0.00368942
0.157497
-1.1861
1.2865
0.000643601
2.51755
-1.02735
-1.58577
0.537685
-0.274089
-0.913808
-1.25935
-0.674774
-0.652777
-0.026631
1.51874
0.373393
-2.09592
-0.963621
1.58432
0.414329
-0.667788
0.130173
-0.245441
-0.363884
-0.258757
1.30968
-1.27252
0.174397
0.637211
1.66878
0.259781
0.944231
-0.348086
-0.850246
0.388411
0.726296
-0.348932
0.51123
0.123905
-0.0849887
-1.13815
-0.654227
-0.814002
0.797855
1.02393
-1.42715
-0.453459
-0.225983
-0.509089
-0.0455607
-0.527111
-1.18523
-1.41291
2.51342
-0.570169
0.826214
1.35083
0.461382
0.34372
1.23508
-0.331508
1.0671
-1.54262
1.15854
0.427728
-0.762016
1.21449
-0.348754
-0.164288
0.141273
0.448402
-0.494791
2.33148
-0.0960377
-1.15932
0.58661
0.193939
-1.43154
-1.45194
-0.0575678
0.562235
0.221041
-1.5539
0.770292
1.46724
0.707577
0.199429
0.398262
0.756066
-0.239723
0.732317
-0.307008
0.231308
0.413677
-0.666606
-1.37032
0.38253
1.41998
0.576399
-0.261007
0.485628
-0.213739
-1.53931
0.0609155
0.842112
1.0019
0.296716
0.561722
0.505863
-0.387405
0.124403
-1.40621
-1.21274
0.693319
-0.883065
0.206112
-1.2609
0.516011
0.188916
-0.256053
-0.320762
-1.09919
-0.606057
0.405509
0.168497
-0.292433
-1.19548
0.793548
-0.129071
-1.17917
0.182614
-0.502049
-0.371889
-1.20232
-0.745545
-0.65717
2.23845
-0.487424
-0.385874
-0.581977
-0.0867987
-1.67154
0.983906
1.54005
-0.0599081
-0.127618
-0.206041
-0.330658
-0.0144162
0.433459
-0.133951
-0.721225
1.23901
-0.640443
1.31498
0.649204
-1.06295
-0.973209
-0.389801
0.495098
-0.157937
1.11989
-0.884946
0.729285
-1.20701
-0.138525
-0.251707
1.47239
0.30436
1.81239
0.723604
-0.374652
0.252667
-2.62065
0.594717
-0.152607
0.60546
-0.0542421
-0.838669
-0.204949
0.184882
-0.893835
1.07454
-0.184701
-0.0646692
0.355444
0.391392
0.835494
0.280359
0.916668
0.86435
0.219132
-1.47133
1.74107
-0.43416
-0.831465
0.530139
0.0432967
0.177064
0.558906
-0.508441
-2.26405
-0.0992239
0.318634
-0.124364
-0.861755
0.11692
-0.533452
1.54247
0.582687
-0.788862
1.00321
0.321733
-0.0932476
-0.0812632
-2.37736
1.56818
-0.7903
-0.835219
-0.426616
-0.159298
1.10116
-0.703355
-0.83553
0.707349
0.952756
-0.779044
0.0876012
-1.00811
0.352537
-0.83009
1.01722
0.00508979
-1.29345
-0.186315
-0.615408
0.126136
-0.0325417
-0.8613
-0.532854
-0.654927
0.488933
-1.22798
-0.58879
0.592812
0.251359
-0.924956
1.19889
-0.0655255
-0.992715
2.56518
0.604695
0.82257
0.555145
0.189424
-1.18102
0.102044
-1.40395
0.858627
-0.29581
1.07264
-0.65612
-0.834142
0.704022
1.14326
-0.373572
-1.45484
-0.182634
-0.105732
-0.924447
1.93025
-0.82496
1.34187
0.45205
0.542445
-0.168515
-0.208885
1.64732
-0.429439
0.0719976
0.232945
-1.30271
-0.240044
0.334269
-0.198952
-0.0243749
1.62064
-0.891842
0.465883
0.529757
0.52262
0.346098
1.86518
-0.385705
-0.606735
0.551449
-1.52399
-0.127868
-0.0756219
0.191331
-0.479214
-0.863994
0.249454
-0.436526
1.54583
-0.823654
-0.559567
0.399178
0.336161
-0.650399
0.949498
1.12968
-1.71984
0.875298
-0.662259
0.0827609
3.22213
-0.123448
-0.789596
-0.351885
0.665971
-0.445687
-0.560542
-0.443306
-0.108932
0.290826
0.954979
-0.845668
0.986384
0.0190162
0.400741
0.0272641
1.21826
-1.24396
-0.743849
0.317652
-0.162754
-0.989636
1.10923
-1.13844
0.655408
-0.917215
1.48055
-2.72651
1.26265
-0.586849
1.0206
0.648099
0.185842
0.587505
0.307377
-0.184437
-0.108522
0.495146
0.219663
0.483557
-1.00524
-1.30607
0.483174
-0.28534
-0.969448
-0.177056
0.887384
-1.68959
-0.735949
0.167215
-0.0346364
0.0348346
-0.0943478
-0.170967
1.53289
-0.825686
-0.194207
0.64822
0.434863
-0.0131517
0.707303
-0.109547
-0.593701
-1.6154
-0.900085
1.02626
0.189887
0.233226
0.0955949
0.281555
-0.243914
0.917665
0.295297
-1.00296
-0.011083
-0.141163
1.43884
-0.650848
-1.55515
0.310824
0.670991
-0.80153
-1.33704
0.670441
0.930043
-1.13505
1.16443
-0.143457
-0.202036
1.01623
-1.47373
0.530431
0.0915385
-0.100416
1.41479
0.504376
0.611662
0.132437
1.36162
-1.09235
0.367066
-1.22857
1.33471
1.62263
-0.628343
0.140738
-0.464134
0.864816
-0.168217
0.080442
-0.226089
1.22998
0.671664
0.657985
0.247346
-1.84238
0.168926
0.169047
-0.626638
-1.07123
-0.658776
0.254867
0.53685
1.09313
-0.432705
1.1806
-0.778923
0.559591
1.39948
-0.422202
-1.03438
-0.96313
0.803427
-1.15314
0.28104
1.00082
-1.92295
0.91793
-0.0723237
0.851232
-0.516185
0.806898
0.0724221
-0.517242
-0.0997958
-1.70189
0.845044
-0.25493
-0.0544952
-2.31536
0.387919
1.06826
-0.72984
-1.65079
-1.02537
-0.205508
0.50608
-1.30366
1.35031
-1.15245
-0.379614
-0.333929
0.538229
1.17674
0.0243314
-0.154263
-1.96133
0.333993
0.289195
0.851532
-1.11444
-0.810913
-0.116261
0.821985
-1.27264
0.50369
0.385403
0.426378
-0.00465922
0.260329
-0.0475468
0.393735
0.805488
0.144672
-1.64332
-1.21045
0.228639
-0.296731
0.728273
1.4367
-0.817918
1.167
-0.774917
-0.509504
0.984077
-0.490066
1.36421
0.271701
1.20182
0.976344
0.327824
-0.0403583
-0.529568
0.505692
0.885267
-0.402872
0.555948
1.40642
-0.373473
-2.0442
0.958317
0.535432
-0.373366
-0.511716
0.528809
1.98513
0.26005
-0.657596
-0.158016
1.78109
-0.353515
-0.876825
0.524653
0.166151
-1.07669
-0.687212
1.00406
-0.213199
-0.924139
1.8364
-1.15388
-1.89978
1.13273
1.6603
-0.386397
-0.596041
-0.525155
-0.225741
0.00150512
1.17045
-0.448243
0.136598
-0.0978218
-0.235302
0.388454
-1.60778
-0.818788
-0.941814
-0.00459662
0.359884
-0.274806
1.73914
-0.94393
0.597058
-1.31502
-1.24869
0.0297734
1.33939
-0.121938
-1.76341
0.467685
-0.019118
-0.69144
2.89293
-1.22535
-0.426794
-0.168367
-1.90021
0.895973
1.30264
0.0602004
-0.117493
1.39271
0.499159
0.351022
-1.15353
-0.565681
1.53378
1.08092
-1.2312
-0.188765
-0.749529
1.06248
0.148096
-0.541714
-0.138932
-0.00633952
-0.733431
0.452213
-1.488
-0.175605
-0.0199746
-0.765176
0.715457
-1.86324
-0.585969
0.480016
-0.506839
-1.82299
1.17304
0.484009
-0.372556
0.189889
0.649036
-1.60662
0.758872
-1.18555
-0.133059
-0.0360175
0.309827
-0.0319752
0.563777
-1.5828
-0.755745
0.236696
1.60237
-0.619368
0.397205
-0.0945324
-1.73186
-0.706756
0.22216
-0.67952
-0.245956
-0.39152
0.163184
-0.632254
-2.33707
-0.203272
1.95645
2.36918
-0.956733
0.424926
-0.357395
0.161756
0.397402
1.31027
-1.7376
-1.52378
1.05662
-1.01467
0.969585
0.258505
0.231671
0.100965
0.520835
0.428918
-0.732679
1.24284
-0.520954
0.804788
0.0153476
2.40037
-1.52886
0.674332
1.30539
-0.828979
1.0418
-0.0759444
1.17557
-0.326894
0.47768
0.14791
0.603778
-1.90551
1.04603
-0.40687
0.526582
0.738221
0.088013
-1.39344
0.765394
0.313728
0.985787
-0.63714
-0.661497
-0.351358
0.519187
1.18982
0.0215175
0.597658
0.0603436
-0.123554
2.45564
0.243547
-1.15167
-0.0817746
1.78893
2.43062
1.05715
0.952949
-0.127474
0.984593
0.125405
-0.999047
-0.363478
0.860826
1.03469
-0.0341008
0.434553
-1.34114
2.41103
-0.458398
-0.896731
-0.263225
-0.598544
-0.240809
-0.559238
-0.203015
-0.44286
-0.507184
0.0517772
-1.18586
-0.515523
1.41394
0.585953
-0.988191
-0.102258
0.201275
-0.167382
-0.272423
0.211856
0.0978691
1.32382
-1.5818
-0.0848912
-0.122051
-1.152
-1.62728
-1.22398
0.4647
0.150549
-0.359845
0.167549
-0.881856
0.293893
-2.0299
0.137375
-0.55391
-0.78309
0.138859
0.172965
1.46494
-0.721237
-0.390887
-0.540646
-0.84706
-0.344069
-0.399303
-2.01581
0.553142
-0.185586
1.23364
1.30034
-1.24221
0.295765
-0.542754
-1.02527
0.908958
-0.357512
1.34289
-0.486728
0.373071
0.83481
-0.185026
-1.32914
0.147322
0.0617014
0.781259
-0.282861
0.223535
0.406937
-0.488389
1.44352
0.345279
1.60859
-0.346092
-0.154156
0.920428
0.0583131
0.577043
-0.978485
-0.309299
-0.0559364
-1.13674
1.75598
0.679886
-0.0245965
-0.455889
0.182773
-1.62098
0.667143
0.452781
-0.301131
0.363751
0.441396
0.78455
-0.195059
-0.553284
0.936044
-1.31931
-0.307336
-1.61214
1.85956
-0.313239
0.141993
-0.756212
1.32001
1.51812
-1.00984
-0.953173
-1.16176
-0.583733
1.59139
0.19372
-0.542641
-0.0305984
-1.12727
-1.58635
-0.45876
-0.303671
0.619738
0.584121
0.290809
0.756867
-0.956295
-1.02753
0.247732
0.242368
-0.442759
1.39562
-1.56076
0.704986
1.01329
-0.249314
-0.361987
-1.80931
1.10046
0.398723
-0.86948
-1.14682
0.461922
-1.41367
0.673627
-0.833903
0.292216
0.808851
-0.625621
0.863476
-0.342928
1.8493
0.25104
0.931633
-0.758168
-0.40631
0.0235281
-0.722931
-0.376859
-0.882532
0.670202
1.04749
-1.2896
-0.550484
1.28153
0.0373566
-0.969981
-0.235552
0.292786
1.07553
-0.317016
0.052329
0.446922
1.46278
0.564333
0.317939
-1.21822
0.0188001
1.72627
-1.24244
-0.830285
0.30651
0.0944434
0.602377
0.258459
1.40209
0.186812
-0.15339
0.582649
2.14584
0.393896
0.869049
-0.393671
1.03294
0.983075
0.303255
0.262467
0.239228
0.486321
0.178871
-0.37217
-0.13344
0.404246
-0.0314816
0.314749
0.216896
-1.17583
1.34485
0.310855
1.14698
1.13222
0.230803
0.963775
-1.82676
-0.853215
-0.467925
0.227275
1.82749
-0.594604
0.513074
0.380989
-1.72025
-0.237095
1.46643
1.90416
1.06132
-0.974368
-0.75811
-1.43474
-0.617535
1.15188
0.876667
0.473139
-1.218
0.247111
-0.0637689
-1.43737
-0.874264
0.263596
-1.03124
-0.324869
-0.452961
-1.20678
-1.31598
-0.848147
0.540013
-1.07498
-0.0623134
-0.376903
-0.365202
1.05357
1.15327
-0.105894
0.353123
-1.398
1.06123
-0.674096
-1.91452
-0.234285
-0.104136
-0.105299
-0.596767
0.210277
1.43335
0.756437
-0.929209
-1.13745
-1.22209
1.36075
-0.25035
-0.460403
0.142217
-0.562513
-1.42002
-1.58889
0.28912
-1.02543
-2.37382
-0.731213
-0.58815
-1.07592
-1.01571
0.9512
0.81064
-0.676913
1.62196
-1.45977
1.08481
-0.0510955
-0.383816
0.799903
1.71826
-0.280071
-0.255197
0.764092
-1.71095
0.155405
-1.89873
-0.877713
1.42539
1.03974
0.0295267
-0.841432
-1.15617
1.4046
1.17384
0.431679
0.261115
-0.448346
1.42802
0.495839
-0.948856
-0.868036
1.7757
0.102826
-0.476857
-0.265232
0.681915
-0.145746
-0.227677
-0.480812
-0.351047
0.731272
-0.511906
0.901521
-1.66001
-0.788409
-0.0715429
1.00284
0.47948
-0.229209
-0.399801
1.40196
-1.31645
-0.235772
0.413677
0.427932
0.469468
-1.73069
0.0366888
0.241984
0.065782
-0.532685
-0.377298
2.00168
1.89568
-0.535256
-0.144765
-0.992355
-0.688322
-0.561127
0.362538
0.871935
1.55846
0.673319
0.161961
-1.09025
-0.389619
-0.886361
-0.0176171
1.5327
0.586118
1.26705
0.152317
0.913281
-0.571817
-1.54003
0.568255
0.374047
1.07444
3.01801
0.445026
-1.38305
0.82953
1.59055
-0.176166
-1.05549
0.636316
-1.18069
0.30258
-0.756851
-0.138578
1.60839
-0.880373
-0.35117
-0.445893
0.905193
-0.845248
0.0505234
0.420815
1.23293
0.0498839
-0.976685
-0.549411
1.43869
-2.09342
0.145118
-0.0213857
-0.853659
0.656505
1.22795
-1.38713
-0.908561
1.5412
1.16507
-1.26253
-0.847876
-0.170837
-1.96864
0.347167
-0.660941
-0.867714
-0.613688
1.40002
-0.748838
-0.492599
0.972246
0.791934
-0.51172
0.188299
2.18499
-1.09155
0.580674
0.133471
-0.308908
0.0628805
1.63645
-1.63008
1.46407
-0.42047
-1.04615
-0.181026
0.591964
-0.0242653
-0.595551
0.721274
0.738828
-0.883241
-1.01221
0.605556
-0.379576
-1.51155
-1.16267
0.240693
1.63247
0.490698
0.203489
-0.586857
0.202997
-0.596779
-1.0478
-0.620015
-0.56657
0.309822
-0.419483
1.60426
0.496245
-0.374877
-1.20321
-0.0681401
-0.251421
-0.433269
2.64732
-1.66124
-0.764587
-0.0930835
-0.240694
0.910284
-1.05672
0.525014
0.425892
0.165159
-0.416912
-0.224549
-0.165695
0.880942
0.00208238
0.0106458
-0.450208
1.31398
-1.08085
-0.0559225
0.846109
-0.276372
-1.66268
1.60784
-1.05416
0.440951
0.869306
1.53027
0.779803
-0.109098
-0.852538
1.80368
0.639865
-1.60546
-0.428883
0.0942049
1.89717
0.0250907
1.17769
-0.0115036
-1.49819
0.175317
0.513376
0.527671
-0.405652
-0.916447
-0.468088
0.606175
1.24537
-1.01582
0.937077
-0.0391892
-1.42432
-1.0036
-0.000538851
0.659834
0.124532
-0.0954135
-1.41917
0.62075
-0.327645
0.630068
-1.89587
0.646045
0.744025
-0.315152
-1.11234
2.84347
