-1.22129
0.343968
-0.807002
0.154224
1.87143
0.971572
-0.232046
-0.0384906
-0.869039
0.470986
-1.30594
0.747469
-0.895462
1.66802
0.539365
1.10761
0.573286
-0.837879
-0.610743
-0.642694
0.921072
-0.201123
-1.06474
2.4315
0.695539
0.898937
0.406712
0.535239
1.36337
0.873728
-0.465203
-0.007644
0.681184
-0.0502675
-1.13842
-0.379787
1.36245
0.850283
-0.254771
0.75411
-0.146617
0.403987
0.703977
0.320529
-0.17953
-1.21318
-0.183066
-0.0486121
2.3411
-0.594297
-0.347745
-0.670567
-0.19155
-0.123721
0.0312221
3.42604
0.466628
1.19435
-0.522047
0.46829
-2.49028
-0.17435
-1.45526
-1.11288
-0.643594
1.9449
-2.03103
-0.691287
0.0544433
1.28366
0.54106
1.52024
-2.18772
-0.0623338
-0.354849
-0.791273
0.543967
-0.227968
-1.31578
0.760855
-0.280696
-0.389268
-0.908548
-0.718167
0.717005
0.293411
-0.720187
0.593751
-0.723543
-1.89575
0.851241
-0.363637
0.126312
0.98292
-0.579248
0.659436
-1.63379
0.588445
0.516019
-0.665473
-1.20715
-2.17029
-0.834193
0.320458
-0.0367646
1.09782
0.0350618
-0.86482
1.08215
-1.31318
0.701679
-0.534303
1.11098
-0.378517
0.515127
-0.115699
-1.06067
0.391853
-0.864806
-0.900709
-0.0840547
-0.846406
1.56958
-1.0778
0.486273
0.0869091
0.654617
0.351556
-1.11873
-0.6253
0.490132
-0.23409
-0.489014
-0.33276
0.252494
1.42347
-0.0924829
0.643594
-0.93296
-1.12578
-0.17557
0.416791
0.834702
-0.431513
0.29451
-1.16425
1.88728
1.18387
0.532048
-0.878805
0.575908
-1.06976
-1.9056
-2.26502
0.805376
1.7461
1.196
-0.622535
0.392775
1.15172
0.618987
0.596595
-0.527595
0.232819
-1.17374
-0.151618
0.825847
-0.785593
1.4181
-0.125182
0.156664
0.342704
2.93506
-0.546823
0.35173
-1.57233
1.87261
-0.0651417
1.07207
-0.628472
-0.122923
0.560163
0.299131
-1.19751
-0.535378
1.66728
0.149866
0.76697
-1.03659
-1.10996
0.250728
-0.947724
0.415118
0.265809
0.836665
-1.67609
0.1681
1.87211
1.99897
-0.500728
0.59005
0.325268
-0.345698
0.868076
0.0605217
0.467638
-0.191581
0.284595
-0.749309
0.0307866
-1.25116
1.00319
0.147278
-1.19759
0.0406231
0.0824616
-0.255063
-1.42058
-0.0496478
-1.89696
0.053668
1.05552
-2.03906
-0.930464
0.900569
-0.455783
-0.52933
-1.12142
-0.803494
-0.174039
0.862393
0.245073
-1.46462
1.17915
0.926107
0.204867
0.713806
-0.37112
0.120421
0.962691
-0.81171
0.492738
-1.80741
-0.433945
2.49304
0.613516
0.0497933
-0.931765
0.884162
-1.58331
-1.26488
-0.993886
-0.139146
-0.949816
0.551735
0.359746
-0.0966417
1.04458
-0.323375
-1.01044
0.207133
0.097276
1.0442
-0.19509
1.77192
-0.808747
-0.756689
1.02965
0.802596
0.800639
0.313241
-0.450751
2.22012
-0.953285
0.219296
0.170475
-0.138336
2.18652
-0.314845
1.1836
-1.76758
0.13309
-0.660132
-0.801029
0.023593
-0.726182
0.184841
1.94231
-0.979355
0.284442
-0.185642
-1.9748
-1.35199
0.394504
-1.54827
1.29767
0.179299
-0.200044
2.05155
1.74622
-0.240744
0.252212
-0.364656
0.186874
-0.0924841
-0.813993
0.889491
0.694115
-0.923955
0.185761
1.50953
-1.72411
1.3748
0.282927
-0.615087
-2.29773
1.65941
-0.384625
0.240594
-0.994171
-1.61289
0.549154
-0.524334
-0.00597028
-0.940851
-0.0431473
-1.17728
-0.0404531
0.705804
-0.573077
0.171524
-0.0962074
0.56031
0.485464
-0.509819
-0.73023
-0.541069
0.469912
0.368916
-1.33326
0.927917
1.13778
-0.736532
-0.54385
0.894738
-0.517832
-1.94748
-0.930077
0.379804
-0.897187
-0.39371
0.118747
0.27364
0.233226
-0.122282
-0.291662
-0.508623
0.342293
0.959505
-0.594408
-2.95221
-0.165382
0.327379
0.233774
0.690771
-2.06648
1.65198
1.67807
-1.19988
-1.43541
2.41549
2.04703
0.030714
-0.344569
0.194032
2.19571
-2.31052
0.00660168
0.332343
3.17709
-0.968652
0.0667161
1.45335
-0.0923194
0.441336
0.535377
1.38919
-0.635104
0.804965
-1.00917
0.496155
0.539556
-1.46763
0.58254
0.946778
0.535567
1.9835
-0.48858
-1.67299
1.30718
-0.145489
-0.941664
0.80419
-0.755103
0.0406183
0.342797
0.338235
-0.0274131
0.421137
0.953596
0.887164
-0.0124755
0.81158
1.05624
0.449735
-0.0814634
-0.640722
-1.40797
-0.877722
-0.441601
0.576578
-1.03148
0.523319
-0.180203
-1.00125
0.319401
0.425349
-0.448753
-0.165777
-1.48671
0.640326
-0.0316908
0.357373
0.151731
0.397745
-1.29
0.230173
-1.18719
1.21472
1.41427
-0.713104
-1.34989
0.110243
-1.24497
-1.24141
1.06573
1.48133
-1.27977
-0.473351
2.47475
-0.347765
0.423299
0.220996
-0.285878
0.0313812
-1.28412
-0.148357
0.357034
1.44208
-1.71779
-1.25159
0.774777
0.583781
0.303113
1.22146
-0.661596
-0.0858579
-1.67045
0.970042
1.33067
1.35143
0.635745
-0.659742
0.695607
0.225454
-0.140707
-1.13486
-0.419724
0.549011
-2.23212
-0.416517
-0.149651
2.09022
-0.691579
1.25036
-0.683356
-0.0947083
-0.729288
0.128969
-0.781765
0.952649
0.568191
-0.0741876
-0.943552
-0.205018
0.00482344
0.162711
0.401659
0.943175
-0.904745
-0.109077
-0.089591
-0.418986
0.864575
-0.401936
1.35462
-0.728907
-2.0462
-0.206286
1.62886
-1.1476
0.41294
-0.833342
-0.255886
0.442671
0.628185
-0.358553
-0.834156
0.566103
-0.240994
-0.799078
-1.5908
0.78566
-0.175657
0.0978165
-0.86129
0.966651
-0.15072
-0.157226
-0.217416
-0.115637
-0.555516
-0.236763
1.02418
0.199126
0.0950796
0.262838
0.529716
0.599316
-1.65294
-1.17478
0.0745215
1.48953
1.4833
-0.379725
-1.06303
-0.842415
-1.27305
1.08543
0.0395434
0.067779
-2.38828
1.23982
-0.767716
-0.417094
0.773482
0.234141
-0.20988
-1.28194
0.472351
0.944755
0.346461
-0.203059
-0.866473
-0.0357483
-0.446029
0.237254
0.75953
-0.468273
0.255275
1.25613
0.113959
-0.44476
1.64841
-0.626861
0.0149318
0.0691592
0.947825
-1.61423
-0.513664
-0.333745
-0.402727
0.480275
0.282951
-1.63806
1.21912
-0.660836
0.812629
0.306525
0.241124
2.47202
-1.47656
-0.00270389
0.930263
0.800224
0.420462
0.142651
1.23799
-0.456141
1.87409
0.349778
-1.24145
0.0273272
0.665819
1.25906
0.996637
-0.248583
-0.45854
-0.0425045
-0.4903
1.71283
0.143159
-0.809163
-0.996914
0.22759
0.34335
0.224992
0.0448001
0.514023
0.0759856
-1.45541
-0.692529
-1.25865
-1.73386
-1.80872
0.513771
1.26353
-0.683839
0.874952
0.324684
-2.86967
1.849
0.0824904
-1.3981
0.765731
0.2474
-0.240611
0.0489144
-0.859556
-0.330086
-0.913483
-0.57633
1.29258
0.0944772
-0.308872
-0.488858
-0.154263
-0.180792
0.925629
-0.804807
-0.565
-0.960641
0.520494
0.296724
-0.877495
-0.383267
-1.86353
2.40027
-0.211007
-0.129622
-1.77606
0.772579
-0.276146
1.13354
0.311034
-0.31761
0.994628
-0.742957
1.02198
-0.0778332
2.02499
-0.044626
0.748682
0.454022
-0.163225
-0.12788
-0.870373
0.739432
-0.685309
0.328617
-0.276781
1.07934
0.0931839
-0.868975
-1.08364
0.86388
-0.538828
0.540438
-1.30335
0.62934
-0.694366
-1.94222
0.353419
-1.31833
-0.744724
0.186404
-0.511435
1.59291
-0.111217
0.046204
0.414125
0.325397
0.76144
0.461443
-0.186382
-0.833022
0.769801
1.0925
-1.29171
0.272052
-0.445773
1.02758
-0.479737
0.189783
0.0933499
0.350767
-0.287477
0.340457
-0.339605
0.743213
0.109972
-1.30102
1.23091
0.938129
-0.74991
1.04158
0.367123
-0.44449
-0.112555
-0.094465
0.621367
0.604955
-0.633184
-0.433216
0.323703
-0.221052
-1.63583
0.912578
-1.69287
1.11416
0.186333
-0.320231
1.59207
0.426839
0.151547
-0.814646
-0.384286
-0.487383
-0.528115
0.0246571
2.33181
-0.614179
1.73628
-0.999559
0.0131666
0.0108642
-0.571155
-0.847303
1.75812
-0.0838914
0.0759125
-1.11437
0.924196
0.414273
-0.870512
-0.563969
-0.673868
-0.211987
-1.39517
0.167733
0.784322
-2.11515
1.42211
-1.44488
0.33231
0.126504
-1.36646
0.530223
1.01863
-1.23383
0.327996
0.486141
0.871582
-0.312961
1.92731
0.78817
-0.253287
-0.346667
1.19528
0.262436
-0.30906
0.521776
-1.00335
-0.552316
1.96548
0.930202
0.298293
-0.988015
-0.596143
-2.24751
-0.148214
0.304795
-0.42379
1.16602
1.12332
-1.37487
-0.786682
0.868318
-0.472936
-0.139026
-0.0675607
-0.437817
-0.118658
-0.169536
0.251497
0.814704
0.187774
1.43956
-0.487621
-0.649143
-0.489325
0.833074
-1.01605
0.409518
0.869488
-0.548418
0.705569
1.0406
-0.301114
0.362255
-1.28137
0.510533
-1.05897
0.907157
-0.147675
-0.125582
-1.55499
0.335447
0.279065
0.473227
0.421447
-0.10878
-0.278888
0.354398
0.183572
-1.63572
1.32641
-0.0216148
-0.343249
-0.190566
-0.293181
0.102
-0.412788
-0.677349
-0.853492
-0.368523
-0.0211054
0.24716
-0.160348
0.137153
1.14992
0.960726
-0.63634
-0.0250546
0.411948
0.669062
-0.0224934
1.95014
-0.163813
0.804157
0.376516
-1.06089
1.06085
-0.815896
0.886616
-0.444443
-1.03834
0.389023
-1.02366
0.0716329
0.138835
-0.419911
0.366032
0.691235
0.508758
0.950701
-0.0250679
-1.50542
0.0111249
-0.38837
0.500767
0.538597
-0.331214
0.594169
-0.0839305
-0.326366
0.944377
0.0194853
-0.100739
0.853018
-0.762698
1.32573
-0.141648
0.835195
-0.222629
-1.46903
1.83455
-1.66174
-0.436323
0.859387
-0.97829
-1.23898
-0.426196
-1.8233
0.330988
-1.04979
-0.13324
-0.104352
-1.24426
-1.17524
1.20017
-1.16338
0.785232
0.877038
-1.18391
-1.03072
1.82786
2.33707
-0.282832
0.106294
-0.0283041
0.299964
1.08784
-1.34542
-0.0694749
-1.52205
1.76575
-0.563204
-0.882478
0.300398
-0.314636
-2.03848
1.34839
0.0263584
-0.847424
0.15239
0.838433
-1.15114
-0.26687
0.40902
-0.571129
0.333693
0.24695
1.64036
-1.01112
0.129915
1.81643
-0.949426
-1.77463
0.614937
-0.00911472
0.00507913
2.06109
0.313584
0.288414
-0.727316
0.91642
1.04333
1.89855
-0.527706
-1.38177
0.144404
-0.457848
-0.38239
-0.743531
0.594497
-1.99149
1.57447
-0.27986
0.704441
0.392851
-0.219066
-0.0915596
0.338386
1.05832
0.00948803
-2.33068
-0.0172868
0.0667107
-0.0920404
0.443601
0.316687
0.232864
-0.817729
0.167523
0.263485
-0.726982
-0.0525584
0.392499
-1.24648
-0.839445
-2.11365
-0.536975
1.73613
1.8405
-0.750925
0.926863
0.32776
-0.872706
-0.726933
-1.13372
-0.30244
-0.0225541
-0.84925
0.825985
-0.435138
0.0991905
0.459614
-1.17455
0.80896
-0.0702046
-0.33244
-1.60303
-1.2996
0.0487893
-0.0635517
-0.330158
-0.417419
-0.753392
0.987471
-0.501977
-0.54486
-0.343925
1.88553
-0.339875
0.558535
-0.118899
0.733905
0.839295
0.640379
-0.788939
-1.12906
-1.11274
1.7314
1.12554
1.08223
-0.140873
0.259012
0.706376
0.00278305
0.714845
-0.348191
-1.06466
1.53091
0.564125
1.20133
0.345019
0.639163
-1.17448
-0.404983
1.14862
-0.187475
-0.566735
-0.348916
-1.46481
-0.950702
0.108702
1.34421
0.885567
1.7053
0.0248435
-0.203258
0.395179
0.130733
-1.59299
1.03705
-0.11255
2.10076
-0.628129
0.30825
-0.468899
-1.04704
0.179668
0.524576
-0.168249
0.274106
0.955154
-0.0666659
1.25441
0.611698
-0.970449
-0.0294687
0.337107
1.17424
-0.620319
-0.0333975
0.177623
-0.419236
-0.361063
-0.0990351
1.63365
0.0601267
0.514034
0.277967
0.944002
-0.730953
-0.261606
0.9133
1.86463
-0.614931
1.4235
0.863049
0.880748
-1.20814
-1.27912
1.01779
-1.95272
1.70362
0.706956
1.21082
-0.825593
-0.339845
-0.512828
-0.860462
0.0471466
0.282191
-0.37518
0.613698
-0.976309
-0.836019
-0.356086
0.12454
0.00504319
-1.19564
0.415497
-0.509564
-0.128719
0.932061
0.826722
0.616299
-0.622873
-0.434433
-1.57442
0.494523
0.00154406
0.509209
-1.34429
-0.743887
-0.589139
1.23013
0.46298
0.676796
0.0781429
-0.299458
0.580107
0.653788
-0.410211
-0.446858
0.409176
-0.427964
0.810982
0.103522
-0.525234
0.688628
0.0620353
-0.535426
-2.41371
-0.463978
-0.414141
0.97887
-0.398879
-0.212693
-0.511942
0.353744
0.35807
-1.4704
1.54928
0.341061
0.970995
0.493496
0.00259269
-0.647736
-0.420436
-1.83866
1.21284
0.0955495
-1.51544
-0.957601
0.137636
0.140862
0.71413
-1.55623
-0.272309
0.306248
-0.917599
-0.151454
-1.79545
-0.583604
-1.08675
-0.871483
0.277656
0.741733
-1.83905
0.57059
-0.85989
-0.612315
-0.304244
0.677
0.452614
0.729413
0.777531
1.32593
0.673077
0.321666
-0.564853
0.248075
-0.49923
0.631757
-2.0573
-0.506955
-1.35645
0.166634
-0.914987
1.04939
0.213064
1.43881
-1.57281
0.0580505
1.71484
0.489362
-0.638046
0.0858772
1.78494
-0.610306
0.708425
-0.441535
0.239439
-1.61095
1.67975
0.781592
-0.20488
-2.06114
0.44242
-0.41092
0.524294
-0.752519
0.061669
-1.94995
-0.337193
-0.538342
1.97336
-1.64189
0.887912
0.697097
-0.388902
0.681321
-0.424294
-0.701391
-2.09663
-2.1659
1.97625
1.76083
0.0760281
0.312016
-0.6863
1.40521
0.613461
1.26759
-0.83642
1.0006
-0.538009
0.174866
-0.675856
0.745408
0.606059
-1.11845
0.911686
0.599462
0.639416
-0.259186
-0.463281
-1.98937
-0.38824
-0.215447
0.308613
-1.48856
-0.0161819
1.11261
-0.0492237
-1.09019
-0.708279
0.806718
-0.18132
0.294701
1.05843
-0.703361
-0.70402
0.228057
2.16617
0.0573606
-1.01806
-0.944211
1.13671
-0.545912
0.924313
-0.978221
-0.0152034
-1.20013
1.22398
0.745611
0.826034
-0.163697
0.797666
0.351912
1.8798
0.244605
0.089783
0.161297
-0.757459
0.329426
0.517497
0.199042
0.0662463
-1.10007
1.36764
-2.57785
0.682341
1.12781
0.288273
-0.301434
-0.995758
-0.0631977
0.684314
-1.87113
0.797722
1.51572
-0.466564
0.783684
0.388583
-0.140901
-0.0232627
0.744249
-0.440499
-0.915533
-0.339418
0.431128
0.517176
-1.14077
-0.133872
-0.194243
0.0028447
0.490492
-0.0571144
0.166566
-1.48215
-0.679233
1.46774
-1.43325
2.26982
-1.79796
-1.03664
-1.65219
-1.55314
-0.902973
-0.556025
-0.558893
-0.00845293
-0.745562
1.06559
-0.878306
1.18937
0.381803
-0.21731
0.297809
-1.16276
-0.276405
-1.5729
0.203352
0.0924421
0.992756
0.813902
1.47257
-0.6835
-0.225089
0.525879
-1.60167
-1.43561
2.19307
0.500804
-0.703789
0.98027
0.944077
-0.427172
-0.611331
-0.82399
-0.785661
0.721803
-0.640402
0.362764
1.73522
-0.593132
0.607172
0.831665
-3.51825
-1.12795
-1.23698
1.90764
0.89354
0.471681
1.30114
-0.310864
-1.13235
2.32552
-0.567324
0.695156
-0.593375
2.25683
-1.01221
0.975221
-1.24594
-0.841985
0.663004
2.2981
-0.285632
-0.112836
0.840352
-0.63038
-0.457584
-0.3148
1.3587
-0.955728
-0.563285
1.29429
-1.97721
1.43905
0.333371
-0.781811
-1.19428
0.0339425
1.15224
1.22367
0.304284
-0.72531
0.0816989
-0.0925231
-0.84308
0.238284
0.130004
-0.110003
-0.397929
0.836606
0.884186
-2.59937
1.20722
-0.58587
0.961534
-0.107864
-1.18405
-0.108519
0.788935
-0.341118
0.578441
-0.243484
-1.08518
-0.531592
-0.420773
0.0835913
-0.975684
0.890949
-0.746357
-0.0219551
-0.160486
0.520714
-0.706105
-0.91313
-1.45656
-0.108641
-0.102421
1.96626
0.855496
-0.0450215
1.02458
0.333817
-0.0490598
0.778448
2.17537
-1.97899
0.617483
1.11697
-0.0252208
-0.415831
0.498546
0.752343
-0.694254
-0.495269
1.48176
1.757
-0.00228461
0.647427
1.52351
0.414722
0.609785
-1.58111
0.0667989
0.765804
-0.178298
1.4807
0.438907
-0.676439
-0.104172
0.137548
0.783912
-1.00495
0.412393
0.691054
0.298768
-0.868712
0.320377
-1.88681
0.82087
1.23136
-0.528822
0.891514
1.87265
1.135
0.826081
1.14992
-0.545282
-0.150424
-0.591649
0.26528
-1.4218
0.779784
-0.765619
0.290652
0.617314
-0.824341
1.08803
0.105982
1.38023
1.22656
0.0244576
-0.156802
1.82486
-2.60021
-0.480586
0.377163
-0.983941
-1.60991
-0.44994
0.562834
-0.746294
-0.977864
-0.0999769
-0.231245
-1.56492
1.40839
0.437903
0.677656
0.116144
-0.413046
-0.561639
0.375049
-0.319286
0.284765
0.0409098
0.121697
-0.327259
0.373671
-0.412235
0.28482
2.06952
-0.634116
-1.25821
-1.65391
-0.3604
0.884937
-0.120524
-0.623017
0.547722
1.02801
-0.497068
-0.433442
-0.529782
-1.34861
-1.02168
-0.503844
-1.07297
0.806863
-0.724077
-0.324018
1.25997
-1.62206
1.15278
0.284157
0.197685
0.891643
-0.401663
2.895
-0.0776719
1.28278
-0.59731
-0.153831
0.269193
-0.320728
0.876556
-0.13536
-0.830728
0.962881
0.510531
0.915182
0.37976
-0.747791
0.661946
-0.426869
-1.46779
0.366689
0.0670377
-0.363636
-0.527203
-0.133415
-0.670256
0.715024
-1.32238
-1.06191
-0.222945
0.166209
-0.338637
-0.00651521
-1.48452
-0.374853
0.602011
0.48642
0.922406
1.07384
-0.194416
-0.744731
-0.785459
-0.136995
1.24111
0.601975
-0.3049
0.118215
1.39962
-1.21333
0.107178
-0.567204
-0.822863
-0.44974
-1.44998
2.07115
-1.36771
-0.330123
1.65899
0.135174
-0.430757
-1.08542
-1.1557
0.433017
-0.79444
-1.28389
-0.143045
0.0356711
-0.652849
0.866709
0.175945
0.595121
0.264914
0.244456
-0.141774
0.623312
-0.0325121
-0.498243
0.780824
-0.873465
-0.473799
-0.163315
-0.893064
0.94465
-1.48015
0.698685
0.559652
-1.28832
0.0676854
-0.313793
1.09019
-2.19441
-2.44646
-0.335995
0.747632
-0.776168
0.524477
-1.11025
0.122613
0.262401
1.48391
0.449026
-1.91057
-0.460466
0.486576
0.987821
-0.592823
-0.508467
-0.983295
1.48738
-1.37225
1.49732
0.354519
0.770315
0.887447
-0.822234
2.65175
0.694649
1.26424
-0.594612
1.03942
-0.411838
0.116155
1.15465
-0.458591
0.211434
1.42223
0.618175
0.792415
0.229167
0.915132
0.160352
-0.906596
-0.558446
0.0331577
1.69275
-1.62625
0.61028
-0.527573
-1.20193
0.430643
1.17969
-1.15555
-0.572157
-1.51333
0.544608
-1.47276
-0.735958
1.22848
-0.00306017
-0.243768
-0.225424
-0.722436
-0.588707
0.192826
0.69663
2.66534
-0.113749
0.472408
-2.36648
-0.255565
-0.214231
0.0441419
1.36474
0.0834658
-1.10815
-0.413649
-2.31561
-0.572631
0.54859
-0.527673
-0.374334
-0.993863
0.300522
0.557229
-1.29901
-0.218208
1.57426
-1.50125
0.609171
0.586716
0.361022
-0.561572
0.399941
0.80369
0.809625
0.190192
0.45907
-0.804696
0.511838
-1.07117
1.33488
1.4183
1.85559
-0.6772
1.21842
0.0213481
-0.392946
0.362962
0.396962
0.467376
1.59783
1.90277
-2.40204
-1.02161
-1.52195
0.0231473
0.396149
-0.674077
0.0780401
0.755347
-0.738029
-0.750576
-1.29551
0.10042
0.713251
-0.266899
0.54039
-0.717263
0.571151
-1.63192
0.950457
-0.184488
0.638058
0.511356
0.171832
-0.395633
-1.02399
-0.822418
0.145824
-0.0374768
-0.546152
1.08494
-0.447656
1.25475
-0.864121
-0.18317
1.24365
0.94053
-0.0820687
0.692368
0.578315
-0.45824
0.712011
0.746055
-1.5567
0.0823463
0.763734
0.250642
-2.14039
-0.682855
1.19489
-0.704277
0.0308678
-0.0835599
-0.409166
-0.431292
1.77283
0.203595
0.930508
-0.0637724
0.0846856
-0.533455
0.995103
-0.752851
-0.548622
-1.5377
0.983716
0.70881
1.12312
-0.61887
-0.0518459
0.4179
-0.10515
0.542155
0.595083
0.962868
-0.858176
-0.129691
-1.21976
-0.057925
-1.03123
0.94937
-1.3575
0.267354
0.269208
-0.569642
-1.03615
-2.28436
0.563629
-1.05555
-0.13375
-0.880445
0.702157
0.810156
1.81289
1.33398
-1.02151
0.196369
-1.30134
0.84948
1.04341
-1.12742
1.18039
-0.796474
-0.579113
-1.7694
0.942013
0.98113
0.107219
0.274322
0.0980646
-0.130329
0.678468
0.495496
0.0427379
-0.273367
-0.469152
2.19219
0.694507
1.00491
-0.776656
0.632226
0.294646
-0.700945
-1.29857
-0.252931
-0.781216
0.456794
-0.45841
0.365391
0.93606
0.31775
0.00938433
-1.73361
1.50588
0.738029
0.118994
0.928752
-0.890684
-0.34221
0.593042
-1.72815
1.12123
0.0145751
-1.17074
0.770401
2.03915
-1.39828
0.633997
-0.442382
-1.64862
-0.706092
0.564784
1.01023
-0.512805
-0.462144
-0.0916507
-1.96923
1.06911
0.232823
-0.287414
-0.0763499
-0.351069
-1.73026
-2.12708
-0.353095
-1.61674
-1.30067
1.13301
-0.583253
-0.326005
-0.143474
0.640617
1.26165
0.406756
1.58284
1.08183
0.120069
-0.476127
0.021422
1.68052
-0.268128
1.58768
-1.25761
-1.27862
-0.853883
-0.100652
1.34808
-0.381771
-0.185041
0.939879
-0.379146
-0.0208252
-0.401088
-0.711719
0.63347
-0.0659749
0.385683
1.34246
0.10187
0.200819
-1.13753
0.668192
-1.54691
0.227793
1.43283
0.217942
0.884564
-0.210566
-0.090411
0.107884
-0.135622
1.65503
-0.260182
-0.213112
-1.04213
1.27372
-0.554193
0.419789
-0.45821
-0.2784
-1.37268
-0.175531
-1.60679
-0.665978
0.0229987
0.395117
0.704827
0.0456615
-1.40391
-1.12979
0.20019
1.01563
-0.424185
-0.384308
0.0407324
-0.386544
-0.526002
-0.733849
0.373651
0.732969
0.24918
-0.587151
0.664179
-0.835955
-0.53043
-0.454681
-0.779511
1.3633
-0.0851382
-0.339449
2.15019
-0.883187
0.0830401
-0.233675
-0.105449
-0.475585
0.290023
-1.25904
0.700221
2.05829
-0.607511
-1.23919
-1.23961
-0.621615
1.29021
1.45396
0.53007
-0.547818
0.118123
0.596938
1.36021
-1.8413
-0.0667859
-0.168635
-1.01414
-0.569766
-0.0202137
-0.150959
0.903536
0.962718
-0.922118
-0.03557
0.666931
0.0249834
0.314625
1.16014
-2.47874
-0.842421
0.870427
1.47857
-1.2295
1.07544
-1.19077
0.583423
0.777203
-0.406431
-1.17836
0.628579
-0.81771
-0.73063
1.51428
0.108274
-0.977549
-0.639573
-0.155822
0.755726
1.28822
0.179657
0.955216
0.363337
-0.21344
-0.520615
-1.16125
-1.64814
-0.764384
1.92017
1.21787
-0.848842
0.44438
1.20644
-0.0903276
1.21067
0.0684386
0.210107
0.442968
1.67693
-1.8115
-0.799908
0.362832
-0.0243252
0.0450761
-0.445563
-0.0481672
0.717673
-0.570895
0.000252523
-1.00493
0.826048
-2.29021
1.94482
0.282904
0.0822997
1.99749
-2.0017
1.78281
0.186175
-1.38549
0.183111
1.62714
-0.511701
0.474505
1.39978
0.430829
-0.0878485
-0.853783
0.927379
-1.25688
1.86714
1.31696
0.15021
0.461672
0.915916
0.365881
-2.32637
0.598806
0.586968
-1.42341
0.11185
-0.662074
-0.0486805
0.748007
0.572799
-1.07629
0.480091
0.671085
-0.868682
-0.593509
0.346396
0.751345
-1.28817
0.517903
0.810032
0.383919
-0.500204
0.127379
-0.850335
-1.29091
-0.97176
2.42924
-0.0933636
-0.478979
-1.15899
0.681578
-0.0172392
0.313849
-0.035692
-0.381715
0.361873
-0.557143
-1.3487
-0.366217
1.24272
-2.09311
0.382713
0.84878
0.0326751
0.488053
-0.315774
-0.252001
-0.205396
0.454141
1.06716
-1.47924
0.477719
-0.647832
0.4377
-1.29394
0.335982
0.102458
-2.45539
0.0675937
-0.208892
0.947729
1.10697
-0.232027
-0.628168
0.211052
-0.256557
-0.196271
0.884874
-2.0508
-1.16512
0.681805
0.0134432
-1.04104
-0.329257
1.33926
0.653906
0.000356649
0.130176
0.506599
-0.396999
-0.140463
0.524116
-1.63448
-0.946144
1.0905
-1.53106
1.35189
-0.333831
0.397898
0.634799
0.127877
-1.53234
0.106098
0.19402
1.3359
-1.01293
1.16703
-0.760785
2.35551
-1.66116
-0.557581
-0.352881
-0.609745
0.795663
-1.55706
0.668554
2.36439
0.1105
-1.18515
-0.201131
0.169271
-0.334494
0.239251
2.10956
0.23081
-0.776306
-0.736913
-0.458666
-0.00846784
0.672855
1.87944
-0.934549
-1.32986
0.735091
-0.0255077
-1.05335
0.896871
-2.35917
-0.838302
0.730152
-0.0098894
-0.566377
0.985103
-0.0811991
-1.09846
0.665551
0.88403
-1.12133
-0.586141
0.220349
-1.1238
-0.954682
0.0469166
-0.63841
-0.691215
-0.621375
-0.8942
-0.364475
1.02245
1.26833
0.61656
1.63112
-1.78934
0.0344217
0.715527
-0.762874
1.66579
-0.332292
0.98736
-0.704745
-0.339488
1.8311
-0.492031
0.147879
1.88902
0.204403
-0.518284
0.547683
-0.872049
-1.14098
2.38675
-0.00722366
-0.165682
-0.205562
-1.37102
1.10101
-0.557173
0.0827993
0.432904
0.642097
1.88384
-0.270115
0.365972
2.26123
-0.260265
-1.417
1.08119
1.37471
1.63175
-0.0825919
1.16535
0.656734
-0.480446
-0.427485
0.587252
-0.61486
-0.346334
0.48988
1.13546
-0.571992
0.418603
-0.162449
-0.106474
-0.525168
-1.49517
-0.983191
-0.912851
0.451638
-1.50844
-0.388005
-1.06646
0.17149
0.160377
0.127293
0.69156
0.028437
0.107605
-0.433759
-0.346208
-0.186149
-0.91258
0.512928
1.9754
0.406257
1.63825
0.11662
0.748039
-0.914241
0.397085
-1.15149
-1.9168
-0.790496
-0.133824
-0.837817
-0.0554691
-0.513777
-0.412876
0.543463
-1.66695
-0.142702
1.50741
0.341744
0.122145
0.8055
0.267522
1.32734
-1.59457
-0.995467
1.41336
-0.492931
0.669732
-1.36306
0.268161
-0.403458
0.739189
1.46135
-0.601141
-2.2473
0.407636
1.04109
-1.29994
-1.40031
0.989866
0.922239
-0.0330148
-0.026789
-0.125542
-0.0988371
-0.219954
-0.834873
-1.19452
-1.80664
1.31743
0.475499
-0.768332
-0.116897
0.523939
0.657433
-1.31337
-0.376574
1.48239
-0.736522
-0.414483
-0.859193
-1.30702
0.00731501
0.788854
-0.392094
-1.43459
-0.751863
-0.101803
-0.705103
-0.684954
0.750058
-0.764242
2.20588
0.154909
-0.980862
1.5691
-0.896361
-0.0674462
0.031674
0.21086
-0.195136
0.160471
1.43627
0.397386
-0.650655
-0.633055
0.158092
0.554148
0.156371
-0.744176
0.00685863
-0.783748
0.347124
0.238345
1.25034
0.397819
-0.879369
0.481966
1.0772
-0.869712
0.678787
0.142076
-1.03642
0.726416
-0.059587
0.973695
-0.648161
1.12843
0.532081
0.425806
-0.062594
0.601583
0.677759
1.15814
1.48652
-0.250214
1.27806
-0.575379
-0.640965
-0.386599
-1.41205
-1.16121
-0.341929
0.580354
-1.24811
-0.131976
-0.00896688
1.12097
-1.21632
-0.395914
1.75869
1.17938
-0.32861
-0.402556
-0.0504893
1.08782
0.0924772
0.239488
-0.89859
-0.617751
0.0367807
0.100032
-0.488515
0.0978673
0.0820738
0.106014
-0.729483
0.169786
0.94318
1.54054
-0.800349
-0.382877
-0.357745
0.289312
-0.578029
0.270763
-0.41899
0.697141
-1.33157
-0.226257
-0.0247986
-1.2086
-1.61326
0.16064
-0.662137
0.48373
-0.756185
-0.0246083
-0.353356
-0.263376
-1.69182
1.5194
-1.77028
-0.981825
0.436703
-1.18039
-1.1992
0.662991
0.804655
-0.498652
-0.449209
0.456026
2.03382
-0.264544
-1.08166
-1.04796
1.2747
1.44342
1.3174
-0.119952
-1.5067
-1.95731
0.912097
0.272005
0.258667
-1.84345
-0.111314
0.400559
0.149549
1.17174
0.407562
-1.00021
0.303072
1.521
-0.0668118
-0.736675
0.460394
-0.141713
-0.987039
0.671178
1.43983
1.18563
0.192552
1.04144
0.244132
1.12955
-0.467726
0.925805
-0.566878
1.20974
1.27348
0.690675
1.24674
-1.08896
-0.347794
0.0555752
-1.70254
-0.362643
0.32013
-0.0738096
0.226922
0.171041
1.0365
-0.778333
-0.567055
-0.0134202
0.504211
0.150901
-0.118635
0.0509416
0.165656
-0.539842
-0.674294
-1.02401
0.187212
0.483157
-1.43708
1.15963
-0.40761
0.573853
0.653886
-1.24728
1.29498
0.928446
-0.444578
0.559604
0.388791
0.631174
-1.93265
-0.881064
-0.292392
-0.49692
0.521633
0.221736
0.034797
0.190013
1.34054
-0.158871
0.163299
0.458674
0.941436
1.60415
-0.378974
1.15538
-0.114696
0.791902
0.133264
-2.1076
-2.02754
1.15099
-0.337646
-0.370053
-0.209139
-0.388405
2.62895
-0.614765
1.90016
-0.844866
0.854248
1.93616
-0.50786
-0.888646
0.826422
-0.482843
-0.702514
1.08214
0.0733393
-0.509053
-1.52313
-1.20345
-1.53514
-0.518358
-0.0502846
-1.31992
1.08046
-0.782559
0.546051
0.921146
-1.01517
0.658262
-1.36444
-2.17829
-0.731651
0.664434
1.42374
-1.43141
0.586984
-0.244274
0.67241
0.131038
1.96371
-0.45038
0.0802107
0.958129
0.922831
-1.81388
1.21355
-0.424883
0.296216
-0.15141
0.761631
-1.59425
-0.739276
0.0717196
1.43429
-0.987015
1.19752
-1.96745
1.77285
0.701658
-0.609107
0.218033
0.723681
-0.8001
-0.485975
-1.00841
1.04679
2.57882
-0.201757
0.718076
0.568143
1.0883
-1.82258
-0.272819
1.1608
-0.418953
0.774627
-0.299588
1.33968
0.495372
1.02363
0.747889
0.215939
0.48163
0.499542
-0.118581
-2.55199
-0.266066
-0.47061
-2.14574
0.0723462
-1.36851
-0.538674
1.63726
1.60362
-1.96043
-0.0772519
-0.0266888
-0.0806752
0.222547
1.18052
-1.61612
0.180867
-0.894384
1.82919
0.145866
-1.98998
-0.0598501
0.0679854
0.642631
-1.59961
-0.890815
0.619218
0.360484
-0.712171
1.33876
-0.250849
0.623828
-0.780082
0.819761
0.482948
0.535386
-0.617123
-0.419572
1.0269
-1.45628
-0.528879
0.397526
0.0230347
0.455719
0.618682
-1.05612
-1.12758
-0.045102
-0.718146
1.04365
0.452186
-0.707345
0.234147
-0.388937
1.22748
-0.260944
0.830455
0.0273207
-0.826384
-0.766829
0.537845
1.55437
-0.466901
-0.7589
-0.755257
-1.21231
-0.412456
-1.33442
0.935592
-0.11832
0.527346
0.069565
0.418485
0.382696
-0.518184
2.673
-1.90001
-1.06964
-0.73459
-0.901702
-0.128175
-1.46889
1.14297
-0.0657304
-0.0991124
0.128013
-0.108424
0.394974
0.828047
0.623117
-2.42885
0.126129
0.299489
-0.863217
-1.6475
0.422816
0.530024
1.19793
-0.0658442
0.414244
-1.01836
-0.295379
0.187809
1.27721
1.34473
-1.03438
0.720888
-1.1182
-0.334972
0.677076
0.534479
1.44761
0.907322
0.243197
0.661174
0.179781
0.301288
0.260696
-0.538028
1.02638
-0.211569
0.6433
0.169516
-0.928991
-0.0790848
1.37353
1.27775
-0.211393
0.550959
1.05331
-1.48113
0.726148
