10.45
17.3861
17.6766
11.8244
6.1899
2.37343
6.71124
4.63756
9.01171
13.712
11.784
16.6084
12.6365
5.30486
-0.467519
0.994017
-5.6957
-8.77187
-9.76651
-11.8021
-15.2214
-9.7856
-9.27583
-11.0606
-7.40026
1.89487
2.85577
-0.0833998
0.275217
-2.19317
-0.803868
-0.64308
-7.95489
-7.1726
-4.96133
-1.82623
-0.619025
6.82896
10.4036
12.1946
7.62929
6.12753
9.22297
9.39925
5.49216
-4.75335
-26.4642
-21.918
14.2499
23.8404
20.3748
3.3334
-3.2676
-1.90634
2.75228
4.77037
9.60576
19.0429
14.2921
19.9513
22.6361
13.059
9.78465
-2.64764
-8.35791
-12.2973
-3.04439
-3.49371
-10.2729
-6.03161
-8.68434
-5.14158
-8.40964
5.17194
10.1817
5.43449
-1.564
-5.71312
-3.48483
-3.37846
-11.1517
-17.3526
-17.1813
-12.7002
-4.61231
6.7723
16.6691
24.0933
18.183
13.526
13.342
17.282
14.3188
0.207741
-37.8329
-33.6701
12.8455
25.6331
9.9953
-8.45809
-14.0514
-14.8116
-14.0399
-11.3269
3.78801
7.92199
15.7849
19.8979
18.3548
17.497
5.51196
-4.01211
-9.7488
-8.32663
3.58986
-3.07027
-5.1158
-3.30229
3.59174
7.4369
4.9136
10.74
19.3394
10.5944
3.33123
-0.816112
-6.56204
-8.35496
-17.3512
-21.7432
-19.3383
-22.9152
-11.9711
-6.34385
5.08389
15.5154
19.6564
11.8927
6.88963
14.8982
21.252
7.6399
-20.316
-25.7632
15.1083
18.5305
-3.4745
-26.9058
-30.5055
-28.1868
-21.7575
-14.0363
-6.53778
-1.71697
8.83785
6.83328
6.68523
6.56781
-2.84192
-13.2486
-18.3203
-3.7362
3.3638
-2.70791
2.3515
8.27237
13.7621
11.9055
11.4198
13.3281
17.6482
20.5813
13.8951
4.73004
-6.92694
-9.95656
-14.57
-21.8049
-21.5242
-25.1975
-17.7763
-11.7608
-2.6388
6.76619
15.7877
14.0897
7.74086
9.02506
19.7635
6.76522
-10.1852
-18.3062
14.0112
16.4346
-12.285
-40.6876
-41.1739
-27.728
-17.9703
-7.01331
-9.82531
-2.01221
0.419128
6.21263
9.92018
-5.10443
-2.84028
-15.0504
-12.4027
-8.6917
-5.16096
0.755632
8.75087
5.60707
16.7987
7.63098
10.1672
8.31335
14.1359
21.2979
18.9277
5.49453
-3.18165
-2.92467
-1.2581
-3.03394
-8.6779
-10.5471
-11.3929
-6.86796
-4.57741
1.21688
9.22628
14.3619
4.72638
8.84998
7.60743
5.90746
-6.79191
-10.7116
10.4871
-2.23248
-21.2138
-35.2901
-22.8789
-9.07686
0.988529
17.2942
17.9314
17.3156
11.6172
8.08681
2.73868
-8.01404
-4.78441
-11.9724
-18.3381
-14.8889
-18.1677
-14.6586
-3.9385
3.3418
5.52873
-2.28503
3.59641
8.16495
12.1752
26.7559
18.8482
15.7604
15.1873
9.14105
12.4475
8.34002
-6.06507
-9.67377
-18.9191
-12.7815
-6.05443
3.57612
6.63537
7.46644
6.57768
3.56412
-2.18946
0.780605
4.61813
-1.03204
5.63607
-8.29136
-19.1974
-15.8172
-2.47773
9.15653
20.3259
33.1084
41.6213
34.6314
24.7562
17.0607
3.27235
-10.1487
-14.6736
-26.666
-28.6013
-28.5592
-30.3858
-27.3969
-19.4882
-10.9744
-10.4703
-12.5479
-8.70681
-0.42968
12.936
22.2638
17.9135
22.7524
24.6603
24.3265
14.2228
4.41352
5.33849
2.78378
-0.0580952
1.58121
-1.19676
-7.24682
-3.44982
-3.42982
4.13367
9.56488
-0.968915
-1.19244
6.58973
0.173147
7.9455
-9.44076
-22.3983
-8.33239
6.97427
15.6061
20.2176
22.0366
30.6473
32.9221
23.7639
13.4343
2.54886
-1.11884
-10.7962
-28.754
-40.3068
-32.0167
-29.909
-28.1787
-25.033
-19.8357
-17.8419
-13.7178
-11.0523
-2.08355
11.8997
20.4422
19.6953
23.8529
17.7518
7.29602
5.57389
4.72525
-3.3819
-10.9465
-15.8206
-16.1796
-10.2787
-14.5051
-24.9234
-29.8565
-24.538
-11.7976
-0.26852
5.58614
13.7541
8.68418
-3.29304
-22.9906
-31.1222
-19.366
-7.08648
0.0443891
-1.58862
1.64592
7.09941
3.24397
-4.97414
-2.30939
-6.58121
-0.00298759
-4.82161
-3.83458
-8.71166
-5.44477
-4.00929
-7.013
-6.24714
-5.17873
-7.39672
-8.25903
3.36313
14.3909
19.4338
21.993
30.5176
29.9068
8.88358
-3.10934
-16.4122
-28.3255
-23.8455
-12.9627
-8.89844
2.37126
3.51652
6.16681
-3.57577
-10.9034
-23.118
-23.3869
-14.6304
2.63098
13.7734
10.0146
-10.683
-10.9111
-5.62076
13.6551
15.3939
5.45502
-6.67189
-24.4026
-28.1793
-21.0618
-10.1111
-7.74553
-4.79654
1.43053
3.61227
-2.0482
0.00704266
10.9272
14.8419
9.54516
6.11206
-0.00179273
0.731025
1.08388
8.10607
16.954
28.0946
22.3345
20.7655
13.7091
-13.4429
-24.3795
-23.0379
-14.4101
5.50597
26.6318
30.3566
35.8985
33.0353
32.0848
29.1523
20.4439
-1.13346
-15.9457
-17.3384
-8.19526
5.10054
8.555
8.14097
24.9021
38.7675
41.392
20.2446
-6.43886
-38.568
-51.9784
-48.826
-45.4081
-30.9238
-17.9613
0.141474
7.32923
8.19489
15.4841
7.37681
3.48494
13.3762
12.9611
12.9936
8.05486
0.0987234
1.16399
11.0526
22.4137
26.9091
20.6648
-4.64668
-29.8824
-42.0304
-16.4063
-14.538
-13.1045
-4.34528
3.81314
6.55146
21.1347
15.8733
11.1587
1.40631
1.50563
-3.79026
-14.1283
-17.3213
-10.2818
-4.96761
-3.50162
12.8606
35.0031
50.2473
50.093
8.77252
8.60461
-14.4327
-1.17134
16.5349
14.55
15.8142
22.3757
26.9115
26.7483
27.5468
25.596
16.3295
9.15856
9.9535
10.2505
0.109598
2.97042
-1.35861
1.9833
3.57851
21.0391
13.6968
1.29692
-22.5772
-27.7549
-30.0556
-28.4792
-19.2892
-9.09928
0.892917
-4.39978
-11.7448
-3.70693
2.38003
3.76729
-1.55559
-1.28377
-9.21515
-20.2282
-23.4569
-21.8772
-15.0394
-4.67379
18.2399
37.8122
26.7467
14.1694
-4.31612
13.8765
8.01683
33.2656
36.5074
22.3557
22.2284
23.9443
26.4227
35.545
35.039
32.4681
34.4152
23.9272
3.60615
-5.77955
-9.32933
-6.25429
3.22287
8.55339
10.3888
8.87952
-10.9469
-30.4303
-26.9826
-16.6378
-19.0534
-19.4603
-30.0129
-35.0812
-43.8813
-55.2846
-61.6796
-60.7296
-39.6363
-9.23628
8.54492
22.2396
14.5174
-3.57505
-13.6979
-1.39375
-3.57573
3.15885
10.836
12.79
2.46093
-4.15888
-6.55317
13.2254
5.65475
-2.05993
9.08115
6.27239
12.4676
5.60064
7.45186
8.91244
10.9736
25.0938
42.5869
51.91
12.6983
-28.4158
-26.496
-16.6011
-4.38782
15.9148
22.6331
11.2068
-24.387
-41.7555
-29.7067
-17.1499
-12.9873
-20.2572
-16.6822
-2.28168
9.63052
13.7206
23.7688
17.5366
3.69807
-19.8584
-14.7601
6.81305
32.1019
15.1794
-1.25921
-11.4941
-0.516445
-1.15342
-0.413084
1.66247
-19.5785
-27.7385
-15.3989
-4.49513
-11.3052
2.07015
17.1239
14.9065
12.5032
19.1622
-10.4363
6.82456
13.8764
19.74
45.2581
64.6376
37.219
-32.6892
-34.5723
-5.00193
9.47352
23.5572
27.1668
13.5556
-21.4424
-37.3823
-35.7549
-4.19977
1.77937
18.9363
43.7015
14.4571
-28.0576
-32.8643
-26.356
-25.2072
7.79209
23.3059
18.7943
-3.11977
21.1448
20.1845
-11.4464
-7.54297
-3.12502
1.75655
0.316239
-9.0985
-40.8972
-40.2386
-25.1388
-22.7253
-16.2256
21.7604
51.0716
58.2292
42.6515
34.3163
-11.5665
-44.0562
-2.55887
40.8639
33.1317
39.684
21.7901
-30.6107
-36.8296
0.299993
10.9788
5.66117
6.36307
6.61589
-8.98297
-24.6303
-30.1786
1.57988
18.5174
39.1547
-0.299703
-23.6014
-31.5306
-28.3089
52.6514
9.39364
15.7327
-30.2011
-16.7459
1.25962
-1.36849
3.39411
-9.90669
-12.3134
-5.9685
1.30314
-11.6082
-19.5432
-48.9553
-46.6052
-41.5946
-19.2987
12.0012
18.1481
32.1742
59.0567
14.3299
7.25226
-53.9466
-101.297
-40.4241
13.0257
10.2054
-6.82675
-18.9279
-22.6431
-19.2854
1.35862
-2.21197
-2.62578
-1.37422
6.39208
11.3999
-9.42258
-16.1926
-3.92332
-7.19917
-20.2625
-6.25955
-13.0645
-44.5166
-38.192
8.72598
15.765
34.1608
-17.1622
-26.3931
-11.4666
-14.1224
-14.9561
-16.4296
-10.7461
-0.982207
3.27743
-8.30262
-18.5896
-44.2249
-30.7318
-19.2286
5.59582
18.891
13.7764
13.0309
22.5029
1.21724
-24.3102
-64.5422
-51.2883
-2.5079
-0.712541
-2.60474
-8.95385
-20.2111
-10.9354
-1.71162
8.11006
8.89377
6.74652
1.85972
9.49611
20.4496
-1.07854
-8.74812
-5.65667
23.2298
30.0722
11.1467
6.86859
18.5205
0.97932
5.63586
-2.50049
9.80353
8.39525
25.1475
5.96482
-13.5054
-22.0981
-18.7758
-6.66546
-4.14405
2.06403
0.866424
-7.06893
-24.5631
-13.0241
1.3142
-0.425245
3.77563
5.98277
16.6231
35.9784
27.2988
20.311
8.28025
-2.25089
-12.2871
-9.04442
-1.55967
-2.13264
-10.4666
-0.67882
11.0837
4.8003
5.92063
15.658
16.9171
12.9065
21.0792
10.6019
-3.04734
-4.8545
8.41128
5.43478
-14.184
-9.6489
18.8455
37.3896
42.4296
39.1472
19.7202
6.97007
6.45521
2.46892
-3.15761
-16.4893
-24.5963
-13.4665
-6.46721
-2.55036
-2.29506
1.59246
-4.57548
1.24304
8.67962
3.51839
-2.07707
-8.14761
-17.1302
-22.0003
-30.992
-33.1796
-31.0691
-29.1126
-20.2656
-4.38864
0.888341
-3.35696
-6.15007
5.87054
20.8105
-4.02131
-4.52231
4.47554
14.1492
9.76117
20.5409
15.9829
11.9973
10.0451
7.37276
5.58022
-4.5475
-26.7933
-39.0656
-38.8189
-32.8205
-29.4279
-29.4249
-20.7136
-3.87344
6.62776
-3.62507
-11.2991
-21.8445
-23.3764
-6.50937
-1.88009
4.04964
7.05762
3.0068
9.29278
10.9726
12.4457
12.7374
3.66304
-4.41575
-15.6099
-19.9688
-17.2899
-11.9196
-5.12071
4.19959
7.35789
0.92044
-2.98573
-9.80114
9.10918
10.8668
-10.4489
-3.82145
3.67901
11.0355
11.6302
12.2638
21.8255
6.45627
17.4971
17.8351
14.4434
12.5029
16.2973
7.60363
-1.51322
-10.6588
-15.4216
-10.4463
0.596038
11.9193
12.8585
2.28971
-4.76497
-12.4024
-11.0044
-3.99935
-2.56228
5.83863
5.6334
10.398
13.3778
17.986
20.8156
29.3579
35.6871
35.7943
29.9248
32.4792
33.5027
29.8695
19.9898
8.20014
-6.4175
-5.90081
-1.82482
-6.8438
8.67401
-7.99878
-10.2036
-1.16301
7.37272
7.79883
8.22367
8.70019
18.8078
8.36099
13.1651
20.7683
18.1614
13.2567
13.0672
24.8443
34.0733
35.7181
31.2977
27.7921
26.9211
25.1878
11.1052
7.11392
-5.10743
1.72046
-0.875923
5.11174
1.19407
9.86033
11.153
20.3474
17.1597
12.0401
8.73986
12.6814
24.5714
30.5795
32.7533
26.1208
20.5804
9.83199
-3.37298
-7.64749
-10.5765
-4.78008
-7.31737
2.27121
1.20392
-14.1821
-14.3033
-1.27877
6.0546
5.16942
2.30778
9.5359
13.5271
8.62875
0.808107
22.1853
19.1226
8.55887
-0.497603
0.327262
-6.23531
-4.67115
0.754047
4.60349
1.81407
-1.50734
-10.5514
-5.30395
2.22481
10.0959
4.86623
9.61411
-2.63173
9.08837
11.9203
21.3739
15.7603
10.5322
0.734478
-4.33285
-4.78859
-6.49227
-12.2629
-12.2145
-7.66364
-7.94591
-5.38746
-5.81965
-9.08193
-8.83312
0.223217
1.74795
-4.21277
-11.3459
-13.0749
-0.530225
1.92167
0.400314
-1.62069
6.52784
11.8066
12.8907
0.245389
12.1937
25.3162
10.4098
-1.57818
-8.18543
-20.4369
-21.6207
-25.7352
-24.2523
-24.048
-15.0097
-20.1468
-7.93835
14.1995
23.6616
17.9989
2.41676
-3.51608
-8.73003
17.5138
21.9557
15.5417
11.2242
-5.56136
-10.8878
-16.8241
-21.9282
-19.9137
-18.0902
-9.71965
-1.04758
0.415349
-5.11564
-10.045
-9.85921
-11.977
3.75601
-1.19244
-11.7884
-9.62255
3.31466
7.67795
5.36783
-7.82604
4.30007
9.75181
7.08053
4.97957
2.00938
20.612
24.4674
10.9111
-0.932084
-14.1834
-29.0229
-33.2607
-35.5148
-28.9785
-20.972
-10.1234
2.88401
19.2842
18.0302
28.4849
-7.49573
-6.78939
-13.5725
-1.71157
8.67245
14.3788
14.3821
-2.08216
-10.7945
-13.7943
-15.088
-12.1554
-3.68638
0.393942
6.4479
8.81148
1.87718
-7.41368
-16.0906
-8.56558
-3.5193
-4.04793
-7.73552
-7.57746
0.720539
2.80803
-2.9932
-16.6405
-1.54977
12.3458
2.29673
-0.0786482
2.93996
8.78356
21.9
18.9851
16.2344
3.53341
-10.9418
-16.742
-20.7908
-22.173
-16.5669
-7.36462
-1.92482
11.2231
19.7669
8.61308
-4.05057
0.528723
-16.8479
-17.5683
2.85181
7.46849
10.1046
-0.637524
-12.267
-9.5972
-7.7889
-2.56835
5.5133
7.17362
10.2863
10.5293
-3.426
-23.6099
-11.4934
0.735125
-0.448624
1.44699
-6.86737
-9.32825
-4.64939
-6.37253
-13.8997
-23.2823
-5.34729
8.84972
1.945
-0.180305
2.56678
1.8665
14.3461
20.5214
17.0302
18.3627
3.34522
-10.0491
-17.0788
-17.1027
-11.1675
1.37114
12.3304
19.6852
20.9424
0.192688
-5.13053
-4.41118
-19.553
-31.8891
-7.05659
5.67584
0.784864
-4.05343
-8.29817
-5.5001
-0.464598
5.62198
10.4372
12.8018
7.84769
-7.83295
-26.241
-10.2842
-2.925
0.51416
4.76159
3.24366
-1.05416
-2.91611
-1.5774
-13.3736
-9.89943
-14.6682
-5.51566
12.5271
5.42852
1.38946
12.5275
6.69724
11.1022
21.4085
23.7061
19.0852
10.6554
1.6204
-6.30466
-7.09799
-1.1544
18.1847
28.8053
18.1858
-1.88135
-11.2475
-12.3991
-6.85008
-16.9232
-33.7909
-20.2296
-19.8901
-12.021
-12.3695
-11.8493
-11.3634
-2.2424
1.33892
2.02545
-6.56039
-17.9089
-18.6579
1.02458
6.86456
-6.70433
-0.831264
-4.11291
-7.05029
1.00124
2.7931
-4.64955
-7.753
12.7502
10.5146
1.44553
8.59969
-2.19556
2.21586
16.9468
11.4185
13.0165
12.8397
21.4278
27.6427
27.6028
20.1013
12.2148
11.7351
13.543
19.385
1.68404
-7.43304
-10.6178
-20.6564
-11.018
-8.38988
-15.7589
-28.2538
-16.7698
-16.4171
-12.962
-15.6633
-18.812
-15.288
-5.38602
-1.61024
-0.632324
-7.96403
-10.5714
-2.57936
6.27717
9.73841
-0.0381743
-18.2004
-18.1959
-12.8045
-9.28236
0.123845
-1.19754
2.55983
16.5233
1.95132
-0.184344
2.46819
-4.04846
-1.55598
19.9275
19.6764
11.2784
13.0415
2.06931
-5.0394
-7.91518
-11.6119
-15.6942
-19.5422
-20.33
-19.3566
-19.6368
-16.6771
-15.0319
-16.2375
-7.89124
-6.58284
-12.692
-32.4884
-9.86584
-6.15245
-5.40357
-1.37513
-4.57068
-2.21759
-4.61611
-3.34556
-6.24054
-11.6561
-17.6778
-2.07897
-3.08073
-1.27169
-5.77309
-24.5068
-10.4717
3.74523
-2.37774
8.53781
14.6147
12.8435
10.3361
4.93064
14.506
10.5653
5.0674
8.09464
12.7883
14.8335
-11.2422
-9.51365
-2.60833
-6.34373
-3.46591
-10.0048
-15.4604
-18.9522
-19.8897
-17.1824
-15.0224
-6.60386
-2.3235
-0.53525
-5.01842
-5.94004
-10.8869
-26.9331
-14.152
-6.93589
3.73111
7.19461
8.77941
7.93612
3.81052
2.08086
-9.72532
-20.5437
-20.0216
-6.55165
-23.7335
-10.6284
-13.6578
-22.653
-21.252
-32.3243
-33.5184
8.2192
21.8871
23.7332
22.7379
20.8722
14.4746
-15.759
-23.3051
-5.73427
5.76286
-2.79202
-23.2999
-31.1969
-15.5607
-16.716
-23.795
-25.3106
-27.5968
-25.4021
-21.1651
-11.3648
-7.63526
4.23132
3.44929
-1.07814
-4.24792
0.619756
0.742796
-15.0059
-6.97835
-1.33554
8.20676
12.8257
10.577
9.18065
-2.98354
-6.68906
-14.7347
-18.8759
-7.06567
-16.4141
-18.6345
-12.5621
-7.54351
16.1708
27.9765
5.70794
-6.37996
3.15672
13.5251
13.5121
17.1192
13.3206
-0.181396
-3.53653
-4.00988
8.08036
16.6029
-3.77424
-15.4168
-28.3816
-23.3864
-11.5619
-11.3533
-20.2926
-21.4933
-19.533
-12.9072
-9.38763
-3.18095
3.29899
6.40571
3.7277
4.04492
6.739
13.6626
-1.94818
0.510159
7.32895
12.4507
15.527
14.5382
6.84587
-0.386812
-5.58521
-17.9885
-10.2618
-8.30556
-17.5342
-10.5454
-3.37316
3.99621
27.0219
43.855
36.4305
9.04033
2.94856
3.63525
-0.600763
-11.3956
-8.83654
-1.90789
9.87478
33.7237
29.6658
13.7155
0.301994
-3.1781
-4.04209
-16.301
-6.75438
1.83116
0.334209
-3.13064
-6.9061
-7.3976
-0.39082
5.83039
9.08111
11.5554
10.0769
1.82744
1.01565
30.1344
7.17586
1.16696
13.2877
16.7715
18.8522
17.3178
10.6087
3.44725
-3.77043
-14.5158
-10.3239
-7.71247
-4.59372
3.1388
-8.37539
-13.6012
5.25295
10.2843
1.40712
-2.85346
3.54843
-0.166381
-20.0149
-32.7972
-27.9904
-17.385
-19.0659
-5.86627
-1.77407
-2.76997
-0.167932
6.27359
7.85281
7.04575
4.9944
10.7299
13.0466
15.7722
4.81297
3.77803
8.49161
11.5811
14.1309
14.3744
11.6638
-12.5817
-7.82913
48.0804
28.4077
1.92737
17.1847
24.643
26.1903
21.8956
16.1559
4.29273
-4.83387
-13.948
-12.6418
-2.41642
3.04456
4.24027
-4.37202
-18.9112
-17.3413
-14.496
-14.3611
-10.0234
2.76508
-0.913221
-13.8675
-17.0971
-13.4274
-14.4594
-22.3189
-22.6305
-15.3484
-4.33462
-0.918432
6.37614
8.1372
8.53335
16.4988
17.9521
16.7211
16.0314
13.8154
8.67169
13.068
17.2109
14.4244
19.6819
8.35236
-14.3473
-15.0692
43.502
39.1481
2.36038
16.229
29.172
31.886
26.443
15.0318
0.207471
-14.8417
-16.9849
-11.8581
-1.11583
6.19975
1.02335
-8.49338
-18.1391
-19.121
-18.2796
-13.8331
-5.12212
4.58785
6.97775
5.11291
-0.162241
2.25982
-4.54857
-12.0727
-17.4782
-12.2976
-5.49488
1.96189
8.737
8.26669
8.11124
15.1336
23.0493
23.0829
19.834
12.3799
9.86118
13.6638
17.6115
16.255
14.2657
-0.753563
-18.6296
-12.8614
29.3815
31.9152
4.03601
13.1978
25.8691
27.5367
14.5753
-0.382436
-14.52
-23.219
-18.1222
-11.889
3.21443
7.01471
3.62158
-8.86255
-13.1674
-12.8076
-10.4752
-6.10866
4.50357
8.5238
6.79608
7.47327
0.320458
2.81666
-0.404999
-4.06051
-9.41073
-5.65034
0.95014
1.10789
10.7869
16.0504
12.3674
17.2612
12.3076
15.8016
15.0142
6.81695
9.03027
12.0114
17.0558
12.9718
8.52596
-2.60587
-10.9136
-17.8629
17.4157
31.5032
9.1827
6.16983
16.3641
16.9375
-0.495888
-12.6709
-24.2605
-23.6378
-20.6545
-4.40189
12.6523
17.1376
12.5329
7.10053
-1.36044
-2.48007
-4.30882
-9.13051
2.47982
-1.72836
5.57528
11.6349
0.878683
0.640102
-2.30231
-8.85398
-1.67437
-6.98477
7.99234
13.5604
16.1274
30.2444
32.4095
29.1888
5.08942
-1.66278
-6.28252
-4.16211
0.638063
8.63356
23.837
19.4217
15.5189
3.66804
-15.9193
-35.4643
-0.804387
12.4203
5.52985
-7.8117
3.46388
6.33345
-8.29552
-20.3716
-19.8298
-11.8295
3.67273
30.033
46.9368
36.3039
22.3155
4.60002
-4.48052
-3.15305
-5.19956
-2.60103
3.07946
0.370273
-0.408402
17.3399
3.68666
-4.81441
-8.517
-7.82426
-14.7878
-21.2005
-16.8234
-5.6399
-1.70226
15.4429
24.551
23.6698
1.81847
-12.7976
-25.3631
-22.5594
-8.21269
11.7552
26.0325
18.4188
9.47044
2.42201
-27.4299
-34.4808
-7.91806
-3.40714
2.08165
-20.2299
-7.27987
-0.113766
-11.2137
-23.2737
-17.7462
-2.96307
24.4719
46.5266
48.8933
27.1464
5.93944
-7.82508
1.2629
15.6939
18.9604
24.8986
17.8167
15.2179
20.3492
24.0349
8.54565
-1.37852
-8.56349
-20.0413
-29.1484
-28.2508
-38
-12.0206
-15.733
-2.60276
1.69972
1.3591
-4.50673
-15.9958
-30.5412
-33.3605
-16.5718
9.90452
22.0756
11.2139
4.70064
-7.63385
-42.0743
-27.705
5.57995
-12.2081
-2.30422
-28.2505
-19.8331
-6.01609
-13.2156
-26.2667
-25.1799
-1.56519
18.5327
28.883
21.244
3.96217
5.38684
17.8099
27.1402
18.6461
11.7108
4.12665
7.86163
5.56399
9.94746
13.2704
7.49749
3.9619
16.0214
-4.33177
-6.00256
-9.53951
-25.4531
-5.42018
-24.357
-25.431
-20.6131
-9.16756
6.79148
-6.15973
-29.8505
-37.1805
-18.7105
2.07698
11.5165
3.25364
-0.81023
-12.7808
-34.5064
-25.0655
25.8425
-6.7907
-10.6228
-27.7574
-22.2459
-13.1321
-13.9811
-24.3332
-25.0493
-1.27004
19.9038
24.2096
17.6818
3.50187
-3.01553
10.5536
11.0304
-4.49273
-7.07382
-16.4817
-24.9108
-22.3121
-18.1673
-7.83415
-10.2326
0.702674
22.0838
16.4521
33.3161
26.3184
12.313
19.4513
11.6725
0.111295
-6.53605
5.09298
21.6567
10.0762
-23.1266
-34.0645
-14.9754
2.08805
3.44409
-1.83349
-5.95358
-2.97966
-2.50192
-0.170005
29.3573
1.16452
-20.0607
-17.2995
-35.3231
-17.7582
-5.70104
-18.1657
-19.1594
3.36153
12.7207
7.75994
-6.64421
-42.248
-37.9394
-26.3547
-23.4261
-34.8684
-35.8644
-19.152
-14.8822
-4.51984
6.64907
10.2719
8.03201
14.1775
17.3756
9.41313
15.27
25.2261
31.8524
38.5644
36.9319
21.6182
5.67058
16.6775
26.9413
13.5141
-15.3223
-23.9993
-8.30746
-0.495731
-1.84091
-4.22311
-7.57472
29.2877
43.5837
18.8508
21.7395
8.64859
-23.2659
-24.5294
-31.4107
-14.3165
-0.442496
-9.12579
-7.23265
6.67104
4.42631
-2.89839
-26.4342
-48.1408
-47.5991
-22.0902
3.45386
14.6108
16.3293
21.5049
29.1136
23.3981
16.0281
11.7731
6.12545
-0.611832
-4.22616
-6.29447
2.07987
15.2663
24.0766
14.8926
-1.00526
-16.5531
-26.1457
-9.75345
16.7715
21.7126
-3.56763
-8.49434
-5.00811
-5.62658
-7.21866
-16.7409
3.41301
53.275
49.8434
15.7444
12.3548
5.3001
-30.2771
-33.4361
-19.6927
-13.4589
-1.96612
8.50779
8.03053
19.4626
12.7362
3.51008
-5.33978
-7.30129
-6.78811
-0.560879
13.026
21.2309
5.96823
-4.55569
2.05385
-0.756686
-7.10931
-12.3287
-13.1996
-11.397
-8.58215
-5.1877
2.58717
6.7129
3.80196
0.341561
-0.0895574
-8.67459
-26.7843
-20.4757
11.2142
20.3353
9.23508
1.89011
-2.31607
-5.8595
-16.2045
-23.6514
19.711
65.8435
34.6219
17.9965
-5.66366
-24.8446
-20.9355
-8.43704
0.655438
-14.4591
-3.45476
15.5795
13.4874
23.3697
21.3934
12.7012
4.72234
-1.79571
-2.65687
-10.6122
-5.84207
-1.66671
0.618922
4.87343
3.9651
1.83561
-2.34538
-4.37653
-4.34348
-2.22433
6.70522
15.694
12.3287
5.42237
-1.41092
-0.39186
-9.44689
-15.4358
-14.5019
-17.2304
1.1362
16.1783
14.2222
8.95144
-1.3664
-14.2079
-31.5883
-25.2089
26.6449
35.7132
-7.79098
31.6758
-3.6626
-35.153
-12.561
15.2592
20.4536
3.30114
-0.681354
9.18636
14.7205
14.6501
26.9814
17.695
4.70422
3.21992
-2.78915
-8.11138
-3.66096
-5.85846
-2.17454
7.38021
9.67796
3.14724
3.15502
-1.4857
4.97565
11.5398
16.3604
15.9033
9.93905
4.07101
-4.35375
-12.3003
-20.8309
-16.065
-13.2658
-8.5906
-1.74944
10.616
17.0621
13.1358
-0.86602
-18.6837
-32.1249
-3.48962
18.1399
-40.8605
-55.9531
54.4471
10.3456
-20.2019
-24.2785
12.911
33.4721
21.925
2.32524
0.911608
11.5644
11.5384
23.6886
11.9864
6.9946
0.924929
-0.615879
-6.24686
-2.37842
2.60978
10.3985
16.5025
17.8827
19.0266
19.2416
20.9346
23.9796
16.264
12.0439
7.05077
2.97403
-4.56415
-16.6656
-23.785
-24.9432
-17.4501
-10.737
-2.13866
-0.0929658
6.01167
15.2182
13.029
2.87531
-14.7415
-14.7188
17.7994
7.29956
-103.724
-92.6241
59.3556
7.45333
-4.24746
-27.4306
-0.033072
34.7285
34.1449
9.78048
5.0732
2.36555
5.20266
12.6928
6.08164
3.50833
-4.59566
1.6292
-0.176757
-4.21312
-0.499716
2.46665
7.44999
12.0784
13.5196
5.7547
3.97347
5.0909
3.11534
0.65182
-4.40705
-12.2379
-20.3668
-20.4426
-23.4426
-24.3475
-17.3985
-5.92674
-1.67536
2.60148
4.45576
16.146
13.1681
5.05873
-6.38166
4.29643
25.0568
0.55027
-78.9591
-66.6663
38.4485
-13.4107
1.73858
-1.56864
-21.808
7.68727
28.7889
17.2008
-3.5414
-6.83453
3.02286
2.29269
-1.20212
-4.11214
-2.65733
-1.1052
1.8082
4.64319
5.179
3.28008
8.51105
7.09291
1.50751
-3.1704
-6.74144
-8.02851
-11.3741
-17.3438
-17.9415
-19.5663
-21.1285
-27.0447
-27.1456
-19.8266
-10.8226
-0.946954
-2.48588
-2.59556
9.76958
16.6176
12.988
7.30563
8.38917
15.5605
14.7797
-10.6273
-3.40416
-1.18172
16.1872
-21.2498
4.15725
37.596
-20.8374
-30.2518
20.6698
20.0715
-0.13035
2.16494
-0.771543
-5.17943
-3.69529
-0.842268
-3.18125
3.83964
9.06961
17.7439
14.2841
14.0978
12.9001
14.3455
12.3037
10.3979
4.07252
1.78737
-4.65078
-8.73969
-15.1938
-13.582
-14.0556
-20.0785
-18.3011
-14.1821
-7.08914
5.65486
1.84537
2.65826
14.6218
10.8719
10.9445
8.96528
20.7446
2.7226
-13.1571
17.1173
85.3293
45.6466
5.20375
-32.5658
-4.26827
62.8908
-9.26143
-40.5827
14.045
17.681
-3.32757
1.47041
-0.257879
-5.30776
-3.85367
-4.87508
-6.03653
3.6776
13.2086
19.0185
11.9809
8.01565
0.865256
0.154966
-0.151424
-4.63476
-8.36793
-8.87491
-13.7881
-9.6116
-10.9303
-9.90202
-14.7725
-13.8478
-11.2535
-6.92615
-3.01355
3.62226
6.28809
10.0429
15.9955
17.2359
13.2495
14.049
13.1284
-25.363
-45.6818
65.8776
119.469
43.627
6.62859
-21.0286
12.6136
66.2602
10.8436
-29.63
13.3675
4.12736
-5.0776
-1.7951
2.05748
0.0442811
-7.93656
-7.48335
-8.74938
2.77983
10.0367
17.0873
11.5354
4.71743
2.02772
1.04624
-1.36447
-3.76386
-3.30741
-3.78344
-7.90597
-5.20681
-4.18486
-6.38406
-6.81962
-9.19535
0.500216
0.562441
-2.11941
2.41924
4.51087
14.0895
23.2773
21.5964
12.4038
11.1636
7.43412
-49.041
-52.7029
61.9791
71.7398
14.5801
13.4206
-6.38779
14.1972
27.3208
18.3317
-5.16319
6.75032
-11.9394
-14.1227
-1.97595
6.64505
3.52571
-5.56639
-10.9428
-12.8717
-3.64207
6.42273
15.3956
7.66648
7.00679
10.082
6.5042
1.42123
-4.73289
-0.925104
-1.04103
-3.9964
-6.02244
-6.28209
-5.22063
-5.09852
-5.91946
5.39844
4.37022
-2.38223
1.37363
7.2439
16.5425
14.7598
7.14415
3.712
11.6727
1.06542
-42.4413
-29.9421
23.9101
-26.9807
-51.685
-5.20052
-10.5942
-4.10709
-15.9374
-3.51241
-3.52865
7.11705
-30.0282
-25.8755
-2.35012
10.1458
10.0291
-6.73508
-13.1568
-17.1754
-7.45389
4.8947
12.4624
15.6551
13.6078
15.2088
13.621
4.02956
-1.04796
1.36098
6.49058
0.640237
-5.57224
-10.0832
-4.26755
-3.68344
-8.45101
-4.32899
-0.449558
-4.45449
-4.23629
10.4929
6.49332
4.53951
-3.00314
2.31761
10.9756
1.65526
-12.6761
-34.3484
-12.3256
-73.7411
-108.632
-41.5277
-5.90811
-4.13952
-26.3494
-16.333
-6.34146
26.8326
-14.4374
-37.054
-10.6825
8.92342
18.5012
2.97074
-13.7635
-15.4616
-7.00156
0.411637
4.39955
11.9739
8.8506
10.2019
10.4832
8.90345
1.17359
8.69595
5.01265
2.59492
-4.33687
-7.13371
0.50136
0.909482
-4.66156
-8.27181
-5.65827
-5.46984
-2.616
-4.11363
2.52068
1.1452
1.13693
5.47689
11.6316
18.3501
-3.45747
-37.7167
-27.3979
-77.4398
-85.995
-29.2859
1.24276
5.7228
-22.3736
-22.8303
-0.194733
40.0132
2.76595
-38.0651
-20.2157
2.87951
22.2745
19.4241
2.15401
-9.19116
-10.0307
-14.3034
-11.4943
-1.9991
1.76276
7.92222
13.0658
16.4672
15.9501
11.36
10.6651
7.3297
6.63796
3.10154
2.45067
-2.08572
-15.2585
-18.3327
-20.1382
-12.5827
-16.8402
-10.4653
-8.52386
-3.75995
4.28127
10.5839
17.0923
25.3796
9.40108
-27.2566
-13.2248
-26.9222
-18.7078
5.98701
6.94874
25.5941
-10.8915
-10.6699
1.30282
34.4055
21.6663
-30.3028
-30.3632
-0.742698
12.5849
19.4556
17.9737
15.5938
-2.35994
-15.3811
-19.5624
-13.119
-1.48419
0.990462
-0.472768
9.04601
10.4159
7.30575
1.87901
1.10366
0.94714
-3.41073
-5.97626
-18.6484
-29.9506
-24.0687
-21.2334
-18.0136
-22.5587
-21.9067
-15.1684
-15.0392
3.92104
15.807
13.9285
26.5564
19.1192
4.5832
22.2364
65.675
67.754
42.4568
1.80552
10.3485
1.88411
-3.52465
-7.82523
8.11661
17.4965
-9.2089
-16.0389
-1.5791
3.89731
6.51261
12.177
12.2287
4.73929
-4.03808
-8.60311
-10.8585
-5.20624
-0.843081
-2.19544
-0.788766
-2.04458
-4.37246
-8.50108
-6.02648
-4.95115
-10.0677
-10.5975
-18.4977
-18.0346
-14.7823
-17.7062
-12.248
-21.0282
-18.0836
-13.3033
-11.0643
4.9528
10.3851
8.41256
7.01117
6.41495
2.98624
20.7923
63.589
72.107
45.3873
