6.53661
2.21286
7.76605
12.0007
23.5861
21.8487
21.7788
12.7244
9.32425
4.92451
2.99845
3.2762
6.29533
1.23105
1.2934
-3.63349
3.51094
-4.34401
-3.8661
-1.45671
-0.373024
2.03861
0.119748
-0.0317847
-1.4012
-0.143647
5.22192
8.30117
10.5459
8.27978
4.09348
1.7693
-0.466948
-3.18729
-7.01401
-8.3394
-1.54536
11.9691
16.7765
6.48045
2.69725
-2.46663
-0.561762
-0.0464395
5.89778
7.52334
12.3979
12.7924
3.86198
-3.6485
-7.93316
11.8908
24.8892
20.748
12.9931
6.73967
0.598605
-6.47772
-3.8052
3.47414
-3.17269
-7.54082
-11.3031
-16.3535
-0.219892
-1.31203
-0.68953
4.34318
-3.31004
3.61384
3.47428
9.55445
-2.74616
-2.38893
6.35895
8.37478
14.6825
8.13826
3.13623
-1.88599
-7.67463
-12.5563
-17.2865
-19.9122
-7.33004
13.4442
20.8564
16.37
1.04139
-9.04007
-7.1082
-9.12448
2.74236
2.87936
13.849
15.9064
-1.66505
-9.2771
-4.07695
13.7879
11.4286
-1.88432
-1.81814
3.25795
-8.00729
-6.0663
2.52074
-3.53864
-7.85849
-1.13655
-12.2677
-10.4407
1.86952
5.75106
4.64247
7.59152
2.21505
0.797739
3.77219
4.05736
-2.47543
0.0424407
5.93353
5.38001
11.4687
5.83313
4.72581
6.49446
-9.14508
-6.55307
-9.76018
-13.2389
-0.359937
11.7314
14.0753
2.17806
2.79694
4.66631
-6.98445
-12.7166
-8.13104
-4.71117
10.4359
10.715
-6.86196
-8.52294
-0.0375264
6.85045
-4.22757
-12.8251
-11.3921
-3.76729
-5.53773
-11.5723
-7.31176
-7.35048
-7.56706
0.749311
-5.11144
-0.25123
-0.562674
11.7153
6.71514
6.75851
-0.420334
0.926619
-3.30137
-6.56311
-9.08435
-4.71194
-2.09434
2.42741
11.6473
-0.918862
-3.41262
-3.47068
-10.646
1.24784
3.0939
-4.70091
5.21013
4.69224
-0.0941292
-5.03566
-0.372141
3.71295
-5.09109
-10.2475
-10.1648
-10.5412
10.235
7.08896
-7.33495
-14.6192
-6.03505
4.68685
-5.05897
-11.0857
-11.7154
-15.5343
-8.23785
-13.3754
-11.8214
0.890206
2.48441
4.7882
7.20716
6.43059
12.5344
5.26674
-1.92371
-4.99119
-7.5551
-7.00948
-4.08561
-12.8263
-2.68329
-7.91885
-8.66075
-3.04487
3.13468
2.19428
-3.93916
-14.2161
-12.3368
4.55637
10.6985
6.46892
8.68448
7.4736
6.26516
2.05479
5.77094
6.59411
-1.48251
-3.00381
-11.2827
-11.5937
2.38831
2.47817
-15.3826
-17.9733
-1.80267
6.60169
0.954357
6.00619
-6.45303
-8.64979
-9.68308
-10.596
-2.66845
1.97992
5.47364
7.78451
7.23853
11.9953
8.78167
2.47883
3.66117
-1.90197
-1.96652
-7.07436
-4.28909
-5.44251
-4.49463
-13.9025
-8.84925
-9.62406
-8.01989
-7.11998
-4.40138
-17.5592
-16.3595
-0.00765917
8.69591
6.05402
0.190298
9.03626
1.78344
10.6391
10.7339
17.6158
0.613638
-2.25413
-3.65336
-10.824
1.05166
3.6397
-14.4252
-13.9954
2.39924
16.2951
21.8592
20.7142
6.87596
2.46008
0.904036
-8.37992
-5.8888
-1.72411
-3.79445
8.60198
10.5194
7.64737
2.64749
0.435095
0.520159
2.9789
13.5465
8.46136
7.18245
10.1529
4.9951
-1.34685
-7.64561
-7.08817
-9.39559
-11.4137
-9.21395
-15.7214
-13.2147
-0.378173
3.86426
4.77349
0.636673
5.31879
14.9516
15.8919
16.2258
12.9142
2.98761
-8.78185
-6.87923
-11.6209
-1.72932
5.02708
-5.48598
-4.58965
5.50974
20.6869
19.165
17.2087
4.70372
-1.59282
-10.8643
-14.089
-14.1827
-12.08
-8.07048
0.787435
-1.91109
-3.75306
-7.09643
-1.97255
-0.362144
9.29724
14.2106
6.55532
9.61474
13.1603
9.97246
6.9513
0.566659
4.04528
-9.42205
-17.6669
-2.65502
-2.82828
-2.15486
7.35806
9.31425
6.39296
-7.31731
-4.34182
5.21138
9.58366
15.9483
4.78319
-12.1855
-28.053
-26.5594
-12.9413
3.03958
9.25338
-0.915307
-8.08511
7.83419
17.106
9.84676
1.77769
6.42646
-6.45084
-1.59338
-1.79246
2.46495
5.74981
10.245
8.36053
-3.74464
-8.64581
-15.0302
-18.3161
-4.52264
3.80215
3.83653
-6.669
-3.11379
-8.03045
-3.74925
3.66567
-2.79833
-5.82275
-7.20862
-6.01893
14.7574
18.047
19.5031
10.6031
9.81336
0.728492
-3.7202
0.740787
-9.57495
-12.5842
-13.4593
-11.0076
-12.5509
-29.0647
-31.3224
-18.912
3.37484
12.7614
0.659391
-6.42405
8.42997
9.86796
-9.97022
-8.78151
0.46948
5.08974
7.66725
8.94615
11.2262
6.77156
13.3406
8.2453
-4.75899
-2.58607
-12.0751
-9.54236
-6.05624
-1.25845
0.325079
-9.9933
-10.9353
-13.6017
-9.11984
-5.1857
-4.73082
-0.12124
7.83855
3.17443
6.86227
11.9117
6.63457
4.29261
-9.90393
-12.8432
-4.77948
7.96995
9.37879
6.40688
5.74121
2.47403
0.0473613
-12.0051
-18.5348
-15.8211
4.44828
17.8622
-1.86561
11.7972
12.1942
-8.45381
-12.7172
-12.0233
-5.73208
1.37431
-7.31882
-4.97521
-8.03964
-9.59867
-5.3926
-6.18983
-13.3992
-9.27878
-7.30488
-12.3068
2.74217
24.2111
27.0731
10.379
0.0235869
-2.6067
8.00702
10.1598
13.9264
18.0372
9.55336
7.4146
-0.685297
-3.33437
-6.89504
-8.76803
-20.3903
-11.6495
-4.06295
20.3188
32.5302
23.2374
16.0208
5.72334
4.65553
5.38845
-4.09713
-9.76587
21.4196
20.4936
6.37807
7.40723
4.40579
-18.694
-27.9216
-29.8306
-13.8994
6.11047
-0.193443
-0.155544
-3.33919
-5.37637
4.51679
2.06628
-0.494305
-5.57614
-11.5809
-17.2962
-8.56931
15.1326
29.2712
15.172
2.98246
3.31818
9.97751
15.1704
18.3101
24.6988
2.71477
-8.14589
-10.5593
-19.2127
-9.02585
-9.94742
-2.95212
3.89049
5.83758
17.57
6.9301
-12.261
-28.6286
-16.611
-9.12371
0.941507
-12.1013
-6.39443
7.52414
27.7004
8.23302
4.24108
-6.71734
-22.9535
1.41733
-0.000318477
2.3292
17.8551
11.1228
-0.898596
-11.1946
-6.98654
5.58064
15.046
16.9596
10.3978
2.56991
-6.48534
-8.81988
2.42448
11.5439
6.29539
-3.06231
-8.47102
-6.00099
-0.331786
13.7045
8.37586
-9.67464
-3.77905
-9.50523
-11.413
3.71487
13.0561
8.02028
9.67137
14.1041
18.1453
-6.20074
-19.1095
-15.9205
-26.5308
-26.7176
1.33775
0.401775
-5.65116
1.63189
27.5026
5.58604
19.8823
2.38632
-10.9195
10.5525
11.9073
8.75667
-3.79867
-15.2707
-5.9651
-20.0713
-25.639
-42.7065
-45.163
-24.9421
14.1714
27.8404
27.7683
5.67954
-10.4708
-3.19195
-2.78486
-4.71311
-8.38872
-4.78697
2.08238
7.76307
-5.24579
-2.00457
-1.34721
-15.7176
-8.64817
-7.3344
-7.59424
6.66753
19.4074
30.3134
34.2757
2.67887
-22.0338
-4.79668
-3.94694
-3.17119
7.99493
14.1707
5.80199
-0.485544
7.03155
2.41801
2.4866
6.26
7.1758
1.89669
-2.95087
-8.4977
12.2675
19.6188
24.2961
-7.94818
13.1459
14.6111
3.12091
-8.17013
-21.3923
17.1393
42.6298
30.4704
3.93554
-9.35105
-6.19011
-8.04253
-11.2053
-9.01584
-17.0753
-5.04881
10.8481
-0.414973
-11.7191
-22.3954
-29.2882
-25.3835
-1.43058
15.3805
7.94947
11.457
21.3286
2.7488
10.2467
16.9292
-5.9557
9.06053
13.7946
22.3508
13.3447
5.36913
9.57735
-0.50191
0.34619
11.4289
8.44192
-10.2007
-31.9526
-19.4
3.59822
20.0883
-3.54296
1.57278
3.96434
22.4754
-27.9755
-14.9884
13.6271
17.5181
29.9998
30.4331
5.29803
-4.10455
-9.76286
-12.2777
-27.2494
-26.1891
-23.4261
-7.31933
15.9358
-2.59362
-17.5298
-11.7889
-10.5342
-29.1325
-9.23952
18.029
-11.7086
-10.8589
-5.75733
-30.0378
-23.1878
6.35939
16.2183
-2.15703
3.52432
16.7442
18.3979
-0.330121
-5.32563
3.60254
1.07204
3.06991
-18.9679
-45.223
-24.4731
0.762013
12.039
30.7877
13.0288
-5.8503
13.7136
16.0877
-0.660908
-6.99327
-26.1634
29.5755
40.8086
16.8601
3.06201
-10.1251
-1.44722
4.72813
-6.45826
-1.80165
-4.4422
-9.32623
2.95353
-0.425552
8.29084
11.9298
-13.2658
-7.50784
8.94543
7.03463
8.95843
-4.47275
0.0351337
1.35325
3.31358
-11.821
-6.5691
-6.55708
-16.5959
2.52349
15.612
-6.45589
-16.1983
0.560379
2.55119
-0.964203
-20.5527
-16.154
-9.64607
5.57523
8.63601
-6.61787
2.04379
-3.26912
-9.6859
-44.5614
-27.1613
-2.58619
4.08581
12.8285
19.9111
8.13985
-1.04288
-16.9179
-2.35274
-2.04757
-5.99731
-1.44531
1.50458
1.16761
-8.73665
-5.57075
2.62533
15.657
24.6842
13.2669
-18.2652
-9.56811
18.293
13.9003
23.4225
2.05908
12.7669
12.4966
10.7837
4.78646
-9.50247
-3.61449
9.44734
-14.2063
-12.9891
7.79833
3.80601
-3.88052
-6.67391
6.11283
4.51223
-1.77087
2.60639
1.7911
-8.93102
-12.071
-1.92225
13.6925
22.4262
21.4307
15.3368
-1.79387
-2.42344
-20.2817
-16.3208
-16.5571
3.38337
5.66058
3.23635
0.0490076
12.9105
6.06485
-13.2317
-9.56734
-10.3949
5.37483
6.44808
-2.71738
-14.3355
-8.85286
2.2106
-0.394754
2.41657
-8.55132
-7.82236
-0.451769
10.2549
19.127
9.05616
5.5746
4.44493
-16.9873
-8.83988
-3.48637
-1.74513
-5.38326
0.81719
-1.12175
-0.517231
-10.498
0.815876
-0.779087
1.41072
0.612039
7.77233
10.3211
11.4523
10.9593
12.4482
-1.47328
-19.6256
-25.3794
-19.5093
-11.6224
4.31547
6.32006
3.20587
2.417
2.67804
12.6062
6.01263
-10.025
-2.87193
1.53522
1.14403
-7.68839
-12.7794
-4.17748
2.59865
1.44147
-7.85153
-12.9228
-8.03657
-11.2476
0.764541
11.1332
10.7962
1.4225
-9.31415
-14.6725
-6.58504
-12.8384
3.15839
-5.03484
1.71347
1.40688
-5.56797
-11.907
-12.3025
-8.28188
-5.97328
-4.68949
0.97778
4.14312
4.92806
6.5127
2.96597
-17.1728
-21.9046
-19.9356
-14.2703
1.10979
0.329387
0.338413
2.837
1.35149
-9.60933
0.809419
24.9185
-4.17867
-6.09812
-2.51098
-7.40097
-0.379217
0.587538
-4.23115
-5.94812
-8.3797
-15.0737
-16.1004
-12.0769
-12.7315
-7.17604
-1.02238
-5.64605
-0.681144
-8.08729
-4.24357
-7.40987
-6.74774
-6.59126
2.90297
8.11587
16.7837
11.9622
4.85241
4.85715
4.91325
0.112551
1.96986
2.4309
7.67977
13.0468
9.57213
-6.84173
-12.8503
-14.1395
-11.1605
3.20756
2.7093
-8.94579
-3.15415
4.33906
-0.492989
-10.2832
-3.58905
24.2117
12.1254
1.1108
0.480691
-9.13874
-5.3833
0.192985
1.97977
5.97235
7.07125
9.89413
7.87121
5.3464
-6.48121
-6.20358
-2.94418
-1.69407
4.65348
-3.05803
3.02195
-7.35707
0.75965
-4.95472
6.91129
4.45337
7.90041
6.93108
1.39097
1.13071
0.255236
0.673075
2.46862
3.17897
2.03972
0.0136024
-5.03913
-4.9765
-3.29697
-0.461283
4.76552
7.12619
-9.5497
-13.9993
-6.90163
-0.253994
-5.80515
-14.0859
-9.59663
6.58318
28.5773
4.04894
4.67834
-5.82391
-7.06855
-5.52762
-3.11183
1.40888
9.9803
13.981
12.1852
5.00098
3.15457
3.91184
-1.23013
-1.77587
-0.296549
9.95728
5.78186
1.04283
1.19263
5.14997
-12.9938
8.01833
6.39937
-3.45331
-8.88816
-5.74897
-4.94544
-9.31045
-6.48185
-7.17652
-3.66066
-0.246079
0.58311
-1.64031
2.67526
14.4527
19.507
5.85007
-9.60673
-13.7479
-12.2922
-5.22849
-13.6726
-20.4754
-10.0415
-5.83138
22.5756
21.6325
5.8845
1.86415
-7.90804
-7.60777
-5.47011
-6.46111
-0.338943
2.62822
3.10907
6.52879
3.72044
6.65177
3.34849
3.00732
7.39856
23.4118
7.11156
-0.271906
3.43589
-1.8001
-8.78306
-6.68449
0.731087
-0.955317
-5.63612
-2.03373
-1.02631
-0.729087
-2.16288
4.56914
8.1495
5.23358
7.32217
7.9817
10.2679
24.0414
19.8704
8.21195
-5.50856
-9.07849
-14.7864
-5.03638
-5.37885
-12.5317
-8.57838
-4.12237
4.04774
29.1777
17.9837
5.80961
5.33095
-0.259961
-2.59238
-3.06827
-2.18743
1.16176
0.625871
5.27019
3.51972
-0.971442
7.73956
7.72618
12.8633
19.387
5.11107
-5.82958
1.92207
1.03542
-7.8264
-11.7052
-8.70785
3.38717
-1.6467
2.8751
8.11749
8.27035
8.60609
11.8676
10.6995
5.71744
6.09155
7.90414
18.0019
16.064
10.9323
0.324846
-3.28408
-10.0451
-10.9292
0.0550847
-2.75697
-11.6382
-7.43255
0.209602
-3.14369
18.0886
19.8798
4.6699
-0.564179
4.27036
-5.3982
-2.3345
-1.73987
-1.17372
3.37425
3.48084
-4.08176
-7.76751
-3.28345
0.741201
15.8626
9.96671
-0.892446
-0.0740288
3.33777
2.80578
-4.10253
-6.79278
-11.1024
-13.6804
-12.837
-3.03173
2.99587
3.21002
2.21623
12.0314
10.1057
2.91872
-3.25285
-0.612015
6.24976
13.3616
1.86592
-1.41503
1.34838
-3.7454
1.96861
12.6146
12.6246
1.97486
1.9291
6.41997
5.1431
12.7084
14.5452
1.7663
-10.8555
-5.60446
-8.0806
-8.19816
-0.964651
-5.02827
-8.42065
-5.72979
-11.3587
-16.7032
-2.75939
1.18258
1.08508
-1.43968
-4.81467
-4.83802
5.70843
8.06314
-1.90217
-4.36143
-8.23938
-8.98208
-2.40916
-6.22256
1.02415
7.86716
5.69128
0.00559517
-4.32217
-5.0422
-5.96047
-3.86362
14.7465
21.9971
1.13221
1.80282
7.39415
20.2292
20.6246
18.4734
18.5618
19.0707
18.83
17.0476
16.2932
12.5131
17.2206
2.45213
-0.692848
-16.4665
-18.0973
-12.6991
-10.8635
-3.83726
-4.89452
-5.94765
-3.38511
-5.53346
1.02751
-5.05624
-4.55203
4.08216
-3.22778
-6.42248
-2.3216
1.56388
-2.07761
-4.16913
-1.22568
-4.87401
-9.02951
-8.54505
-8.02058
-9.9645
-9.4529
-13.1116
-15.4962
-15.6763
-4.54074
0.426858
22.1999
14.458
4.41484
0.368812
1.16313
14.3166
8.13707
10.0463
-1.12592
-0.361552
9.39766
15.2786
18.603
9.58992
12.0709
4.45224
2.7302
-1.75981
-14.9051
-14.0858
-10.4961
-8.52328
-2.97476
4.62322
10.6355
9.33136
-0.875949
-11.8686
0.904118
-1.93114
-10.7156
-5.70574
-7.33583
6.07417
3.45336
0.145823
0.81084
1.58178
-1.26895
0.774865
3.07546
-7.854
-11.9566
-20.6083
-20.3325
-3.27982
7.00764
-7.71832
3.45335
-3.83423
-6.98955
-12.7875
-12.0843
0.424832
-1.11234
2.84964
-13.2347
-17.9918
-5.25178
-4.14393
-6.53703
-11.1605
-7.5002
-7.4613
-14.6776
1.81522
1.70682
-1.25576
-0.643035
10.5299
17.2586
18.2403
6.67189
-1.95714
-12.9297
-10.7802
-10.3451
-5.54607
-1.45326
-2.29956
-9.13968
4.11977
11.4689
12.1576
10.3762
4.61792
7.08044
7.6657
6.85268
3.18479
-0.90349
-3.39187
7.41494
19.0121
-5.80513
-14.9814
-1.71913
-13.1519
-15.2777
-22.8999
-10.0644
-1.44204
1.34239
-7.38937
-8.59532
-4.89473
-15.5935
-23.7028
-27.1891
-22.223
-14.0194
-12.8889
-27.5136
-8.76049
-4.06703
-5.35899
8.42499
14.722
21.1915
23.0362
14.8931
3.1218
-8.34709
-10.3959
-5.00027
-1.70713
-0.228004
-0.253066
-8.72213
-2.17659
10.5161
14.4604
14.2593
6.652
14.4173
13.9308
14.0043
6.30008
2.75672
4.47714
20.9005
11.1733
-31.9468
-13.6947
15.3963
18.0879
23.9902
31.6082
33.9102
17.1171
4.04748
2.57017
5.03592
8.09203
-3.82878
7.17339
4.33732
0.976437
3.68449
-1.26969
-19.4083
-20.6745
-1.96205
-6.82509
-12.3045
-4.87822
2.52418
5.68761
4.53011
-4.77764
-6.12425
-8.60929
-1.8991
-3.10886
-1.83451
4.31875
-17.8887
-5.82671
8.3265
10.42
10.1549
12.0706
11.0064
5.51545
6.05168
-2.80192
-4.43502
8.4755
10.4932
-19.921
-29.8104
-6.97756
11.4365
1.27345
-23.2452
-21.6977
4.41229
16.1711
6.41828
11.3812
6.76926
8.39474
-6.73097
-16.21
-21.4487
-11.9894
-3.20935
2.72212
5.33335
-14.4386
-11.8616
-4.0142
-5.91885
-4.76068
-3.03468
1.37247
1.16595
1.69266
-2.85565
-2.10637
-2.40249
-0.113595
1.36623
12.2456
-18.8158
-7.63227
9.76471
2.73746
7.33056
2.43206
1.0815
0.690626
-6.70566
-6.55617
-6.00572
4.462
-11.2883
-20.3497
-12.4851
-6.98541
0.44532
-1.25018
-2.74528
-11.9315
-24.9853
-16.2553
-3.48569
5.75628
12.2633
4.82948
-2.60424
4.27008
24.3697
8.4967
-6.09085
12.5046
28.1621
9.13922
-8.56662
-5.0856
-0.20218
-4.04432
2.98309
2.67813
1.9267
2.3371
1.28437
-6.21158
0.294884
3.36057
-2.25402
5.67128
-23.165
-18.3943
4.76456
-1.82746
-3.49102
-3.10125
-3.24277
-9.54829
-8.39726
-8.12787
-2.64715
-6.08847
-17.9453
-10.4526
3.79147
5.11727
-3.71442
-9.17734
-13.6966
-8.96142
-5.42104
-30.1116
-31.7137
-19.7154
1.22823
14.3075
22.4774
26.4235
17.3742
1.50001
0.369584
5.57749
25.5061
30.8146
10.6492
1.58919
2.6335
6.24544
4.42552
9.17008
0.168541
-0.0387491
-3.18965
-5.8973
-3.61939
4.1827
-2.58052
1.89184
-13.8475
-14.7226
8.25178
-2.12812
-2.11324
-2.88668
-6.20084
0.00608584
-0.835119
-2.60714
-8.06539
-11.2382
-8.30023
1.94667
12.4251
4.84835
5.63558
9.67973
-0.0689369
-10.7884
-10.311
-17.0485
-9.31555
-4.40727
8.79244
5.67514
3.8138
11.3808
-0.451621
-10.4185
-10.3346
-4.27625
5.08329
20.488
18.8261
3.2985
6.57321
2.89599
7.80571
9.06798
3.62911
0.0548325
-5.87426
-4.79089
3.74232
5.90534
-0.567879
-3.20645
-9.16119
-2.50551
16.578
2.72215
-2.20445
-4.09436
-5.77887
-6.28151
-1.56828
-1.9034
-13.0559
-5.58164
5.20665
14.7624
15.833
10.7911
11.7645
9.93727
6.57277
4.32236
5.71448
-1.83457
20.7425
19.8261
11.6312
1.6241
-13.0014
-16.661
-17.1755
-17.4604
-19.106
-13.1084
-3.91274
5.14824
9.24609
11.1306
1.08359
-0.0695724
5.67719
7.94712
12.4472
12.3195
2.77411
-5.63483
8.27865
6.43837
-7.54946
-3.16309
-10.858
-13.5403
20.2831
8.92209
-4.293
-8.75349
-7.98739
-9.68568
0.0644595
1.897
-0.793892
3.98637
2.65912
4.087
6.14086
9.54298
15.6319
13.3106
10.276
12.1497
3.36992
5.29485
7.28377
7.15106
-1.17861
-12.5317
-24.2743
-24.8143
-25.8802
-23.3835
-20.172
-13.3359
-6.96398
-4.86036
-0.517392
2.33182
3.78595
-1.44094
-1.54297
9.32057
12.4726
16.0339
9.86617
2.35212
4.34671
-6.13964
-20.7718
-2.80808
-13.7177
-21.4584
14.5541
10.9638
-4.83645
-11.6045
-11.566
-8.6688
5.8714
-0.0787272
4.43242
-9.76976
-10.1863
-7.08188
-0.449207
10.5411
16.2703
16.6541
8.54919
7.11394
4.43115
4.99683
1.77679
-13.8815
-23.7282
-12.3197
-8.70621
-8.2934
-11.2811
-9.77432
-2.33815
-3.90502
-3.25738
-4.05783
-3.21073
6.37977
11.0679
5.45411
3.33344
-0.888696
11.1542
15.4724
13.6041
8.74313
1.10362
-17.9578
-11.0953
6.53249
1.60031
-21.833
4.25565
13.5929
-7.19598
-14.4268
-6.50201
3.50784
7.63143
-1.97614
-1.02724
-16.7576
-19.5399
-8.75001
-0.76255
12.2307
22.0544
20.041
10.8068
2.75546
3.50476
-5.13543
-2.04929
-10.8768
-16.0064
-14.6518
7.53536
8.3368
7.79137
9.10968
10.986
4.73792
6.53378
8.19549
7.48541
13.0769
17.8859
7.27677
2.73168
-13.3435
4.81972
5.86199
6.17615
6.3158
-3.31217
-19.3725
4.8917
9.91406
11.3868
-18.0776
5.1469
14.4653
-2.30198
-16.3246
-5.35558
14.8329
26.6056
11.1735
1.18234
-0.344308
-5.27237
-2.73935
-0.922158
20.165
36.7053
10.5398
-2.56918
-13.9373
-8.66587
-15.1685
-29.9002
-15.3968
-7.52585
-6.01834
-2.24706
3.09169
4.64768
14.3605
18.0386
9.02425
11.0305
17.7011
14.8565
1.3769
-1.92788
-10.6139
-5.01563
-17.9686
-2.11197
2.3788
4.15898
-0.0612541
-7.09629
-10.4438
21.4672
-5.86557
3.98501
0.842398
6.89614
14.8402
-1.96894
-18.2069
-6.35607
16.6452
35.0972
24.8928
5.92228
-8.17874
-23.9742
-32.7
-15.291
13.971
18.5924
-13.3155
9.8416
10.0681
30.9011
19.1943
-12.8734
-10.9252
19.9551
14.2714
9.37551
9.36616
-0.941288
-0.51412
-1.51546
-1.24222
-1.23881
11.9939
6.66168
-17.7631
-28.6151
-22.5383
-18.2173
-17.5368
-10.7527
-3.56385
-5.54723
-1.14285
-3.14145
2.28271
27.2358
-11.997
12.1347
18.0111
3.82302
13.9841
-3.86874
-20.3055
-13.8813
8.97461
30.3022
24.5526
3.59582
-6.98596
-5.32934
-14.3181
-17.521
-6.9747
3.22773
4.92947
14.7209
-3.34544
15.4601
12.1664
-1.99227
-4.64902
4.77574
-24.7019
-35.9609
-34.15
-28.3452
-16.1163
-7.84695
3.12943
22.7112
25.5594
22.4266
-5.86717
-21.7143
-19.4429
-24.1511
-17.8668
-12.3961
-9.71021
-1.42196
-6.01218
3.34437
18.5782
9.85746
-25.2532
23.6841
15.7229
10.9051
13.3524
5.63301
-17.3558
-22.737
6.9871
27.1357
26.9194
-4.09899
-21.0149
-24.7465
-11.227
-0.688249
10.1229
15.6414
12.7614
18.6481
12.1715
27.0806
21.5403
7.73696
-0.408014
7.91712
-17.4248
-22.0381
-26.8098
-5.68334
-5.35894
-20.0876
-2.20851
7.22659
31.463
48.5818
36.404
7.21308
-10.9559
-22.5617
-11.2435
-7.99467
-8.90854
-1.17625
-1.5441
11.2415
28.7187
-26.3796
-18.5576
22.7582
2.28986
9.05012
5.03353
4.86103
-15.9213
-25.7005
-2.22458
19.6071
20.8366
-4.61915
-11.7142
-12.0313
-0.524042
4.57301
-0.156569
-10.4059
-7.74865
-1.07285
-3.5049
19.312
31.5443
22.5453
27.9235
28.603
34.197
21.645
4.79069
-2.03841
-31.32
-56.2388
-52.6902
-31.9123
-14.5294
13.9816
27.9977
15.7097
-6.64875
-7.71123
-7.59334
-8.76174
-2.74436
-4.30802
8.75039
11.402
12.3711
-31.8686
5.3734
-1.10401
-18.1994
-14.9669
4.03374
5.24521
-2.21236
-19.3171
-10.8131
9.26923
15.6886
3.94729
-9.82497
-6.62584
3.10904
3.01344
-8.91489
-10.7449
-9.97669
-8.31114
-11.7882
-2.55523
10.4601
9.76256
0.778021
1.30255
6.76146
-0.0119633
-10.3497
-24.8707
-32.03
-16.9499
-8.25946
-12.4282
-16.9491
-6.94443
8.06802
6.75882
-7.17316
-1.22477
2.41362
-0.447062
0.658492
2.73866
6.52314
14.9419
-15.0211
-2.10953
18.2785
2.93083
-8.87631
-14.9979
6.64603
12.1136
6.94149
-13.9605
-16.6815
4.19419
7.08063
1.94167
-4.77799
-5.8444
-1.60839
-4.8929
6.05972
5.44153
4.06316
-0.97425
-6.86109
-4.66904
9.07831
16.6681
18.2542
17.6429
20.0626
10.5328
7.92259
-1.23741
-2.82839
0.524323
5.23853
13.729
20.2097
11.2808
9.64487
-0.830116
-7.08998
4.57091
5.7486
-5.57825
-5.62783
-0.281346
-0.282251
0.316689
0.480561
15.501
-3.67719
-11.061
20.1968
-21.3595
-9.60078
11.5786
-2.1075
-6.51174
-20.579
-4.5797
3.18803
6.58488
1.38581
-7.7194
-3.80203
1.98845
9.67398
10.2856
10.483
6.92735
1.20577
2.09393
-2.98205
-6.44976
-3.98272
-5.25239
-1.52271
-0.813465
3.4786
6.51534
1.38423
2.5642
6.60284
8.81519
13.6702
16.7309
4.69212
-4.10577
-5.91144
7.04815
7.73045
3.48329
-4.17831
-4.31909
-11.729
5.4096
18.6
7.35422
-19.9977
-27.253
0.636527
-3.85144
-28.4703
14.7008
2.33959
-6.22169
-17.4456
-5.93883
4.30487
2.98802
4.82779
-2.61164
-2.90637
-2.60695
-2.32113
1.66279
6.89078
12.9154
9.81967
5.05651
-2.51273
-3.70746
-3.08867
-2.86944
4.26494
7.35706
7.61013
4.05789
-0.574449
2.30863
5.15675
5.21066
8.17933
9.87747
3.42896
1.46382
7.65729
11.3058
11.4007
7.80017
6.80599
-9.29769
-17.5124
9.24753
16.6228
-4.73728
-28.0724
-18.1745
-3.23178
35.717
-45.3949
8.67938
17.6398
-0.865564
-11.0756
-11.0586
2.91438
2.23015
1.6364
-0.735109
-5.95891
-8.90648
-10.2369
-7.89971
-3.41334
-1.79617
9.33763
9.34838
5.5711
0.0634147
-0.498063
-1.09146
0.541748
5.07851
1.92882
-2.535
-0.754009
3.76159
2.93341
1.92812
0.59751
-9.01773
-6.85937
-1.98846
8.87599
14.5324
12.6332
18.4134
3.47882
-21.0803
-7.97789
5.10556
-0.511806
2.46539
-18.6559
-17.0762
24.9193
48.2181
-8.07674
23.8299
52.3845
16.3553
-3.39549
-7.37214
-4.93488
2.14742
2.91643
-2.07926
-0.376794
-9.44556
-7.57441
-9.35089
-1.43699
-3.31824
2.2841
-2.16782
-2.80261
-2.98586
-2.37979
-10.5337
-13.9655
-11.4938
-3.93397
0.453313
4.05417
9.79881
5.60383
-0.581599
-3.6714
-11.5436
-11.6221
-3.17481
5.61847
8.33754
11.2584
18.3689
-16.307
-16.4641
-9.72801
-13.054
-22.7089
24.0686
15.0842
-3.46776
7.85515
30.1593
6.06823
9.48793
26.9967
13.7377
-8.8716
-9.31581
0.98419
4.03696
4.09005
1.74598
4.31307
0.867199
-0.965316
-4.19752
0.767688
6.02866
3.42248
3.93808
2.14676
3.37938
-0.613676
-5.87008
-5.62297
-7.0523
-1.42689
7.07431
11.1767
14.4459
7.05796
-2.16054
-10.9919
-17.9375
-17.9731
-4.04811
3.19035
4.72253
3.96212
-3.7413
-13.2955
-11.107
-4.54613
-11.6249
-10.0831
18.4302
11.6742
-4.62135
-20.0951
-10.7666
1.9301
-8.55026
1.23639
-11.6867
-17.7676
-13.3972
7.54346
10.3234
2.58864
0.160998
5.48372
6.32415
3.06018
3.8125
6.02237
12.1234
7.06122
3.71939
2.06166
5.99578
-2.60239
-9.14724
-5.2302
-3.85117
1.50672
7.60358
12.3483
15.4188
8.72218
-3.25816
-14.6583
-13.2195
-16.936
-1.52477
6.47271
2.74552
-0.506904
5.97101
-1.25191
1.14607
3.59985
-7.39031
-2.99352
8.11841
2.38129
-2.89333
-6.44168
-42.09
-13.0511
-32.2933
-14.1032
-14.4208
-29.8357
-15.9586
-1.00942
6.9162
7.09375
-6.62428
5.13679
4.39042
6.76669
7.5508
7.20126
8.42241
1.03463
4.20412
8.3293
0.342332
1.20215
-1.97951
0.465223
-0.844588
-3.70797
-1.02989
3.0498
5.21165
0.986929
-12.2381
-13.0136
-18.4211
-9.54148
5.95643
8.80441
-8.31617
-4.20725
10.9013
8.40089
21.0512
30.3478
-0.913828
18.8422
1.22931
-1.57055
7.96852
12.3996
-22.1665
-28.9398
-59.0009
-14.1492
14.7478
-19.6058
-26.0894
-5.31058
8.24645
6.56254
-0.0916963
-2.29006
3.77875
5.49915
5.71856
9.09194
3.01918
4.19079
5.95265
8.65123
3.67961
6.38811
10.7389
11.3913
5.22712
4.72933
0.384709
-2.97552
-10.5467
-10.7255
-15.658
-8.41553
-9.32258
7.35386
7.05268
-0.760586
-6.98332
-4.37701
4.29456
13.9151
21.3427
12.1562
-10.323
27.0619
-10.1753
-0.112508
13.15
22.0377
-0.339853
12.8676
-5.43211
17.31
34.9883
3.54782
-20.8936
-2.50867
12.0057
16.251
-0.917074
-6.64863
-4.61361
-3.10471
-1.75848
1.37096
1.71594
-0.445155
-0.680866
3.35169
2.37926
12.7994
20.5727
23.2507
12.4891
7.86013
-3.92538
-15.2249
-12.8739
-12.2125
-7.84814
-1.88476
10.9786
13.5587
7.83485
-5.67399
-5.3789
-3.35114
6.63902
22.0555
1.18437
-20.3298
-13.5976
10.5914
-21.0353
3.22836
6.66302
13.747
5.14729
54.1603
23.235
12.1322
19.308
9.79197
-15.2926
-9.99966
13.7155
13.6421
11.4515
-3.60456
-14.3507
-11.2005
-14.2184
-13.8537
-9.49705
-14.845
-11.6164
-7.16606
-0.839768
2.05868
11.6063
12.8632
9.94268
4.97294
-14.3443
-19.7242
-7.21861
-5.09195
-0.597315
16.3446
20.777
9.04037
-8.32876
-6.68133
-7.16398
1.10232
17.9669
7.55808
-20.0852
-19.2359
-21.7658
-23.9187
-32.0052
9.90231
4.22443
-6.40748
-13.0953
56.5725
14.5815
-0.405195
3.47319
12.0428
-9.12458
-16.7338
9.29813
18.4324
16.1693
-1.66766
-9.68201
-13.4394
-20.2111
-20.5154
-18.3012
-20.0472
-15.3231
-15.2548
-5.35525
1.55191
0.534737
3.94833
0.0900615
-3.61452
-14.6454
-14.4728
-3.54103
6.97389
17.7291
22.9809
10.6498
-11.0957
-15.7603
-10.8462
0.440099
19.0473
11.0757
-16.073
-33.8111
2.18505
1.97846
-27.9815
-29.6339
17.0366
-1.05688
-19.3209
-20.3809
19.6066
-20.7006
-25.5721
1.12412
0.572987
-1.46996
-11.179
-1.58121
8.03353
14.5532
3.61721
-3.17809
-8.29324
-10.4764
-16.7641
-11.3859
-3.83337
-3.75727
-1.65527
2.5381
3.56027
2.06567
7.40639
7.47527
2.61519
-1.61493
0.60324
13.5055
19.3807
27.3553
6.44305
-10.8552
-23.7692
-17.3855
-5.68847
9.44462
17.8218
1.50177
-22.2005
-3.10094
35.8605
35.3446
7.40698
0.970962
29.5109
-2.81058
-5.13367
-15.2011
-4.11358
-33.1007
-20.7082
0.718065
-7.66815
-3.75324
-9.48131
-3.48668
-2.68862
1.58073
2.89377
-2.05516
-3.06486
-7.18038
-4.78175
0.301049
6.80931
2.35885
0.69533
3.18318
5.81994
5.81371
8.34132
10.8305
10.8256
8.00756
6.81618
15.9843
12.4484
9.57162
-6.68998
-11.7708
-16.9324
-6.3998
-0.149243
4.22707
4.97677
1.02981
-1.99935
13.5684
28.397
29.0375
16.241
13.8937
22.1643
