-3.52942
-0.68322
3.3339
7.72801
3.963
0.820837
3.69317
3.19958
5.31423
-0.791242
-2.16039
1.68009
0.168257
-1.69075
-9.53252
-8.21894
-6.05673
1.93053
3.49505
10.6598
-1.74183
1.45207
4.93575
3.45395
0.026985
1.54891
4.42347
6.85152
6.48487
8.47436
5.96758
4.74901
0.897998
-0.0978037
0.19493
-0.421006
2.04416
3.62624
0.0173741
6.93935
11.0145
8.9059
-0.577548
-4.88073
-2.45039
5.43935
7.44593
9.90778
-1.28405
0.247932
7.06842
-0.141858
-5.09262
3.406
7.19843
2.42008
0.911512
-3.84886
-8.3534
-1.53632
-3.57868
3.45575
-8.18464
-4.23083
-2.07999
-4.14279
-7.12814
3.90701
1.75776
4.6391
5.39558
2.72137
-2.82334
0.778546
-0.360188
-1.58793
-0.0505813
6.08859
5.08883
1.0644
-10.0743
-6.26906
-1.24525
-6.04738
2.14441
1.24401
-1.31383
11.2074
15.8644
9.12919
3.05629
-6.03362
-6.95074
1.84955
12.2983
13.447
-3.08419
4.75114
4.88055
-3.22602
2.66288
4.34869
0.687292
-1.47769
-3.56433
-2.44206
-2.44821
-2.26969
0.187641
7.00835
2.06644
5.26768
6.72916
3.5261
-1.94112
-0.75054
8.41034
6.31755
5.31213
6.28397
5.39258
1.51547
-6.83031
-5.85465
-6.67883
-4.96823
-1.90855
-1.29023
-11.4535
-11.2776
-11.3868
-4.84233
4.15728
-1.24635
0.766368
7.74936
9.89113
6.98503
-1.77521
-8.82644
-3.89056
-4.45641
4.73452
10.2652
-4.51543
1.89483
4.23734
5.87213
5.07551
2.82053
-5.16667
-8.17631
-6.95437
-5.09411
-2.36519
-4.14034
-0.521543
6.73741
10.2944
6.34234
6.70886
0.529898
-7.15091
-5.01888
-0.819386
5.39632
5.42787
4.05313
8.35933
1.36208
-6.96882
-11.8825
-12.6665
-7.79609
-8.3029
-4.7202
-13.3753
-12.0398
-9.25264
-0.687089
6.12124
1.4105
2.82055
-0.325582
3.27097
3.78299
-2.44207
-12.8652
-9.14041
-7.98049
-4.84054
5.07284
-5.58745
-4.283
-0.228091
5.33353
6.54903
4.68353
-1.68458
-6.53965
-11.5211
-6.10894
-2.06471
-3.32334
2.10362
17.2148
19.0942
11.2213
5.18346
-4.08632
-9.42747
-9.53604
-6.04508
3.45215
7.78336
2.95642
12.7985
4.73208
-5.18053
-11.0921
-0.450948
6.83389
3.1562
-4.77075
-4.52975
-3.21034
3.5644
13.2989
19.504
10.5416
1.91019
-2.26806
1.1773
4.45941
-2.39476
-10.7632
-12.8703
-12.5953
-7.64212
2.53285
-4.51668
-10.1047
-0.364161
7.30052
7.79438
4.54356
1.05602
-3.60799
-7.45995
-2.65411
2.50316
4.13586
19.8828
24.0702
15.7125
5.98143
-0.285301
-10.5891
-19.6663
-17.4488
-11.3634
-6.84961
6.14129
4.41773
14.5474
9.05678
-1.50896
-6.20285
3.49541
8.9565
9.28262
-0.150477
-3.37054
3.60205
4.72683
3.64802
14.7726
14.3926
0.451453
-6.05384
0.66965
0.205303
-2.3215
-7.28705
-12.1019
-14.9373
-2.1414
3.39546
-4.58298
-15.2299
-2.57786
1.36326
4.30812
2.09587
1.92302
6.23014
8.46771
10.8794
10.7946
1.11561
-0.412519
1.17551
4.72751
-4.83745
-19.3064
-15.8978
-17.8621
-13.6675
-13.579
-10.4167
-5.26238
2.88407
14.0577
7.34081
0.63791
-4.41031
-1.43003
4.5899
10.9556
2.60666
-7.56642
-7.72812
-8.03262
-7.33431
-1.87522
5.25479
-3.03293
-6.79302
-7.76857
-4.97106
-4.32724
-4.49859
-8.91929
-12.9281
-5.33017
5.43846
-8.89151
-21.18
-1.05535
10.0497
7.62784
-3.77197
-4.32127
-5.93459
1.90039
5.6933
11.4897
-1.31635
-6.73528
-16.7964
-8.18439
-12.001
-19.0584
-9.34412
-8.79118
-3.88241
-0.990881
-0.855649
3.26564
9.25698
17.944
8.66487
5.44164
5.38181
11.0861
14.5471
5.74747
-10.4704
-25.1153
-22.1277
-6.05493
0.726285
2.50831
4.49746
2.26126
-7.81066
-13.1799
-10.3404
0.0648526
1.53133
5.02522
-5.51949
-6.1631
6.24678
-8.067
-3.77883
2.9244
-4.10485
-15.7886
-16.4713
-8.63741
3.20269
10.3124
6.22442
-2.33058
2.61451
10.418
10.0769
7.9166
6.84736
-4.32684
-5.57351
-6.27749
4.16329
8.69859
13.0473
11.0303
19.1022
16.6128
11.3827
4.25857
6.88209
4.62189
10.6431
2.98199
-9.2719
-13.1786
-9.5909
-11.5306
-14.6423
5.87604
16.1001
12.7402
5.17431
-7.03086
-7.14456
-7.16975
6.17643
11.1614
1.434
0.609255
11.9142
-2.39662
-3.72708
-6.52937
-12.6051
-25.4462
-16.5287
3.70968
9.36481
12.5055
16.3286
10.5461
13.7693
17.9465
7.77316
3.99561
5.62018
9.21733
6.8547
0.155645
2.32381
7.77042
1.75756
-4.26014
0.602071
-1.14707
-6.74459
-6.81036
-4.87151
9.41697
15.4618
23.5779
17.1797
3.59599
-6.32389
-11.6324
-7.56912
5.48854
1.68046
9.76636
9.68308
10.1907
14.6677
-3.16007
0.167329
2.90448
7.37561
5.88754
14.5115
-6.98925
-15.1058
-11.1264
-11.3641
-2.89606
14.9872
19.1658
16.7304
0.319179
-12.5917
-19.131
-9.67679
-3.46122
-11.6591
-20.7828
-20.3397
-9.59511
1.83003
-0.283355
1.67577
-2.17392
-4.91052
-11.363
-7.09693
-8.12916
-20.4938
-13.506
-1.81359
17.4439
24.0046
27.639
9.48649
3.90885
-5.06576
-8.68999
-10.7004
-9.12324
-5.77654
-4.92775
-4.03298
-23.8292
-19.7209
-14.4603
-11.4292
-9.06496
15.8673
16.3737
11.955
-10.7536
-2.45336
13.2275
17.0432
1.49845
-1.54003
2.12494
-3.36284
-5.71816
-7.41733
-8.21764
3.8819
16.0274
15.8653
5.41852
-3.78263
-7.17004
-15.2778
-21.312
-6.56245
8.62915
10.0443
4.62188
3.09254
9.28865
-10.2344
-16.0618
-5.72054
-0.433566
-2.42668
4.17559
-2.10597
-8.22179
-1.85092
9.05993
14.8083
18.2853
20.9814
23.6656
14.0789
-4.91189
-19.2398
-19.4435
-13.454
-10.9183
7.10703
31.708
23.1499
4.15814
14.0845
26.9719
8.3733
-24.5545
-26.7672
-17.42
-0.51615
5.74336
-1.51421
-0.795692
-3.62375
3.84754
8.13243
20.5825
16.2251
5.43058
-7.37579
-18.188
-13.1698
-5.1111
3.87268
2.61416
1.79901
5.17495
-8.52489
-17.5874
-19.1116
-12.9715
-5.48122
-6.78315
-5.77829
4.29671
1.93233
0.119835
-0.581086
-3.11468
-7.40005
-11.6641
-7.58705
0.0361141
6.87797
-8.35839
-13.5156
-22.0557
-12.4666
23.73
25.4447
15.3893
30.3997
13.2788
-2.60603
-26.6083
-17.7064
-2.57843
1.13983
-1.93329
-12.7497
-12.9242
-15.0239
-25.0664
-15.7047
-3.89307
17.5421
26.8974
29.4046
21.6128
-12.3326
-6.27827
11.5964
8.74489
4.50675
4.2734
-0.712398
13.7932
-1.82346
-3.88523
-12.5782
-13.6077
-4.32288
-0.810048
5.25267
13.4483
16.0518
13.9135
6.16982
-8.33981
-16.222
-5.2447
6.39899
15.96
10.3968
1.99945
-10.9527
12.2298
21.1858
11.0046
19.8711
-4.28547
-24.4615
-18.1361
5.51604
3.42159
-5.12455
14.9334
28.0419
32.6967
21.3322
-1.88176
-22.815
-7.06402
6.27939
14.7506
37.8412
39.5415
-2.8591
-5.20192
-4.1651
-4.35582
-12.3159
-8.43616
-6.97221
25.886
19.378
2.71323
-18.2271
-17.2357
-16.2094
-3.01306
-5.41405
0.250725
14.5477
-19.6755
-3.31607
-9.18958
-22.0175
-11.1181
-0.702974
17.5968
17.1775
19.885
-5.07487
-0.0477408
7.05917
1.44436
-5.23279
-15.2709
-25.6815
0.147376
8.6753
-14.9328
5.36988
29.043
-17.4038
-17.3737
2.48366
-52.4356
-16.2633
-36.9958
-9.27357
19.5215
23.0011
7.80166
-9.98123
-18.3806
-4.74462
2.80917
0.540792
-6.87257
-10.1212
27.0972
40.1454
0.498105
-30.4616
-30.9002
-12.0235
-10.5186
-7.54666
26.1453
38.5095
-4.011
13.686
28.6712
-11.3138
-15.5329
-16.4075
0.885584
10.1535
18.8251
2.76138
-10.7587
7.53431
-11.8803
-16.8326
-9.45595
-4.56995
1.29457
-11.2926
-17.4912
-11.7377
33.478
-32.6473
-10.2775
-31.1516
-37.6699
40.023
-11.6364
-15.9874
17.0924
26.7418
-4.23822
-14.3302
-21.3109
8.5381
19.5084
6.57685
11.9643
-6.14123
18.6248
42.1203
21.3419
-3.8496
4.6719
-4.19071
-4.15295
4.54583
8.16611
25.1716
12.3738
38.8683
23.4828
9.40438
0.742501
-14.0298
-13.7404
4.99468
3.71364
-7.06796
-10.0391
2.17153
-1.61114
-1.00356
-2.05865
-3.12287
3.41299
-0.31576
-16.3317
-15.3414
14.6216
4.80227
-0.280607
-8.82249
34.853
62.1498
21.6558
-7.306
-4.66338
5.16949
-1.84388
-14.6887
-12.1833
24.0031
30.9091
19.6985
20.0731
1.95268
10.3305
31.2742
24.2806
16.9321
1.44769
-6.21098
-10.2056
1.03536
-5.89655
-5.6205
-5.27885
-0.0602577
-15.3199
14.9388
12.9326
4.8057
-2.20321
-7.75283
-1.81219
-11.6516
-11.976
-5.06371
4.64173
10.656
3.91556
4.14775
2.19628
-2.90256
-6.45664
5.33067
8.54217
-9.74121
-15.6429
-11.9394
3.74451
21.7153
20.534
10.3392
0.291881
2.11187
-14.2738
-33.1452
-4.54195
32.9584
32.4082
14.4787
20.5246
4.33553
4.34419
16.0176
4.54652
-6.89586
-7.85333
-12.4952
-13.5887
-3.32622
-16.477
-32.9177
-36.0937
-31.9977
-15.2091
-1.93183
-1.3993
-10.8581
-10.2876
-1.51179
-8.00558
-10.4324
-1.76489
-3.69891
2.3789
15.8505
10.055
12.2052
-0.213333
-10.1079
-4.60942
3.89896
16.7426
11.9313
8.54783
7.50977
8.45719
11.2063
9.62141
2.29292
-11.7465
-20.3407
-28.0814
-41.1504
1.084
23.862
14.2494
6.9794
14.3589
1.88757
0.0534054
12.8183
-7.40309
-14.3535
-3.67669
-1.35975
1.80492
15.0176
21.3443
15.6569
8.94889
1.75499
-6.41614
-7.22423
-5.80031
-11.5154
-4.69951
1.63009
-9.37526
0.889423
6.02146
-2.13005
-5.63671
7.0966
10.8346
12.8435
9.09895
3.86967
-0.299097
-5.61327
-9.85186
-11.8244
-11.6849
-5.18041
-1.06454
-0.82067
1.64363
-8.46877
-24.7613
-26.5474
-23.2393
-30.6174
11.1198
13.2037
5.40252
-1.33133
5.12954
-2.28369
-1.37842
5.24527
-1.95191
-14.1374
-14.5352
1.87834
3.91875
0.218721
9.38597
11.4318
13.4097
10.0547
1.04969
6.46651
6.53433
5.93853
-3.33943
-3.67536
-9.1485
1.91573
6.61007
4.53659
-7.11444
2.79958
11.4784
9.32303
6.30895
6.92823
5.6033
3.85811
0.084328
0.869419
0.19399
7.27853
3.94364
-1.84066
-5.37069
-21.167
-25.0722
-9.52938
-26.259
-17.4761
13.9803
8.97186
-2.30721
-8.24842
-3.77698
-1.8759
-2.68942
-4.52983
9.27273
1.05526
-3.2404
-1.25658
8.19081
9.50057
9.74436
6.81446
6.88354
2.72994
-1.01941
-0.361176
-4.7917
-7.33482
-16.5183
-11.8354
-9.31279
1.6067
-0.388573
6.75562
-12.7426
-4.23083
6.63941
3.9033
0.846775
-5.25298
-3.89658
-3.96342
3.61288
9.10707
6.87051
6.47754
7.93939
4.77994
-10.6083
-17.2513
-3.85154
-8.7772
-29.4687
0.835186
10.6216
3.97955
-2.75083
-7.08252
-1.37062
-0.558855
2.66717
-6.27005
1.03564
5.50083
14.2748
9.7696
-2.66127
9.84585
11.6621
14.3154
10.6008
4.22142
-2.32699
-8.27165
-16.2585
-17.9876
-17.1427
-11.2101
-9.12795
-5.39839
0.260323
5.82848
-10.4642
-4.17477
7.35048
4.80867
-5.55946
-9.22968
-7.07427
-5.49571
-1.17878
7.26147
6.98335
9.58787
7.16865
-7.65057
-12.2693
1.63697
6.55242
-11.6348
-24.9472
9.84649
11.3511
-1.91928
-8.81187
-10.7842
-2.18617
1.10603
4.7058
-2.63875
-9.1505
4.28912
11.7383
10.3739
1.23804
-4.78602
5.81962
11.0506
13.6368
16.9185
9.95623
-4.55661
-7.59037
-9.1912
-6.09624
-3.97132
-3.83755
-4.76633
4.55873
6.53881
-5.55827
-12.9889
6.10157
4.12976
-2.91244
-8.95159
-5.88207
-5.71497
0.961568
1.68098
3.55004
-4.46309
-11.0829
-8.20378
1.99479
0.7439
3.91009
-14.3803
-4.21731
13.9814
7.7267
-0.172948
-6.99819
-12.8348
-3.28924
2.07163
7.27392
2.56734
-4.36306
2.57637
6.93158
14.9985
10.7801
1.13472
-4.09331
1.43142
6.06844
7.78516
7.77188
-0.765321
1.76591
0.322318
6.58444
3.84506
4.60518
-0.204571
14.4217
12.6234
-18.4511
-19.4879
6.0724
11.801
8.77552
3.08474
0.706544
-0.850529
-4.48349
-8.77078
-10.187
-8.80743
-3.43908
8.30181
11.6518
14.8292
8.46276
-8.27583
8.28883
12.52
13.6238
1.61332
-5.23767
-10.417
-1.47225
0.614594
7.74728
3.34798
-4.31763
3.34835
6.315
11.9621
21.1478
14.6682
10.2773
-2.95933
-2.89728
-2.20941
-1.97714
-5.97112
-5.44265
-10.6186
2.55668
6.65197
5.48482
11.6195
22.8429
4.76108
-19.9017
-20.306
2.94837
16.4413
2.28516
4.9624
3.7136
2.21666
-3.10121
-3.36623
-1.68688
-2.30423
1.80103
5.77108
12.8329
15.9255
-4.33841
-2.30979
-4.60131
10.0249
12.0961
5.22659
-9.04325
-17.38
-0.0538435
-3.02638
-0.801598
2.98939
-4.37844
-10.1352
3.2305
15.8651
24.8112
13.3439
16.8895
7.93585
-0.387741
-5.34979
-12.0171
-8.36884
-4.60029
-7.92654
-4.94851
7.89549
13.3467
15.0127
2.17083
6.33657
-12.6261
-16.8657
8.6903
16.1093
6.63268
-7.01087
-13.316
-19.1869
-23.8769
-25.0205
-17.8641
-11.3865
5.40267
16.6341
24.1036
-3.66669
-10.4544
-14.7084
-13.0672
2.99227
5.44806
6.9347
-15.7378
-37.6834
0.141737
4.21505
4.84626
5.50963
-1.72697
-24.4964
-17.8122
5.96722
2.15884
13.2556
21.4798
16.3564
12.871
13.7728
11.3026
13.0359
5.82593
2.40854
4.08947
14.1619
5.42223
-5.50645
-3.82048
2.52305
-10.9097
-6.09412
3.78046
11.5217
6.38039
2.01687
-8.32496
-14.3431
-16.7151
-16.4212
-7.24044
5.74711
22.8672
21.9151
-4.28569
-4.89979
-8.96582
-12.5156
-17.6034
-22.1576
-14.0897
3.52555
-22.2913
-43.0529
0.318071
13.746
12.2128
8.6534
3.59277
-18.3277
-39.4364
5.77544
7.57693
-7.68242
0.730182
-1.84259
-6.31897
-5.26443
-2.55407
-0.754745
-3.36537
-4.97024
-10.4207
-11.6375
-10.6387
-7.16883
-1.22195
4.42354
-9.47742
-1.66839
16.2462
25.407
15.3115
0.292062
-3.90204
-6.06063
-8.88845
-5.247
-5.2069
0.819578
0.462722
-2.65175
-3.045
1.79136
4.18349
-0.574952
-12.4943
-24.3414
-14.5567
7.87786
-9.25378
-26.4451
-9.2044
1.00519
9.75679
5.87883
15.2204
5.9933
-24.913
-19.8603
24.4009
5.03969
-15.2208
-9.14511
-10.7546
-12.9296
-4.17529
-2.8465
-13.1938
-15.6781
-8.06745
-5.8959
-7.69105
-3.67871
0.147775
6.08127
-2.77287
2.62014
9.61713
13.4414
12.812
7.98517
0.395716
-5.66737
-14.4319
-15.3969
-11.4167
-1.74106
6.36023
3.33353
1.87587
7.1916
12.2663
8.62448
-1.14515
1.61878
14.4936
20.4882
-3.29163
-7.94061
-6.55059
-0.603843
12.9516
7.41399
17.8553
18.5496
-8.23593
-27.9332
1.48265
18.1877
-4.27206
-12.1853
-12.3541
-20.0984
-17.312
-16.2887
-8.75337
0.972328
-1.95314
2.67418
3.4364
-5.40398
8.66299
8.19826
2.57653
1.92416
10.9043
13.7848
10.2516
8.5939
2.21848
-2.20369
-7.37926
-0.831862
-4.3985
6.97496
9.39436
-1.34459
1.91714
21.1074
19.2311
6.32603
-11.4141
-10.6561
9.63826
27.3417
3.69204
-7.88794
0.913615
12.006
8.89212
-5.97244
-8.4547
-3.90681
-12.6257
-28.4933
-14.1297
13.4777
4.2728
-9.1086
-8.23139
-14.3253
-11.3255
0.0793977
3.64804
7.67709
-0.690541
0.0439493
2.12218
0.708523
6.26354
7.86347
14.3043
6.70697
2.84238
4.61652
2.57513
0.859331
-0.241247
-1.28801
-1.47648
0.0873502
4.13672
7.05011
-1.35926
-11.7472
4.84149
32.5754
10.8538
-10.4318
-12.9866
-2.68067
9.62693
10.4915
2.58863
-4.08847
0.0579095
15.642
-2.9591
6.90937
13.5
-6.89377
-18.2285
-17.0642
-10.1604
4.8937
15.3665
-4.80207
-6.23028
-3.17018
0.0840374
3.03268
7.40322
11.1885
8.3921
8.14925
2.22924
-7.42112
-2.3624
1.04423
18.0743
12.12
2.0011
5.89497
0.872323
4.70399
5.79797
5.34373
1.33424
2.80217
2.65985
-5.23945
-9.21317
-9.15158
16.3232
13.9528
10.3005
-4.6307
-2.79753
28.5062
30.7128
5.71517
-16.4591
-30.7054
-23.7913
-6.72113
1.41605
17.3499
15.0829
5.08203
1.85722
3.092
-10.7422
-4.7713
11.3464
1.32434
-9.20846
-5.01717
3.81515
5.75081
9.86021
15.8693
8.29237
3.6946
-6.14379
-11.2085
-10.2859
1.35787
24.8297
18.4664
4.05569
5.49816
2.50042
3.20815
3.30771
3.83154
-2.98977
-1.53048
-4.63253
-10.8849
-14.0557
4.42945
11.5979
-0.696296
-10.2263
-9.51781
1.16203
12.8522
16.5054
23.0491
1.51738
-29.6924
-30.379
-27.9159
-17.57
-10.385
-0.486871
6.89694
9.42236
2.2156
-9.62372
-8.12749
0.600486
8.06056
-5.20414
-14.1028
-8.17644
1.14731
6.75058
12.6361
5.93864
2.68185
-7.72002
-13.3555
-13.0365
-2.96145
28.8971
18.3398
-1.48107
2.44484
-0.529175
-4.72092
-5.41844
-6.40292
-3.47399
-0.404941
-0.832382
-3.61682
-5.33737
0.431789
-3.16646
-8.41673
-10.4797
-12.259
6.34894
15.5904
14.1167
22.6805
28.6848
15.8171
5.78962
-5.07036
-5.38871
3.96883
7.40901
12.368
7.57243
1.58469
-4.71561
-16.6481
-9.12953
2.84524
4.38623
-5.86873
-15.8517
-3.1569
9.64826
11.4889
7.96756
3.43674
-11.6181
-20.2262
-8.27157
-6.12787
25.6776
5.6053
-13.8738
-5.49988
-10.0698
-14.3636
-11.7333
-12.191
-1.69398
5.27313
2.88162
-0.869984
-3.53805
-10.5215
-12.0533
-11.4574
-2.63759
-1.83658
1.44857
3.09945
2.22133
10.4597
7.24022
9.61634
3.57785
4.35991
7.03628
9.89463
11.3951
11.8427
2.47487
-0.147472
-7.08609
-16.9269
-19.0663
-7.16172
1.90625
3.24804
-15.664
-10.3668
-1.13401
8.82615
10.2852
5.46711
-20.011
-22.5994
-8.3523
-3.28215
8.51366
7.19625
-18.7578
-14.7028
-14.3553
-18.3495
-14.7369
-8.27107
8.82874
16.7455
16.0687
5.91395
-3.01413
-7.08696
-11.8806
-8.2765
-4.96856
-5.31635
-8.30386
-9.38865
-10.6215
-14.2253
-24.9704
-15.1039
-16.7024
-9.44559
1.52549
5.78362
11.3446
12.6831
5.93319
4.62388
-5.26665
-11.6031
-10.8321
-12.3626
-9.23094
-2.31725
-8.80494
-19.1287
-10.0646
7.18714
12.374
3.89241
-18.7554
-11.9216
0.954836
2.96395
0.76019
1.47131
-15.6
-19.1527
-14.1545
-17.2474
-11.0336
1.9096
15.3158
21.9269
17.2629
9.50796
3.36485
-1.23178
-8.46233
0.501452
2.33283
8.61147
5.7188
-5.42337
-0.043154
-9.42919
-21.5953
-15.3997
-16.0179
-17.4847
-6.05263
-0.293366
3.19746
11.427
13.5706
16.8105
10.3722
7.38568
-0.609478
-11.3221
-14.5057
-7.74591
-0.587258
-17.8054
-17.0477
4.40747
12.3823
-0.411596
-5.48031
9.03056
13.4226
4.2144
-2.6678
-2.64546
-10.9862
-14.1251
-7.372
-4.72689
-0.721827
8.57394
15.4671
15.3698
8.61857
1.45645
3.30001
2.07026
5.00105
5.63828
5.20175
3.22786
-3.82425
-2.87616
5.20955
-2.83969
-14.5506
-14.6336
-15.8319
-7.58406
-2.00319
-16.1719
-22.2967
-11.8679
0.92139
16.0195
20.7796
23.5574
11.2459
-10.5997
-6.09702
4.00103
8.42615
-4.32787
-8.43007
4.40774
9.09736
-5.83621
0.272552
14.0142
11.3453
8.18601
-6.92626
-14.3731
-9.4667
-6.72542
-2.75985
3.48561
4.67852
10.348
13.2759
-0.282108
-5.67406
-8.71859
0.997183
8.96431
9.24081
5.08222
4.94496
-1.05176
-3.66112
-3.07263
20.5021
18.5939
3.18818
9.82036
9.65631
17.4935
22.1542
16.2082
-1.14198
-11.205
-12.3598
-4.83078
-1.64521
5.87354
-5.42786
-3.57201
9.51383
15.1287
15.7417
5.37646
3.5289
9.15958
2.43714
-4.1526
2.97313
10.4444
0.554878
12.0874
-7.11891
-17.2984
-10.3545
0.960967
18.4787
12.5123
4.88038
7.37604
7.86317
-5.89938
-10.2114
-11.7304
2.4394
20.5156
22.8263
-8.60308
-19.5207
-22.717
-13.7077
-7.23954
-1.37339
-14.1048
-12.024
4.26044
7.58414
-4.59395
-18.8791
-4.17976
-2.87384
-10.2353
-16.5166
-24.0117
-20.9222
-11.5236
3.15591
21.9289
21.5555
20.6185
20.4622
10.8413
7.8692
8.36796
-0.142227
-2.18514
3.54881
-0.759883
-5.56476
17.8751
-3.815
-4.80213
-6.5597
14.2951
28.7081
15.2724
6.53424
2.24979
-0.115987
-9.80178
-7.36552
-6.08769
16.1739
39.8232
35.9037
6.13475
8.01025
26.0049
11.9114
9.80591
6.27055
-23.9872
-38.8406
-21.2635
-2.572
-2.6867
8.58314
38.1163
42.29
29.7471
22.7842
2.66612
-7.23709
1.81909
7.34147
9.37406
2.20563
4.60075
7.47331
3.81933
8.11797
4.83279
-3.24539
5.12326
13.2251
-11.7701
-11.3575
21.5547
-1.80691
16.6984
4.8304
24.6481
27.762
12.4722
9.03325
-3.36371
-8.11775
-14.3479
-18.7923
-19.2231
-20.9676
-17.227
-18.3155
-20.6571
-1.31716
6.1712
11.3076
20.6125
15.7905
-3.93173
-18.4056
-8.88805
-8.77389
-17.1007
-9.14542
7.83273
22.6428
15.9005
7.05355
-7.919
-12.3364
-21.1808
-4.42272
-4.62811
-11.6156
-17.5415
-2.7439
-0.652485
3.04883
-0.41055
-1.15631
4.41456
17.4364
-18.6692
-1.96292
15.4175
-23.3262
14.6873
1.00704
11.042
26.0626
9.97912
8.79991
-2.8465
-9.82974
-14.872
-15.7631
-4.4107
10.5278
12.6342
7.68967
0.603733
-11.6834
-16.9742
-9.45585
6.25176
-1.79706
-8.09338
-17.9789
-7.9175
-4.30819
-8.85359
-0.534445
14.7359
22.9779
9.7223
-10.9615
-20.1701
-7.03664
8.58882
17.3119
9.78543
-5.38727
-16.333
-8.30603
-4.29474
0.168725
-3.47012
0.7728
5.96048
13.4593
-20.7379
4.27237
3.21091
-24.6819
-3.50817
6.07652
-5.26175
8.81854
1.48749
-0.188185
1.71647
-8.32084
-9.74131
3.57005
30.4309
39.965
27.1934
5.5443
-12.762
-15.8051
-8.32548
0.452525
1.67204
6.32341
6.19279
16.2194
18.4011
17.8505
9.37876
14.648
14.1026
8.27772
-2.70744
-9.32771
-15.83
-12.9074
3.53782
15.4505
10.1463
-8.45972
-19.6169
-10.8405
1.27772
-2.82527
-6.12263
0.778558
11.1204
3.42504
-12.989
-11.9338
-15.9891
-17.1253
-26.3561
13.6921
-3.72645
-0.854923
0.305232
-6.2149
0.636708
-4.39886
0.577161
15.5865
24.361
13.9143
0.197001
-2.69867
3.87865
1.52289
2.12983
-2.12684
-14.1577
-15.1099
-8.89954
-4.56227
-7.52912
-11.9948
-10.338
-9.34802
-10.3188
-10.1039
-7.03146
-1.98355
-2.64155
-3.58536
0.901393
7.30428
7.42644
-8.83209
-16.1052
-7.08868
1.71978
1.2332
5.22273
3.00391
15.4893
1.74168
4.86418
-34.2363
-10.6031
16.4875
2.58302
15.4018
-0.461748
-11.6979
-13.9254
-13.5553
-4.81574
0.802267
6.78008
12.704
3.38665
2.35448
-1.81405
5.84896
8.5275
9.82401
10.1758
13.9576
7.27843
1.28749
0.776748
-2.53239
-11.9515
-9.72153
1.33878
0.534383
-0.0609905
0.80374
2.93633
-2.25006
-3.50722
0.569598
-4.90851
-3.71452
-3.08504
-3.69547
-3.7059
-3.79376
-6.74735
-1.08357
-0.290249
3.94146
-1.26373
8.52706
7.45819
-3.16912
11.804
32.6505
11.6823
-10.4691
5.25962
-21.6604
-22.5642
-14.4593
-1.2566
9.60654
11.5713
-2.97517
-7.27247
-3.73142
1.49627
7.96195
9.9726
7.59495
5.61152
5.0521
6.84496
4.66279
9.75751
6.17105
2.3701
0.730244
4.17338
3.29992
0.223899
1.73768
-0.73891
-0.386703
-6.2758
-3.40627
-10.2604
-10.5055
-14.5469
-4.24429
3.60803
8.07771
-1.81905
-12.9912
-8.49617
2.62241
-5.60759
7.69331
-16.7957
16.2146
32.4575
14.8411
17.4655
-23.6571
1.09907
2.07656
-15.4237
-11.3441
-0.101523
13.1221
12.4803
-4.31271
-15.5135
-6.83222
2.86665
7.93244
10.7254
11.2417
8.81165
8.23045
-6.41976
-13.1296
-12.467
-6.671
-10.4065
-16.5259
-6.18511
2.26645
0.146582
9.77387
9.37281
1.81443
-5.30871
-7.22328
-9.72691
-9.51475
-16.8677
-0.322428
10.4059
15.5544
-0.928207
-22.6934
-12.9184
-14.6837
8.85484
21.821
-13.0719
1.80796
21.7274
9.1152
17.2553
-3.0467
-7.95303
0.717439
6.47237
-15.963
-3.09732
11.6326
16.5741
6.10075
-15.157
-15.8552
-4.34561
7.26829
10.4322
15.3325
16.3863
10.7663
0.673576
-13.9141
-10.3731
-12.7151
-17.1408
-17.4324
-4.45174
2.15778
-0.839698
9.38365
6.02982
-1.87861
-4.11741
-1.21462
-7.61457
-7.08309
-2.28489
5.93534
14.2613
19.4247
-1.90796
-22.7191
-21.5731
-27.8188
25.8719
8.6156
-12.6082
-4.40258
-4.83741
-3.82692
7.58232
4.2099
5.10936
-4.43722
17.9784
-7.89363
-6.65979
9.59663
12.836
3.06764
-7.09868
-17.3673
-7.93792
0.926152
3.34974
10.4165
10.5891
11.3254
5.27918
-4.36367
1.61132
3.36983
5.2321
-0.507791
5.1018
11.3155
9.72085
3.75572
-4.26764
0.414382
0.497318
1.45478
-6.24265
-4.53156
-0.0275398
9.09134
16.7428
20.7504
-9.80964
-26.5416
-19.742
-15.0355
16.0039
5.10211
-17.2287
4.63747
-10.6062
-33.6663
-25.3739
3.22179
3.35179
-5.03456
22.7022
4.41949
-5.98134
7.16676
14.4251
4.44418
-8.21552
-12.3042
-6.33783
-0.488711
1.75414
5.61504
6.13231
3.24135
0.714601
0.327954
0.183407
1.55179
6.16554
-1.22692
2.15118
4.50548
7.68374
4.05768
-7.13955
-4.07958
-5.83365
-4.38335
-2.24674
1.95302
11.6396
11.0155
15.8621
15.1043
-23.9785
-26.4136
5.00135
-3.51263
-8.45686
6.84243
-0.69158
2.55396
-9.15805
-34.6237
-26.2221
13.1621
3.87264
-16.5898
21.2322
8.71827
-7.2009
10.5212
10.3059
5.74195
1.25148
-6.54774
-7.46479
-6.44486
-3.71834
-1.10901
-0.428771
-3.33677
0.251769
1.26419
-4.822
2.57517
8.15773
1.79937
-0.753684
-6.70325
-2.63303
-3.39521
-7.86243
-14.0832
-14.8942
-10.2569
1.57984
8.2882
10.1077
18.0999
13.6487
-6.88782
-32.2967
-12.1801
11.9177
-1.32236
-11.7755
17.3374
-7.20513
-7.80545
-13.6971
-15.8514
23.0085
11.6288
6.06021
-22.8621
12.5059
9.8201
-5.23372
6.46485
10.1861
12.3975
6.95192
-4.34083
-15.9147
-18.8572
-8.65364
4.12042
4.03885
7.4628
2.42849
2.17767
2.23286
7.72955
6.90776
0.501029
-4.82352
-4.92305
-7.6518
-5.33687
-5.85131
-7.42318
-10.4516
-5.98821
-0.522318
11.6809
14.123
10.7302
1.83313
-13.1294
-16.8144
6.04199
19.077
-5.42573
-7.37916
6.687
-4.18392
1.9564
-3.57261
12.1106
19.0105
-6.51498
19.471
-27.4894
3.51838
14.6407
3.56495
-0.139274
-1.16553
4.37565
9.78664
5.02907
-9.79659
-21.2878
-18.1902
-2.87309
3.64125
6.58503
6.72105
8.95941
11.6231
9.06648
2.65339
-4.82716
-8.54172
-10.9409
-9.88675
-8.14743
-4.10776
0.625958
3.42984
2.65563
8.53307
10.9508
4.08915
-5.61717
2.14247
0.123808
4.88521
30.6239
23.3126
-18.0619
-0.0794523
3.30434
-2.98261
18.037
3.72539
22.3666
9.86589
-15.3631
10.2077
-21.0356
6.87279
3.70984
7.92878
6.63257
-5.85434
-7.94267
3.2452
9.03468
-3.62185
-4.13106
-21.5117
-17.1968
-5.68172
5.69846
11.7272
14.1112
10.4042
1.52555
-5.25224
-6.86302
-16.4991
-10.555
-8.48278
-2.06877
-3.28579
3.03906
8.13284
9.52734
15.2103
0.801351
-10.7381
2.26679
7.65188
-0.890553
16.6412
28.4701
16.5559
-27.4552
4.43198
4.38112
2.54918
14.4675
15.8574
13.1517
2.87364
-18.2812
8.34842
-2.6494
0.218617
-1.44128
4.22129
13.3838
-1.22483
-9.93814
-8.97431
-3.36436
0.885155
1.14974
-4.07694
-18.5706
-14.1351
0.00713875
5.58275
9.5113
9.6876
5.50222
1.73828
-3.08851
-8.02129
-9.86192
-5.18626
-2.43496
-3.21353
-0.885774
7.01964
9.52533
-0.112354
-14.172
5.19178
18.3669
6.90894
-0.179953
1.8137
14.2444
-1.22907
-15.6697
12.3854
1.24698
1.06373
6.74981
8.25493
-10.448
-21.1177
-18.3437
13.1599
8.07795
-3.81193
-9.22228
-4.03688
6.92226
4.95352
-11.5472
-14.0741
-17.9756
-13.3321
-3.1433
-0.518312
-3.91318
-4.42508
1.02379
5.53684
10.1324
12.6409
7.13251
5.85932
8.6087
4.2836
-5.97142
-5.39004
-4.06051
-7.67325
-0.312984
0.504443
-8.28783
-11.2462
2.77349
20.2349
8.75581
-2.75281
0.574693
-14.5575
-5.15441
-16.427
-1.35267
17.4428
-4.68825
-17.3497
-7.41243
3.57791
-13.1208
-10.5697
1.94181
25.6596
15.8305
10.9862
-13.4373
-7.16799
-3.37009
3.27017
-6.70611
-12.2675
-13.1948
-12.6422
-7.0206
-4.2314
0.832505
-0.0563749
3.05915
2.15043
5.31779
7.14851
3.51351
3.84623
5.94372
4.21753
-2.0267
-2.34097
-3.23642
-5.2208
-2.6658
-5.47191
-9.63004
0.315329
8.86066
10.8218
0.150808
-5.05188
-3.95777
-11.2409
-14.4778
-20.0243
-2.81016
9.76336
-9.64017
-19.2761
-8.51591
-3.55612
