-6.59922
2.45621
5.20922
7.9731
6.5129
7.66317
4.32618
4.75379
2.27959
-2.45548
-3.80431
2.61891
-2.49514
-6.47122
-13.5529
-13.1212
-14.4739
-5.88463
-5.81995
-6.79988
-8.37404
-9.50699
-6.03333
-11.8076
-2.66502
-1.33246
-0.255814
3.65246
-1.01261
1.90033
0.776987
1.00592
3.17936
1.69701
6.80682
5.17625
10.8849
9.52475
2.45324
7.00587
-2.15656
3.30439
9.69943
15.4794
18.3863
11.6994
3.9718
-0.34762
-9.08039
-3.08935
7.6209
3.83903
4.82565
8.26374
6.4156
3.5311
-4.48375
-5.86843
2.70875
5.33862
3.50348
-0.429463
-10.6752
-9.11177
-1.71702
2.00492
1.65879
-1.61455
-9.10066
-13.8916
-0.263869
-0.681447
2.1353
-6.24948
-3.62007
7.18329
6.91459
6.13828
4.96211
4.89333
6.54152
7.54045
5.54135
9.55452
5.92924
16.2232
4.39634
5.42748
4.3954
7.38877
9.13215
18.6435
24.2773
23.8457
6.32473
-4.49636
-5.95595
-7.79667
2.1758
-2.19059
4.4135
8.47592
-5.92666
-10.237
-6.35714
-6.03584
5.06742
6.20489
9.60222
8.46867
6.00169
3.38855
10.7695
5.04315
6.92804
0.566947
-3.11792
-4.16175
3.21438
3.50192
-4.37426
-9.21651
-6.33423
5.39822
8.99709
7.19562
0.500759
0.082141
-3.10568
1.74499
-7.23959
1.70045
3.83117
2.50474
-3.77234
-6.60998
-4.56542
-6.18395
-2.82148
0.927352
9.70424
12.2161
-1.81596
-11.0315
-5.56136
-13.4247
-7.39126
-1.5101
-0.376355
-3.19914
-10.3974
-18.7567
-10.3916
1.93322
6.07042
5.99027
14.9983
17.95
16.1165
6.51245
13.5097
12.5885
7.93263
-2.25399
-3.84127
-5.32594
0.206387
5.6076
0.791245
3.50431
0.724299
6.91845
8.38379
10.7237
-2.47088
-12.2123
-10.4285
-5.24529
1.47733
7.98083
-0.282572
-5.43544
-8.26816
-11.4114
-15.401
-20.9312
-14.1223
-3.63305
-2.6632
4.96714
-5.06382
-16.8354
-6.22315
-9.04877
-3.10706
-5.71104
-2.70158
-2.12742
-13.6773
-16.5635
-11.0343
-1.14884
2.94924
10.3221
14.9722
5.57196
1.88427
-2.57145
-2.96728
2.76888
2.52408
-2.94996
1.32489
-4.47625
-4.09106
-4.64164
-0.750128
0.534455
-3.55192
3.32572
7.76845
3.86882
-6.92313
-13.9221
-17.3567
-13.727
-4.47605
5.62186
13.218
6.47857
6.74542
2.87179
-8.09617
-19.0759
-18.8089
-11.1467
-7.39922
-0.312092
-7.70046
-18.2338
-2.39267
-1.55248
4.79445
3.9966
3.27552
-3.45681
-12.1376
-4.56256
-3.13636
7.52635
4.41496
1.55183
0.826048
-18.15
-19.4302
-16.6845
-9.96715
-5.60029
-11.5986
-7.58533
3.16214
2.6508
-5.93749
-5.42314
-2.92327
3.40246
-6.56699
-3.53749
-2.30594
-2.14668
-4.69976
-11.4579
-15.4366
-16.9785
-15.0542
-7.62528
9.3782
8.79868
4.44562
9.21568
11.1988
0.76739
-11.9332
-10.0754
-11.0123
-4.93259
-12.3556
-13.827
1.28731
12.6254
16.8019
16.1437
13.7003
3.02642
-5.12838
-0.471256
2.829
-4.94588
-1.28766
-3.14855
-5.68087
-9.50647
-10.3545
-7.29844
-4.49907
2.92346
-4.81331
-5.45726
-0.618226
0.794673
1.39622
5.17748
4.39553
0.748455
1.78565
-5.40803
-2.53238
8.41901
12.9667
7.18695
-7.50667
-16.5942
-17.2462
-21.4483
-8.83239
2.03658
-0.753986
4.14999
10.3101
12.4429
1.59135
-2.56335
-2.14721
-4.10875
-9.08827
-12.7733
6.02403
22.4465
19.3672
13.2435
5.85388
-2.45336
-2.3529
-4.14824
-7.66038
-15.5402
-4.23661
2.71775
8.27248
8.97863
16.1253
16.4358
14.3742
14.2903
8.05251
7.35039
8.79509
10.2619
7.8051
2.32247
1.34283
5.40461
7.965
11.0197
13.4722
28.6731
33.8554
23.5405
15.8727
0.101403
-9.60403
-7.74689
4.30913
12.2536
13.6336
7.83244
0.627648
12.687
22.984
23.0029
14.2801
1.47944
-14.084
-16.1717
10.4596
22.4619
1.4588
-15.9559
-15.5154
-11.8062
-3.92105
-2.26915
-6.20084
-6.42882
0.52048
3.18381
0.778764
-2.01458
2.94139
0.625092
6.97909
20.0341
17.2972
9.31354
1.90737
-2.45944
-3.36344
-4.13174
-7.73033
-2.04122
-2.45493
13.9638
10.6824
16.7973
3.32756
-3.48631
-11.1101
-7.23089
-4.65657
-9.26572
-5.01967
-11.6784
-6.96268
-6.87415
-7.12472
-9.29835
-4.6536
13.3702
16.9373
7.8644
-7.68323
-14.6519
1.81376
-4.08425
-11.7695
-8.76969
0.741268
-0.446874
1.68588
5.54331
8.42994
0.78238
-3.34234
-1.32309
0.838052
-4.42684
-6.85516
-10.7016
-10.5334
-0.240387
1.25091
-0.0777229
-8.85209
-23.1447
-19.4382
-24.0228
-29.7661
-30.3647
-19.2935
-10.5765
-6.56139
-14.5261
-25.8648
-23.7919
-17.1323
-4.30838
-2.49063
-3.86281
-4.13646
-5.88243
-0.704944
-1.49127
-5.34541
-13.7361
-22.2146
1.71293
8.09529
15.8481
-4.42659
-18.1721
-1.23147
-18.8765
-13.9034
8.41852
10.2953
3.42999
1.928
5.71456
13.012
3.38675
-5.30701
3.09043
2.12803
7.88952
18.918
15.9764
4.96355
-8.45884
3.93771
5.17832
-4.97653
-7.46835
-8.35895
-5.28539
-5.49827
-8.61572
8.13641
-0.00673707
2.60868
-13.8392
-1.24865
-2.21624
11.488
8.62487
9.25311
8.7507
6.37894
15.3109
21.1096
23.8733
4.31434
-17.1837
-12.0483
6.3345
12.8484
9.67312
4.64459
-7.85361
-28.8016
-27.5715
15.572
25.0499
1.17343
-10.1925
-10.6651
-7.96018
-3.46323
-11.8189
-12.1462
-18.8299
-14.7933
0.101795
16.1193
20.78
19.2796
16.8087
-0.974643
6.66269
15.1491
20.62
13.1108
6.21375
11.1753
12.6813
20.74
13.0023
10.1469
14.3235
11.508
-5.58793
-8.51719
0.784031
-3.23561
-3.15882
-1.3302
-0.644545
10.4311
13.0908
-8.54159
-22.9626
-20.912
-21.078
10.1948
12.8808
-2.21727
-10.1981
-26.9139
-5.9977
19.7821
20.1707
-9.94003
-3.55516
-15.1652
-1.3857
11.8329
8.62478
11.1183
-4.93202
-9.53354
-9.52677
-5.2467
0.172421
3.39004
-6.23202
-16.6562
-15.8683
-4.80192
3.59611
1.36506
0.653648
4.05089
3.61137
12.1048
9.67339
-0.109267
3.94923
-2.02894
-9.08443
-20.6089
-16.3602
-7.91431
-1.76577
-1.53832
-0.808176
2.96145
1.4848
-0.908816
5.59993
-4.73019
-10.8213
-1.4029
16.463
1.28365
-14.1779
-12.335
9.98376
6.30277
11.0658
-6.06029
-9.85893
11.1398
30.1906
27.3719
6.00581
-8.01645
-15.7661
-26.6028
-11.6936
7.36122
12.5826
7.68399
-1.14489
-16.0407
-19.8412
-19.4857
-2.73662
2.25801
0.407413
1.0332
2.00086
10.3656
-2.05118
-10.0327
-6.51574
-8.60903
-14.0997
0.361411
12.3996
4.25174
-2.43363
1.6193
-5.913
-19.6541
-13.278
3.90279
14.9381
3.13852
6.69525
7.42629
13.6331
10.4118
-6.92426
3.93022
14.5192
-4.64368
-7.4604
-0.272339
11.3874
9.41513
-11.0489
-16.8924
11.4054
4.51254
3.59682
-21.2926
-18.6632
-17.5737
6.73626
24.2864
19.8731
8.05961
-12.2796
-18.2532
-13.7275
-8.84868
-9.21564
-5.8778
1.39119
8.61161
-4.19362
-5.37778
3.01194
-6.45458
-3.5586
-15.0193
3.90163
30.0419
25.9423
31.8425
2.03889
-5.67297
-14.8558
-16.581
-0.475289
6.82287
4.73968
15.9858
12.7156
-0.525327
-2.4168
-3.51156
3.22958
-8.6744
-11.6157
9.11188
7.48934
-23.3249
-46.6212
-18.0851
14.0827
2.58608
27.3267
-14.5837
-12.1902
-4.76338
21.1494
13.485
17.9476
22.5919
1.70829
-13.231
-3.26066
4.14474
7.49118
10.2051
8.61071
0.820327
-9.85824
-11.4983
-15.5233
-12.5147
-9.57068
-7.74729
54.8786
8.7901
16.6829
-0.437179
-6.71409
-7.21696
7.61985
28.4281
3.32658
7.76981
9.61055
10.0379
12.0647
4.24494
8.39763
-16.0509
-7.91868
-5.9518
-5.85119
1.07512
-18.1247
-13.5661
-26.4817
-8.26989
16.9054
6.8551
-9.20775
-8.3259
-21.9336
-22.7175
12.0001
16.7839
22.9073
22.9748
8.24526
-15.0646
-5.80454
3.40202
-0.560718
-5.07093
-5.35341
-4.97303
-12.9566
-10.9773
-10.8846
-7.28589
-21.3871
4.32003
16.8677
-30.5402
-15.9444
-6.55408
-40.9499
-4.78219
-10.4488
21.7145
16.0591
0.234285
3.39107
7.1004
1.73448
-0.0427996
3.24866
-13.4836
-10.5183
2.95089
8.53822
-2.34598
-16.9748
4.29275
4.49465
2.07084
27.0523
13.7226
6.46091
26.2247
-8.57331
-11.4577
-6.78951
-4.01098
12.7672
16.2062
6.83269
-4.39024
2.50983
6.17886
-5.09282
-10.9349
-16.6874
-5.84499
-12.3355
-16.5195
-4.03666
-21.9675
-13.5018
4.55201
4.61741
-20.9384
-44.1522
-14.1941
-1.15698
33.5552
7.69131
-2.43627
-3.20464
-2.88957
-11.8617
-1.72019
-6.09395
-6.0116
-3.20891
-6.27876
0.93456
23.384
19.7104
-6.98328
-27.8769
-18.0353
-8.89977
-3.85764
11.4973
18.9957
27.4156
15.2492
2.38018
-0.680019
0.969086
6.28522
15.2962
9.90748
1.02581
1.43796
0.084641
-1.44406
-8.0188
-6.76033
-20.8734
-2.32449
-6.6095
-6.61682
-11.7856
-9.05015
-4.21282
5.55045
10.7501
10.3905
14.7513
20.5835
24.063
23.9353
-4.28297
-12.1913
-12.3303
-11.9744
-14.009
-11.0354
-15.398
-5.62
-5.19386
1.58471
16.6387
20.7874
8.11716
-11.8652
-25.9022
-25.778
-28.1872
-19.1345
-14.4323
-8.46627
-7.1212
-8.90661
-7.17343
-6.45251
-2.65113
14.3762
27.692
6.39964
-15.749
1.10793
-2.61368
-3.91229
-3.64364
-13.5364
-14.2465
-7.34829
4.25691
-2.91905
-6.41908
-7.34135
-5.83569
-1.578
0.895581
6.08554
12.4986
16.6174
10.1856
11.1501
0.879907
-3.68666
-11.4378
-16.7868
-14.3575
-3.53461
-4.02685
6.13955
-7.28088
4.15921
18.4403
15.3489
12.9173
5.31254
1.10862
-8.92905
-12.348
-14.4715
-16.2921
-13.2737
-9.39957
-11.7654
-6.59455
4.83201
13.3427
24.4495
19.7691
1.38335
-16.0446
7.47881
-1.4423
-0.352638
-3.69244
-7.96101
-4.64311
-5.6311
2.2574
-5.92574
-5.35373
-5.22205
-5.66994
-0.730598
-1.16695
5.98602
14.0848
19.8722
17.9559
14.7132
10.4886
5.01289
0.59644
-7.92163
-0.103632
9.93307
4.46414
9.9643
-3.22972
8.86812
16.1185
14.8174
20.3207
7.81446
4.67596
2.05181
2.57272
-1.21121
-1.70596
1.52156
4.68054
4.92251
0.619241
4.06934
13.8604
22.3999
6.954
-5.16361
-1.4498
6.0636
0.739492
-3.51379
-5.26715
-10.7014
-4.32983
-3.73052
-4.60879
0.462083
-2.09245
0.865878
2.78024
-3.3084
-4.73373
5.67127
11.1656
16.6715
15.7705
16.7828
14.2783
11.1598
6.6884
-1.06415
6.28984
9.87533
4.51943
2.91255
0.884507
-0.0791769
9.66476
12.9456
14.6363
6.57169
4.56488
0.322853
-4.49631
-6.69153
-5.18589
-1.10231
-0.674205
-4.87783
-5.55062
0.717475
6.31633
3.67348
-9.16087
-12.1816
15.507
5.33357
4.28779
-1.8722
-9.8272
-11.4879
-2.47833
6.24512
0.347124
-0.00851179
1.66795
-1.36101
7.73009
1.99487
-5.23295
-7.94996
-4.676
-3.29676
-1.27676
0.276941
5.18333
5.58779
-2.00715
-1.11356
0.79445
0.263689
3.2685
3.29187
-0.663918
-4.51615
0.0953433
11.1794
2.41093
1.75191
-2.19173
-6.66484
-14.7841
-17.258
-17.8267
-14.8284
-11.0963
-9.92236
-11.3122
-4.06689
3.55552
0.56762
-8.84597
-0.0618205
18.1413
17.0208
6.8872
-1.99603
-7.06713
-9.49169
1.31197
3.13838
2.28066
0.358531
-0.903406
2.50555
4.45968
7.46394
8.54298
-2.96233
-7.19194
-13.433
-15.8957
-7.37153
-6.34056
-5.73506
-6.05529
-2.56917
-11.6176
-7.77399
-8.67567
-3.53315
-1.11881
-10.5703
-7.35605
-9.78026
-2.94727
-1.58141
-3.20076
-1.81814
-9.7498
-11.4987
-14.1279
-11.6932
-7.85271
-7.68449
-3.0467
3.36555
2.24083
2.66462
-6.34619
12.3204
11.11
16.2332
8.37162
1.20161
-5.58754
-7.33432
0.25878
4.47725
4.59746
0.888411
2.74811
-1.81176
11.9868
10.7998
11.1336
3.42602
3.7504
2.85745
0.587618
0.774655
1.03495
1.43124
3.81232
-3.37052
-8.65369
-8.57921
-10.8082
-0.78452
2.54345
-18.6702
-19.6337
-15.5176
-11.6303
-3.29635
-3.58997
0.646686
0.370996
-6.87995
-11.136
-9.79266
-4.82132
0.668309
7.64036
4.68391
0.760577
-6.68271
3.89183
12.7616
3.8402
21.1242
20.3107
9.88896
0.497192
-1.7684
6.52489
3.03516
5.21916
-1.08668
-3.34973
-9.96425
-3.04506
15.5545
24.2924
15.4954
7.53654
6.90148
7.17148
5.64998
7.37128
6.06731
1.69393
-3.5813
-8.47095
-10.4613
-4.60562
1.27543
-3.48587
-11.2093
-14.6942
-12.8416
-17.0116
-7.77574
-7.0305
0.408342
1.01126
-0.171405
-2.10905
-1.66857
-0.862785
-0.412977
-9.69696
-15.1501
-5.05617
8.52736
15.2127
5.74778
10.7137
20.7621
14.0739
-0.267308
-5.41225
-10.3241
-9.28533
0.837538
9.11361
2.18187
-11.1464
-17.5574
-10.6502
-3.99278
8.2071
12.8932
17.6657
13.61
9.54107
7.89357
7.55596
6.46734
5.72407
-5.59489
2.24958
3.55837
-10.3785
-5.51062
-5.30219
-7.75446
-2.40083
-7.47375
-6.60021
-1.51168
-3.70084
-1.737
-2.81305
-11.9659
-22.866
-18.7298
-21.1087
-21.6544
-16.8467
0.0165791
15.4423
23.7533
7.71709
5.85113
8.66321
12.2084
-8.97119
-19.5003
-11.6846
-11.9904
-34.8687
-11.6691
11.6103
11.9279
-4.47684
-32.8147
-11.7009
-7.75464
-2.83629
0.303925
3.82753
3.97623
-2.13925
-0.5046
-2.37848
0.506415
0.50211
2.9243
2.21193
-4.21785
-5.81495
-4.66626
0.46752
-11.3681
2.33584
7.17774
7.38741
9.35333
13.6181
19.7542
23.7731
12.4613
11.5638
8.57135
5.80963
5.30616
4.69427
11.5235
21.5009
12.1307
1.02546
0.0862325
2.83998
5.84777
-1.28606
-27.2371
-22.0255
-1.53524
-25.3497
-9.5525
14.3201
16.0129
5.009
-21.69
-30.0856
-13.5397
-5.64011
6.86207
6.68421
12.1556
17.7734
17.053
10.474
9.91828
3.8911
-2.04302
-5.06884
2.38797
6.74389
9.10868
2.91369
-9.48209
-4.43787
9.44555
8.7122
6.91264
5.69892
14.5946
16.895
16.7568
17.3208
8.51852
7.25217
1.31302
-0.598589
10.1227
-0.553358
-3.47347
-12.2877
-6.99262
-8.15219
-0.254059
10.5001
3.84514
-0.888396
15.4326
24.7668
20.9199
26.6562
24.0444
16.7299
-0.0964967
-19.2466
-8.80332
-10.4028
-15.1906
-6.9251
1.83704
3.11352
-2.52762
-3.50825
2.46342
3.17887
9.47521
10.5605
15.9588
14.7285
4.70212
-7.05489
-0.593245
5.56124
-0.43536
-1.70474
-2.62181
-2.32386
0.583121
1.65961
5.51571
-1.07614
-7.83106
-17.5867
-15.2414
6.25078
-2.44177
-9.22342
-7.4065
-14.8722
-8.38814
-24.8245
-27.7513
-15.1796
5.17288
5.82354
6.02992
10.1756
7.99684
15.3341
29.4577
24.9028
10.321
-8.6911
-5.0356
0.753282
-5.6605
-15.9035
-19.3154
-13.5002
-9.67721
-4.30521
-0.813253
2.20442
6.13611
2.97633
7.52226
5.39776
-2.57884
-7.02174
8.91469
12.4975
10.4924
1.99204
-7.37788
-7.78445
-6.64023
-8.2522
-4.16613
-4.77946
-10.4657
-3.96905
7.28699
3.72202
-6.18674
-0.587287
4.31066
-4.83974
-16.1464
-19.3214
4.26757
-5.91703
-5.41603
-7.26281
-6.60794
2.42085
2.17484
12.5442
7.51695
14.4555
11.7562
-3.70137
0.898277
5.11121
5.32301
-3.88438
-14.3069
-20.391
-17.6875
-16.8186
-18.421
-4.92359
-1.09859
6.01752
6.72523
2.79835
-5.46703
-12.2477
14.7118
14.364
7.36535
-1.04004
-1.40596
-4.55666
1.49406
3.8597
4.24843
6.17379
5.36636
8.63588
12.279
-2.76092
-3.98389
16.8697
12.5648
-0.394826
-24.3429
-12.7893
15.8744
10.2924
-3.04991
-10.9161
-2.69073
8.73969
5.37962
-7.59146
-6.47084
7.04861
14.3391
7.48862
16.8478
8.55063
5.13981
7.99602
0.916179
-11.5482
-13.8507
-10.8156
-8.66364
-3.47839
5.65293
7.66476
8.56942
4.84935
-12.0144
-15.6076
8.89497
9.97915
5.19722
-1.56443
-5.33415
1.69967
6.48548
7.33635
5.14973
10.357
13.842
8.59078
-7.76609
-8.52173
13.5023
14.6426
1.50703
-9.3929
-14.0013
-13.5071
-12.4852
-11.1977
-3.96211
-0.876463
-1.28295
-13.7753
0.475606
13.0886
9.87194
7.97417
-1.49169
9.82621
17.5227
7.64831
3.87132
7.78329
14.0964
2.31957
-7.72563
-7.96683
-6.41558
-3.43601
3.55522
8.9364
6.8871
-2.47938
-15.6633
-16.1815
8.52895
6.12869
-0.919815
-4.8279
-4.93908
-1.22456
0.132985
6.27883
14.4591
14.5394
10.1963
-10.9373
-14.1827
10.246
18.3978
7.40336
-4.2043
-2.45971
-4.75396
3.94676
0.885828
-8.59126
-6.81415
-2.39382
2.6637
14.3656
18.3565
14.646
4.87096
-0.882647
-0.547095
6.2086
7.49632
9.0521
12.4573
8.41576
9.51479
12.8856
1.09761
-9.50984
-5.85285
-3.52848
2.73619
6.64777
6.67837
-11.1777
-7.37801
-9.28428
7.40777
8.56511
-3.42329
-7.89842
-4.30355
0.827924
6.05549
9.44163
19.4085
9.46091
-6.81389
-14.8222
-0.7328
14.9405
11.1277
3.18127
3.7403
2.41266
4.43537
8.50653
7.24602
6.43479
-0.713306
-7.84261
-7.81292
-0.0558942
4.81605
1.69128
-2.86075
-11.0113
-4.64129
-4.68244
-0.390827
2.2335
7.3398
15.2863
4.55893
3.31304
7.42197
-3.59733
-6.81078
-4.61982
3.70891
5.73528
1.85613
-11.1322
-14.0777
-9.23811
10.7671
8.56921
-6.38995
-8.35561
-8.32218
1.63429
8.86911
21.8149
9.93266
-11.7185
-15.0244
-6.97027
6.52493
5.77453
-1.56449
-9.01533
-3.76407
7.28377
7.2733
14.1881
19.578
12.5383
13.3718
6.79912
-13.4623
-15.8795
1.09251
1.85685
-6.16199
-9.09926
-13.8571
-12.1169
-11.0437
-8.31176
0.534305
8.51139
10.9743
-4.23128
4.55186
3.0651
-10.7515
-12.6975
0.19008
4.2326
3.4023
-8.98555
-4.47545
-11.0637
11.6112
11.7697
-2.7458
-11.4661
-5.68473
-0.63027
7.1433
15.5929
-9.68704
-22.0683
-13.0477
2.02355
0.328986
-3.11763
-11.5205
-8.17443
-3.8993
6.52826
10.136
24.287
19.0192
16.4626
9.44686
-6.71531
-20.2745
-22.5907
-0.106052
2.47308
-0.853859
-0.244706
-10.2401
-13.0737
-15.1033
-16.734
-7.54513
3.28378
13.6945
-1.23891
-7.10652
0.940485
-8.45257
-9.41538
-3.5144
5.03137
8.26005
-1.25906
1.12456
-15.2243
13.1022
11.8954
-4.68555
-9.0555
-3.4126
-0.935392
1.89862
8.11362
-17.9824
-9.98004
1.73973
14.9004
13.1143
4.78945
-8.71868
-11.3499
-6.0243
7.06532
17.2972
21.4206
8.51378
0.794247
-8.81033
-15.3006
-17.7424
-16.6602
0.03155
14.6406
18.6254
16.0818
7.38473
-0.197607
-2.24756
-5.38129
1.36645
9.36936
10.2483
4.61713
-5.76079
2.78472
-8.14855
-7.08088
-4.64663
2.45026
6.85587
2.54749
7.62058
-7.24685
12.305
6.01602
-1.20095
-6.90476
-1.6235
1.00957
4.52762
-0.882295
-15.7353
-6.89582
5.11857
17.0927
14.9051
-4.65005
-19.5268
-22.8263
-15.6265
0.380083
4.40363
2.74824
-10.9299
-8.47018
-11.1224
-6.0237
-6.29024
5.03098
8.44005
22.0092
25.6777
21.7376
17.3787
8.9858
-3.97978
-6.97026
3.92501
9.10627
9.206
5.62937
-4.20936
5.99043
-0.464653
-2.62886
-0.257915
7.30694
4.70276
1.83888
6.48894
-9.24613
4.88189
-0.571176
1.75898
-4.83311
-3.92251
-6.73563
-1.1953
-10.5534
-18.7663
-18.4014
-5.48452
2.74033
3.61199
-6.48364
-20.0738
-27.9404
-22.9875
-13.5252
-15.3183
-19.3136
-23.3108
-21.7678
-8.53876
2.46037
-3.4336
-2.4453
1.76735
12.2253
11.5905
17.5688
19.7546
13.0488
8.9713
-10.5622
-15.313
-7.46216
7.01291
12.5563
11.2576
5.09695
-4.71458
-1.62003
2.08548
11.1374
9.53724
6.00784
13.7506
-11.6688
-7.92295
-7.92797
1.27031
-3.59324
-7.46695
-3.32254
-2.78438
-10.4577
-11.0397
-16.1622
-2.05896
2.78724
0.43645
0.208956
9.15054
8.37627
5.9157
14.5587
-1.27625
-0.653182
-16.0427
-11.2017
14.2585
24.857
17.8888
22.0178
2.99039
3.43649
-0.0806359
9.47321
1.15966
8.47168
13.4869
7.09315
-10.3904
-16.1286
-5.14211
9.64471
17.6418
2.95199
-8.8705
-4.32549
5.23934
11.5684
1.95259
4.35467
12.212
-19.5584
-18.7883
-13.8497
-5.00013
-2.59895
-5.1677
-0.266174
-0.752458
-5.79192
-6.14248
1.9873
7.6998
11.9306
14.5981
9.08851
5.10788
13.7664
-4.34029
-20.7622
-31.1428
-24.052
-32.961
-10.6997
11.2765
15.7492
13.1409
16.6701
5.94153
-11.133
-27.0439
-27.5984
-28.2984
-14.8885
-4.33698
8.75698
-13.5302
-24.5015
-16.1382
3.92726
11.9202
-6.94685
-11.425
0.886501
12.297
13.8182
-5.69521
5.02834
18.3431
-27.4852
-18.2223
-12.8004
-7.82752
-10.1825
-2.1731
0.000222158
0.390346
-5.74696
-4.54046
2.22486
-0.181664
3.47633
1.03805
2.82074
17.3337
19.1647
-0.793574
-5.06927
-15.0606
-11.1426
-15.0893
11.4103
14.5315
16.2696
6.97199
12.2375
8.64268
-3.5836
-1.88566
-7.75133
-3.26263
26.214
42.8337
32.0635
-4.89767
-17.7173
-10.1962
2.73171
5.16614
-15.5653
-15.823
0.510068
12.2591
1.60631
-9.80729
13.0922
12.935
-29.1535
-19.4504
-25.679
-0.94561
-9.04647
-1.78702
6.40712
0.792198
3.71013
-3.63292
3.68807
6.35001
6.17519
3.96603
7.95462
6.0153
2.63013
-1.12512
-4.00623
-2.57475
1.50299
-10.2673
4.58231
13.8689
16.7626
8.4762
4.04341
0.926168
-1.38429
-2.78561
-6.66334
-0.623561
0.79131
-6.17825
-11.9107
-22.8355
-17.9141
-3.94461
7.38587
-0.797727
-22.3293
-14.8988
5.86449
14.7579
-6.04487
-12.7017
17.701
10.1883
-16.9389
10.6232
-9.29374
17.3682
-2.14234
-3.64808
17.5753
1.73402
1.64014
-4.78871
1.28455
5.16946
0.43413
-8.85542
-10.0869
-13.6144
0.635843
10.3798
11.6553
8.79197
-4.02679
-15.2528
-8.82723
4.44591
8.5599
-0.317086
-4.32728
-8.07281
-2.77189
10.8574
13.3019
10.1954
5.00747
3.50946
-13.4815
-24.6769
-14.066
6.21316
9.24741
-4.45287
-25.1334
-11.5
18.2916
15.7964
-24.9324
-15.5938
20.9764
17.5269
-13.859
30.2061
28.5328
16.7053
15.2523
-6.62447
14.3169
9.30346
4.58752
-3.24452
-5.24645
-0.913334
-5.1598
-18.4752
-14.7809
-1.18877
-0.0690245
5.87112
12.453
15.8654
2.95342
-3.43333
-8.34943
-9.5533
-13.9926
-14.4531
-9.91713
0.195423
9.70567
12.5089
14.3718
14.7237
11.4853
4.2845
-12.0934
-16.9014
-1.96027
9.52717
7.33519
-3.47434
-18.8723
2.76049
23.2419
9.67263
-38.5357
-7.41971
19.4951
6.12255
-8.25235
8.13311
22.1697
-6.80725
18.6462
6.46288
2.82919
17.6923
3.82191
-4.15939
-4.6906
1.2827
-8.37597
-6.82532
-5.82027
-1.06028
-4.365
-2.57668
-0.975722
-3.2681
1.18224
-8.64301
-13.4409
-17.9106
-21.7441
-18.0552
-7.86175
0.770503
8.00152
11.09
11.7629
9.847
7.57367
8.7536
0.983848
-5.37685
3.6043
11.2009
8.82327
-9.19621
-10.8025
9.95324
19.8198
1.19518
-30.9113
-10.5668
0.3851
3.94542
-6.07529
-34.5282
2.58811
-33.0598
9.889
6.0418
-28.7092
6.75961
11.462
-3.29016
1.19087
2.40474
-2.75278
3.09512
-1.52097
-1.62325
-2.4715
-1.76667
-3.13069
-4.35579
2.65863
5.98108
10.7407
10.2604
9.09698
5.97192
2.08838
0.966316
-0.285398
0.968459
5.29061
6.55632
11.9317
7.98617
2.96428
3.02388
7.1322
7.26687
3.18404
-9.69742
-0.24103
10.7192
11.785
-5.72954
-17.6816
-19.2831
-3.36195
18.0301
-2.91592
-49.8726
22.635
-20.0495
1.13571
7.03572
-28.6928
-13.6749
12.7951
3.45762
-0.0288529
1.31794
4.3767
9.95605
5.14679
-1.63989
-5.31994
2.83442
2.91113
0.426691
-1.58831
-4.19248
0.980856
2.79747
-4.82657
-6.33904
-11.4605
-10.3516
-5.13181
4.88692
9.07906
12.609
15.1099
8.40312
7.40605
11.0302
10.5934
9.51137
0.573034
-6.99404
5.26899
5.17248
3.95048
8.11209
-9.96996
-29.2128
-1.88028
12.0678
-17.4608
-43.3109
42.7397
5.92719
-10.7899
18.8696
-12.6171
-17.1924
-4.5851
7.68101
5.55255
5.59929
7.96847
10.5893
5.03358
-3.07733
-6.66854
-2.01255
2.02821
-0.0931787
-9.65846
-16.7548
-15.4658
-13.3255
-16.6932
-6.16374
-5.42549
-0.637214
0.154928
12.1691
12.1217
12.9473
15.9655
7.95092
1.78452
3.09345
4.57149
2.37812
-8.17601
-3.66795
2.96941
-4.18093
11.666
28.3296
-3.8739
-2.4443
3.75096
14.5308
-12.2026
-33.4306
30.5574
18.3247
-9.4609
5.33466
-4.6641
-3.76513
-14.6249
0.346378
8.63295
2.6472
4.52245
8.67929
7.12166
2.10121
-1.78678
-0.991461
3.62096
3.51215
0.604865
-12.3786
-11.801
-8.17074
-7.52364
-6.19408
-8.03742
-6.37321
3.93459
8.11721
5.679
7.04238
5.86157
2.81455
-5.69241
-1.59607
-1.32357
-7.91883
-6.65183
-2.38971
-7.52662
3.41603
13.5798
29.4612
18.0816
10.5985
7.30112
5.52502
15.8963
-15.8259
14.0548
-2.03443
-4.27785
-13.0497
0.0623181
14.2877
-6.05845
-14.5534
7.09246
8.26777
8.17137
8.24195
5.96849
3.31225
1.01424
-0.0691303
-2.4458
-3.91105
-5.73839
-4.6124
3.27949
6.7881
7.56793
-0.218951
-7.92851
-8.21054
-4.29432
-5.23941
-1.10295
-0.613388
-5.7207
-7.66561
-8.86703
-5.76384
-5.84985
-10.755
-2.80299
-2.83528
-19.3086
-10.5373
2.68485
31.9445
20.4278
3.37081
-34.0371
-15.5638
26.5035
-17.4392
16.4791
-37.7058
-16.8178
4.60428
-2.8318
20.5985
5.40163
-13.1443
0.348806
11.4936
7.98882
4.34258
-0.795078
3.3273
8.60805
3.14582
-5.78027
-6.32525
-1.63577
-2.56754
-0.0768999
14.2134
13.3627
6.88979
8.14428
2.22571
-7.80411
-6.28455
-4.84516
-6.65649
-10.897
-8.28
-6.08389
-3.01751
-3.65417
-3.13361
-8.89761
-11.3733
-20.6166
-18.8227
-3.90221
21.7535
-3.61919
15.1182
-37.5708
-13.1867
16.2252
-10.3176
17.5388
-22.9143
-1.1261
2.40779
-12.3985
8.70944
16.7034
-0.690188
-6.86074
1.33323
8.39103
-1.12829
-3.96946
1.04195
3.11078
5.12439
-2.03289
0.813341
4.2336
8.83601
4.70223
15.7138
14.2089
6.69589
4.25105
5.38868
-1.50046
-2.15648
-4.81184
-4.47488
-10.1515
-8.49273
-4.78682
-5.97944
-4.47693
-3.17083
-9.12185
-6.04561
-12.0327
-12.0874
-4.54721
-1.3254
-22.4156
21.7572
-7.43976
0.190497
17.6207
-6.21279
19.421
-12.7096
18.0955
-4.44417
-16.8421
3.3015
18.3541
3.54754
1.42099
0.971152
5.91853
2.93805
-3.24042
-0.588688
-0.681939
-2.00735
-3.14307
-1.84435
-2.17187
1.43142
5.48099
12.6951
13.0835
8.2929
6.57725
5.00677
-2.00129
-2.4963
-5.40895
-8.72221
-4.64683
-7.96515
2.39159
2.9932
1.57868
-6.9692
2.40392
1.06593
-8.90714
-11.0877
-12.2783
-13.2525
-25.9158
23.7519
9.19528
20.9871
-2.73088
-8.44004
26.512
-17.0909
27.033
12.6957
-21.8221
-2.4877
6.53656
1.69734
3.92165
5.82215
7.84215
7.41688
-1.05722
-1.44114
-4.89536
-3.44155
-6.52833
-5.69091
-2.64173
3.68627
-1.72723
0.358243
2.26557
5.73561
9.05107
3.73777
-1.9843
-3.28436
-2.2239
-3.67795
-1.93297
-1.31089
-2.9922
0.145119
-4.0063
2.82056
1.30164
2.09617
-6.70113
-10.8196
-7.54568
-26.8892
-24.8198
18.8761
3.36213
10.9655
-16.6503
6.02435
21.1337
-30.9798
29.6648
21.72
-21.1487
0.732075
4.91256
1.59621
-3.33741
4.5071
6.83706
8.67952
3.78829
-0.582807
-4.65631
-4.38515
-1.12527
-1.18389
4.17729
1.19844
-6.20042
-8.78142
-7.90234
-1.25436
7.23856
3.00779
1.04981
0.0564333
0.442754
-2.41143
-4.76717
-9.97789
-3.33116
-6.8271
1.11392
6.4325
5.36835
2.99792
-0.836575
-5.46888
12.6589
-4.26155
-25.1433
11.675
-3.85378
7.45878
-16.0658
10.9604
3.89132
-46.9872
21.9282
15.5932
-19.5474
0.325493
8.13771
-2.79977
-5.5885
4.79836
3.13922
3.56063
-5.78986
-5.11693
-7.43609
-6.64592
0.836298
11.0754
11.2015
12.4633
3.12531
-3.1617
-4.85529
-3.85101
8.93913
3.70745
8.91191
6.20507
-0.445371
-8.24522
-9.63957
-6.56797
-6.01919
5.21956
16.9247
11.2864
7.01798
11.3212
13.1643
3.91268
36.0962
11.1675
-8.13491
1.90411
-16.3525
8.65069
-9.75641
-7.28131
-12.3229
-26.9556
4.87695
4.48956
-10.3867
-0.309886
7.2632
-5.53852
-5.07155
-1.5764
1.2826
-0.958902
-5.32038
-5.07694
-8.95708
-5.35523
-1.97539
3.50614
5.21767
10.4966
5.28512
2.32874
1.90078
3.46231
9.43074
1.51287
3.53078
-0.161139
-3.42373
-7.89647
-3.5481
-3.71182
1.08091
8.87772
8.51081
4.69164
8.22954
9.31459
9.05608
14.7402
31.3914
7.55202
-1.10758
1.41918
-21.2984
-11.388
-12.9483
