-3.09801
-1.84943
6.18993
9.85892
5.26575
0.696521
-1.43257
-8.19791
-8.69191
-8.25707
-7.87002
-10.044
1.56381
-0.140876
2.00594
-0.663236
-0.813325
-8.0469
-8.20118
-9.04719
-7.85514
-9.13362
-11.6854
-15.5576
-9.44606
-4.30004
-1.63565
-5.87464
-6.03683
-1.87004
3.02295
3.84347
5.35261
2.91164
-5.44908
-2.15971
-5.80401
-1.59302
2.37906
4.38479
3.58931
2.61206
8.10681
11.9587
14.5064
14.544
8.69763
2.53476
-6.14432
-6.29565
7.94714
4.3743
3.87862
1.97741
-2.09209
-6.6375
-6.84728
-3.94095
-3.70358
-2.49975
9.53053
13.1743
8.66271
8.04694
7.40909
1.95693
-7.39459
-9.46369
-13.6156
-16.4441
-17.4544
-19.6138
-7.0507
-2.78537
-0.00672521
-4.1736
-6.48809
-5.33774
4.1412
10.4757
13.0191
7.78619
1.73889
2.44908
-1.2432
2.29299
-1.95353
-0.697656
-5.73754
-4.23772
5.72608
11.9952
18.9855
17.65
5.26989
3.48545
-11.1471
-5.52564
6.67588
10.0807
0.49645
0.883993
-2.07136
-1.09581
-0.0243215
-1.97594
-3.12167
-2.91304
5.42354
13.9704
20.4223
13.8301
12.0952
7.01339
0.382785
-0.00188434
-2.15979
-6.20788
-6.99823
-8.29417
6.9116
10.3072
5.62838
-2.98844
-7.78935
-10.564
-6.84875
1.76336
3.44453
3.0099
1.87076
2.62261
2.16836
4.36338
0.480865
-8.66008
-14.5622
-15.8313
-7.46963
0.846385
8.27275
9.86243
2.25785
3.5087
-14.3856
-8.92313
6.8537
4.18661
-3.02767
0.850075
6.16
2.24671
-0.514405
-6.35073
-13.4705
-9.96811
-1.43711
11.9962
17.5971
9.98175
6.5246
9.56143
0.676348
1.48397
2.65655
6.90627
1.06313
2.32369
7.92006
19.3597
13.4453
2.71275
0.0764518
-10.1243
-7.89176
-0.644494
-4.20882
-4.44408
-2.41746
-1.661
7.3047
2.72872
-0.791586
-4.33602
-5.76368
-11.2779
-6.51377
1.74365
8.01614
1.22623
-4.62724
-1.2242
-10.5341
0.143301
6.38782
0.179232
-0.443419
5.86202
4.17869
-1.12065
4.57533
-3.29159
-12.3999
-15.0695
-12.8151
-4.56436
5.81225
-3.34291
0.254023
-1.44317
-2.93239
-3.25644
8.08839
10.1787
8.04769
7.84648
11.1451
20.1448
7.69882
1.73679
2.95529
-4.04728
-3.68468
-3.85043
-5.71559
-6.01001
-6.72819
-7.69882
7.92709
8.52669
5.92514
8.3568
2.53785
2.36006
1.61961
3.12326
9.10031
1.96369
-10.3057
-6.01946
-3.98456
8.94248
3.47011
-5.93137
-6.16836
7.15177
2.30402
3.72594
12.1381
7.50639
2.93136
-2.29522
0.23558
1.56952
1.45955
-3.91596
-8.16322
-7.10274
-11.8609
-3.57454
4.71355
11.4731
9.8458
12.3887
12.9115
4.93868
-2.37698
-4.5112
-4.30231
-2.11128
-2.23346
-2.75684
-1.11982
2.72828
1.04144
2.32875
11.0526
14.0355
12.7383
15.6891
12.5464
4.86774
1.71449
-1.67131
5.44971
2.71965
-18.1297
-15.3078
-0.367491
8.83129
6.59865
-5.77123
-11.1189
-6.90809
-1.89674
1.31771
1.52224
7.36628
8.34396
14.685
14.2809
12.3782
16.7467
4.34518
-8.21108
-17.6575
-24.3928
-18.4744
-5.39434
2.66844
2.36766
6.77573
7.93567
2.14455
-5.96688
-4.99535
-9.06201
-4.28829
-2.40044
-2.20966
0.294418
1.2746
0.145817
-10.0792
-15.0367
-7.43914
-7.50942
-16.3625
-5.85357
-6.33297
-1.65115
-0.502101
0.277901
2.29511
-13.0948
-18.3766
-4.84604
2.33971
4.27735
-6.5866
-12.7798
-5.97934
-5.24641
-8.37189
-7.89869
-4.76195
-0.775583
5.26907
12.9191
7.23197
16.0086
17.0898
2.53516
-9.75491
-24.6987
-21.3938
-7.59173
-2.27344
-4.59402
-5.96665
-0.524332
-4.14865
-6.84986
-9.91605
-11.1746
-0.936213
4.08473
9.69162
12.8904
5.96615
4.5241
-4.74802
-8.97115
-2.52152
-3.22231
-1.94377
-8.92545
-19.8532
-17.3472
-6.10747
-2.07704
-4.85956
-10.8393
-16.8872
-4.95889
8.93572
7.16659
-4.20913
1.65468
8.97776
11.7426
0.297122
-1.72086
-6.18019
-8.24426
-7.68606
-7.64962
-8.10606
-2.67794
1.4621
1.47533
-3.31154
-12.9805
-5.16871
4.71595
2.6602
1.11955
-1.9647
7.90098
4.03795
-4.18111
-8.87232
-1.07367
0.891057
-0.502566
1.43445
8.82564
13.7814
22.1681
20.8935
15.1558
3.2513
-8.03162
-18.1736
-18.7049
-10.916
-8.65796
-0.524438
15.604
5.78692
-19.9483
-17.4121
-3.79968
-1.54107
-1.10155
-7.32856
-11.442
-17.2195
0.983111
12.1399
16.5012
13.2214
8.06854
2.34986
0.958819
2.57432
-3.7637
-12.1646
-12.4456
-5.47147
-5.55789
11.7131
18.558
21.7791
17.7692
15.363
24.7107
13.6462
-0.591233
11.5496
17.4402
14.205
-10.3414
-22.4607
-23.4503
-11.4223
4.70973
21.1582
29.8035
28.7496
26.3823
16.6226
-4.62233
-2.49012
0.180266
-1.52878
17.8801
15.676
-2.67331
-12.0249
-4.43161
10.909
14.9982
0.466243
-6.59166
-10.5432
-3.71164
-3.54383
6.94458
7.64293
9.92932
15.6433
16.649
10.8966
11.1585
-1.48568
-15.9332
-13.2832
-7.59905
3.59316
18.5535
9.00632
0.169061
-3.7047
-5.40963
-9.55317
-14.3345
-6.4826
6.54786
-10.6347
-23.5007
-32.2483
-16.3646
-6.65655
-5.66578
-0.368717
0.598937
-1.33914
-4.94748
-8.97789
-12.8108
-23.1194
-25.2379
-11.3685
10.3029
33.2715
18.4514
0.301108
1.29271
4.55315
-1.04262
-16.1855
-19.0934
-3.07321
5.00903
-1.91311
-7.23036
-13.922
-15.9081
-12.5223
-4.76189
-2.00188
4.21791
-0.359383
-1.36582
-7.28123
-7.89932
5.70334
16.5376
7.94094
-6.51054
-14.9071
-14.6652
-17.7693
4.68211
4.19031
11.0402
0.337973
3.53763
4.23127
2.13747
-0.990311
-4.02164
-1.18973
-0.275052
3.11189
4.17234
-0.553334
7.5729
-0.867404
-12.6414
-0.460848
6.72528
24.5656
18.1475
8.1481
-3.17134
11.22
-0.284217
-10.1387
0.857414
10.8376
0.559536
-10.1107
-12.2409
-6.32646
18.0467
20.1683
17.4263
10.9959
-0.151365
-7.20283
-9.24267
-2.5192
-1.76674
20.8001
16.5273
8.09794
-15.2322
-26.5452
-16.9281
-14.6986
9.3107
18.5644
23.3249
13.1107
21.6837
5.95048
-0.863722
-5.56445
0.153947
6.441
3.08391
-8.26008
-11.5226
-8.76316
6.4233
7.66538
2.22559
9.7904
13.023
15.6057
4.63781
-4.49857
-2.1704
-0.0529071
-8.40342
5.73323
5.97038
0.392652
12.6639
15.3844
10.325
3.4415
8.05488
1.28897
-2.22926
14.5143
26.7985
7.17489
-16.7793
-12.8206
4.1942
19.8584
12.2716
6.70252
-15.0433
-21.162
-13.68
-2.10553
19.0267
15.5541
5.28217
10.1565
10.2196
1.53758
-8.27384
-11.396
-4.48322
1.57496
4.96894
0.704095
-1.61059
-5.37284
3.8671
3.27866
-1.30108
10.8828
11.9716
0.601749
-1.86464
4.96542
-4.21845
-3.27991
3.87067
8.13941
-14.4586
-8.86978
-14.1039
-15.0692
-8.7837
-2.28874
13.8301
14.6432
-4.48918
-13.3422
-4.92905
-1.69731
-6.80795
-16.0362
-4.3256
12.4115
2.17808
5.75595
-7.04317
-21.4595
-25.3431
-17.0639
6.85801
-0.706437
-8.01869
-2.50144
11.1867
-0.281381
-17.6097
-8.09599
-4.1688
5.93988
8.11337
-7.4333
3.26033
-7.21734
5.43962
7.15903
4.14308
0.473369
-5.01507
-5.9246
-3.60932
7.66171
-11.7045
-11.9179
-5.07808
-3.26945
-8.85395
6.75479
2.50416
26.6265
-5.83024
-41.6792
-37.6185
7.36105
-19.8783
6.54022
19.3013
10.2129
-14.6062
-10.3038
-2.11053
4.48995
8.00196
13.8853
13.6498
8.22939
5.0474
-8.13541
-5.696
-8.12449
-17.6778
-7.23335
-3.94201
-2.35683
30.2821
-6.42132
-6.11525
-20.5322
16.4138
-6.36906
-3.78306
13.6223
-3.89766
-2.24404
-0.95939
-3.43178
-8.05254
-2.40347
-3.42332
-0.996193
-7.24852
-1.83891
-2.343
15.5465
17.8094
-5.07693
-5.55959
-21.3553
-0.645949
15.1858
2.97834
21.9945
-4.81546
13.4944
-9.58223
42.7095
32.1686
-9.44405
3.6007
0.247217
0.445713
15.2598
14.3603
12.3163
13.1239
0.0418795
-4.79059
-7.59272
-4.85224
10.0577
14.753
27.0601
30.2755
-6.19453
-2.7354
-8.87034
9.70477
-19.5795
2.26672
28.6899
6.19031
-7.42219
-14.3404
-6.88229
-4.87781
-3.2
-6.60211
-10.344
-6.72328
7.83935
17.0696
20.6368
-3.15585
-18.1969
-12.9886
-22.6193
-29.8327
-1.48558
5.13214
3.37003
19.1157
14.4233
4.8703
4.18909
6.42734
6.30426
-18.9598
-3.02305
4.55149
2.37368
2.9347
3.08169
-2.15342
-3.80101
-6.81614
-14.869
-7.08913
0.275244
6.2263
0.226463
-0.178529
-20.2062
-25.8744
-33.8356
-30.0882
-22.8905
6.78265
13.6193
-2.99466
-17.1755
-16.6215
-0.892924
2.82068
-1.52352
-5.08233
-9.50854
-7.84156
2.5316
7.06096
-5.13426
-16.9501
-2.08848
23.6917
8.80046
1.38948
3.87566
17.8018
30.5473
16.9646
3.4336
7.79558
7.03229
0.412186
-6.89691
-21.0877
-2.33047
0.0245303
1.90746
6.85719
3.81016
-0.155384
-4.1053
-4.83269
-10.8213
-10.8512
-5.55049
-5.59341
-4.71728
-4.79295
-9.01673
-5.09462
2.90358
3.30969
2.58106
-1.04768
2.10105
-6.17606
-20.3424
-11.3725
2.20303
4.62745
4.17873
0.808304
-7.15809
-3.80875
-3.56451
-9.632
-6.55473
-0.142684
10.4254
20.4077
12.8178
0.902467
-0.211367
2.56707
3.75327
-4.38208
-8.58781
-1.02734
8.25475
6.87576
-10.0879
-21.6773
4.91224
-3.13268
1.35684
8.15273
8.52251
6.43504
-3.26772
2.25503
3.00452
-10.0161
-5.97497
14.6912
14.614
10.2784
1.07037
-6.28645
-13.1137
-17.6418
-20.4675
-13.2199
-10.1508
-19.936
-22.8907
3.12551
19.5553
8.47614
0.627208
-0.254115
-8.73557
-6.0988
-3.40426
-5.17898
-2.06016
1.33869
-0.293891
9.94174
11.1026
6.60484
5.85035
2.99605
0.647648
4.37625
4.44391
2.59937
0.430514
-3.07727
-14.64
-6.72729
2.36118
-7.34414
1.84779
6.90674
7.405
6.89182
1.18524
-1.16718
12.3795
-5.54659
-13.895
5.7071
11.1017
11.593
10.2248
6.24387
2.64034
-2.20184
-9.35896
-5.44918
-5.03111
-6.01455
-3.63737
12.1168
24.5831
4.46112
-5.02413
-5.20816
-10.1506
-5.64069
8.36513
6.44147
6.0774
7.48372
0.249163
-4.21085
-6.29262
-2.51376
1.93792
-1.62814
1.00354
0.19025
-2.71601
-2.51239
-0.878884
-5.37507
-4.10252
2.33585
3.20773
-9.51164
-3.79555
0.591162
3.27464
3.89486
-0.288575
-3.07398
7.03818
5.3629
-4.25235
-0.702361
13.7881
7.39964
0.771884
3.3387
6.09468
4.78209
5.15926
1.02522
0.458569
-3.22699
2.13789
10.9267
19.8289
3.616
-4.48661
-12.0617
-12.4647
3.67757
9.24239
11.8608
8.94771
8.18105
6.93799
-6.43589
-12.6322
-11.2831
-9.53803
-10.2341
-7.41473
-13.943
-6.01768
4.33939
2.79254
1.67811
6.29166
3.4896
-10.2521
-12.2531
-10.6638
-4.33371
0.134394
5.09411
1.17957
0.135016
2.64222
14.0232
4.44759
-3.21386
9.20832
13.1173
5.18906
-1.16665
2.04417
2.81882
0.852233
-3.90143
-7.79727
-9.48122
-6.96468
2.81965
17.8149
2.21431
-10.194
-16.7076
-10.7869
7.73536
8.81345
14.7839
7.61505
5.31267
1.90283
-3.86026
-6.3472
-5.57506
-11.3838
-13.5994
-4.83166
2.13506
9.92472
6.10934
6.87429
10.7832
-6.15943
3.50241
-19.3615
-17.3455
-9.0505
-2.49596
0.626372
2.62646
1.89604
3.83447
-3.01923
9.55754
13.5608
0.0311007
-0.0130853
4.27603
11.9657
10.7181
6.52896
7.41895
1.38107
0.502143
0.959249
-10.8121
-12.1616
1.84753
8.28565
1.82032
-12.4242
-9.80345
-0.324353
6.39153
7.81862
8.92973
10.5413
-2.85728
-3.0776
-2.9152
1.20314
2.49082
-2.72191
2.27916
11.3624
11.6913
9.26346
10.6908
10.8963
-7.25915
-0.866657
-3.46846
-16.2648
-17.1478
-13.0467
-6.4688
-0.734841
3.96854
5.77952
5.52594
-2.10173
0.548272
16.788
8.45022
-2.92582
-6.47449
-3.52043
13.2615
12.415
13.3362
8.29722
3.82742
-2.30774
-9.72348
-13.5132
-12.0819
1.28996
4.46332
-8.15383
0.801249
-5.67155
8.21151
17.2005
4.08011
3.74615
1.68229
-7.53229
-7.46354
-4.76678
-2.74863
-1.21028
6.63659
12.5491
11.2681
13.7253
7.30491
-13.4492
-11.4064
7.62435
-2.74318
-14.331
-17.7726
-21.1541
-8.84849
2.55471
-2.0018
-0.612952
7.8059
0.755811
-8.98336
6.1048
13.2312
7.98903
-4.62381
-12.5128
-9.88269
-5.7328
-2.97794
-8.61127
-7.34183
-5.69939
-16.9483
-17.1459
-6.565
9.63982
12.7654
3.97554
0.672158
-5.05399
2.7879
13.5223
8.47454
5.13372
1.01881
4.40665
3.3858
2.2271
2.02166
6.23962
10.9934
10.7466
7.47653
1.1829
-19.9431
-23.986
3.17566
10.2125
-1.73678
-11.0307
-18.4908
-21.8449
0.255316
11.629
10.2936
3.50899
11.6697
4.90553
-6.84823
-6.92376
-0.265241
2.24357
-1.16223
-13.6879
-14.0983
-12.3733
-9.99255
-10.0153
-10.8555
-13.9542
-15.7076
-4.29822
7.86168
4.53826
6.42507
-1.03724
1.19922
-6.87474
-11.7058
9.00445
6.67191
3.51205
5.35285
7.76867
0.914363
-2.08149
-5.08797
0.812153
-2.60515
-9.37718
-13.4935
-19.4958
-21.892
-5.94652
14.204
8.31819
1.8883
-4.69457
-10.812
-11.6203
13.404
9.4666
16.722
19.2766
7.40539
11.2391
5.8401
-8.42424
-5.51037
-19.9599
-8.86774
4.95188
2.84585
-1.39937
-4.87476
-6.17129
0.398856
2.79858
9.12494
2.51481
1.04954
11.6971
6.07505
2.75324
-9.19172
-6.91544
-10.2699
-2.96265
1.71467
-3.99721
-8.6809
0.43441
3.64029
4.4624
8.38635
4.04619
1.54405
-2.08319
-8.47167
-17.5629
-7.90162
7.03276
17.3953
6.5153
12.3196
10.2314
1.41415
7.9867
11.7559
-5.35658
3.84612
8.88466
4.65277
13.5968
21.6474
11.9798
-3.36602
-8.55976
-16.0804
-5.94424
2.62513
3.17578
5.2225
8.86802
8.27377
3.89211
4.89728
8.59889
13.8566
9.45573
9.02625
-0.880435
-14.5277
-10.4462
-8.98184
1.73662
-4.80642
-13.2929
-14.5493
-13.9924
-12.6471
-6.95381
0.700661
1.0493
-5.27661
-13.6161
-10.0239
-5.1268
6.06996
23.5204
14.309
-1.03161
14.0512
22.1655
7.93481
10.22
-2.64213
-17.2972
-11.6699
-11.2391
1.8535
3.11952
4.51048
6.90775
-3.23229
-1.02454
-7.80315
-10.2599
8.13469
9.79165
7.05714
8.55549
4.50792
6.07119
6.48415
1.33301
5.31982
5.73778
0.382326
-5.76013
-15.6797
-5.71283
-9.55812
-8.32821
2.5883
-6.4241
-11.7276
-24.67
-23.8456
-16.1461
-9.96953
-3.60112
0.61039
9.53703
13.2254
0.93904
13.4587
14.5978
6.93303
-4.93957
-3.99021
3.04238
7.89551
2.92988
3.5935
-10.3643
-12.6706
-10.7816
-21.258
-30.4986
-35.7804
-21.5041
-15.6617
-10.6371
-7.63069
-11.5063
0.62102
10.2839
8.92072
5.94319
1.9494
-0.472156
-4.21823
0.548342
-3.53557
-1.36723
2.04593
-1.84149
-8.82622
0.0675452
-7.80649
-14.2956
-8.57028
-3.83897
-3.21768
-10.0376
-10.4719
-3.35944
5.34003
13.8735
15.1378
19.638
2.29368
-2.19356
10.0195
6.05374
6.52025
6.08307
13.0349
20.9896
26.5501
3.77308
-1.19943
-0.0375056
-7.22527
-1.47283
5.09931
4.60855
-9.0096
-19.7785
-10.9027
-3.70509
-4.22826
-10.2393
-7.58821
2.85673
9.31917
1.25658
-4.43089
-7.66478
-6.62065
-6.24131
-5.16904
-1.41165
4.92637
-1.05702
-7.48123
9.52528
-12.5862
-10.7601
0.19683
0.0762138
-8.23702
-14.6045
-6.87176
-1.59155
7.13604
7.62707
13.7988
4.40697
-14.0222
-10.9124
1.17013
9.2638
26.8143
29.2641
13.0595
-11.7477
-4.22924
0.566325
-0.276109
4.26483
1.6201
4.84932
-7.33078
-11.8962
-6.53352
6.33501
12.0204
-5.34392
-2.08532
-2.47613
-6.787
-8.61189
4.81726
3.865
1.24811
0.477256
-1.88914
-3.17688
-2.28413
3.94143
7.5695
4.21684
4.7433
18.7053
-12.5288
-6.1612
-0.0199561
6.33092
1.7372
-8.09084
-7.24694
-0.268444
-0.322414
0.493349
3.2316
-3.67612
-8.66001
-6.67114
-4.06434
1.15926
2.43701
12.3242
13.4917
8.86632
14.1931
9.22963
2.46849
5.87769
11.9678
0.34141
-27.6926
-35.4148
-11.7379
13.5254
0.238309
-19.6562
-5.44271
7.60232
3.08823
-4.16717
-6.49111
7.78774
8.24522
9.23337
5.46835
2.63328
1.57297
5.415
13.1378
9.87313
-10.3364
11.8613
2.63583
5.70141
4.63657
12.5726
5.24747
-0.539274
-0.328961
1.97733
0.331509
4.21699
-0.24815
-4.34336
-1.1735
0.343183
4.40882
-7.23886
-21.7633
-24.0206
-6.52407
16.3134
17.3377
11.7672
-1.26623
-15.7455
-14.8501
-7.39262
-0.128314
11.1203
12.8283
6.19948
-1.90025
-15.489
-12.6586
8.41139
10.1602
7.0046
-3.61742
-3.5536
4.11081
4.1954
5.29533
2.47721
0.908115
3.99138
12.8296
-1.59385
-20.2581
6.32286
10.0968
15.0029
4.14821
14.6994
5.58506
4.80732
5.34711
2.06708
3.3516
2.71062
0.321596
3.44518
5.17245
6.27821
5.02004
-5.24429
-13.2044
-16.9095
-5.04311
5.29977
8.14628
2.04873
-6.9468
-21.5148
-16.1049
-6.14415
10.2593
23.0173
21.6665
20.6643
7.50731
-0.418063
-5.91849
-4.18665
-2.13218
3.90016
7.10757
-0.74218
-3.66295
7.29186
6.382
3.56633
-0.274249
-0.4177
14.3207
-6.46138
-9.8349
7.07132
7.26528
18.0148
5.91716
12.2555
5.18708
1.00079
1.67179
1.35287
1.88879
-1.8771
5.57669
4.14662
7.54604
6.57118
5.31012
0.407287
-6.6219
-9.78423
-6.58027
-5.26014
-8.85692
-1.70884
-0.950086
-3.69908
-5.32218
-8.65472
-5.94059
5.4764
7.84308
4.92967
9.00886
1.19688
-1.4896
-5.86767
-8.93403
-5.0723
4.11548
7.33213
-1.11761
3.67146
2.77475
2.49372
-0.686199
0.455131
16.0972
-8.03251
-1.46412
13.2487
0.318106
8.69652
-3.01858
-1.50073
0.254841
-4.10286
-1.04355
-3.44668
1.85809
3.723
4.22497
3.40082
11.9346
6.21047
3.69704
0.874544
-2.34554
-3.53725
-5.94586
-6.17804
-11.9463
-1.38653
-9.15382
-7.24876
-11.1534
-14.5464
-14.5963
-6.81315
-2.80803
-0.0422531
6.52854
4.00437
-1.90049
-1.46738
-3.3881
-9.86925
-9.65493
3.80102
6.96618
6.73557
-2.34914
1.60707
-3.44712
1.05701
11.2767
-13.8442
5.05443
28.4774
-2.20726
0.565855
-5.63061
-7.10856
1.67374
-8.01165
-5.2963
-4.25278
8.39112
7.03063
1.36132
7.55284
11.1333
3.46115
7.50361
8.5638
11.0086
13.071
13.7286
1.6773
-4.7317
-8.26696
-8.62989
-3.87784
-3.38078
-0.728695
-1.25301
-0.556061
-1.11795
5.39138
4.38539
8.13894
1.71002
3.76999
3.61485
-4.32614
-16.9563
-14.4087
7.88855
12.7067
4.29983
-4.81969
-5.5391
1.6617
2.49948
-25.7446
14.4153
41.7589
-8.2334
-5.95652
-6.54536
-9.90723
-3.64918
-11.2881
-7.8352
-2.80848
6.38036
1.68825
-0.53814
3.88003
3.10874
3.05717
13.0931
21.5739
18.8427
8.22854
-5.19825
-10.9645
-12.6221
-11.8911
-4.13593
0.730478
0.991857
1.96213
6.84706
4.59226
3.8358
6.86911
4.17002
5.6007
-2.53906
-2.56406
-2.15076
-8.79038
-20.1576
-22.5518
-0.917806
6.74701
6.04266
-6.21967
-3.36569
7.59416
-3.19741
-31.4527
-3.30361
36.6743
-11.0485
-9.12416
5.45933
-9.52093
-4.15774
-7.6132
-8.65237
-10.089
-3.20153
-5.70957
-2.78648
-12.896
-5.64073
2.95429
10.9042
11.605
-7.57212
-15.0094
-18.6439
-21.7721
-20.1959
-6.20262
10.9676
14.3573
6.77833
4.13224
17.1014
8.51828
19.798
20.6052
12.5745
19.922
12.2772
2.24359
-10.9009
-11.3568
-14.1778
-12.4978
6.14879
7.63631
3.95687
-4.05294
-6.94542
7.34548
-4.09106
-15.5142
11.345
15.7834
-23.0374
-11.7405
12.1396
-6.0504
-6.28908
-0.653035
1.55019
-10.6062
-12.9103
-11.753
-15.761
-26.5667
-11.9545
-2.6199
-4.63722
-18.6831
-7.11066
-4.59952
-15.2134
-14.6678
-15.4631
-4.94086
9.52291
15.6157
0.0399285
1.33348
3.59414
-9.30832
-2.82039
8.06568
0.439264
27.898
33.0118
12.1249
-7.03325
-10.6942
-7.11708
-0.12772
8.78697
9.88587
-2.32045
-2.71662
-7.39349
7.15713
-1.6172
-10.7988
12.0211
-5.28042
-14.8027
-12.8727
9.08786
5.30022
-4.44379
2.09227
5.23176
-3.78954
-7.11687
-2.25218
-10.2741
-7.54495
5.06308
8.92833
17.8608
19.2716
6.65979
-16.6993
-15.3382
-3.60794
-1.69109
10.2224
18.9252
15.2689
-2.10542
7.32277
12.195
-3.95066
-0.702714
-2.73971
-15.1779
-2.17816
14.2966
-5.24431
-26.513
-12.9333
10.3992
12.1327
7.3981
4.37643
-3.16455
-4.16269
-0.23432
4.78902
4.16141
-9.37983
1.61144
-6.7622
0.419353
6.98393
16.1527
18.5924
-8.86197
-0.40357
11.3626
4.55885
0.0522468
7.18289
4.57103
14.0372
25.9091
17.5922
6.42397
0.127185
-4.40047
-1.7387
6.50378
0.555343
-20.9273
-28.1134
-13.5106
-5.22542
-11.4238
1.22606
20.1607
14.4898
25.8576
29.4549
7.23969
12.9209
3.12209
-3.98379
-14.7099
0.457616
16.0253
16.2275
8.28084
-1.91936
-6.77712
-3.89405
6.26736
10.1255
1.71932
-11.5128
-7.26561
-3.20002
15.4551
16.2967
3.91851
12.7743
-7.0654
-6.63742
11.6228
9.29766
10.5986
7.09469
6.07311
-5.28487
-5.48456
-20.1335
-26.2861
-23.561
-0.265913
18.8609
20.2624
15.2609
2.88362
-2.7377
-9.25298
-9.55491
-16.8351
-12.9634
1.70232
11.3841
14.8341
17.4303
7.64563
-7.41191
-20.2265
-21.222
-9.455
10.7649
20.8786
9.68835
-6.48114
-8.21316
-4.61225
-0.501607
9.91325
16.1357
-5.18509
-23.4331
-3.28085
-7.31452
8.10028
17.7988
-9.98956
-6.48784
-1.90759
-9.56181
8.0051
12.7101
6.56709
4.88828
-1.80205
-12.1607
-2.65373
10.7389
5.39094
-2.58262
-1.83003
-0.752104
0.0244379
6.80464
12.4811
3.51241
-12.0645
-15.564
-21.7828
-16.4961
-14.8003
-13.4705
-1.19161
17.7723
15.657
0.947145
-1.46197
-0.652104
-12.8784
-7.09809
8.53039
1.32451
-4.95207
-10.8276
-7.92852
-8.02938
13.5588
6.43442
-4.62482
-21.7792
6.00505
-11.7847
-14.2292
-1.10441
-10.98
-29.4546
-1.16481
-6.08477
-1.06255
13.7088
0.741678
-2.16884
-3.18279
-0.457659
13.8571
16.7543
4.08562
-2.18766
-10.1281
-15.7689
-20.1704
-14.5935
-2.43608
4.30821
2.35817
0.239366
-5.80044
0.175997
2.47813
10.5212
13.5513
12.3279
11.4167
14.4307
14.7416
14.7821
-3.09399
-11.5564
-12.2251
-10.9792
-15.0779
-15.2064
-11.9429
-13.6016
0.145423
8.29512
5.80834
-14.4316
14.5475
-2.34363
-23.6294
-7.06614
2.48592
-18.3972
-13.5683
-0.13926
-0.430676
10.0638
1.94131
-4.78013
-2.21679
5.60842
9.32924
8.997
10.872
0.0880852
-15.3844
-16.6366
-18.9472
-12.8697
-8.77921
-1.42786
-1.82419
1.24177
1.72395
0.468944
-4.35624
0.919297
4.62061
6.6373
10.0858
12.5836
5.82657
-1.2024
2.7905
-5.59731
-17.0531
-19.3822
-14.5098
-11.6758
-4.13202
-4.1047
-20.9227
2.17901
10.77
2.78947
10.6997
-4.41531
-7.25015
10.3967
7.79624
0.857055
-8.02739
4.16331
4.85802
0.829888
10.5093
-2.2143
-1.69041
-0.00517281
-3.61574
4.53021
10.7866
2.59257
-4.45922
-13.5808
-12.3928
-6.82489
0.0136653
5.10716
14.2457
11.3035
8.6514
8.51471
8.00493
11.9233
13.7841
7.29819
5.09711
-0.388909
-3.19763
-5.21533
-6.36928
-12.0174
-14.6892
-13.2343
-7.66057
-0.626471
9.32106
-0.823817
-27.1123
-4.59888
10.8402
17.1123
-7.31357
-19.8657
-2.70546
14.0446
-0.838549
18.4984
6.30844
5.29968
10.2102
4.83964
2.28639
2.90169
-1.89061
-3.85295
-6.46797
-5.13256
-0.230952
7.32617
4.85292
-0.941802
-7.63376
-7.42264
-4.71684
-3.03414
0.058922
0.177457
2.1294
8.38187
9.55806
7.16651
3.33814
0.573769
-3.6716
-4.98675
0.917515
-0.620335
-7.97288
-8.10704
-11.1114
-10.5481
0.744329
10.6544
20.2391
8.70567
-21.9129
0.999413
11.5443
3.36193
-16.7222
-2.19712
-12.5419
16.0139
-19.7739
10.3949
8.97175
2.70192
12.785
5.54071
4.66548
2.41918
-3.49773
-2.0811
-4.91374
-9.6941
-5.3013
3.87296
4.59031
4.86524
4.7205
1.33817
-1.10515
-2.52939
-3.90716
-9.14034
-15.887
-12.902
-10.0837
-9.53703
-2.75823
1.52769
0.103476
0.296564
0.490413
0.60874
-6.77498
-6.77159
-9.83247
-0.7587
2.85823
13.3404
24.0986
12.8777
-10.8125
17.7254
-4.9509
-27.3642
15.6239
28.8568
-21.7572
26.3248
-25.3027
-3.13953
18.017
6.98391
7.81966
6.08839
1.392
-3.24404
-3.75249
-0.355572
2.01949
-7.74527
-9.20752
-1.0068
0.603831
5.48692
10.4315
11.9386
19.1074
14.0358
6.61069
1.32214
0.476912
-0.338313
-0.228788
-4.17951
0.904318
1.98671
4.44868
4.44688
6.98088
3.50777
2.77183
0.961895
0.488281
2.36175
1.55874
12.9437
21.2166
-4.88029
-7.71839
33.4739
-14.4653
-19.1127
5.05021
20.3503
-20.3244
32.6979
-29.143
-9.73023
10.935
-0.252212
-4.17488
-0.573061
-0.827351
-5.13849
-4.16192
0.535276
4.10579
-2.35943
-6.30917
-4.89922
0.792563
3.84671
5.17184
12.6575
18.5552
12.7921
7.60327
0.850793
-3.82605
-7.9701
-9.33425
-4.44395
-5.31052
-6.33155
-3.4908
6.95348
11.2094
11.5667
10.8483
6.18134
7.10367
-0.0641814
-1.82931
3.09881
8.56281
-15.8868
-8.65233
28.9744
-24.925
6.56532
-1.72284
-7.24294
-23.2147
16.7821
-0.300146
-7.95249
5.44588
-0.23323
-9.49583
-7.07006
-3.1724
-4.09891
-3.69386
0.923764
2.17802
1.2696
-6.47349
-9.63426
-2.37642
7.21989
0.162859
4.11662
3.69974
4.76697
-1.73033
-3.64661
-9.14392
-13.5035
-11.18
-7.56574
-10.2479
-3.69934
-3.30833
7.33282
14.9972
17.0965
12.4041
6.69363
6.98992
0.21775
-9.61193
-0.585002
-2.34069
-24.0475
-9.24255
2.18434
-19.1522
12.9025
4.86369
-11.4525
-16.2304
12.8957
18.913
19.1849
-4.78393
-7.04532
-4.5119
-14.2418
-5.81855
1.63724
5.14197
-0.36338
-3.22914
-2.71368
-7.66466
-11.3605
-6.31244
4.76901
0.735825
1.81984
0.622843
5.07078
1.33039
3.75423
2.82678
0.566045
-4.64487
-6.37831
-6.08807
-4.65267
-2.43955
7.95205
15.8703
18.0288
13.628
4.26237
7.25693
1.49822
-9.41795
-2.65108
-3.28783
-20.6911
-10.0317
0.101564
-3.61126
22.7461
-5.69457
-4.3562
-9.12745
6.86087
-9.26969
31.2635
-15.7587
-9.92305
2.13172
-14.3026
-7.56996
1.26426
4.42885
6.06331
1.11572
-1.86538
-4.27049
-5.39291
-1.10614
4.00108
1.20328
1.19045
8.76579
7.83291
4.40499
6.44483
1.76216
0.211073
-0.356756
2.46333
-0.0935626
-0.759776
0.698202
0.890998
10.7744
11.6041
8.42331
9.76917
1.96474
-0.58129
-2.52434
1.29687
13.416
-9.64672
0.410343
10.5464
13.2182
19.3303
-12.2607
5.50853
-3.8435
2.37475
-28.6515
11.9793
-9.22774
-10.5733
18.5852
-2.46861
-9.74744
-3.56651
-2.626
7.90604
6.18943
0.941926
-3.11567
-2.98113
-5.50292
-0.455838
-1.75017
0.70558
9.31732
7.34697
10.6134
9.92664
0.915207
-1.06595
-1.05793
6.55106
7.17379
0.188508
-8.50448
-6.227
2.41482
9.52301
4.72132
-4.35776
-1.58
5.08771
-2.87394
7.55653
12.7346
3.97695
20.7308
7.53753
4.79412
5.98805
-25.362
3.61119
0.65913
-8.84467
-28.3746
7.79879
-4.88141
-14.0921
15.9392
6.63507
1.35977
-0.184393
-5.2424
6.4314
9.69726
4.18341
1.18805
-2.94297
-1.79051
-3.12726
-3.14282
-2.379
4.88842
4.75687
9.89596
8.56201
2.9522
-6.66545
-8.69031
-4.69193
2.11877
-4.83251
-12.4107
-5.27988
-0.592906
-3.15605
-9.60201
-5.38769
11.8481
14.6202
0.043434
0.421581
-3.81132
10.4545
15.4461
-8.026
-4.93716
7.37645
-27.2745
-6.91443
13.5053
10.8838
-13.2364
10.2308
-2.48562
-1.49919
6.56214
-1.2903
6.80718
10.6153
1.90081
5.4561
10.497
6.72277
1.89158
-1.83793
-0.750845
-4.87627
-6.36477
3.26903
1.84788
5.04095
9.63611
7.58132
-1.18654
-12.1414
-12.3973
-15.3962
-13.6107
-10.2958
-9.99921
-7.56299
-8.85054
-14.2789
-7.38305
7.30859
15.4234
13.191
-9.96422
-17.8362
-25.0794
3.61635
5.34044
-11.7176
-13.8949
-10.3169
7.73703
20.3381
9.15208
8.22884
-2.87574
2.39219
2.97875
9.61513
4.2075
-6.29961
-1.09328
5.73602
6.06756
9.68392
9.19511
6.34644
0.998054
2.68611
-1.24338
0.597809
-4.78237
1.2615
2.14387
2.73729
4.71723
1.42565
-1.64705
-4.70036
-4.56176
-8.95811
-12.1265
-6.39601
-5.85017
-9.16115
-9.39089
-6.66622
1.91577
8.28783
10.1667
0.383661
-11.8906
-16.4396
-17.9085
-3.70068
8.18191
-2.09371
-1.03968
-7.96813
24.7893
25.5488
