-6.99018
-10.4765
-4.5847
-10.7354
-6.63986
-4.57279
-3.82638
-1.61278
-1.38142
0.774132
1.8524
2.04919
-2.28233
-5.06352
-4.10228
-0.673675
-0.764419
-8.99559
-7.19348
-5.185
-4.66517
-0.737112
4.43099
5.85343
6.61832
8.78913
2.28474
0.194438
0.283191
-4.66255
-2.21914
1.2999
3.08794
3.59569
2.72092
5.09806
2.37378
4.10825
8.77862
3.55287
4.37392
6.23076
7.19797
1.56166
8.99937
5.88961
5.26035
5.11276
-14.2989
-14.0252
-4.09013
-5.11562
-6.55656
-4.86557
2.1688
8.98921
7.22812
5.93255
8.52396
6.17453
-4.70117
-8.58201
-0.648109
-3.84229
0.230574
-15.0029
-12.4035
-10.7612
-10.0581
5.48753
4.48209
14.8289
13.9407
13.1801
8.10622
-2.45848
2.87338
0.246955
1.43415
0.801992
1.60484
6.35371
4.5506
1.37848
4.11336
5.4709
8.33251
1.67776
-1.89932
-2.53281
5.61672
-2.43761
3.21581
-0.522131
3.22306
1.11252
-10.5601
-10.2441
-4.17253
-1.91984
-6.33605
-3.03565
8.72637
11.5979
8.23206
10.4278
5.55853
3.45303
-8.69739
-3.62388
4.73765
5.25733
1.43721
-11.5054
-12.6705
-6.48014
2.83328
9.82398
8.75947
10.4224
10.5813
13.0146
9.34487
-0.542883
2.28861
-1.99705
-1.58998
-9.33504
-10.8771
-4.14795
-2.42852
-7.33034
3.87634
5.98671
-0.525482
-0.940019
-5.30781
-9.37627
-8.27596
-3.44485
-8.46982
-4.43966
-1.11006
-2.81962
-6.38771
4.61917
10.738
6.96413
-7.96676
-10.355
-1.52677
5.44316
4.35367
2.3236
0.24304
-2.63397
-5.81694
-1.33826
6.24124
12.3154
7.77134
-7.34345
-13.8812
-0.517935
9.00216
11.7002
4.957
0.61892
3.31559
0.397106
-2.58308
-7.56687
-3.44066
-7.17251
-5.04046
-9.46445
-8.02434
-2.89655
-1.70721
-8.74484
-4.28347
-3.77896
-10.3528
-4.84613
-4.53003
-13.5009
-17.3382
-5.72656
-1.54012
-5.57361
-0.446298
-3.45538
1.65833
20.0215
28.6864
8.82324
-8.01294
-17.7402
-11.4789
-4.61797
-1.47594
-0.256127
-5.29198
-5.33849
-4.36486
-2.00749
8.88854
21.5406
11.7216
-8.43278
-17.2865
-5.75925
-2.54061
-0.757193
-2.41589
-8.46586
-8.08406
-12.5274
-4.65004
-2.32037
-5.25872
-2.96202
-0.586569
-4.44368
6.30801
11.0965
8.31484
-1.21006
-2.85594
-4.28783
-11.3909
-4.83737
-2.75537
-4.24448
-8.91743
-6.49258
1.17798
1.31473
0.61265
-2.69514
6.92048
28.8821
26.5528
3.05476
-9.44884
-2.05422
-0.862769
-0.647979
-5.76504
-1.89535
-6.36305
-13.3328
-11.2053
-3.0478
10.6593
23.3462
10.4541
1.07889
-1.03135
0.702774
-3.70447
-1.97595
-0.423794
-4.61474
-8.4935
-7.0945
3.66822
3.2204
-1.12104
-3.72152
2.89159
2.5837
7.0315
9.60541
6.90856
8.75835
-1.93853
-0.952686
-0.738354
-0.394122
6.09036
12.6878
6.73864
-3.49602
-2.13199
0.959109
-1.80464
-4.14073
8.04228
18.7787
12.3223
4.30306
10.4292
15.9847
13.369
8.4485
3.03196
-1.73336
-6.75724
-3.39756
-1.30201
-0.385879
5.90787
13.1183
15.5629
-2.15412
-2.17938
-1.17115
0.846645
1.13582
5.15601
0.8911
0.87315
9.33778
14.633
13.0543
6.3536
3.59273
-1.5559
-3.40134
-4.59948
-7.7222
-10.8351
-7.2075
-14.1217
-13.301
-5.19462
-6.80077
6.27529
9.29878
9.78289
8.00273
2.13244
6.84443
0.557634
-6.43604
-0.0308687
0.741302
-7.49575
-0.602361
5.14984
14.4774
12.087
15.4968
12.3881
11.5497
3.2421
-0.900671
-4.96698
-5.80839
-5.49065
-2.67671
1.87222
-0.491047
-0.294799
2.27757
0.536474
0.547155
3.04056
8.07276
1.32816
3.72833
3.19309
3.56855
7.06608
9.22772
6.41371
6.43755
13.0192
7.19603
-1.17444
0.0283315
-9.91369
-15.2017
-18.5344
-16.5652
-4.97676
2.79183
3.90351
4.93181
10.0559
15.2562
4.50153
-7.53748
-10.4453
-22.2367
-25.0979
-20.0884
-7.68513
0.307668
-0.829089
-6.50153
-6.29705
-1.46196
0.196491
5.7385
-0.31711
0.282802
-5.47109
-8.53621
-0.0120032
-8.56636
-3.91123
-2.86221
0.625157
-4.06626
-2.33785
-5.89049
-11.773
-17.164
-20.0397
-15.9598
0.959409
10.7356
17.8167
23.398
19.0231
14.0237
3.89071
-6.28353
-9.97336
-6.68928
-2.14066
5.59263
8.15877
4.01125
-2.96708
-0.791953
11.1255
16.5056
11.8933
-3.74362
-16.8423
-19.5926
-5.21159
7.02533
7.32694
-7.18437
-20.731
-16.8536
-14.5034
-12.4672
-6.92663
-4.07039
-5.02469
4.25553
2.46497
-6.01842
-2.57344
-6.20225
-4.86806
-1.98758
-8.94176
-10.7462
-13.0617
-14.1818
-19.9253
-26.4623
-26.6138
-17.7342
-7.44704
12.2759
6.56251
-0.593387
0.651092
-0.0978805
-1.33834
-3.21489
5.50714
6.45282
3.28768
2.85708
0.304267
-2.80969
2.61108
0.885754
0.985118
4.23996
2.47369
0.344796
-21.1863
-10.543
16.5898
23.9031
14.9515
1.52164
2.10008
3.16716
4.49078
5.13955
2.34376
-0.111529
-0.296198
5.33272
10.8704
9.0093
9.10519
7.30109
17.197
21.8089
13.7389
15.4558
13.2742
2.02976
-5.84115
-0.567868
-6.83124
-4.15872
4.19326
8.07199
-2.10567
-7.614
-9.09835
5.38445
5.36646
7.10134
5.0842
1.49154
-5.83315
-5.97719
-3.51157
0.372234
-2.44235
-2.71203
-0.364311
0.272175
-7.75303
-10.6994
-15.1604
4.59741
15.9233
4.70063
0.00557858
-3.40131
-9.49634
-3.40849
2.39134
3.09812
4.1294
-0.890168
3.88529
3.4338
3.3182
6.84545
0.392413
-9.12834
4.92648
20.2094
8.14974
16.436
3.75904
-6.75238
-13.6114
-0.566804
-5.39578
-1.66773
0.239848
-9.63956
-12.7725
-10.0565
-2.11395
9.89471
8.15257
3.82774
-1.13209
-0.938709
-5.02595
1.71988
8.51186
13.2038
18.0886
12.5885
-5.75093
-1.28153
11.3566
-5.2217
-3.10961
7.10554
-7.36091
-8.8462
-13.8508
-19.3791
-7.97595
-3.23824
7.79276
9.90148
3.4457
-5.35841
-0.893045
7.89872
10.7054
13.704
12.5082
-2.81237
-17.997
2.11078
8.14168
-1.84699
1.64407
0.792115
-5.14334
0.295238
5.53239
20.9094
5.60092
-12.2252
-11.9231
-10.1126
3.00677
4.97204
0.966171
5.49415
5.75309
-0.941114
-8.42136
-10.0033
-7.82915
-5.09338
2.1075
10.3235
3.67501
-8.01349
-0.61961
7.19215
-10.3062
3.9468
-12.0038
-3.69272
-8.3889
0.980553
10.0547
0.374697
4.91719
0.656667
-12.7726
-19.513
-9.91095
-3.13709
-7.88112
-11.0569
-0.347079
7.3977
1.04627
-7.49715
-10.1641
-4.57682
6.05515
10.2636
3.40283
5.04509
8.71659
30.8456
-0.0500736
-4.95739
-3.21374
-6.56958
-12.4521
3.21166
21.4971
22.1965
7.04523
7.10844
13.9968
2.27721
-22.9234
-24.5063
0.395601
13.9589
11.3001
2.67664
-15.7261
-4.50741
-2.94952
3.55274
3.95854
-1.32248
1.60135
11.5093
11.7743
7.65259
8.03096
-11.5709
-6.47164
-20.0602
-2.70621
-5.82705
3.78324
-2.52371
-5.66529
8.68017
8.17952
-1.69862
-24.4475
-7.28299
7.51106
0.193045
8.4607
7.30216
3.78135
21.0012
-1.37807
-4.38857
3.68247
-0.964335
12.5763
4.21937
0.981965
-19.6427
10.4209
-15.1524
-8.96205
-16.275
-16.0112
-0.979137
-17.6158
-13.3434
3.3377
1.40869
-13.293
-8.92776
3.76249
3.0524
12.1006
6.67431
-0.0805083
14.1528
4.38487
-3.19338
19.2935
-6.29071
29.8963
-9.39367
48.8517
-48.199
0.51967
8.70719
1.4474
-11.6722
-0.693855
4.2074
-6.38568
-4.56434
-0.218127
-4.03717
-4.49424
-2.49873
5.22269
20.0027
1.05254
-3.60127
1.33661
16.836
11.5474
0.535891
10.5441
-49.2447
17.0034
-32.7624
0.98767
10.2272
14.2015
-8.70991
-4.54804
-12.3608
-11.4612
-4.28112
-12.6433
-9.00538
5.97684
-1.37973
12.7103
3.35913
1.44789
12.1672
-3.37279
-5.71467
13.4236
-16.7545
14.0432
12.318
32.3072
-0.0171625
13.1013
-19.856
10.1665
-19.0982
-8.36672
-2.01736
1.46812
-4.25132
-7.73496
-8.33187
-6.08618
-10.5521
-3.94001
28.9064
5.50012
-1.58017
0.0150043
-3.18254
0.449823
1.4402
-4.93056
-24.0801
2.59899
-19.4519
17.6215
-18.3339
0.649061
15.4417
5.11565
-0.206764
-8.8545
-11.3464
-18.1239
-14.0421
3.71824
-3.11165
16.2815
5.8586
-0.254909
-5.91885
6.67006
-6.25778
-1.70521
-10.668
-17.4896
-7.52003
11.9029
6.58292
23.1244
10.076
-19.2936
-8.6045
7.97785
3.4122
4.29916
-12.9152
-12.6407
0.468316
-1.94667
-8.80276
-6.42703
17.8346
3.66675
-2.78972
-0.75442
-7.8858
-0.716294
-7.62811
8.45829
1.89268
2.46818
11.7702
11.6026
-5.98163
-4.23135
-5.03451
0.208196
7.83521
-0.38649
-0.768999
-5.34874
-7.53046
-3.52078
-16.6803
-3.79572
-12.2276
-10.0729
12.6336
17.9076
-0.00628095
-12.5731
-21.2967
-24.5793
-17.1224
-11.0135
-5.64325
3.7442
5.68787
0.479013
-11.583
3.2426
-2.0629
-6.76245
-3.04394
-1.39168
3.23552
-0.276919
-1.97113
-6.69606
9.10342
8.98234
-5.77323
-3.36665
-8.27767
-9.05718
-25.2217
-11.9278
2.81649
14.2295
8.74634
1.04922
-0.0805777
17.8206
13.8021
0.806029
9.16581
11.7932
5.27655
2.2941
4.60502
-4.91366
-13.5917
-13.0232
-15.4127
-7.1063
9.31544
-1.5322
-6.6459
-15.627
-9.07056
-9.82954
-9.36098
-2.82907
4.65446
14.6152
15.8903
4.54143
-9.11228
2.09707
-0.953966
-0.241654
5.70188
7.32478
5.90288
7.41551
0.275214
-10.4588
1.9619
16.1561
-1.17847
-6.04364
-12.2617
-15.5359
-6.73102
-4.08362
2.68071
8.55923
16.2591
13.3833
12.2149
11.2884
4.07181
3.14323
7.41766
9.57675
7.8694
6.62039
9.77855
-2.79695
1.76092
-3.07209
-7.82378
-3.00598
5.70585
4.01262
-1.51955
3.48783
7.8264
11.6595
12.6874
15.4272
13.6889
2.68256
-10.0229
-13.9782
-5.42767
2.67814
4.28262
-3.15291
6.06403
12.096
15.06
8.06822
1.79017
-11.1116
-3.99565
20.2855
9.06893
-6.7148
-4.04788
-8.90533
-6.26498
-6.60212
-5.89329
-4.12856
-7.15591
-7.51906
-12.446
-10.7702
-6.20996
-0.866759
1.83698
-0.0642435
6.67475
14.6614
10.5773
-5.07752
5.18739
5.96709
-1.76492
-3.94261
-0.545622
5.7636
0.526468
-0.720768
1.27394
4.07439
-0.45797
-6.9913
-9.93648
-10.5224
-9.79255
-6.46785
7.08935
1.24793
-5.19391
-2.31115
8.6815
15.7871
17.9438
13.1418
4.91842
-5.41864
-7.30246
7.15205
13.9089
-2.45031
-2.35769
3.95844
5.64067
-2.286
-5.53629
-1.78734
2.17885
1.21749
1.81021
0.665367
-0.215563
-0.988573
1.50394
-2.53438
10.6021
17.6661
8.12561
-2.47002
6.89387
9.39636
0.2224
0.643185
-0.730453
3.01611
4.42874
5.26927
2.9845
0.889188
-3.43194
-6.77674
-0.241158
2.69001
-1.20845
3.76052
10.0983
1.80582
-9.09138
2.13885
13.0553
15.7292
15.6053
10.4652
6.52117
-7.14265
-4.87607
4.38718
3.60372
2.14418
-2.32263
10.329
14.272
14.3278
9.44826
6.53673
2.32902
-2.05919
-5.13079
-1.46408
-8.05369
-11.5915
-3.77934
-2.20731
10.029
15.1609
-2.14934
-5.17925
1.31404
7.50706
9.18388
3.73162
-5.01939
0.882728
5.71344
5.04304
8.19533
9.44493
7.17182
10.7372
12.3474
9.45912
-3.93498
-0.436448
7.05157
-2.86777
-4.97803
6.29833
9.51226
10.6839
7.52591
6.85545
5.40065
-4.04762
-5.7066
-2.94888
4.11087
2.0814
-2.85522
-3.22756
10.5004
19.9786
21.4808
12.9815
2.84301
-4.68229
-9.26398
-15.3008
-13.1464
-8.89583
-8.97389
-3.30369
12.6001
0.711792
0.0740755
1.21376
-0.145315
4.03811
8.34531
0.942855
-4.72997
-8.05934
-1.27719
2.94026
7.46694
12.2644
11.7584
14.5682
5.9493
2.24072
-4.81687
-4.07716
1.28971
-7.80963
2.04798
10.6047
1.19151
0.133364
-1.81709
1.04305
-3.105
-1.29814
-4.72818
2.79315
2.60665
2.24713
-6.7341
-4.79603
-8.62275
4.74929
8.93967
9.30703
3.64474
-4.18247
-8.52658
-11.5425
-16.2874
-7.86391
-3.9579
-0.852467
0.361486
-13.863
-5.56256
6.56677
4.92831
0.0968059
-2.65013
-2.58351
-9.02286
-11.0277
-3.78545
0.81293
3.72095
3.20016
5.85936
1.74766
-3.43621
-9.91301
-11.0025
-5.19124
-4.26237
-0.28217
14.5962
7.28556
-6.15868
-6.35139
-8.97133
-9.59766
-12.5691
0.400654
-3.72057
1.99487
1.15796
5.91244
-11.1289
-15.2898
-4.15268
-6.31939
-2.11708
1.04826
-0.0821101
2.1657
-2.41301
-11.8503
-15.7748
-3.56705
-0.586951
-3.41938
-12.797
-17.9951
-9.40356
10.3884
17.7304
9.27481
1.98805
-9.04643
-7.17954
-11.5768
-14.1611
-11.9739
-9.31638
-2.57863
8.43185
-0.111044
-3.55545
-15.6994
-11.3934
-0.403984
1.76658
3.63497
15.1456
3.8611
-15.453
-12.0414
-12.3378
-16.4213
-12.1351
6.44556
2.69658
-3.01224
1.93066
-0.842629
-4.82326
-15.3369
-7.92057
1.19808
-0.468443
-4.92822
-7.56577
-7.61855
-6.51903
-9.38966
-6.2366
2.16545
-0.454101
-2.72231
-0.0350628
-8.36924
-6.59681
1.69314
5.06601
0.656898
11.0336
7.54933
11.8322
13.7181
5.05926
0.190135
5.8998
3.28215
1.71213
-9.22159
-10.9471
-4.41322
1.57983
0.717406
-2.94866
0.262726
8.34267
-4.10229
-18.9932
-4.99199
-5.99124
-18.0965
-3.34655
9.55194
5.59004
-1.18112
-5.67076
-2.17161
-9.39066
-7.41111
-2.06528
0.229348
-1.58127
-1.16486
4.52338
5.23588
10.1937
13.4823
4.16204
-1.70797
-9.06323
-4.80907
5.64356
4.69639
-8.72822
1.25987
-6.0369
-1.14419
0.0248518
-0.317165
5.70289
3.59983
-4.88035
-0.466418
-1.33934
2.03075
6.32397
8.46694
5.24221
-5.95248
2.73399
-7.35598
4.69544
0.744153
2.46449
-6.08189
-18.6634
0.0320501
-5.272
1.15549
3.46837
3.99527
8.54144
8.33256
3.54194
-1.17922
-3.82374
0.677311
-2.42547
0.653458
0.125065
-1.6832
1.50795
-3.97006
-6.6353
-10.9846
-6.27248
-7.43292
1.47893
7.61822
6.20054
-8.42864
-12.1843
-1.16263
-13.2858
1.10298
5.03763
8.03341
5.80206
3.09988
-3.01922
-3.94741
1.07666
3.7878
-1.4337
-3.85966
-5.71737
4.97047
-2.01739
-0.0780168
8.75529
-6.70068
-0.0848456
3.39364
-4.5994
-4.35669
-7.78602
9.78815
6.06006
-0.80186
3.91774
-0.166411
8.15973
2.48116
1.18993
6.86128
-1.89873
16.2217
13.4569
1.74351
-2.30683
-4.95028
-5.22837
-4.6568
4.78952
4.70628
5.30023
4.00089
-0.0148843
-5.93752
-1.25644
-1.94675
-12.6486
-2.65011
2.68636
3.91634
0.53314
2.9377
1.59767
-3.83286
2.48248
3.4749
-0.166436
-2.69117
9.23821
7.76881
-9.66385
0.622062
-1.44152
-12.0816
-5.7087
5.63309
2.98877
-10.7749
-9.86821
-1.02691
4.43227
5.39183
9.12719
-4.07301
-3.21264
1.05194
0.72243
2.65072
4.18985
7.25358
16.3618
18.9912
15.9607
13.823
8.13155
3.99707
3.81897
7.47952
4.38173
-1.53312
-2.89823
4.65124
4.07449
-1.4104
-15.9787
-0.123973
3.78351
-3.62401
-7.61923
-2.87699
-1.58797
-5.42568
-2.71933
7.11164
6.31689
6.32898
6.43299
-4.62061
-15.5569
3.42467
-0.747618
-11.4737
-2.08461
27.7235
28.4007
-5.18275
-8.82412
-9.63335
2.14727
24.8977
7.09639
-1.33264
-5.26838
6.04138
6.37391
5.02132
0.121605
-4.36948
11.2882
18.6644
11.1643
4.52266
4.27238
3.7787
2.05981
3.26471
-3.87166
1.69976
8.63062
4.87184
3.54345
-0.3971
-14.2466
-10.8732
-3.34128
-10.8653
-6.36683
-4.14966
-7.48688
-4.43635
0.271102
6.48985
0.818099
-3.39454
-8.80144
-3.72405
7.53268
13.5852
-0.079127
-9.76471
18.9211
27.5283
11.4029
-11.5338
-18.4761
-25.0377
-27.9732
-18.2394
-10.6543
3.06204
10.4053
-3.37187
-11.3964
8.12989
12.4867
-12.881
-4.21623
15.6764
12.4579
1.53135
-3.1059
-1.48695
4.83461
6.3208
10.328
8.61428
5.24894
2.48515
7.19833
2.70195
-5.3793
-9.12463
-3.06755
-6.21085
-7.33414
-10.0376
-8.00394
-0.0747522
2.74644
-1.44376
-2.69348
-3.64226
-0.990971
14.9108
16.9304
6.66061
-7.5069
-0.176608
-2.32076
-3.14258
10.646
4.57089
-6.3486
-6.06758
0.781303
-0.173098
-12.0811
-5.98615
-15.649
-20.5719
-7.41355
5.88639
17.9362
2.89255
-21.9052
-1.65825
13.7489
6.35074
-0.430604
-6.30178
-5.14439
-1.01466
7.95237
7.2729
3.01377
-4.4558
3.72721
-0.37268
-2.22682
-13.9081
-3.33532
-4.61604
-1.31814
4.36746
1.58959
0.167145
1.90483
0.791009
-3.42591
-3.33566
7.53467
14.1822
9.43047
9.87995
5.64359
14.7401
14.2945
4.79233
6.12911
3.26563
4.84435
10.3526
7.80756
4.6608
9.06795
11.8779
7.00174
4.79663
0.143096
-1.67479
7.4734
12.5144
-13.8301
-25.7601
-5.70041
1.95451
-0.505514
-12.1322
-12.6552
-0.912316
9.91625
6.53393
3.8545
-9.73418
-1.10382
-5.78687
3.66156
-13.7004
-6.8929
-3.66109
-4.38792
5.25913
3.51346
1.56838
5.87538
-2.07527
-1.10696
-2.09521
5.1315
4.50252
-2.96761
-12.4969
-3.9251
-2.5059
5.61483
6.2097
4.5231
0.549032
-2.56652
-9.86222
-18.9116
-11.7063
-4.73135
15.1518
11.4934
-5.79418
-9.24536
-9.42528
2.7954
14.2839
4.43738
-24.0271
-17.3465
1.07837
5.09194
-4.02848
-7.46967
-0.277251
8.70693
8.05289
-2.15491
-15.5188
-6.98924
-18.5581
6.78215
-6.72478
-11.5292
-8.15807
-2.30061
2.78287
4.21281
6.29898
5.74369
1.6691
2.58103
-1.32793
-3.58447
-8.24764
-12.4224
-18.9991
-6.38199
4.54236
11.9912
14.0961
9.22996
-2.97742
0.438943
-10.9363
-18.0079
-11.0238
-1.72046
-4.06131
-0.0618569
-12.09
-19.4948
-16.3574
-7.61929
3.97028
17.4494
9.60482
-14.0989
-0.222262
6.36669
0.493929
2.19499
-1.35469
4.80702
-0.834504
-4.49769
-11.9295
-4.26077
-9.81932
5.68584
-0.762231
-8.44759
-13.1083
-1.25293
7.38363
5.69788
6.23043
13.4626
9.54801
6.36957
-0.055426
-5.06788
-12.8404
-5.90251
0.487158
11.5966
15.7659
21.1857
11.468
0.102555
-4.23394
-7.80699
-15.8175
-13.7458
-8.62339
5.48596
4.71391
-0.675454
-3.1823
-6.13186
-11.4647
-10.8209
-3.30452
17.6298
17.1948
-2.59637
-9.31879
2.6949
0.157894
2.14218
-0.0561266
3.92309
-5.86943
3.94206
13.7203
6.38441
-8.50278
-2.7642
7.36066
-0.790319
-8.79951
5.82165
9.31004
0.949091
3.67783
11.4685
6.85882
5.4982
4.15897
0.276216
0.618776
5.7436
9.51212
15.3588
16.8187
12.5102
7.42516
-10.6989
-14.5385
-10.9866
-12.5092
-6.65676
-8.61697
0.49337
8.77141
6.92819
7.84908
0.45924
0.201303
-2.48834
-2.569
9.98603
8.63179
-0.541068
-17.1393
-6.97652
0.0676911
4.73076
2.36091
8.09482
-6.04636
12.7557
24.6087
2.86547
2.06515
-4.06134
6.86741
2.70767
-0.134895
6.08887
0.715463
-7.4855
-6.8746
-8.2513
-11.695
2.15155
0.641865
-6.29938
-7.22759
-6.67592
-4.38953
8.52743
8.94568
18.6574
13.6854
-0.418553
-3.11034
-3.50224
4.28877
2.65466
2.07705
8.18922
-2.5913
2.17979
1.47904
-1.17204
-1.15468
-5.85853
-11.8607
-9.98792
-1.60412
-4.46677
-13.5864
-19.117
-4.84138
4.97465
3.04531
4.15051
-5.07002
11.5424
3.15886
2.06873
10.2374
5.78853
16.9688
11.1289
11.7705
6.8658
-0.496536
-11.3914
-8.25706
-19.4391
-17.3246
-3.56533
1.51232
8.9192
7.97435
4.78247
-14.9084
-14.6669
-10.7699
-9.43284
4.58562
-1.76791
-9.9266
-8.34958
0.864577
5.41631
1.18311
10.8463
5.88997
5.28043
-2.15117
-4.84754
2.69834
-4.26608
-16.5258
-0.408875
11.643
1.05673
-6.10393
-15.6108
-9.59503
-3.29589
5.80009
-3.23991
-2.81406
11.7782
-11.8732
8.32607
-1.14238
7.92723
9.12085
13.8334
16.8354
10.0189
6.38744
-4.75159
-6.37049
-5.99058
0.0184866
5.97082
2.81473
8.65519
20.6524
10.2687
-24.6242
-17.3259
-7.94477
-25.6341
5.7781
20.7455
5.9532
-8.50311
-3.56676
7.36231
11.5598
5.48684
17.825
13.8087
4.85571
-6.21075
-8.81423
-25.218
-17.6232
-1.8254
19.5031
20.6199
3.96394
-12.4161
-8.67447
-1.54356
1.32551
-6.63763
1.72202
0.700236
-19.047
7.55409
0.464264
6.14166
0.503361
6.07011
15.9446
6.6032
11.0729
-4.01271
-9.3594
3.75124
26.1
4.9076
-25.6194
-14.9952
17.5835
34.8208
5.05599
-9.46737
-4.03384
-21.1335
-4.23458
4.86463
7.01904
6.82732
6.77702
-2.14396
-9.01921
-14.012
-3.37981
-7.40412
-1.01292
19.6579
16.7261
-13.9335
-20.4164
8.95917
28.3428
29.6217
9.83924
-5.83159
-7.22944
-2.64605
-2.62049
-7.81886
0.944053
-11.2268
-9.24975
-7.03959
14.204
-2.66486
-5.9145
0.244407
12.7636
7.30753
5.49774
0.962473
-5.86756
5.83173
19.377
-4.3084
-22.2067
-14.1832
3.98674
14.1329
-7.72546
-18.3427
-4.10547
-4.62325
9.1199
7.44129
2.49595
-10.7119
1.66599
4.36874
0.0788954
-6.20705
7.99077
17.0256
22.5846
29.9003
16.1204
-7.38268
-29.076
-19.1279
8.81194
22.5375
8.64273
-0.0553501
-0.881119
-2.40101
-5.58935
1.41263
0.436931
-23.9573
-0.0900066
-12.1927
19.458
2.68505
-1.23117
-2.15163
10.6654
3.15997
-0.47085
0.0805158
-9.59062
1.59024
11.4579
-7.93865
-15.3928
-12.4997
2.32328
1.81655
-6.36661
-13.9132
-6.96731
-4.80793
-3.12298
2.5502
3.18393
-2.11782
-5.7398
-9.9235
-12.5675
-12.1096
-11.2206
-8.68785
9.25675
16.4501
14.3518
3.76223
-19.7941
-17.9692
-3.55558
11.4224
4.54003
7.86433
5.03362
1.46772
-4.01917
3.06119
-1.14109
-11.0103
5.1812
-8.1565
10.7372
-1.66476
-16.5153
-3.64913
-4.65511
-5.75248
-11.0863
0.339239
-2.04718
-0.312833
2.3358
-3.86003
-4.14
-6.00503
-3.19747
3.6957
10.3475
-2.34387
-2.4847
-2.39691
4.48164
5.45886
13.7635
10.5951
8.81924
7.47957
7.92899
9.00455
-1.07475
-5.68131
-5.16248
-5.53907
7.95204
17.2618
9.70553
-2.30825
-7.30248
7.87445
6.92796
6.42073
7.07068
-6.81565
-5.18413
-1.54757
-3.67213
13.8
4.89855
11.9222
4.94945
-22.3495
0.427279
9.1179
-4.08935
-13.4896
-17.8993
-2.66552
1.7987
-1.01389
3.72555
-4.52561
-5.61009
-4.81858
-4.92996
1.64884
6.73917
3.60693
-6.66316
-12.277
-9.36476
-6.74351
0.895266
0.851379
4.58001
-2.61981
-5.11455
-8.66817
-16.0366
-15.6995
-4.94303
4.04329
1.44213
-5.89333
-1.30589
4.21447
-3.99711
-1.02022
2.45478
3.63507
5.68265
-4.00034
-6.38298
-0.403438
4.53629
20.4852
7.60013
7.77012
-5.17221
-23.0834
0.382934
14.1185
4.57402
-7.79629
-16.7359
-4.14777
-1.32989
3.4706
5.80473
-1.30467
-5.94398
-4.17127
-5.82019
4.87437
7.75683
13.8544
10.0777
0.65975
-6.05329
-12.9333
-8.60623
-4.09703
-2.53557
1.90727
3.65972
-1.8375
-0.616772
3.60692
5.79767
6.32323
-5.08868
-10.0887
-4.52089
-0.38678
-0.624597
-1.68744
3.309
4.84949
7.68636
-3.38246
-8.61559
-0.754172
22.4886
-0.281142
-4.65302
1.35851
14.6268
-13.7976
7.56793
5.61866
1.63373
5.15563
-15.5865
-7.68395
3.36824
12.241
9.91186
11.039
-4.13596
-3.98044
-1.02592
4.19091
6.56699
11.1323
8.88817
7.60578
-1.58245
-7.51386
-2.89899
-1.75478
3.93036
6.09721
13.4928
16.6985
19.8097
16.1044
7.92584
-0.279021
-5.06315
-6.58386
-2.59438
2.57656
3.11604
-2.60372
0.060025
-2.04998
3.53422
-3.54019
-0.92331
-1.78876
11.4484
-13.1775
-12.2017
-11.4608
34.015
0.0947211
6.85262
-6.63032
-19.6782
2.19262
-2.19487
-2.13109
11.7572
17.0229
14.9993
10.1235
1.76854
-2.0713
1.86304
5.81551
5.02262
-3.70245
-1.43942
-3.48485
-8.75578
-5.92462
-5.47501
-0.443213
2.75509
5.17106
7.99642
6.94428
2.36523
2.93049
0.714613
-0.840303
-1.08437
-5.65166
0.186148
6.07892
-2.94202
-7.31577
-0.316301
-5.27284
-0.205151
-1.76623
-7.48776
0.123213
-6.71481
-9.45613
0.55899
-6.96298
12.1926
2.11713
-6.24589
-7.47507
-14.5659
-4.29147
11.0706
9.05897
10.799
13.2841
9.62052
9.24166
8.8124
4.93423
1.51606
5.17584
5.34539
-4.32859
-7.46734
-9.90186
-11.0193
-12.2133
-8.55465
-4.12076
-4.992
-1.80713
-3.29987
-6.29112
-11.4853
-0.562988
0.697982
-0.358577
0.433967
-1.92373
-1.87539
4.17241
-6.35
-6.58467
-6.95726
-4.43111
0.894665
-0.723264
-8.95762
1.596
-5.769
10.1611
10.9591
-4.63749
-6.45093
-22.4088
1.36346
-4.52253
11.4073
3.49071
1.72204
8.33503
3.80809
10.8875
10.2587
2.67198
2.79521
3.18772
3.25942
0.113332
-0.495488
-3.15122
-6.606
-3.85739
-2.1185
-1.84654
-3.99847
-6.15392
-1.48878
2.04223
0.222949
-2.61632
-1.70418
-1.24505
-0.531477
-6.03062
-3.07898
-2.6198
-3.75914
-2.70495
-5.79853
-4.4758
-5.08438
-2.50272
-1.33053
-9.05787
-3.51007
-2.36362
-5.95649
25.2095
-3.37706
-7.46456
-2.80054
-9.84111
23.9755
6.75639
17.2462
16.2408
-4.20601
-9.65834
0.276475
6.03849
2.34047
-3.96755
-5.37928
-3.64494
1.20768
-0.732383
-3.64459
-5.93265
-7.38676
-0.849555
7.55218
7.41368
3.63177
-1.27798
-2.78999
3.73122
6.076
8.57005
4.49837
4.41041
1.83043
0.252429
-2.65949
-4.8208
-5.15875
1.94593
3.41168
-0.322459
-6.05606
1.23547
7.02799
-5.58593
-4.83235
4.82362
-1.34201
3.2966
-17.453
6.1231
4.09748
5.02509
9.71095
5.00804
-4.8839
0.735883
0.409868
-17.9082
-7.80082
-2.28434
-6.48112
-3.30242
-9.45213
-11.2391
-3.41987
-4.92377
-1.90753
-4.41944
-5.33912
-5.16448
8.61847
2.59198
-3.37251
2.15234
-1.29596
-3.78864
0.407174
0.910488
2.32462
10.5355
7.60555
4.20211
-1.20278
-2.64444
0.0970872
1.10764
-3.23371
-5.61799
-5.42528
-2.76454
11.9759
3.92668
-2.99675
8.58611
-2.15434
-9.54632
-10.9814
17.0926
-5.65279
-1.79927
-0.246781
-9.16851
-12.7461
-18.0249
7.45604
3.91285
-12.313
-7.58216
-7.08903
-5.83982
-7.25337
-8.28328
-4.35729
-0.460664
-0.871564
-3.74612
-4.88401
-7.31494
4.22318
5.61432
-0.296629
-1.78322
-5.19105
0.797972
-1.71444
-1.32984
5.1495
10.7092
9.86393
6.67638
2.93826
-0.197746
0.916721
-1.00924
-2.38708
-4.73307
-6.85691
3.64774
11.0246
-1.69265
-3.65529
7.71261
-11.4807
-6.56307
1.85267
25.7007
-9.34523
11.6588
4.69173
-15.9871
5.59834
0.981498
3.93073
16.6052
5.95948
-11.4984
-10.2664
-1.41755
-5.55825
-4.13786
-5.57461
0.642319
1.1243
-1.03973
-4.20625
-9.69902
-4.84087
0.838575
0.993353
5.64735
-0.296222
2.35717
0.966334
-3.05583
-0.286943
-1.3195
4.10197
-1.51418
2.57264
0.198666
-2.34542
-3.58435
2.74504
-3.69379
-1.12035
0.730198
8.46905
-4.4312
-10.9231
7.24749
-28.9811
4.11173
10.0705
18.9839
-8.65264
8.51902
0.66808
-4.81222
11.0335
14.601
7.9463
7.8443
12.5795
-6.64971
-7.46377
-2.79677
-0.837376
1.05339
2.34925
3.08409
-2.02766
-0.124008
-0.515348
-0.507516
-1.85264
5.10989
0.941188
-3.45643
-2.52672
-3.31202
-1.9705
-4.59371
-1.18175
-0.0743966
-4.58021
-1.00603
4.01761
1.49218
-1.92126
3.14381
4.33666
-3.25821
-4.10557
2.96556
1.13846
2.71772
-5.93477
16.9094
1.8499
-5.28468
12.1089
1.06957
1.76157
0.217959
-10.4004
1.72337
11.9413
4.80822
3.3996
1.65157
6.48879
0.127802
-3.98958
-1.91537
0.550554
3.06806
4.41252
4.26435
2.38834
5.16635
-0.0523836
-1.99917
-3.82373
3.12082
-1.04858
0.257566
0.901036
3.6615
0.664818
0.685301
3.1891
-1.38439
-4.52742
3.4102
5.63655
4.59927
8.85516
3.34404
-1.31573
-2.17319
-2.49044
-3.26442
-3.44374
14.6469
4.44654
17.9592
21.2229
-1.27425
-6.7479
-6.00073
8.82509
-9.97827
-8.51029
9.20242
-5.82099
4.91555
-6.05645
-20.0458
-5.19884
-0.481292
-2.31634
-2.31746
1.08419
4.45585
2.71002
3.1345
8.65591
6.75822
-4.23189
-2.44017
-4.94378
0.0914257
4.4057
5.27779
6.08919
3.77521
3.92716
1.93551
1.90556
-4.09963
-0.391468
6.55139
3.09979
7.578
3.36679
-4.90645
-4.25023
5.08332
4.32914
-1.52625
-6.42746
8.32591
-4.05474
-10.3801
8.76441
4.49825
-10.7664
-10.9616
5.27375
-2.05142
-6.25216
5.21412
-14.0821
-0.718019
-9.85906
-21.4591
-12.1038
-4.86076
1.79899
-1.80177
-0.696268
3.10056
0.766614
3.37467
5.06293
7.40267
-1.71567
1.08732
-3.02177
-0.390964
0.508186
2.8327
-0.00644166
-1.55354
1.64513
1.19356
-0.406797
1.69064
3.52102
-0.625081
2.28264
0.776151
-2.24921
-1.74652
2.71584
4.63813
8.41997
-3.43465
-8.09087
-2.06579
-10.4279
-14.7648
-7.63926
8.14292
-7.13246
-6.46162
