-2.24415
-10.155
-11.2106
-9.14841
-3.52821
0.41269
-1.07559
-2.91964
-4.12771
-3.54615
1.40249
2.03806
12.0318
5.78184
2.81794
3.44404
-0.79258
-1.71194
-0.177685
-13.5338
-18.2728
-10.1958
-4.31483
-0.859521
3.51886
9.10003
5.20915
1.18876
3.88501
-0.713242
-0.529519
-2.13878
0.95394
0.143702
-3.93106
-6.76769
-3.531
-1.733
-0.040088
1.95821
2.39774
4.10709
-1.75274
-3.24069
-3.857
-4.6608
-0.0290257
-1.98467
-2.35913
-16.2338
-9.98199
-4.48669
0.627571
3.6372
-3.06547
-6.4651
-3.15704
1.53136
2.31192
-0.405442
14.0321
10.053
10.7353
16.1951
4.60958
2.42137
-2.95877
-12.0947
-17.7044
-7.32336
-3.03418
1.38179
3.27524
11.1129
5.49217
-0.751076
7.59934
1.39533
-2.57799
1.21968
5.65558
5.01117
-2.07558
-7.884
-2.18638
-0.231044
-3.82352
6.21981
15.9673
12.1391
1.60782
-3.33997
-6.19342
-2.54593
-1.9055
1.32455
2.75449
-7.61294
3.7759
5.74516
1.43206
8.26763
1.40425
-3.69256
-0.671281
-4.29113
-4.93694
-3.19038
4.5332
7.16314
3.42239
0.0982111
-4.59797
-4.16958
-4.49424
-7.65612
-5.94823
3.91146
-0.300849
3.26917
7.08554
8.45507
0.350512
-2.54865
-3.19544
-2.16147
-5.8706
-1.83769
2.89479
5.4924
2.03603
-9.71547
-7.79603
-6.13022
-8.53001
-3.28869
9.95863
15.7613
7.63604
-4.90745
-8.66237
-2.68117
-0.245376
3.06154
4.12821
2.86185
6.8428
-2.13938
-3.12243
9.12454
6.66599
-0.514257
-5.03346
-11.4365
-6.35115
-6.82308
1.26552
3.22559
0.151203
-7.39817
-15.2249
-11.7605
-6.521
3.50632
-3.5464
6.99139
2.69338
9.5401
11.9947
4.3206
-4.68307
-3.21113
-4.34083
-2.91528
-6.64536
-1.8587
2.2948
8.72078
2.44258
-10.1673
-1.99063
-2.7447
-12.4762
-11.787
-2.29853
6.72302
11.8038
-1.95291
-10.4181
3.12778
3.57953
-0.132802
10.8718
11.8401
-4.44661
-13.7569
-6.92043
10.9835
13.7789
2.43479
-1.20917
-3.31283
1.54969
4.59629
13.6334
5.77574
7.18281
1.6866
-7.16005
-3.99739
-4.68116
6.33278
5.89393
9.16905
3.36997
7.13466
3.32413
-2.17138
-14.2773
-7.87648
-7.52337
-6.70576
-12.3087
-2.16274
10.8219
15.8106
10.3364
4.53561
5.07275
5.21058
-0.728981
-3.44501
2.17254
1.65316
2.14092
2.20604
-4.70115
0.479156
1.74356
2.00118
12.1692
9.24459
-10.847
-13.2849
-3.17473
11.7152
16.7563
-0.263976
-14.0326
-11.4709
-0.231455
5.10705
4.44529
1.49572
3.52932
5.48164
-0.633639
-1.35302
1.05767
3.86863
3.43229
3.56833
2.74491
7.04986
1.24114
-6.46457
-9.46424
-3.535
-3.90758
-4.8926
-9.48602
0.606161
12.6298
19.626
16.1697
-1.81396
-7.5951
-5.78997
-9.79975
-8.39034
3.38216
5.85958
3.82169
4.08364
0.80142
4.01399
2.86924
2.59233
10.735
6.87706
-8.78223
-7.30074
-3.19523
0.550176
-1.58348
-12.2258
-12.9131
-15.5275
-7.65827
-3.89602
-0.516106
-8.23534
-5.87377
-3.9699
3.17671
3.06533
-1.11502
-0.380319
1.42492
-0.732172
10.1137
9.01536
5.00264
-6.53172
-3.61643
6.50213
5.96313
2.80723
-6.75219
-2.02461
4.49804
7.34635
-0.438758
-12.1836
-18.1632
-12.0799
-6.59473
0.187876
0.27449
-0.498974
-1.008
-5.04865
-1.65519
5.53258
3.1162
2.43414
5.93818
-2.51871
-6.02762
-5.08907
4.67092
-1.56952
-4.27735
11.9622
14.0672
12.4351
17.0836
8.49908
10.5824
18.9326
7.27689
10.2988
5.42231
3.04959
-4.58891
-5.35123
-5.98104
-4.27652
7.68825
14.4991
2.15684
-6.19469
-2.21289
11.5843
7.7236
4.09749
1.14905
-2.86269
-1.61044
1.56144
-2.15124
0.838425
0.771066
12.6523
19.3763
16.8224
7.67784
1.87648
1.5985
-6.95242
-8.29625
-1.41715
-5.15225
1.07216
6.73835
-0.988754
-4.8349
4.70102
5.81388
-7.42371
-11.4283
5.34322
4.88947
3.47492
-8.72186
-18.1682
-16.3091
-14.0487
-13.6233
0.1628
2.05276
8.54211
0.230169
-6.81771
-6.54831
-7.18277
-7.66673
1.89151
-0.272562
-6.00046
4.3643
9.09228
9.43881
9.06431
1.34797
-14.0145
-11.6776
-8.52769
-9.84544
-1.78085
3.1063
6.75441
6.20433
3.50967
-5.12592
-3.40682
6.75974
9.9477
0.977536
-2.21327
-5.64005
-2.25759
4.69491
-3.0261
-4.37506
1.15269
-4.3831
-10.0267
8.4288
19.9338
19.7301
16.4488
8.57578
-12.0307
-14.3762
-23.1282
-24.1506
-15.6221
-8.04803
5.67145
4.36575
-2.29944
-7.99827
-4.48438
-6.86029
-8.89313
-7.90668
-6.21617
-1.4454
11.9914
18.8058
13.8265
-4.94254
-11.0644
-2.2417
0.0214439
2.75193
2.02205
-4.40037
-0.940412
2.63744
3.05631
-0.512753
-13.5923
-14.4843
-5.01663
-9.79774
-9.80968
-1.8313
-3.33537
9.57546
4.40884
-1.30235
-1.06458
0.716374
-11.3838
-13.462
-5.04836
-1.71925
8.12604
14.0489
11.4055
9.98876
7.60142
0.726818
1.76541
10.3423
6.40065
11.6598
-1.75815
3.36085
0.125195
-9.76785
-9.4676
-7.09637
-9.54894
-7.75453
9.66259
15.7767
2.3072
6.31773
12.2893
7.03422
-2.88067
-13.8312
-17.3363
-17.1154
-4.62719
-5.16246
6.63243
3.41409
5.56626
14.5064
-0.0791304
-4.57897
-3.77063
-3.88079
3.52024
8.4584
9.72424
0.724436
-1.92894
5.71614
0.0129083
-24.9682
-24.1739
-16.5146
-3.77829
5.37932
3.73597
3.37016
-2.48111
-1.28572
6.52604
10.7855
6.55177
8.72211
2.38139
8.75151
0.461884
-6.92401
-1.00783
1.08005
-3.55384
-7.34984
-6.83133
-4.27924
11.5968
13.8418
6.44919
6.42483
0.418674
1.56648
12.0137
16.7003
18.5542
17.45
0.661047
-11.2006
-5.61797
3.55115
18.9958
6.22453
2.81606
5.27499
0.657997
6.02332
12.548
4.95978
3.20612
-1.46994
-3.8525
-13.3774
-3.18352
-5.52163
-6.6894
-3.45068
1.18688
4.74176
3.8636
-1.35382
-0.0294201
0.175785
-6.61678
-14.0931
0.887418
8.49371
0.578521
-1.65341
12.7008
21.1039
12.2205
-10.1429
-27.3986
-9.84671
1.6479
13.134
8.80705
-7.64666
-12.3089
-7.88001
-11.7242
-15.0516
-14.1497
-3.4247
3.82561
-1.34576
-8.26088
-3.2832
8.06918
2.70138
-12.1195
-0.248941
3.40689
3.59627
3.5856
0.241796
9.80458
-0.5013
1.84628
10.7173
12.8945
8.34201
-0.736904
-8.94217
-7.79477
3.03234
0.854949
6.24971
4.17455
-9.79041
-14.4822
-18.7516
-8.85373
-1.94251
-4.10405
-8.97826
-0.773895
16.3877
9.08761
-0.286619
-12.764
-3.9213
13.9025
9.2173
-3.97149
-13.34
-5.01227
7.27897
4.10515
1.52618
5.73264
11.417
5.02513
18.8863
9.91937
-9.49037
1.72018
1.50392
-14.9764
-7.66076
-1.44721
-6.2898
-14.1796
-2.55917
11.525
4.71989
9.4934
7.71273
-8.63489
-10.3505
3.8485
1.1966
7.25479
8.23825
-0.460327
-3.6035
7.61028
-1.78081
-10.9845
-2.48985
2.28115
5.77756
6.48646
-6.37387
-22.2094
-6.32911
-0.233484
11.5315
0.564944
1.13679
5.0307
-2.46536
-12.6522
-12.0504
-18.9458
26.7291
16.0217
23.7251
0.172571
-18.7047
-13.3339
-1.70749
-1.12781
7.35732
5.84044
-1.03171
-13.7357
-13.1845
-0.444971
-11.5671
-11.0214
-2.77822
2.61922
5.38659
2.46869
-0.0422584
-1.9269
5.95845
-7.50179
10.408
-28.027
7.05566
-24.1457
-16.7701
-9.16357
3.67569
14.412
18.3332
14.262
-6.00562
0.757411
-7.02039
-19.8268
-10.9865
-10.6137
13.3833
6.35646
7.38048
3.57714
-12.3002
-2.76579
24.0189
10.1223
8.48597
-6.29712
23.0504
-12.7148
13.9409
-25.1667
-5.85064
-9.61189
-0.112488
9.95989
-1.73399
-10.2947
-3.94275
0.141158
-11.3966
-3.09316
-6.10222
-0.805016
5.58264
2.13746
-1.57554
5.6136
-8.16446
-16.5454
1.27843
-14.739
32.1702
-11.4884
14.9476
-2.06576
7.70018
12.1504
10.855
3.50748
0.0431683
8.12352
11.5699
-0.647607
0.594266
-7.41656
9.29884
-6.7286
-9.20365
0.826266
12.079
32.6458
21.4479
7.5329
-6.29846
-5.08409
-10.7003
-27.0681
1.49774
-19.8739
-6.1346
0.0228795
-9.51951
-1.28168
-3.59757
-6.86761
-2.64784
14.0612
-3.32592
8.55608
6.72787
-1.95471
4.93941
1.75566
-3.31737
10.558
12.3629
-13.651
-13.8039
-12.0196
-2.46968
-8.90807
9.80562
8.95348
10.7176
-1.29043
-12.4807
-9.28908
2.71613
11.3336
3.36773
-1.69078
0.159867
-11.1431
14.0387
-1.22459
-20.7921
-6.81418
38.1764
28.9597
-4.49864
-21.6011
-3.46867
4.53746
8.64284
5.84696
-3.81974
-18.8392
-10.6264
4.38034
7.97916
9.11694
2.58295
-9.03833
3.64884
22.3371
-7.20288
8.45733
10.968
-3.96022
-4.11092
0.839766
5.15345
5.15333
12.8784
17.3183
16.9736
3.00867
-2.42216
-2.26361
-0.816468
5.29622
-1.87209
-8.95032
-21.353
-7.8159
8.84945
0.74281
-6.90039
-6.21796
-5.45213
-12.3436
15.7202
7.49716
-14.2914
-12.7372
15.8752
8.53456
-9.0726
-19.247
-19.4382
-8.1936
2.2635
-0.642312
-10.0369
-3.45237
4.96049
14.4219
-0.0909739
1.16984
-5.50983
-12.7669
9.30012
20.8825
-6.00866
5.39606
14.6307
-3.3562
-14.8873
-2.79053
13.3226
17.4907
9.86806
-3.28047
-8.14119
-13.4162
-10.8764
-10.5538
-2.7589
1.54857
-2.99167
-8.82533
-17.5724
-0.401319
8.20431
4.06244
10.3768
0.771759
-6.47119
-7.4428
11.2451
18.1388
-7.61115
-13.0006
-4.13227
3.59667
3.60566
-4.40082
-5.6604
0.446279
9.66131
16.4208
22.452
28.1759
26.0321
8.10865
-12.8219
-9.94988
-0.150788
6.29814
10.1975
15.634
-2.13043
-3.49061
9.00505
-0.594292
-13.9075
-10.9419
3.14972
11.2685
11.3456
8.35722
6.49043
0.817134
-5.88738
-1.29079
7.74005
10.8104
3.22449
-10.2499
-12.81
3.63925
4.06308
6.36032
8.37353
2.31107
-2.9462
-10.2248
5.66085
19.3567
4.70566
-6.50064
0.296352
2.18817
-3.78935
-5.49359
-12.3262
-16.2004
-12.3783
-9.21171
-6.44342
-4.00258
0.070321
-8.17164
-8.6042
3.10122
5.63899
4.76646
-2.84919
4.9876
2.25285
-2.85102
7.16032
6.42143
0.104005
-2.70544
-4.81121
-1.30883
3.06385
6.4148
7.51884
3.44771
8.47424
11.9474
11.7332
9.65512
1.52557
-10.7388
-14.6834
1.54149
-3.59874
2.6643
7.52668
-0.623634
0.0689824
-5.30008
3.51805
8.2755
13.5701
-4.60146
-2.37161
7.93177
2.70036
0.613367
-0.183366
-3.11247
-7.25026
-9.40385
-6.76488
-1.19162
4.69263
3.63891
-3.73197
6.11142
4.56923
-5.42876
-2.58308
-0.703021
-0.527877
-6.21461
-2.02291
4.26516
3.29901
-0.437318
-1.14084
-1.23506
1.28002
2.42029
-0.558301
-0.881748
2.37468
7.9565
12.3637
5.71043
-5.27487
-11.5441
-0.940351
-1.33631
-3.56088
4.25458
6.84913
-0.868262
-1.41813
-3.18405
2.47209
-3.56018
7.05582
2.64678
-12.225
3.54037
7.82642
-1.61975
-2.48556
-1.01432
3.39081
6.99865
12.1617
14.8202
16.0858
6.66183
0.0978716
9.85601
-5.31764
-21.6197
-1.80729
-6.40705
4.53144
-7.28462
-9.15912
-0.678479
-0.615249
-3.02397
-3.08301
-6.35241
-10.7299
-8.41485
-9.9862
-10.5906
-1.18891
14.3755
15.1283
1.66157
-6.29823
-5.07374
-2.62281
-2.1543
-4.09053
1.5018
2.66481
-0.482315
1.96654
-2.55673
6.33102
-4.56677
-9.56312
4.294
-2.28322
-5.84174
4.34937
6.82148
5.22318
0.539449
-4.49626
-5.90586
-3.21962
2.94324
10.6633
6.82871
1.50842
-1.61749
-18.0589
-19.4841
-8.07865
-5.36527
3.79589
-1.74632
-3.13897
0.963357
1.90963
3.54692
0.536851
-6.13862
-7.07572
-9.68612
-3.85906
4.50008
10.5756
15.0122
9.6136
2.91445
-4.80744
0.636214
-1.49047
-3.26454
-0.247587
-4.3391
-2.97545
-0.376303
3.53792
-0.71578
1.10947
4.34052
-11.2378
-4.25508
5.89787
6.2979
0.759868
1.3747
0.487616
-3.44232
-10.588
-8.30927
-6.25296
-1.37571
5.66688
3.88975
-0.163212
-6.03067
-10.1761
-10.872
-5.64609
-4.56783
13.9346
9.93829
-7.05605
-0.665017
4.46657
7.25893
1.64907
-1.02201
-4.69518
-5.33513
-1.97077
0.36947
2.3117
7.35895
11.4275
1.14986
0.902301
2.93467
-1.18566
-1.48846
-3.13469
-3.49551
0.574465
1.45548
4.92805
3.01652
0.701479
5.99687
-1.79296
-8.57412
1.75114
9.76887
10.061
0.609525
-4.79832
-5.99068
-9.8869
-9.55443
-6.46234
-2.38334
7.50058
10.4253
5.58126
-6.28006
-6.4251
-0.269297
6.32569
6.84182
11.1399
14.246
9.82063
-1.69182
8.52166
8.47242
6.51519
-3.98235
-9.48773
-10.3618
-9.55005
-3.96529
4.04584
12.0551
6.87735
3.16299
4.19546
-0.000642948
1.70357
-0.0191804
-8.64164
-15.2729
-0.883563
7.58529
3.67047
1.31199
-1.1458
8.64061
7.59313
0.486134
-5.94264
-0.491589
10.2915
10.5453
-4.08031
-10.8104
-14.1845
-13.7479
-7.39307
4.75736
12.3482
12.0919
10.2789
2.2449
1.17512
-1.32637
14.6402
4.07277
0.633347
14.7136
9.78219
14.6324
11.5595
13.722
2.9809
-6.58893
-10.4577
-8.86157
-0.96265
4.74434
4.67002
-2.13299
4.28363
13.0677
-3.70195
0.414605
7.91032
7.76176
-7.0001
-28.3362
2.46618
15.5051
3.73686
3.19899
-4.78326
2.14237
12.7489
1.44698
-6.19003
-10.5504
-0.325288
0.913974
-6.26312
-6.19781
-8.78462
-7.87348
-8.49583
-4.17979
2.59169
5.83424
7.22947
-5.03036
-2.98156
-3.23529
-0.542927
6.40816
-2.2935
6.89405
3.08376
2.639
3.63069
2.93268
1.403
-2.02087
-8.77628
-9.50643
-5.01817
0.924105
-1.84333
1.4578
11.2301
-3.65212
-5.147
6.47033
13.2275
6.77717
-5.76996
-11.971
9.1667
19.0787
19.2299
9.65498
-2.54322
-3.02231
3.90702
-0.436781
-9.70434
1.10689
1.53787
1.75074
0.129023
-3.61876
-3.65585
-3.84659
2.04031
4.18833
8.15186
13.9437
4.29679
-7.71179
-12.42
-9.66473
10.5329
6.37865
-7.76758
4.61521
-3.64794
-8.64117
-6.38191
-7.79603
-9.34612
-11.3774
-6.41346
-8.48686
-5.54296
-4.41222
-6.91194
-5.31092
-0.101554
-13.4643
6.16072
7.40046
8.41925
2.04559
-8.6682
-0.521136
-2.0131
-0.590192
12.8974
1.8994
-3.92515
-1.54876
-2.65957
-2.18677
-5.85759
-8.16508
15.082
22.7714
8.14547
2.79158
-1.09179
-4.4515
-1.44436
-0.634035
7.96284
9.82069
4.31675
-6.66077
-17.6741
0.122564
18.06
3.17932
-9.1941
-4.55601
-1.62708
-1.50066
-0.649976
-1.46072
-3.78786
-5.20024
-2.06179
-5.78694
-2.72744
-4.84685
-5.53266
3.24376
-2.35518
-9.65218
6.66062
-3.99351
-7.82254
0.510417
-8.63634
-11.2047
-1.13736
0.180684
8.73548
-4.09458
-2.30935
0.87257
-2.20476
-16.0185
-12.5778
-11.2718
2.06056
12.4902
12.1606
7.77924
6.93716
1.56463
-2.64309
1.25649
0.669648
-1.58658
-8.86636
-9.10288
-1.58661
10.5413
12.2056
2.24035
-3.96399
-0.159172
-7.66695
1.65138
5.21339
3.96038
2.56376
5.26024
13.0295
12.5036
2.83773
-11.2259
-2.01635
11.2404
2.41306
-4.53092
-2.96463
-9.15522
-4.28764
11.1084
3.38878
0.372724
0.950366
6.7898
6.47937
-0.203699
-5.95131
5.03576
24.7844
13.0778
-3.87296
0.103624
-6.76374
-0.411889
0.792279
-2.70794
-3.71999
-10.3238
-14.6753
-11.1557
-13.509
-11.6279
-5.32406
-3.08138
0.278339
9.83078
9.97412
-5.38163
-5.73587
2.96214
-7.22824
-6.21411
-2.00127
4.16454
2.34117
5.92807
9.31358
8.57172
-5.89855
-12.607
2.29696
8.89382
-0.328957
6.6862
-1.60216
-14.7226
-13.6498
-6.69818
-5.63575
2.3497
7.17927
-1.10008
-4.21471
-0.782152
-6.95435
-0.0383028
-18.8956
-27.2532
-10.7881
8.15752
-3.86511
-3.26966
4.75113
-3.24122
-4.86691
-2.37539
-4.66187
-2.16013
-4.35875
-4.90152
-0.669977
-3.5915
4.10717
12.6404
2.50846
-12.4479
-8.85664
2.05514
-1.04415
-12.4956
-9.53796
-0.327198
7.0523
5.40256
10.5364
3.74627
-9.09672
-5.87448
4.21439
-2.3769
-1.74553
2.57635
15.9224
10.5096
5.52295
4.7638
-2.99383
-7.3754
7.50046
2.44638
-1.03925
9.7469
9.84196
8.14615
-2.30793
-12.4038
4.03877
5.60762
6.87202
-8.08143
1.27594
-2.16019
-1.11957
-1.20138
1.04173
1.25802
1.31128
3.83564
2.39516
-3.25562
5.33139
8.68379
-3.38717
-12.4319
-11.699
-1.46526
-1.02874
-12.3476
-10.2068
-5.44558
1.57435
4.85386
8.10214
-5.87715
-8.90622
-0.594994
-1.49074
-3.17015
-10.1179
-3.43916
18.0144
22.5324
5.54355
-17.2331
-11.5456
-8.55753
3.99349
19.5843
19.9088
8.59671
-1.51104
-11.6288
-13.2653
6.55007
0.67556
2.56126
8.80978
1.22321
-0.418837
2.46649
-3.54653
2.52073
5.08109
4.53518
7.71929
3.7134
-0.304479
-3.61521
3.69247
3.92269
-1.61263
-12.6108
-12.4238
-6.3982
2.37805
-10.8111
-11.6618
-6.46025
1.04003
8.83718
11.57
-1.22547
1.10476
-1.13066
3.63653
-0.686733
-10.0629
-10.5737
-6.40652
-1.98636
-5.70076
-17.7654
-16.0756
-13.8367
4.90058
17.5724
4.46587
-6.72855
-7.86952
-6.62738
-0.96358
4.27288
5.80286
2.70716
6.34158
1.65583
-4.40035
-3.63951
0.158903
-6.75512
2.68996
6.16069
4.5562
1.56449
1.66931
2.8158
3.73711
1.1033
-4.69486
-9.41908
-3.07044
-10.39
4.60341
-4.66997
-7.68046
-3.36634
2.29012
8.27823
2.27653
5.59823
-0.994755
-4.10555
4.00826
-2.99177
-4.83254
-8.88689
-13.0007
-7.54346
-2.25145
-2.38166
-5.63163
-5.73308
6.96475
0.62983
-8.50728
-6.50973
2.62889
-0.531629
2.21193
4.76719
5.46513
7.21025
1.18592
-0.913379
-2.54541
-11.2916
-3.04071
-7.97196
-11.3679
-1.6722
2.59011
1.34035
-0.17061
1.96688
7.83245
-1.34181
-0.00975431
-6.71965
4.01089
-7.95256
6.40335
-3.73401
-7.2721
-5.10167
-0.310654
-1.60036
2.78149
2.35379
-1.75885
11.3888
7.79537
-3.3174
1.7311
-5.73979
-5.50472
1.37946
7.60614
6.7263
4.342
3.17563
1.60586
0.713905
-3.95232
3.81753
11.6045
0.0152395
1.41613
2.94293
1.08695
6.09719
0.10169
-1.59839
1.17356
-10.2316
-7.2005
-7.83314
-10.6495
-3.62607
5.77011
2.48484
-1.35995
0.0592647
8.4762
0.873807
6.78366
-4.45407
8.91163
-1.31197
2.68229
-2.03586
-5.51736
-0.40066
-2.84939
-1.92328
-2.50817
-12.9087
0.828401
21.7634
9.19147
0.919028
-0.0443358
-5.66233
0.24127
2.76122
-3.67955
-0.976248
2.01508
-2.86951
-1.63153
-2.26294
-12.2833
-7.43211
2.76148
-1.96023
2.9776
-1.15904
3.59054
9.53182
0.0202774
-7.57472
-4.41758
-1.86645
-8.32793
-1.56276
2.53037
-0.196445
6.07949
2.39749
-3.76398
-6.85205
4.02094
-4.16302
13.0155
-1.47182
9.82411
9.11087
6.66764
3.52451
-3.98321
2.52415
-2.52207
-5.49313
-22.3071
-17.8103
9.71941
8.45651
3.99903
-3.82541
-1.49508
-5.37833
4.37136
5.14052
0.866516
-0.670783
1.40888
16.6166
12.2374
6.43509
-12.7932
-17.7235
5.68133
4.94582
9.96053
6.35395
5.74239
9.20321
-0.520378
-11.0729
-11.5723
5.62482
9.8232
8.16544
6.8158
1.30056
4.3182
4.03831
-4.7536
-2.28267
4.01752
-9.48354
4.53905
-14.9976
3.28872
4.41026
5.27477
10.6585
-0.373017
3.74596
1.42256
-3.36675
-22.7797
-17.1205
11.7668
12.2509
5.11651
3.23733
6.59279
4.42025
1.46954
-0.260012
-1.34956
1.36807
2.95912
4.80479
6.91696
1.2872
-13.7351
-9.76957
-6.67266
-8.64691
1.51529
13.0041
10.0955
-4.13467
-19.2003
-19.6911
-17.2348
4.82857
22.3867
14.395
15.4084
6.88789
6.18728
3.96649
-4.68717
0.314808
2.47829
3.01698
10.2898
-13.4654
-6.85924
0.226683
7.41888
10.3089
5.69054
8.91404
2.6317
-0.0260562
-9.22436
-5.70955
15.1937
-2.43629
-12.6111
-2.59706
3.64814
6.03857
4.24853
7.69677
-1.33423
2.57888
-4.58708
-3.98392
9.74101
7.2347
-7.12522
1.48192
8.16156
2.92918
0.0319665
6.64401
5.16155
-1.50888
-9.01119
2.40941
-1.98679
-2.36151
0.194312
-1.47944
6.04843
8.68574
4.22758
-4.30302
-7.47366
3.74337
1.15838
15.2382
0.194327
-8.21028
-7.42691
-1.592
9.8705
7.15097
9.66014
6.12988
4.3379
7.59685
-0.964374
-0.556054
17.5034
9.61422
-3.4164
-5.2652
-7.18413
-8.8843
-16.4232
-10.5943
-13.1608
1.31485
-8.92514
-10.0939
-10.235
-3.16307
-17.4334
1.34932
10.5398
18.8479
10.6693
11.1978
0.363643
-6.27606
-5.74126
16.633
16.8733
-4.98416
-17.3426
-14.3622
2.31607
3.6341
-2.399
-8.81311
-2.15344
3.20187
2.77184
27.6364
-1.47348
6.55876
-2.87396
6.2813
5.70508
-1.99105
7.18976
3.98427
4.22893
9.31334
11.9858
10.4775
18.3315
12.1641
7.68768
3.17885
1.02788
2.82837
4.3969
12.2745
22.1317
28.1685
7.10424
2.96045
1.64081
6.79516
-21.95
-16.1075
-5.68245
2.28346
-1.44187
1.66298
-3.9058
-7.03696
-6.61627
7.29452
7.312
-9.39999
-20.6811
-17.7288
-0.807835
-1.53945
-8.25608
-10.2642
4.08396
-1.78348
1.40991
21.5239
4.53397
18.8529
-14.7059
4.92117
-8.33394
-13.042
-1.11907
7.82776
1.33647
1.63381
12.4075
10.5401
7.72718
-0.985843
-10.7067
-4.41982
0.73193
-0.828909
-2.96438
-12.1365
-2.37299
11.0313
-0.979485
-7.23977
-10.0046
-7.87354
-7.77948
1.38304
9.12597
9.263
5.75024
-1.39176
1.10777
-0.614288
8.62752
5.09453
2.23286
-7.6079
-8.93857
-4.14353
2.18517
-1.37692
-10.6133
-8.7773
8.04847
-8.68565
-7.96059
-14.6721
1.02401
11.9705
-19.8223
1.27456
-1.39184
-12.3632
-7.92813
10.3274
-2.80879
-12.0411
3.30738
7.14372
-5.81386
-23.9234
-39.4617
-23.6794
0.0817667
14.8223
13.1292
2.99826
-8.04352
-9.19497
-1.5161
1.43529
0.970528
-7.59107
-11.46
-5.57576
-7.3568
-4.43394
8.85534
2.43325
8.34451
15.024
17.7096
4.87879
3.18912
5.88938
5.36921
4.51199
3.36254
5.99111
-7.00589
-0.285356
3.50783
-13.4869
-11.6252
-24.1199
-12.5575
-2.25861
-10.6829
6.51636
9.9727
1.28778
-15.3595
0.482078
-3.09315
-13.3245
-2.55339
6.38553
-9.34456
-20.7402
-11.9241
3.76616
14.2249
18.5431
11.0953
1.31091
-10.9575
-10.7082
1.36199
10.8564
7.6509
-1.73205
-5.19125
-4.83806
-5.50832
-2.10446
3.71928
6.83432
5.89901
0.963111
-2.35761
-10.6924
-10.7762
-1.73839
11.4409
9.45631
13.0055
3.72501
-4.72362
4.02909
-6.92961
-6.82433
-8.36607
8.28604
-12.8927
-19.8583
3.16655
13.4486
-1.39272
7.57586
-8.31841
-9.98067
3.42142
-10.3992
-8.67229
2.93169
-0.904293
1.97561
8.90133
11.6286
8.20472
4.6907
6.46362
3.046
-2.45016
-5.12439
-9.42447
-5.53557
-6.01134
-4.37081
-8.48315
-2.36753
4.61399
4.94497
0.751231
-0.65801
-3.27947
-8.13444
-10.884
-16.5947
-16.2149
-9.84347
-1.07896
14.3176
18.3975
6.02198
1.77819
4.62969
-8.16728
-4.87552
7.96765
26.2153
12.1916
-15.0646
15.0543
8.57632
-10.9638
-5.46991
3.67449
-12.986
1.48835
-2.36024
-12.7411
-4.15624
2.7749
11.5639
8.48159
1.24042
0.870668
3.54284
0.379456
-0.36102
-7.53274
-11.2477
-9.21179
-2.57776
12.8548
15.191
14.7839
15.8007
13.009
4.38022
-4.41669
-6.17999
-8.26885
-7.1168
-9.37428
-10.7969
-15.3921
-14.2586
-2.12468
13.7022
17.3767
7.31586
4.27834
0.0220419
-4.2988
-9.45415
10.7963
7.17534
23.4685
4.08
11.6474
-3.34256
-8.40884
-11.6092
5.57168
5.37846
2.66568
1.72407
-9.02948
-10.2816
-0.0742846
6.87648
9.63477
3.24545
1.3704
1.56233
-2.69125
-6.46754
-11.5118
-11.5567
-7.70524
-3.27544
0.55879
-0.190025
0.273031
-1.33683
-0.934503
-4.23416
-3.18671
1.1033
3.06192
1.82597
-7.06448
-11.5304
-11.6613
-14.3657
-4.20765
10.5036
11.7097
2.66067
5.13071
-2.96694
-12.2216
3.41061
-8.76246
-17.6079
-2.34759
1.24321
-3.62774
-6.41105
-5.90207
11.4605
4.34868
18.4559
8.10482
-3.36516
-5.01754
-20.1736
-10.6426
-0.426094
6.11031
4.30464
3.41662
-2.20388
-8.09357
-6.30071
-5.30334
-7.91236
-3.37919
3.08311
3.03294
-0.965239
5.85185
8.72983
7.54077
9.35643
12.9905
8.08893
7.28561
3.0573
-2.73983
-10.0288
-12.4487
-5.37129
3.09805
4.37014
6.89236
3.93016
-0.3499
-8.06526
-0.95988
15.7122
-15.9039
-7.3349
-12.8432
-4.86291
-11.4296
1.08248
-4.93744
8.7734
-0.45573
3.79227
-1.6861
-6.14408
6.72334
-9.51946
-11.4383
-4.06414
0.839968
4.89809
3.34705
2.39051
-1.79969
-1.51693
-1.0558
-2.10869
-0.430277
1.95552
2.87826
3.85785
3.42925
6.39776
7.56558
4.03524
3.12744
4.2128
7.11013
5.8957
1.56788
-1.72471
-4.97542
-3.38603
-2.88775
4.86213
2.59472
6.98786
1.91306
-2.91052
4.81529
7.52684
-3.14581
10.2025
-14.5658
9.86516
-4.71916
0.912804
15.6167
-6.99387
-1.74467
-3.87658
-1.35805
-5.76468
22.1763
12.7665
-3.24209
-12.6064
-6.27462
-0.622168
1.16613
1.43681
0.0137685
-0.227338
-3.94852
-4.72022
-8.72127
-4.09219
-0.734146
-4.0974
-11.9053
-7.28988
-1.93227
-2.26293
-8.7094
-5.35428
3.89423
7.08834
5.77264
3.68504
5.59073
-0.781765
-2.78778
3.95815
3.83033
13.591
10.3136
4.58214
-4.6722
-9.79005
3.53627
15.5798
-6.6261
8.25703
0.243294
7.45842
17.3558
-14.3227
-1.44835
10.0141
4.69857
-9.24942
20.4653
22.4347
7.63968
-9.87943
-10.6235
-4.26339
-2.53831
2.64395
6.66432
3.4813
4.71633
4.60048
-1.94265
-8.69377
-9.70727
-12.3374
-7.90597
-11.5598
-13.1391
-8.08029
-12.2273
-9.25123
1.92868
5.23572
8.9304
9.0739
3.6166
-4.09795
-8.7648
-8.35595
3.06821
13.8565
12.0973
4.58588
-20.3973
-2.35617
-1.40903
5.39464
-4.80541
6.96858
12.863
-8.70854
3.28128
1.6011
0.666287
2.76077
2.81681
-8.65991
7.4686
12.995
8.18744
-5.01255
-17.9006
-14.8781
-6.04124
1.71905
4.71503
11.4361
8.01153
8.83093
8.00677
5.58478
7.81874
1.22775
2.78665
-9.70277
-7.82182
-2.15682
-9.09791
-6.21899
-0.720116
-1.53236
3.78194
3.84873
-4.79835
-6.90277
-12.2941
-7.47511
-2.42692
9.41818
7.76626
1.10167
-25.4213
16.1076
0.233719
3.67095
-7.85455
3.68608
19.3563
-29.5274
-4.94082
-5.00251
-1.23615
-19.9636
-2.30885
-11.1422
0.289011
3.04569
2.71514
0.180983
-9.13801
-11.6791
-13.3126
-3.01622
6.12071
13.0607
17.7093
16.0262
20.5989
21.632
17.5705
9.43557
7.0131
7.18988
4.93511
-4.46707
-7.39124
-7.5104
-4.20134
-4.53059
-0.923098
-5.19221
-6.14124
-10.0407
-7.44116
-7.53805
-9.29197
3.69723
10.6696
1.74608
-11.8569
22.6077
-7.08508
1.54967
17.0278
-4.94267
3.85938
0.707024
-6.74641
0.860073
3.83383
-11.5993
-6.14927
-21.4872
-2.35871
3.71041
-5.75958
1.95032
-7.65952
-6.44867
-8.39965
-1.68396
0.986613
11.4853
13.9347
19.9834
21.3519
13.3498
8.91704
-0.22237
0.522241
2.25944
2.74682
-4.30602
-0.644921
3.25874
2.79134
-2.0433
-7.52805
-10.0255
-4.38556
-2.92636
-1.75805
-16.2173
-12.2245
3.70044
11.2216
5.55427
-6.92648
15.0754
-19.8135
-1.23164
8.40174
3.70232
-9.77983
14.7744
-2.68149
3.04689
11.7968
5.3937
-1.9614
-14.537
-3.00263
5.54637
-1.87867
-4.22052
-6.03821
-6.36169
-1.64817
7.18268
3.539
5.30355
5.11842
8.71482
5.93941
-0.363978
-0.510656
-8.19909
-17.4172
-16.9309
-7.43435
0.436069
1.53304
5.66879
-0.726896
-0.797821
0.421045
3.28976
11.8151
7.2614
-8.62332
-14.9776
-6.16022
0.0775754
4.05989
12.0158
-12.396
7.7955
-5.76922
6.75195
-4.16644
-1.18677
-11.6934
2.84751
2.8801
2.28892
10.0777
-3.68781
5.23886
0.946114
8.80194
11.4389
2.36135
3.37004
-4.63629
-3.38792
-5.40978
5.21276
12.7447
14.505
0.0157643
1.04207
-5.09425
-13.5402
-12.0221
-16.6642
-28.6168
-23.8328
-8.90867
-1.87504
4.8892
5.5726
4.56327
7.83294
13.3493
20.9141
18.6789
11.0617
0.86212
-4.39512
-3.99922
-8.64845
-1.98289
4.31044
-24.8208
15.9444
-2.53223
2.70848
-0.884546
-5.41393
-10.8546
-4.63577
2.74206
-0.510758
1.68936
-4.20586
7.85418
8.05071
11.6499
10.9434
5.38838
2.08686
-0.0732957
-3.57607
-4.12929
-1.09971
3.00164
8.49901
5.28104
5.01692
2.07557
-2.71252
-1.22213
-1.49003
-5.35378
-6.10426
1.19619
4.62525
9.41582
6.90173
7.15392
8.44506
13.4672
13.6495
10.7045
5.77946
1.14201
-2.22067
-5.45505
-7.95637
-6.64912
-4.38173
-10.9511
19.3292
1.55465
-6.02907
-7.83277
-7.95148
