-2.73152
0.498513
4.58019
0.838595
-5.03071
-3.97612
0.774978
0.959341
-4.14858
-0.691092
2.04017
1.7709
1.50976
-2.2502
-2.58837
0.137681
-3.64786
0.443973
3.86702
3.63524
8.31492
10.1847
6.6147
7.06281
5.71314
0.790569
3.58736
0.448643
0.58381
1.35096
-0.214802
-3.94526
-1.51118
-3.47619
0.852733
1.92391
10.9202
5.25631
1.7533
-0.517959
-1.53928
3.69468
3.64227
11.5198
5.45635
0.626091
0.0313415
-2.47208
-4.82648
-1.01266
1.31582
-5.56136
-7.00504
1.15065
3.17305
2.62872
-4.81486
-0.255321
3.02396
3.25028
0.52863
-2.84566
-7.40241
-5.15737
-6.95805
-0.332652
3.74601
-0.0735547
3.47556
8.28021
5.66771
3.61035
2.94902
-1.63433
-0.64153
1.32314
2.03605
-0.0627037
-0.275615
-5.47873
-2.42879
-1.3337
2.82513
8.4844
15.2792
7.16081
-9.62009
-8.21732
-11.873
-2.87261
-4.12628
9.7547
6.87215
3.59528
-2.63185
-3.83044
-2.37737
3.84246
-0.978489
-4.26813
-3.86839
2.56188
3.81095
2.08903
2.86975
6.1639
3.10122
5.69173
-7.98095
-10.8256
-10.2498
-4.14887
-1.60786
2.88453
2.35571
-3.53697
-8.58668
1.00925
3.39873
-3.97062
-2.60231
-1.79546
-3.43536
-2.57171
1.48591
3.81084
0.303628
-7.69331
-9.41726
-2.78019
-1.08113
9.52934
12.3773
14.704
-5.76003
-12.4003
-7.5264
-9.63902
-4.91119
8.8908
1.38932
2.21378
-6.22601
-4.69163
-0.334312
3.0282
0.667082
2.15852
-3.55933
-2.63746
-0.98899
4.9803
12.3184
13.0351
10.8348
2.01228
0.0143303
-2.59154
-0.341088
4.99694
1.05022
3.40924
-0.0200091
-6.69021
-14.016
-0.442085
-0.233774
-3.64878
3.36197
1.19132
-0.868719
-0.332291
1.09927
2.55272
-3.30753
-8.57069
-6.71676
-3.05151
-2.94355
1.1207
6.87901
11.7855
-0.0176488
-3.80637
-4.1037
-8.11461
-4.96175
3.75702
3.83855
0.0622879
-8.11908
-5.45025
1.21687
9.54395
6.19762
-1.20801
-4.91094
1.01753
6.62566
4.72828
1.02341
-0.860608
-6.0602
-4.02384
-4.02216
0.583851
8.51901
3.27466
3.75212
6.56612
-0.346862
-1.97815
-4.67912
-2.67538
-1.62244
-4.00778
5.30883
8.32857
2.69999
1.49759
0.10938
0.616306
0.0452659
-5.78922
-6.48631
1.03503
0.540671
-7.54852
-10.9881
1.4188
-7.28478
-4.70275
-0.506253
-1.34462
-1.18287
-0.108265
3.49876
4.13231
-7.23841
-6.97704
2.5965
5.96255
2.74712
-7.49045
-7.15791
2.62323
3.3286
-5.34719
-8.33304
-1.8019
-1.58537
0.154642
0.634421
7.32108
4.84139
-5.15319
-2.56067
1.73448
-2.82446
3.52069
-10.2292
-4.75489
1.62058
6.57319
1.46207
1.20969
-2.68533
2.75836
10.1749
3.14337
-0.0209061
0.680838
6.00579
9.93575
8.28832
2.63834
-0.33354
4.53853
6.18446
1.43674
-1.21411
1.82687
5.3804
2.42445
4.41296
5.87764
-0.1188
-6.76864
5.27877
0.996615
-7.50843
-8.16871
-2.94679
-2.38946
-6.93732
-8.38873
-2.79958
2.22046
5.19799
1.03085
-1.41137
-0.416862
-0.892496
-2.38258
-4.56308
-1.74148
0.799855
2.67005
-4.06095
-0.754827
5.72169
2.57621
-5.81465
-11.6036
-7.07057
0.127337
6.42045
6.32962
6.61124
-6.75514
-10.0994
-7.87338
-0.832651
1.35209
2.92286
-4.70805
-8.98023
-7.46462
-0.449954
1.31666
2.00088
3.92676
1.65019
2.76398
5.14148
-0.532514
-1.42589
-6.0306
-4.51878
8.45599
4.59674
-3.25706
-4.19664
3.79437
8.54599
4.12991
3.22991
-1.11215
-2.18506
11.1678
8.31137
-1.18268
-6.57605
-3.07185
3.46838
9.53473
4.6254
-3.54884
3.97077
7.2503
-8.9864
-13.1434
-4.0786
0.200059
6.12176
13.2505
10.806
-6.14891
-6.80221
-2.97781
-4.41471
-3.30134
-2.05093
-0.875864
-6.45317
-2.70555
11.2492
7.44595
4.48468
0.0716158
-2.07601
-6.93715
-3.12937
2.73427
-2.27839
2.71909
3.38449
11.9271
-1.09573
-2.33223
-4.76791
-1.71935
-1.74071
-2.65375
-2.44076
-6.155
-7.72246
-3.46753
-3.29809
-2.4293
-5.15852
-7.93028
5.17292
6.51378
3.39028
1.2507
7.04329
9.00396
-4.79744
-5.33706
-1.33813
-5.71996
-2.15511
-6.35184
8.8795
5.25352
1.59218
6.43305
7.42265
11.8032
11.5922
10.7605
1.28079
-1.85134
-1.89434
0.341287
2.62638
-10.4793
-5.39618
-4.01405
-8.07218
2.11935
-3.31892
3.52932
7.8768
-2.2494
-9.23634
-6.60162
0.820899
4.12209
5.04761
8.18101
7.06125
3.57683
2.65509
0.442468
0.805807
-1.40262
1.66305
7.08037
4.32045
0.740068
3.6944
0.661849
-0.291172
-2.50446
-4.19622
-2.57294
-3.49983
-9.23269
-5.51645
3.33153
1.46184
1.34888
-1.21298
-6.08961
-0.931841
-2.41278
0.309708
-6.06543
-11.5673
-9.06786
-0.245431
-15.3545
-10.1518
-14.2832
-11.0871
-4.23036
-6.80267
-1.11021
10.4517
5.59305
-6.00798
5.32343
2.67058
4.3123
14.7707
4.97458
-14.5439
-8.98272
-5.06782
-1.16584
0.261125
-2.38612
-5.25727
-3.09553
-3.33722
6.42126
6.94046
-1.20287
0.591878
1.97686
-2.5004
-2.05243
-3.48166
0.285815
0.0996109
-2.19804
7.96835
2.64086
1.71374
-2.4297
-3.65769
1.65482
4.7721
5.38985
9.91222
6.9581
3.82794
1.48751
1.04688
8.63524
10.2513
6.2511
-4.28979
4.09403
6.89734
-0.0475272
15.5882
-3.55815
-0.808888
7.66561
1.78314
-3.74494
-4.9709
-2.40587
0.117553
11.0235
18.3305
14.1664
5.54516
-6.56314
-9.7775
-9.05197
-4.52197
4.82056
-3.81815
6.00485
-0.784833
-3.8538
3.2832
-4.55193
-5.23122
-5.7867
-2.45354
-0.999469
0.828037
-0.196778
-1.60285
-1.39
-6.78108
-9.89886
-9.71308
-4.10453
-2.03313
-0.333484
-3.75841
-9.34867
-8.6127
3.26046
9.98944
8.98568
3.27459
14.0011
20.2254
10.4146
-8.10667
-25.6483
-3.29818
7.81757
-19.4492
-11.2847
10.7958
3.85168
-9.54925
-8.69343
0.220448
3.05457
-3.94057
-6.68786
-2.45871
-3.38158
3.833
6.65586
2.75989
-10.4541
8.15645
11.0834
14.0597
2.74266
2.95021
-2.22242
-8.29217
-7.90988
-6.73151
-9.84084
-5.13026
-0.515521
-0.984719
0.819708
2.67412
1.99108
1.54412
-1.84551
-0.604852
-4.06316
7.31055
2.29017
-4.61015
7.11299
0.608099
-2.03692
-1.85906
3.38176
-16.9808
-18.3085
8.98707
3.41159
-20.0804
-13.054
2.78755
13.5127
5.95999
-5.06518
2.96517
0.473449
-8.69611
-12.4914
-13.0663
1.49396
13.1242
7.15217
12.3219
-6.38076
5.90583
-1.39357
4.51208
3.3418
-10.4376
-3.59741
2.72555
0.0504231
-0.344681
-4.9912
4.03712
11.8067
12.7784
6.78883
1.30737
3.43163
4.54267
2.77431
-0.629705
-8.63272
-4.48148
1.04611
0.632141
-4.0522
-4.58892
-5.26569
-6.20885
1.61956
-4.97551
4.63936
13.628
-7.43485
-17.6934
-2.26573
14.6192
0.899708
-2.22731
-7.83537
-5.95754
2.48426
-3.85123
11.8141
-1.88319
-17.1374
-3.64941
11.0987
4.76834
4.78042
6.68873
1.11372
2.33032
13.0681
8.12264
0.115303
4.12674
10.5925
3.68553
-4.16567
16.3706
2.64065
-4.99771
-2.00848
-11.817
4.32118
-2.75845
12.1749
-4.50958
-4.86533
-9.0446
-12.9323
1.82423
2.5743
2.88981
-1.68183
-2.68515
2.56443
8.15076
10.6465
9.94119
-2.99641
1.4499
4.76721
15.2748
6.10398
-5.17074
-8.1066
2.35873
25.1664
-12.9817
-9.44244
-2.37765
18.2486
2.06897
-6.29666
-11.7776
-1.4504
-2.53696
-12.2481
-2.26344
9.82558
3.44146
-11.4894
-1.08293
10.0745
-10.9542
-0.365166
6.32697
-2.72628
-13.7389
-2.90509
13.8311
9.03494
9.94531
-3.99297
2.3654
5.66975
-0.776781
4.02494
-0.897476
4.33871
8.90314
3.21117
-8.70383
-1.77986
-3.45065
12.6275
2.04488
-1.10332
5.89965
6.69792
2.55692
-10.4203
-3.59321
-6.97889
2.21183
-3.47987
-1.90285
-14.5153
-11.3328
5.71705
14.0478
-0.747877
-0.835395
0.963313
-2.56908
-9.71415
-7.8726
-5.40749
-3.91207
-4.90463
-9.43532
7.57399
-11.6047
-6.50879
5.46885
-5.2266
-9.24752
-1.31342
10.7246
-16.4879
1.34921
-2.73479
-11.5534
-5.81686
-7.38274
1.96214
2.65534
3.5179
5.27486
3.80969
-1.78732
2.30735
0.549484
8.82159
-2.57491
-6.44193
-3.61477
-3.50011
4.28862
17.4639
11.7825
1.26038
0.760343
-0.00944156
0.777108
-10.3153
15.9467
17.887
3.53732
-3.98689
8.30851
2.22583
-3.33647
-7.11099
-6.55346
-7.73606
0.910083
14.3394
-4.3591
13.1355
-0.839529
-4.72325
-6.93916
2.05606
-3.06805
7.67858
-0.699035
-1.46338
0.904116
2.13727
12.1753
4.54054
-10.0725
-10.8345
-16.851
-15.061
1.43782
7.87687
5.15483
1.35566
2.1123
0.435627
-7.65874
-5.11339
-7.19161
-4.60081
11.9541
22.8079
23.8696
11.3163
3.32588
5.74472
-3.72081
-10.2464
-9.05862
-9.75399
-7.7243
1.82534
5.04025
1.87863
-1.96457
0.22651
-5.69083
-3.87307
-1.72129
7.31168
-0.249056
6.49543
8.24139
-2.2894
1.45072
5.31467
0.254237
-2.08469
-8.79348
-4.45377
-11.0789
-6.43148
-6.73648
-5.84499
6.28199
10.3606
-1.66821
-3.00736
5.59073
2.92687
-5.2434
-6.6148
-4.15055
2.5384
-2.3221
-8.76852
-11.2688
1.64182
1.82261
-4.22188
-6.83668
-15.0483
-12.9343
-6.43416
-11.3368
-7.59898
-5.66103
-5.49331
-3.82148
3.83079
8.40318
0.387116
-5.91015
0.236006
-2.16207
0.694057
6.59023
3.28738
0.378661
2.50698
12.829
6.51977
5.8715
4.42508
1.62556
-1.11137
1.97933
4.73333
11.4895
10.3735
4.71521
-2.1368
7.46216
10.9418
8.34257
2.92425
-1.13401
-0.495067
-3.59619
-1.08132
-4.47503
-0.347436
3.47436
-0.264691
-1.00094
0.225672
2.21888
0.621425
-1.51242
-4.39329
2.30817
4.28025
8.6282
6.2926
0.763479
2.09721
5.17994
0.530125
-0.46582
-7.77897
-3.61176
0.87781
0.50706
0.60738
6.68271
1.26647
1.98954
0.290581
5.22889
-0.0777962
4.93143
5.15709
3.27677
-5.21254
-5.56403
-3.29451
4.12329
4.6503
-1.16798
-5.31896
-2.38241
-0.195462
-4.97198
-3.44307
-1.53944
3.66533
-4.66348
0.563925
0.158312
5.42495
8.57376
-2.95971
-4.69033
-2.36428
-8.24361
-8.88612
-7.481
-5.89405
0.803706
3.11984
6.18984
9.07335
1.22466
-4.41542
0.213328
-2.9376
6.05642
-11.9717
0.264347
5.4849
-0.658742
2.35532
-1.36201
-0.520029
1.92647
-1.16459
3.83956
4.92584
-3.72894
-3.89084
1.36076
0.540442
2.22515
-2.68083
2.34814
3.05782
2.8868
1.23643
-5.77156
-6.6138
-10.7564
-6.60148
1.22938
1.97414
8.45513
3.35973
3.51662
6.76513
7.03465
-0.0709652
-2.05479
6.8436
2.28322
-2.59758
0.0929519
-0.362778
3.99479
5.76432
5.45701
1.88885
-2.50325
0.977427
4.43027
6.56273
-2.82965
-7.78138
0.617279
2.38713
-0.244656
-0.803271
-1.11949
-3.79924
-2.7826
0.0019616
-3.53419
11.5604
2.94321
-10.164
-10.689
-6.24615
-3.62076
0.410816
7.20581
9.92912
9.52642
6.24842
9.7767
3.33825
-0.774784
6.22756
6.80716
5.32684
7.84072
1.55754
5.73716
5.6758
-0.342412
7.35313
8.00386
6.5429
2.1546
-5.02997
-1.69891
1.23316
3.35785
-3.13419
-6.31053
-6.51565
1.24105
3.07081
4.26913
4.22313
-8.27315
-5.21867
2.07167
1.3983
0.476778
2.32779
2.14882
-7.54389
-7.8776
-1.31209
-1.17637
4.71374
4.82508
-3.47632
-8.22486
-5.64648
-6.62609
-2.54192
-1.99789
-0.98933
-1.4347
0.190976
-1.13071
-6.36454
-0.328298
-0.223958
1.12546
1.38404
5.10365
-3.50811
-2.29687
2.48914
0.792804
0.408804
8.3157
6.06382
6.5721
1.78283
-2.26687
-4.37127
-5.55055
-2.04077
-7.25022
-3.29364
-2.24851
1.44802
4.98114
-0.413033
-4.15343
2.08676
4.56328
-3.91718
-5.88038
-3.91014
-3.08724
-4.35514
-8.26543
-8.33157
-0.651535
-0.0194151
-3.1354
-1.83433
-1.29349
-3.04301
0.595242
-1.06007
2.80127
2.87765
2.78403
-1.05543
-3.12467
-10.7178
-15.4149
-5.40088
-0.972001
3.7381
2.06196
-7.35181
-10.3124
-6.70339
-1.45594
-8.36658
-2.36999
6.6425
10.0608
4.37785
3.42538
1.01418
0.312244
-0.0293298
-0.73213
-3.29796
1.81527
5.80989
-0.559946
-7.24746
0.373319
16.2463
9.93281
-9.12635
-11.553
-6.99142
-0.22377
-7.29523
-11.6625
-10.5758
-0.532078
-1.92417
-1.94853
-9.14787
-9.0942
-8.27703
-3.15258
5.91279
10.7706
9.54677
8.60072
-2.07127
-7.04704
-10.7124
-6.40696
-2.67575
-3.82784
7.11091
-3.3983
-8.38135
-5.04523
-5.70006
-8.39063
-12.9572
-8.95492
-4.34475
-4.3404
-0.203411
-1.58605
-0.326051
0.757604
4.82754
3.09354
-0.799469
-6.65633
-1.34621
1.53838
1.58493
12.2073
19.0673
8.8442
-11.8485
-11.7149
-4.43636
5.10706
-5.92187
-12.4325
-6.41109
0.248516
5.35702
-5.41546
0.346478
-4.84499
-16.0014
-11.913
-3.01377
0.483705
2.83114
-0.18884
-3.39987
-3.14943
-6.68132
-8.10371
-3.03274
4.44183
3.75749
-0.568843
-4.61396
-1.16595
-0.742422
-11.4012
-8.94137
-0.0315163
-2.75161
-2.79893
0.820858
4.11479
11.3282
14.9187
14.4
6.77163
-2.80311
-7.64125
0.785231
8.12876
11.7047
18.974
14.5791
1.28004
-4.79638
0.391413
8.17282
14.8782
8.38422
-4.45665
-0.766049
4.25891
1.29609
-5.59167
-4.51978
3.8334
1.46131
-3.59195
-4.04376
-2.81302
1.01356
1.65954
0.61611
4.06916
1.64068
-1.27204
3.48711
-1.50455
3.42129
1.76582
-6.34464
-0.799883
6.58633
0.0919202
-4.3558
-2.40649
-3.65133
-6.57537
-3.39154
-0.232318
6.01989
9.54227
1.92218
-9.56517
-16.6366
-6.18713
-4.29709
7.13533
14.9591
3.64382
0.301748
-7.39246
-8.15943
-3.25648
-1.56918
-5.37453
8.1043
1.72669
-6.1862
5.51609
0.647624
-4.53348
-6.96283
4.10082
0.851427
1.42952
0.763556
4.16301
4.05361
2.79347
8.27726
3.62705
0.408041
0.884333
-2.86505
6.37007
4.89487
-5.23848
-1.58197
0.942025
4.27067
3.18705
-3.91879
-4.33322
-1.2456
-5.46591
-4.44771
-9.17654
-2.05287
-4.87662
-10.2505
-11.0975
-3.06018
-0.0533269
-16.1998
5.51555
1.08644
-12.7648
2.2149
4.55933
-3.52241
4.01024
7.76238
5.79658
4.55574
-11.6895
-16.6166
-5.93172
0.459139
-6.41463
-3.65714
10.6472
9.98419
-5.56264
-6.18621
0.937803
5.86468
12.3477
12.3116
9.84793
8.61789
10.8812
8.85992
8.40407
3.8029
-1.5682
-2.65932
-1.48987
10.7325
6.15721
7.82458
5.59064
5.28054
1.70645
7.13234
8.49438
11.48
5.09162
2.03916
0.123286
10.3393
-2.96462
-13.4512
6.32085
-19.7776
-15.7484
0.708782
11.9643
14.5055
5.71641
9.77295
6.37001
12.2271
1.21486
-4.73586
-5.10131
0.149509
5.14209
-0.724446
9.25384
13.7058
6.30423
-1.30362
-7.74999
-6.88872
-6.0497
-5.11156
0.945329
2.19586
8.73849
5.77884
6.2171
2.06027
-3.87363
-3.99118
0.745491
9.74686
6.19866
1.79182
0.917981
-0.298349
0.786299
6.56517
6.55013
5.80208
-0.206393
1.24487
7.61244
8.04489
-6.01446
-3.6476
12.3901
-4.80491
6.83927
6.53375
-19.1043
-24.9278
-9.08222
1.43962
7.20115
12.364
3.57907
1.60431
-6.67595
-14.0477
-3.01617
1.6887
8.17561
8.20968
2.18101
-2.49446
-0.0678848
0.144147
-2.06928
-0.779455
-3.66642
-3.13161
6.86932
7.24558
5.12206
0.37436
2.47643
1.83313
-0.487366
2.12275
7.88545
5.90743
1.96773
-6.52547
-6.28242
-2.63641
2.83912
4.44928
1.20055
-2.71118
1.05175
0.610857
-3.86165
-4.6845
2.88534
4.98203
-1.64244
-19.0998
-26.5476
-14.6658
-2.7194
8.9163
14.3033
8.72908
19.1655
9.37234
1.61618
-8.67082
-7.52043
5.66669
7.82176
1.87587
0.650495
-10.047
-7.08562
-2.17112
-4.06478
-6.6694
-8.84421
-12.3553
-7.71068
-2.61428
2.16279
-0.918683
8.05035
-1.90317
0.206974
-4.07148
-3.40812
0.60048
-0.514622
-3.09848
-0.930408
-1.82661
-0.505031
2.71143
-4.06316
0.904547
2.48345
-1.14474
-1.43096
0.31812
-13.9013
-11.9714
-4.94236
-5.70004
1.38239
2.42932
8.2865
11.8734
-3.03918
-15.8929
-8.79148
7.45335
3.48112
-0.506198
4.79787
5.80531
6.6616
0.165293
-2.8493
-3.42461
-11.7885
-2.01736
3.4771
-1.42439
-8.53259
-12.0028
-9.97737
-0.596821
0.930476
-3.57605
6.11856
-9.25298
2.88583
-13.747
-6.54336
-4.45234
3.19231
-0.0839021
-6.27377
-2.67224
-0.0779586
-1.30355
-5.41855
1.27497
1.52658
-3.32895
4.12657
2.79244
-6.90002
-21.792
-22.1613
6.80544
19.8222
12.9608
9.52648
7.26695
-12.5902
-11.7322
-4.11461
10.0143
6.8572
-4.97317
-3.99255
3.83235
5.02777
4.69324
-7.87602
-2.45226
-7.18505
-4.80439
0.674695
4.98817
-0.272757
-2.9058
-5.58499
-1.0258
-0.6781
-0.521369
0.71294
-2.77267
11.5124
-11.1984
-8.43673
0.357293
5.5389
1.6911
3.58321
-2.49988
-4.60177
-9.48643
-8.84608
-0.790691
2.95229
1.75674
9.32759
5.9417
0.097541
-7.49237
-10.1242
-5.44305
0.837296
2.91053
3.68122
5.67214
0.277232
1.7413
-1.91073
-7.04042
-2.0831
0.153477
8.51848
10.5382
6.08193
2.35235
-6.73005
-4.17046
3.7666
4.63223
4.13562
5.00911
7.08677
2.35383
1.71781
-1.05644
-2.75911
-5.48605
5.16968
2.83561
9.17724
-2.44251
-4.01543
4.52404
3.09946
2.41125
5.50394
-4.23186
-4.19229
-0.728394
-4.40131
0.367958
1.66379
3.27464
9.9403
5.25991
-1.70848
-2.59284
-1.17729
3.71066
2.5019
-3.54782
3.27537
-5.06374
-15.2616
-15.1684
-6.39569
-1.66889
8.33171
15.5035
14.1268
9.68181
10.0554
5.13201
-3.40679
-11.0526
-2.8733
9.23837
9.44672
3.57166
7.69143
4.64172
-1.45082
4.38976
-3.98637
-10.7959
14.7543
6.19682
5.79583
2.14822
-4.94731
0.618005
1.50384
1.91366
-1.79312
-5.93644
2.21245
1.1037
0.566989
-0.866581
-5.49334
0.524848
7.23472
1.74239
-2.37642
-1.0912
5.9727
1.86761
8.67462
10.8933
14.0638
2.52126
-8.03001
-12.1128
-6.87646
-8.59197
3.02192
10.3504
13.0196
10.2408
7.41377
5.22774
-5.59838
-9.78222
-5.50102
5.59482
10.5142
6.84113
5.904
1.20184
-3.16401
-0.653938
-5.22254
-10.5756
10.0298
-3.81866
14.1801
8.17055
0.213085
3.85586
0.81981
-1.42457
-6.95565
3.02241
2.98007
1.73191
4.69753
-2.84428
-2.91565
-1.97578
-5.00614
-13.7265
-6.28897
-4.58109
2.17643
8.2024
13.1299
8.0432
3.48186
-6.78693
0.0406503
7.39533
0.591338
-4.42028
-5.65742
-9.2097
-6.4576
-8.4111
-8.39303
-2.78308
-8.92722
-15.4745
-14.0904
-1.30519
9.72222
3.69081
2.71509
0.026462
-0.96487
-1.2934
0.0228305
2.66231
14.1941
-9.56116
-0.376516
-3.91539
0.338244
3.31307
-1.17651
-4.04708
-3.97267
5.08036
1.88224
-2.49615
1.002
7.95076
3.88859
-0.648768
-6.2458
-12.1681
0.195675
0.95769
-0.746311
-2.47183
-9.90493
-11.7641
-5.13754
4.73858
18.4623
15.9678
-4.25178
-1.67792
0.178865
3.79735
5.521
-3.15529
-9.5335
0.465537
2.40314
-0.996615
-0.434245
0.275073
1.27978
-0.170623
1.30393
-1.51716
-0.972253
-2.78113
-1.19431
-0.522325
-1.3926
-11.3065
-5.59916
-17.1736
-3.76045
1.63757
-0.568629
1.35722
2.49219
5.91685
-1.09279
1.45226
-3.19724
14.222
16.5145
7.88527
1.40677
0.600925
3.30564
-7.35835
-17.8417
-3.10084
-1.61616
12.4662
12.9992
12.4666
6.75068
-3.52947
-13.8784
-0.63433
-5.13345
1.71224
8.22762
0.812747
-12.2773
-8.80869
5.63144
14.7164
11.5252
6.97934
0.508573
-2.80103
-4.77924
-6.82558
0.974458
3.02109
-4.93294
1.8575
-2.92355
-1.5476
-9.59498
-20.2709
-1.8333
-0.624348
0.654113
2.21591
3.88368
1.45614
-4.80516
-1.19191
-7.11056
-4.50662
1.0086
7.38131
10.658
9.1041
-3.7021
-14.8146
1.60142
16.1555
9.79865
4.41183
-4.88701
-0.719152
-0.73978
-13.3382
-23.464
1.5851
6.55686
18.5689
25.7519
0.641737
-27.9729
-17.5323
10.9742
14.3783
2.66479
-3.74887
-5.04104
-7.25862
-8.1818
-2.87197
3.13012
9.51126
-4.5119
1.24633
5.83006
-2.49613
3.84359
-7.18005
4.20529
1.4064
-1.14257
4.36968
8.1541
0.164631
-5.94208
-11.4381
-7.52547
-9.27983
1.37664
3.53845
-12.8234
-17.0041
-8.02614
2.92102
16.3693
9.44665
10.8164
12.4065
-0.984019
-3.76211
-17.1992
-20.0028
-24.1664
-2.75241
2.30758
2.17516
12.6266
2.47762
-8.00501
-2.12648
-4.71392
-5.70402
-8.45789
-14.9447
-11.0223
-7.32391
-17.434
1.9519
4.58263
11.4262
-6.82341
-2.00678
10.6004
1.13041
5.66608
7.23422
2.52042
4.50293
-2.83135
3.45819
6.21928
0.918937
-4.22714
-4.07401
11.1054
18.9191
22.0238
19.4044
-0.501825
-6.55955
-3.81802
-3.68179
-14.3987
-2.08062
6.47439
20.4497
5.54874
7.94013
10.8831
0.55976
-12.5126
-7.45946
6.31543
-9.62353
1.3473
0.260112
5.96993
0.00428801
3.42889
4.85289
-1.52271
-6.89633
-0.980241
0.375965
-9.5887
1.15732
5.82939
-1.37606
-5.93513
1.78162
3.58945
-7.65565
-7.42988
21.8262
1.07113
9.57847
-5.35287
6.42032
2.35421
-1.9446
0.187743
5.48362
9.78934
4.18225
-5.89343
1.10586
3.05432
2.67761
-0.720962
4.03205
8.09765
11.5315
1.30901
8.59569
-0.788582
-13.2463
-7.54292
-7.88175
-6.19201
4.03902
13.063
14.0234
7.67668
-1.29134
-2.86818
-2.18334
-5.65949
4.43811
-2.0593
6.37485
15.0579
8.83877
-0.223924
0.693989
7.37204
-13.3796
-6.29799
17.3838
3.63101
0.786621
-11.5014
11.9633
-6.79528
6.30586
1.38304
0.574349
-2.67873
-3.49
-1.68263
5.38173
-0.677418
-19.014
-13.6087
1.49906
0.639897
-7.50771
-3.79643
-0.921211
-7.70233
-4.21769
-8.28411
6.21038
3.22486
-8.41555
-4.95927
-6.22214
-6.19651
-9.53527
-3.77475
3.19477
7.46137
10.6019
4.7353
-5.77421
-10.612
-4.92746
-4.80938
3.58923
14.249
12.344
-2.03958
-1.40386
5.47213
-12.4462
-3.88784
3.09836
3.64313
5.95645
-7.29595
-4.35688
-7.60675
4.41599
3.35993
-4.54532
0.0483788
-3.78157
2.94299
8.64313
-2.98382
-11.0403
-0.443899
6.65466
7.95277
4.40853
-3.30286
-6.71337
-9.44646
-7.75055
1.4821
11.787
1.49997
-3.7137
1.6998
4.11472
0.917609
1.8979
1.73276
2.30885
0.819259
-1.31673
-4.70055
1.74654
-2.04088
-11.097
-10.8797
-0.841331
11.8242
5.46298
-2.59842
5.40437
-0.703203
7.09124
-5.88972
-4.09303
-18.1487
-12.0554
-9.15884
9.23682
3.3137
8.46759
-8.1865
-8.49146
-3.07221
-5.77728
-1.77638
6.52992
3.63241
-3.28139
-3.08691
3.33504
9.63543
6.93768
-0.179501
-3.55873
-6.98893
-12.4312
-11.5664
-4.84023
4.45771
8.10075
9.17535
9.15411
6.07059
10.2339
11.1688
6.92694
-1.86972
1.21297
8.80011
8.29429
0.613819
-7.34402
-8.59233
-6.53979
-1.51076
-2.36292
-6.76406
5.16399
-5.79785
-4.38544
-6.58191
4.78325
-11.0291
-7.46976
3.09653
20.8268
-8.4887
-1.74141
-11.4544
-6.568
-3.53639
2.21662
-5.25616
1.84741
2.5485
-5.52427
-12.4814
-0.842038
9.11045
8.82961
2.51687
-2.66491
-6.75145
-7.04566
-10.6668
-13.191
-7.794
3.83421
5.32712
3.70195
5.49853
2.98106
0.413213
0.288239
3.18013
4.80988
14.1526
6.67646
0.110646
-3.95191
-4.69854
-4.38333
0.298815
-5.33243
-8.52584
-4.39764
1.78868
-13.1173
-14.5573
17.0957
3.87721
24.6769
-12.7412
8.21546
-18.1789
-8.72956
0.820176
9.94277
1.86357
-1.56831
-2.31713
3.37111
4.01164
-3.16449
-7.34175
-8.09278
-2.62774
5.79586
9.79775
6.34416
2.74166
2.32692
-2.30985
-10.8466
-4.79972
-1.57393
-2.79222
0.565976
0.60577
-4.44999
-1.47716
2.12572
9.21384
7.75973
9.59523
-0.0757272
1.56574
-0.289811
1.47745
3.84635
1.05688
-8.56348
-5.17412
-5.30925
-0.374559
11.3575
-10.6981
13.2119
-4.10011
23.4298
-18.4048
-2.28167
-6.89023
2.02546
1.92216
12.6075
11.9853
-6.22952
-2.27189
3.65522
5.0483
-3.05163
-3.69726
-10.6957
-11.9959
-1.01759
5.77945
11.3579
10.7468
10.4302
4.5504
-0.508891
4.34265
1.72007
-2.25079
-1.95674
-3.26678
-2.06381
0.0117803
-1.43587
-2.79994
-5.95137
-4.36158
-0.1953
-2.90795
1.60413
6.12788
11.3541
0.753094
-10.2667
-0.199438
3.85955
-1.8919
18.7886
9.49086
4.16681
-5.7526
-14.2371
-9.10594
7.75385
-5.314
8.46766
2.02965
-4.32075
16.3448
4.5875
-0.681269
2.79643
2.52651
1.99543
-1.62038
-8.30986
-10.1128
-9.64915
-4.49439
2.56411
3.53716
0.809159
-3.11818
-12.9822
-9.87549
-5.92311
-4.49284
-2.65179
0.832662
4.44686
0.539094
-1.8505
-6.74426
-8.4179
-5.96424
-3.21899
-1.30088
6.53422
12.0953
6.23562
-0.131433
-4.39805
14.4174
-2.9824
-12.0557
7.48235
4.78639
-1.5787
3.30737
-23.4058
-1.81236
15.0264
-7.29635
4.97662
2.23064
-11.0537
4.32211
13.8819
3.20647
-0.358764
-3.22493
0.322949
-1.80372
-5.62221
-3.69055
-5.44781
-0.477646
2.42017
4.76418
3.7897
-0.408885
-9.67134
-5.82007
-0.44865
4.62368
5.50629
7.78125
8.02645
0.822959
0.466416
-7.67802
-8.96509
-4.52955
-3.74582
4.84489
9.05347
15.2243
6.79067
1.33262
4.98515
10.488
-5.14929
-10.2652
3.78364
-4.96255
-3.39737
-6.05523
17.6701
7.32402
4.43205
-5.1159
-0.972829
0.361918
-12.2819
-4.39936
9.58087
-1.67292
-0.347721
-1.80343
1.11625
0.929627
1.62847
-0.143226
1.43238
4.80394
4.64695
0.546354
-2.61245
-4.02765
0.777144
0.797982
8.93931
10.8072
6.0776
5.50604
10.2468
4.50929
2.06285
0.0939234
2.90955
0.916507
-1.84902
1.17335
6.80831
6.40206
1.55119
3.8012
-2.68954
7.27085
-2.57059
-0.415171
-2.6414
-12.7017
-2.57388
0.601154
14.9617
8.64719
1.84621
-1.5934
6.19301
-2.3746
-5.66403
4.5191
1.42547
-8.99774
-2.09482
-2.38083
-2.39892
-2.07366
1.07721
2.03351
5.88697
8.66246
8.67061
0.319754
-9.41713
-10.1401
-0.757969
4.85755
10.6574
4.80228
4.08324
3.94871
5.35608
-2.0241
1.14494
1.54949
7.69485
4.48222
-1.56452
0.785429
3.87487
-3.22196
-9.26873
-2.25673
-2.27716
7.67724
5.98249
-9.62825
-0.767833
-3.05381
-8.96165
11.7754
-8.03697
1.72347
-6.48937
4.62487
7.53508
-4.46372
2.553
13.763
0.859845
-14.3648
-7.98985
1.21848
-2.05278
-4.2164
3.62592
3.0772
11.2456
8.32298
6.91163
-0.277848
-7.74712
-8.7411
-7.098
-0.353007
3.88738
0.904906
-1.42422
-6.40291
-6.03835
-5.21295
-4.303
-0.41498
1.1273
-4.27163
-3.1198
0.385901
-2.41289
-13.4432
-6.42332
-0.798833
0.441213
8.2474
-9.9061
-13.7466
20.5906
1.36039
-4.5543
-3.4618
-15.8524
-5.3794
-3.5445
3.60808
-8.73868
-1.97431
8.32321
5.6034
4.67327
-6.85552
-14.6057
0.255961
1.77112
1.05008
-1.9723
-4.03127
3.57688
5.59586
1.79079
-0.208878
-8.61152
-11.4014
-5.67159
0.283531
0.545119
2.54262
-1.10703
-4.8504
-6.03049
-5.26537
-2.55234
-6.14973
-4.83956
-5.50191
2.25469
3.55355
-6.94425
-8.62394
-6.03019
-7.81133
3.24225
-2.35925
-11.6791
-3.10043
12.965
-0.356725
19.6133
6.87687
-6.15297
-0.958911
7.53184
-0.74823
-2.92089
-10.2207
6.5953
3.20995
-1.81796
5.70956
2.51596
-1.35285
-0.215896
3.06026
2.59562
-4.9181
-1.85428
-2.80632
1.96758
2.55297
-4.95203
-9.49723
-3.94371
4.61846
5.60422
7.17456
4.30996
-1.46246
-7.18186
-10.7514
-8.765
-7.94707
-2.21817
1.70861
2.5253
-3.99763
1.81472
2.98792
-5.59158
-12.2313
-1.45055
-2.28687
14.561
9.17282
-8.14589
-3.42606
13.7253
-4.37294
2.96021
-6.93726
-0.492066
-3.86307
9.14183
-8.45627
7.78026
-10.7718
-19.9981
-5.57595
13.7882
12.5457
-1.54723
-2.24909
1.58199
-5.12645
-5.41508
-2.87682
-0.204215
3.24796
1.05126
0.715132
1.34425
12.802
14.2746
12.9105
8.28982
1.82753
-5.77703
-10.2613
-7.99131
-1.66313
8.49757
3.04827
6.21847
11.2812
8.25051
4.7568
-4.32228
-3.9323
-1.11702
0.0572306
18.4814
7.16209
-11.8363
-1.42856
-4.24848
-9.3499
8.00213
-2.84319
1.74809
8.37383
-0.297015
5.96473
4.47171
-4.53964
-20.6784
-11.5145
6.59847
13.0341
2.28904
-1.95308
0.155743
-2.45047
-3.97716
-3.91312
-4.1844
3.39124
4.61337
1.32744
2.393
4.90163
5.20918
7.53997
5.34863
-1.64828
-2.94658
-3.53503
-4.1283
6.57683
7.92262
4.32877
8.72663
9.79541
3.78352
-0.00140595
-0.272412
2.08663
4.41189
-0.894992
-1.4599
5.04691
-5.07492
-14.2238
-7.90393
-4.60464
11.9077
