-8.69774
-9.11082
-3.02161
1.74582
2.50979
2.57671
-0.894807
-1.96603
-3.42636
-6.55823
-3.6738
-1.15863
0.622066
3.39243
1.40479
1.83762
1.94715
3.44395
6.63354
7.8013
4.44372
4.45082
6.36556
-0.756346
-2.63021
2.07019
2.84604
-2.73322
5.11039
5.44708
2.51863
-1.23645
-3.85071
0.520525
2.86824
7.39768
8.30238
5.80897
0.640593
-2.58904
2.18557
3.48308
-2.89445
4.69833
12.6729
7.64321
-6.3423
-7.06951
-6.29939
-4.19637
0.369687
5.10624
3.78311
-3.80622
-7.61271
-12.6133
-3.63707
-10.6763
-14.1491
-2.9082
3.38082
0.213303
4.17551
2.5268
-0.906974
-0.90888
0.673574
2.86927
5.89083
3.15948
2.27013
-5.49232
-4.65309
4.32379
4.23386
2.30708
3.54702
2.91366
-3.64358
-5.84721
-11.7371
-5.85806
3.14946
3.90204
3.57798
2.50539
-2.19265
-0.17736
1.80258
-1.40445
-12.1725
0.408986
16.3924
15.974
-8.47588
-10.137
-2.90423
0.252852
4.92231
5.92194
2.11648
-0.82099
-2.41683
-2.24721
3.96496
-8.88687
-12.572
5.24259
5.92312
-4.88985
-0.084115
-1.25119
-5.96727
-6.21113
-2.29245
2.9787
2.73182
-4.72765
-6.36147
-10.9823
-2.47967
6.58283
7.70276
2.78188
0.785254
-2.38801
-6.78538
-2.08093
-8.62293
-7.04535
7.75304
1.6816
-0.971966
-10.8821
-4.66685
0.383766
-1.21348
1.43532
-8.81067
-7.45047
11.3599
16.5869
0.245864
-4.38856
-3.79756
1.14232
5.25951
1.61816
1.20899
7.39254
8.30573
7.23395
8.4756
3.08211
0.654655
11.2788
5.56595
-2.62766
-4.56138
1.50914
-11.2742
-7.3333
-0.436458
6.3641
4.90237
-2.81211
-5.99034
-7.87872
1.31272
4.16208
9.79433
-1.38375
1.55332
0.658997
0.565658
4.18888
-0.169482
2.84155
10.8706
4.6168
4.94342
-7.69645
-6.43347
-1.03052
4.75803
1.61409
-9.11072
-13.162
-5.16533
13.7461
-0.31224
-3.0939
-4.33139
0.663288
2.50027
5.79713
1.01662
6.53108
5.71304
9.95625
11.5145
3.5543
-3.81404
6.09863
4.15314
-4.04051
-6.29923
2.96058
-1.80346
-4.79928
-2.16382
-0.719141
5.18755
-0.929421
-2.55185
-1.86994
7.31391
6.41434
-0.886659
1.12493
-1.00893
1.1612
4.87983
1.62658
0.0256819
-2.60102
-2.25101
1.23671
2.0078
-4.69106
-6.68474
0.410871
7.98601
11.8881
2.90224
-13.2041
-12.8047
-4.56163
-1.75046
-2.81137
-2.05914
-4.44005
2.59261
4.63319
4.50971
-6.76527
-7.78155
5.09942
-2.55462
-11.7065
-11.6859
1.1583
6.69492
8.24307
3.05243
5.33436
5.40902
-9.51048
-4.05764
3.10371
4.87153
0.987955
-0.276195
2.34843
6.08967
1.83713
-9.33556
-3.6063
-3.24976
0.527232
5.07135
3.43824
-1.78234
-7.12307
-10.0305
-9.65164
-3.69501
-1.52095
-5.34455
-3.64961
-1.99693
3.35758
13.9867
1.17297
-12.6242
-13.1015
-1.8983
-3.01561
3.57467
1.40941
1.80113
-0.824497
-5.35786
-6.85683
-1.7109
1.08103
-0.383382
-6.47824
-7.35458
-0.73809
0.491742
3.67254
-2.2078
-2.07099
2.30776
-9.14164
-1.6629
5.78049
2.58929
-4.50137
-0.728717
3.14213
2.58747
-2.32865
-12.2569
-5.70917
-6.4749
-1.59842
5.75339
3.13133
2.91783
3.38552
6.62637
2.46322
9.30613
11.3667
10.241
8.76729
0.331231
-11.0457
-1.75234
9.81251
-3.35679
-11.7288
-7.32422
-4.39848
6.60159
1.96411
-0.942562
-12.9285
-8.82945
4.06704
12.7845
6.69275
7.73597
8.37995
3.74121
1.5354
1.65006
2.10884
1.75207
-6.81754
-5.84197
-8.32385
2.82365
7.4577
0.448031
-2.95407
-9.32516
-0.0957022
-0.761472
-3.64022
-10.1193
-4.7268
-2.14234
0.860468
6.30162
3.79945
0.239073
3.50374
1.09332
-2.22365
-9.74529
-9.77807
-6.49581
-2.49991
2.30101
-4.26028
-4.409
1.84521
12.2544
8.53422
-3.07342
-3.75338
3.67474
0.948178
-11.6101
-0.950785
9.58405
3.32527
-3.68072
-10.8042
-7.30358
-0.592051
-5.92525
-13.9015
-9.22333
-4.4782
2.15867
0.415885
4.58433
-1.34253
2.19622
11.5145
6.49042
0.896013
-0.887239
5.87579
2.3612
0.147871
-5.61592
-4.95894
0.0468811
6.76635
-0.796562
-4.9341
-2.77282
2.13672
-0.586836
-3.11727
2.52034
-0.622007
-3.54516
2.60704
14.2026
11.0228
-2.72682
-5.5199
-0.604451
15.3948
15.0172
4.17753
2.11104
6.7226
11.0935
0.178952
-8.07225
3.34303
11.484
5.94788
4.93269
9.60113
4.08986
-5.11783
-4.83672
-6.86989
-4.76502
2.9861
17.0805
5.44129
4.79861
0.744982
4.82562
1.09068
2.96198
3.14914
8.8999
4.23384
-8.257
-4.42459
0.922857
-1.64953
-1.11142
3.21862
-1.07407
-3.84489
7.69323
11.7112
6.1248
-2.45849
-4.884
-2.04279
-3.89369
-9.20212
-0.0868499
0.832838
-9.62673
-6.97984
5.52251
5.42294
2.59485
7.71124
1.69556
-11.3638
-9.26033
-2.9652
3.13479
5.38469
-0.313066
0.329859
-5.92594
-5.08413
2.35302
2.17834
0.715623
5.77091
13.1365
4.83489
3.09327
-11.2126
-3.87891
-1.4022
-1.19751
0.976336
2.09112
1.02876
-7.59634
-5.47851
-10.0583
0.506166
2.41146
0.938997
-0.123759
-11.7218
-2.35035
-2.88034
-4.20879
-3.00251
-3.63832
11.6111
7.99091
5.11428
14.2426
4.42129
-9.67072
-4.47603
-4.09659
-1.97109
-6.11923
-8.33776
-5.05287
-4.37561
-5.06226
1.32384
-1.15646
-5.10678
-1.47526
0.94845
4.08361
4.30077
10.607
1.92342
-5.86776
0.30328
11.5611
-2.5685
-9.10755
-13.2638
-0.450343
-3.68929
-2.28067
0.931926
5.68753
3.13754
3.18161
-4.18933
-4.73667
1.25819
-2.00771
-4.66961
-4.8076
-8.3496
1.1031
10.1881
8.06996
0.359758
0.298668
-2.71349
-7.38297
-10.1584
1.36729
7.19905
2.45943
-0.217137
5.40882
3.6185
-11.6656
-0.153093
2.88951
1.04204
0.824385
10.0525
1.94531
-13.2532
-10.6203
-7.09911
-6.44172
-2.12361
6.91748
3.91049
2.92071
-2.88356
-0.669278
8.00335
1.25588
-5.90437
-4.44971
-2.3328
1.6401
-1.02581
-2.35972
-1.58621
-9.69499
1.10528
1.92282
2.26748
6.17784
0.411392
-4.76847
-1.5087
-0.117489
2.65992
6.49524
0.335711
-1.21366
2.56593
-2.57674
-13.9702
-2.65809
-2.62254
-5.07016
-9.16288
8.83598
3.60657
-6.86763
4.47642
3.30491
1.15437
3.00181
-1.55058
1.90615
5.3987
7.89713
1.98673
-4.71168
3.92272
1.8297
-9.91346
-9.52882
-7.11274
-7.72839
2.14151
5.25849
-5.06223
-9.31693
-11.0576
-4.26982
4.96852
11.5268
-8.56264
-1.73705
12.2965
10.8581
7.39153
0.889292
0.0290128
0.269582
5.64236
9.81061
-2.86639
-5.71126
-3.94054
3.65701
5.38204
-0.819399
1.2853
9.88919
4.69315
2.7903
-8.13056
3.91525
-7.55245
-4.00203
13.2117
0.864426
3.22202
3.92178
-1.16184
3.48841
-1.03603
-5.14874
10.1404
7.66383
13.2942
-7.36685
-12.6392
-11.807
-2.07705
1.80557
-0.270773
3.01954
-0.949464
-11.289
-7.10902
-2.29016
4.77222
5.36893
-2.47902
-5.42618
12.7032
11.1703
4.88006
4.37971
5.67394
-2.1419
-11.2804
4.16959
-8.12368
6.96243
-12.3549
3.33142
7.28455
6.43538
0.139698
7.42965
10.6085
5.76398
-2.03377
-10.7784
-6.91881
0.517615
12.8134
1.07724
-3.65124
-8.14013
10.9187
-5.03902
5.62923
5.78164
-4.28285
-10.5768
-14.8504
20.4924
4.22023
-4.12909
-4.4419
11.9784
0.0673975
-3.53337
0.376711
-6.21609
5.92355
7.91499
6.20708
5.0839
3.75393
5.96768
20.2092
-0.876618
-4.7053
-6.39451
-1.37854
-2.77466
-2.5785
36.7502
-3.07969
-1.36851
6.42467
8.56681
10.4266
-8.68407
0.308351
-11.1794
1.2051
8.47535
-3.26786
-9.60297
-7.94619
-7.62827
4.1539
-5.59081
-8.1138
2.84671
-2.44124
-2.70397
-11.1786
-4.78666
9.09305
-8.69078
-16.9515
17.2752
-4.18866
5.40397
1.82651
4.24647
-0.996781
-5.24256
1.28327
-1.32693
8.70859
5.62497
-1.79256
2.40124
-0.534977
5.19786
4.98737
-16.1934
-0.849293
-13.1726
-11.0337
-2.20844
1.03818
-18.3905
2.24523
-26.8323
6.98314
-4.07814
5.56585
-7.05497
-0.559984
-2.6253
-7.37088
0.267795
-1.09199
0.679273
-7.3394
-9.65243
-7.44346
-13.2932
9.189
-1.97154
-17.1778
5.98997
-0.570391
-12.434
14.8722
3.19873
0.0608776
3.29449
0.659578
0.332746
-7.40387
0.362153
-12.0739
2.65285
4.19254
-0.935879
6.29078
5.38515
-2.58735
1.1165
2.45173
3.5215
-0.909618
-12.0607
9.86932
7.83561
-3.75318
-9.33435
19.2123
1.82221
7.28576
15.6492
11.7266
-9.89202
-6.81974
0.769591
3.57692
3.06703
-3.63235
2.24881
-3.16253
6.26424
3.21724
-7.26973
-7.86643
6.21425
17.9333
2.62398
-10.4515
-4.21002
4.90139
1.85557
3.5015
2.58526
-1.88969
0.722222
3.11179
-0.55756
2.25827
13.7848
8.34218
-4.69887
-1.88594
1.60779
5.44203
8.3219
0.393557
4.03865
8.65399
1.38607
0.341453
-15.3212
7.00346
7.79584
2.35298
-3.41812
8.0356
12.2883
-7.14197
-20.7778
-16.7496
1.49103
0.823655
-2.7615
-6.0575
-11.0871
1.89602
1.35926
-0.966477
8.64551
-2.63865
-4.34735
-4.17122
9.02604
16.0693
8.87814
-3.0121
-4.81636
-2.80664
4.31168
6.4475
11.2597
10.309
5.70381
-1.87247
-10.9251
-4.23347
0.404481
1.42093
-0.710408
-4.21967
3.70247
-2.80017
-4.71786
-3.93991
-0.576969
0.223297
-1.54339
-1.50571
-7.33491
-0.85937
4.12148
-3.47207
-1.16706
2.31567
6.13459
9.22757
4.62272
-0.330181
-0.818697
-6.57904
-15.6023
-1.61472
4.76389
2.32836
-3.84963
-1.94846
14.1511
-0.448828
-2.49826
-2.94336
0.708519
5.99648
5.69776
2.41528
-1.75193
-5.9492
-4.55219
-4.0709
-6.35602
-7.04818
-10.4379
-4.03419
2.53399
1.93355
4.79518
5.56922
2.00399
4.88321
-4.39458
-6.96684
-5.73767
-7.16148
-1.26332
-4.15006
-2.60754
-7.58596
-2.988
-7.25005
-0.61394
5.12453
-1.53337
-6.86098
-2.29525
6.04586
7.90251
7.87871
3.33547
3.68215
9.25282
17.3424
16.9519
3.9494
-3.68581
-0.960788
17.3576
6.73209
0.323022
-2.30488
-0.483812
3.32597
2.95272
2.44445
-7.61305
-9.52725
-7.79241
-7.58367
-0.740709
-0.745183
1.57362
1.17578
0.352082
-0.0123057
4.50953
-0.77335
9.1081
9.10176
-6.67005
-6.24757
-2.8325
-4.65881
-6.29872
-7.79156
-4.62907
0.0624136
-9.23873
-10.4963
-5.21888
3.32363
1.51543
-2.70247
-1.74153
-6.50827
-0.379113
5.1291
11.1011
7.5764
7.69038
1.82398
-0.985045
-3.53538
-5.42349
3.68577
10.0642
6.70983
3.52645
5.89189
0.581187
1.99748
4.94933
5.17021
0.241625
-6.21566
-4.93439
-7.15825
-6.06339
-8.76308
-3.16308
-1.07665
1.17263
1.11922
-3.84047
-2.37684
13.1822
5.95303
-5.48533
-5.00821
-1.99512
0.347125
-0.30452
-6.08066
-8.28077
0.971137
-3.60259
-1.52256
-2.64143
3.56759
6.07024
3.23085
0.179216
0.0530625
-2.00978
-1.99423
-2.14997
-6.08585
-4.14212
-5.26983
-9.02134
-7.53276
1.34808
0.512882
3.86616
0.557871
10.6933
9.24709
-0.531607
-1.07748
5.09932
8.39137
3.74363
0.163842
0.198622
-2.75073
-8.26487
-9.45606
-2.84848
3.10551
7.4729
0.244821
-5.57354
3.77662
12.586
2.5373
3.86962
-1.97255
-3.05325
0.211358
1.6768
-6.90911
-8.75151
-1.55219
2.23487
0.601373
-2.99044
-0.588294
4.14485
7.0591
5.04939
0.767093
-2.16464
0.579425
5.82068
-2.35007
-6.44828
-7.07813
-13.6548
-1.31587
-0.375843
-0.0178512
-0.119489
-8.32826
5.50802
8.72376
-0.193227
-11.8706
-0.754071
4.87917
9.12936
3.94678
-1.75466
-5.81899
-6.43298
0.531751
2.56657
3.06959
1.28977
-5.91074
-5.5108
9.58608
2.12287
0.0479997
8.61055
3.16172
-2.56139
0.913093
4.81645
-3.03724
-3.20756
2.08689
2.49583
-2.8998
-4.28355
-8.89506
-3.46116
-3.45307
-5.14236
1.77918
1.16354
0.913004
4.50707
0.0495716
-2.31203
4.95272
-0.719792
0.0739301
-10.7492
-5.36828
-0.759633
-10.6751
2.35217
5.18143
-2.66401
-7.74292
-7.18193
-2.73903
1.01917
6.77454
6.51703
4.25043
6.97626
3.64891
-0.469767
-0.561636
0.797893
-0.708594
1.90942
-1.99841
-1.92777
2.38636
8.77727
4.09797
-1.71039
3.41853
7.47211
-1.46442
-0.0811573
6.1536
3.81076
5.69079
-8.74737
-3.11689
-2.11711
-8.80207
-12.622
-8.49474
2.24702
1.80725
4.1428
1.10405
2.83102
6.44405
-2.26224
-6.94455
-1.46118
-2.78735
-2.68711
-3.07099
0.717751
-1.14087
-5.41497
-13.2191
-6.33643
-6.52737
-2.03463
4.68169
7.36657
3.4254
-0.581613
-2.92471
-0.0119626
2.18475
7.71583
-2.94427
-6.91111
-1.45413
-2.52295
2.7114
6.23789
-0.356419
-1.33816
7.62905
12.9901
11.6397
4.06689
2.85026
1.82621
6.5494
-4.13401
-3.9328
7.4448
-0.0763804
-10.8149
-11.6033
-5.84347
-5.07146
2.0338
7.83341
3.98436
3.36227
-5.82825
0.117766
5.65798
-1.7218
-0.866919
2.78529
2.2479
-0.346287
-5.617
-5.9113
-5.84361
-6.50033
0.541334
9.09258
12.3406
4.1164
6.6191
6.79868
6.47085
-0.680813
-9.99629
-8.54779
-7.56894
-5.06131
-5.3098
-9.1932
-2.34603
-7.62744
-4.51271
3.83596
10.3321
3.28814
-1.88186
-3.89304
-1.84112
-0.409126
7.46513
-6.84393
5.77669
4.73539
-3.96041
-8.33939
-4.63664
-0.392809
6.48339
7.35028
3.70508
0.0144606
-4.1834
-5.14344
2.44356
-1.96058
-4.02732
1.9862
1.95127
6.57991
-3.31709
-3.83605
-3.99276
-2.14826
7.42523
10.5089
4.32419
-1.22674
-4.41769
-6.98133
-8.73347
-7.10867
-7.50618
-6.99299
-5.47134
-4.54325
-6.86369
-13.4358
-7.05466
-6.23226
-2.93891
0.178516
-9.35878
-7.15449
2.08942
-4.16081
2.57818
-3.19987
8.10996
4.51255
-2.88625
4.38274
2.10277
-2.29908
-2.56386
0.747905
-2.62065
0.265497
1.20276
6.03161
3.29911
1.27423
3.72054
-0.253798
0.280817
4.35541
2.57814
5.05651
-0.663501
-2.61169
-6.1089
-3.2358
3.72696
2.54786
-1.91808
-5.00823
-12.2904
-7.15775
-2.62987
-4.17027
-5.58943
5.16146
-3.00797
0.91537
-3.17431
-5.53717
4.69067
12.6137
9.56022
0.574983
-6.73737
1.64716
6.90555
5.92009
3.93902
-3.1022
1.15695
9.01428
0.0572717
8.59768
10.9838
3.04635
2.55535
3.26136
0.531236
-2.65792
-2.26378
0.386505
-2.35914
-6.9673
-0.0758157
2.19053
1.41798
5.2601
3.05216
-0.163694
-0.0992677
1.27371
-3.58147
-0.905754
2.87223
2.32958
4.09541
-1.78234
-3.72169
0.979319
10.309
-0.519916
5.65878
7.72332
0.87436
7.39774
4.4679
2.40406
4.59355
12.3043
-1.91158
0.912616
-7.09747
-0.735793
0.479507
3.61264
4.74044
0.0501247
4.92075
3.93938
0.941036
-1.66531
8.67141
10.3662
9.41079
5.72774
1.09491
-8.15538
-1.57786
-0.620397
-2.93909
-6.70413
0.517727
0.244456
10.3753
10.1652
-0.950407
-7.46419
-6.62129
2.5598
4.37166
4.19915
5.97816
4.26526
4.94925
2.62073
1.60733
10.6432
9.19489
-0.887026
8.89459
-0.432419
1.301
-0.624915
-3.85207
3.30615
2.28287
1.38358
-4.73426
-2.62224
-6.372
-7.74269
2.29853
5.09154
-14.6946
-7.59221
-1.358
-7.67545
3.88472
-3.17338
-0.967255
2.99742
3.03194
-3.23453
-6.04086
-6.00603
-4.41884
-0.770895
-3.14017
-0.926605
3.27623
6.12739
11.7627
9.77178
1.97999
-4.63558
-6.55946
-3.16641
2.5211
0.865404
2.77601
-1.99218
-5.07207
-1.15833
5.82269
7.47832
-10.6429
0.462721
1.59418
-1.59219
2.38597
-5.73386
-2.77823
-0.340675
3.55078
6.50761
0.235046
-3.83589
-1.65268
-8.48459
9.09749
14.2312
0.281816
4.23202
-4.72224
-9.4009
-3.34527
2.16
-1.3393
-2.95736
2.71064
3.02523
-2.66757
-4.54638
-5.09669
-1.58836
3.15249
10.3361
7.51813
2.3226
8.5031
0.760925
6.13256
-0.241345
2.05414
3.68591
4.26851
-0.87291
0.375336
2.82765
0.777124
3.86989
7.45398
-6.32556
-12.8498
0.303498
2.55208
-0.387771
0.446882
2.74004
0.751133
-13.1618
-13.1436
-5.35586
2.53712
2.94408
1.24904
-2.75588
2.13161
3.91485
2.36382
-1.04895
-15.0454
-2.23302
-0.330837
-1.5775
-0.288169
-2.35108
-3.49686
-1.43328
-2.42781
-5.56198
-6.81539
-4.47483
-1.79576
7.55949
2.82708
-2.37089
-5.12086
-2.81216
5.51538
4.7793
5.45866
6.93627
2.93653
2.06279
-2.54152
0.00566802
-2.62711
0.821135
0.552025
-8.0448
-0.829524
0.716066
2.88837
5.56135
-0.344933
2.46309
3.80022
-4.66442
-5.25847
5.93975
6.21121
10.042
2.64545
-3.97633
-5.12945
-3.65244
4.27754
8.70964
3.00188
2.72677
3.24729
-1.65323
-0.628556
0.944645
-3.13921
3.10465
1.96338
-2.47553
-0.868746
-5.78068
-3.43819
0.728298
0.424518
-4.42278
0.317382
-7.63594
1.67648
-4.92955
-2.44559
2.57964
-5.60468
-5.29377
-4.75237
-2.27992
-3.29063
-3.69273
2.44996
6.02054
-1.3265
-0.661501
-2.87208
0.693828
2.64654
-5.40721
-6.34226
-9.441
-10.6743
-6.36045
-0.429685
3.66906
0.574708
-2.98259
4.64265
-3.708
1.10999
0.876098
4.14057
2.1003
1.11007
1.64639
1.48006
3.40221
7.97846
3.74379
1.26063
-2.26909
-0.0949282
-0.761948
0.0109552
-2.00169
-4.91524
-1.62003
0.230874
-3.41622
11.6141
-7.46391
-7.13953
0.939876
-3.02591
-6.42133
-3.38678
-2.45063
-3.6309
-1.20452
7.3518
3.07258
-5.06854
0.0531751
6.28569
8.29139
7.04721
-0.259854
-5.69491
-9.65909
-5.81282
-5.10683
-4.43877
-9.6397
-1.4694
4.34797
12.1918
0.397904
-2.83674
2.87987
6.03538
3.70982
-2.00757
-1.74319
3.74106
2.09569
6.71301
8.10726
2.13742
1.81704
-1.27872
-0.596675
-1.5409
-1.42567
-2.10108
-7.71625
4.0246
-7.23166
3.64159
-3.49029
-8.80864
1.62324
4.40665
-1.18486
-3.95549
0.884866
-0.751789
3.45609
0.285213
-7.42073
-3.74872
2.7128
7.27387
1.36487
-1.72788
-5.49867
-2.64229
-9.55941
-11.3393
-3.53125
0.594364
-0.136085
6.24175
6.87281
4.25892
1.10553
-0.996458
5.59989
3.2118
-0.926389
2.44633
-3.31228
-0.788765
-0.507062
-3.81265
1.21431
5.64119
4.40745
-3.78088
1.28002
0.257309
2.21592
-4.57606
-7.80221
4.20244
-10.1613
3.63297
5.07585
-2.35246
3.64937
11.0864
-1.32488
-2.12507
3.54609
0.229732
-1.63415
-5.4275
-4.03624
-1.38448
0.497517
2.30125
0.200713
-0.171991
1.76552
5.68795
-5.45062
-9.81696
-11.0218
0.663288
2.82735
0.798646
0.723853
-1.83956
-6.5673
-2.46023
1.27876
-1.27443
-3.1134
-3.31947
-2.61939
-4.30129
-2.3493
-2.90548
-4.0835
-0.824395
3.79088
0.585041
-0.482636
6.80159
3.21326
-7.97456
-3.07808
1.54655
-11.3662
5.52411
5.8507
0.35731
1.35236
6.4193
1.63641
1.12783
-0.27143
0.589649
-9.10002
-6.75647
7.24037
11.593
6.00374
-0.523493
3.73143
9.69317
16.7444
20.5958
11.2196
5.11878
2.97173
0.677604
2.11193
-4.63116
-7.16214
1.31371
1.04492
5.14568
5.76506
-0.485701
1.78102
-2.54457
-8.05551
-6.22162
-5.32263
3.26779
-1.77715
-8.91071
-0.887715
1.63954
6.42562
8.56022
4.63622
-8.01597
2.97567
-3.86678
-8.87292
-3.31401
-2.61112
0.697978
-5.21587
1.28319
3.43807
2.04958
-0.191018
-1.06895
-8.9664
-4.40719
10.4809
11.167
-5.10649
-18.9117
-13.0428
-6.25749
8.44578
-5.14926
1.86404
5.15641
3.29787
-0.79776
0.336475
-13.8443
-11.8046
4.12365
11.8166
2.72054
7.42306
-5.74248
-3.34722
-0.287795
5.14374
0.808154
-3.21414
6.91173
9.48373
-7.66775
-6.56314
1.31238
3.46114
4.45287
4.6642
-2.74348
9.87249
12.0985
0.81043
-3.85049
-11.0892
-0.674619
-11.9314
-4.7883
2.35579
-3.687
-3.75924
-3.69394
-2.15731
-0.714714
10.4974
12.52
-1.037
-5.39275
-9.84995
-3.49199
7.16563
-3.01979
8.20073
7.99324
-6.49022
-8.78715
9.73941
-6.75528
-4.56972
-1.36686
-5.36326
-4.22861
6.661
1.25944
1.65244
4.95094
4.72031
0.627908
-6.10581
4.00839
16.9051
0.76884
-10.3263
-3.55407
3.45413
8.22397
-0.281007
-2.2278
6.1692
12.0342
-8.86016
-12.4755
-6.57964
-4.69335
-5.12634
-3.97923
-0.157197
-0.955204
-4.65559
7.25148
3.47038
2.27783
-8.41778
-7.11122
1.25254
11.5068
2.44835
-7.02378
-1.41107
-4.13406
3.30307
7.94616
10.6373
3.13727
3.54377
-1.63033
-1.04107
2.06227
4.93979
-2.6196
-2.4403
-12.305
-0.561543
15.3483
7.47056
-23.3404
-20.8391
-5.83981
8.69984
2.73367
-10.9279
-3.96337
5.71818
7.93459
-3.26113
6.79444
-5.07511
14.5838
-9.08228
3.92862
4.71493
0.523271
1.42501
-5.75564
0.924051
3.7342
-8.61817
5.43095
2.85769
8.16929
6.74483
-4.27929
-6.60039
10.5748
-3.47879
-10.059
-3.92187
-6.70209
-0.590083
-2.39113
-5.19446
-7.73753
5.14896
9.70145
11.9479
3.44187
0.454152
-6.79859
0.712249
-10.7228
-4.00871
3.03637
14.8765
12.4461
3.32558
-0.434543
7.97467
5.61889
-6.13864
-1.01966
7.38143
-0.0385651
-2.57549
8.69291
-11.7888
8.66791
-6.99807
8.62533
4.7202
3.14528
1.81965
-2.95365
1.3974
0.519175
-11.7942
-1.47947
4.6771
10.1898
5.09483
-12.7495
0.406018
13.0217
4.21238
3.37327
-0.0872734
4.6271
16.4619
7.42721
-6.76307
0.697282
1.98226
0.57307
1.11561
-5.93829
-11.0941
-10.4394
8.72447
1.32925
-6.67242
-5.85673
6.79577
-0.99941
-11.7804
-0.613825
5.76156
2.70811
-3.31423
2.36161
2.25308
-7.23898
6.75731
-1.12108
-10.0263
14.0776
0.973224
2.29078
-4.41382
1.53542
3.35155
11.8149
1.7535
-0.553538
-6.3236
-0.636816
0.993736
-2.65239
-14.7174
-11.1796
-7.56147
-11.074
-0.278136
6.35635
2.37211
-5.26693
-6.02646
-6.52858
6.34127
3.91736
4.39369
-1.76141
-1.19604
-1.47975
-3.24974
-10.7825
-4.37423
2.40491
1.73909
5.35587
8.99786
6.16113
-0.746765
-5.13326
-0.294025
4.39556
4.80445
2.82266
-8.50564
-3.48788
12.7073
-3.99653
-12.7728
4.57275
3.94365
-1.61371
-6.77605
5.70039
-9.42536
6.57843
6.13277
1.0876
-1.04277
-2.40405
-2.98063
-10.2074
-4.25388
4.66003
-2.26876
-2.92134
0.943075
-0.807582
-2.48479
0.895079
-0.779811
0.292128
2.50772
7.32558
1.9991
-3.11254
3.49339
5.16739
6.61768
1.27752
-3.37395
-10.0009
-5.23246
5.21065
10.5137
8.98192
9.86603
3.95899
2.45235
3.442
8.22649
3.01774
-10.1313
-3.44043
1.05283
-0.890857
4.49193
-5.82166
-0.141966
2.83101
3.64729
12.5645
-23.6533
-1.09522
16.2063
-1.49337
-2.41235
2.17078
3.27338
4.31935
6.36275
-1.11239
-2.76934
-3.03657
-4.17075
0.663144
2.86685
8.88917
11.8916
1.33121
-2.50327
-1.65494
-2.74106
-4.9212
-0.114582
0.24481
-4.78687
-10.9887
-9.94263
-8.8135
-4.01599
-4.11498
-4.66845
-1.15983
8.37214
2.47649
-1.24368
-1.02185
5.63766
2.84036
-4.48921
-9.9591
-9.41969
1.82579
8.01139
-1.10375
2.60918
-9.88518
10.3479
13.9071
-6.06904
-8.05571
9.56026
4.90499
-0.482332
2.76755
5.29698
7.12754
2.23948
-2.11948
-5.81563
0.894612
-2.14367
2.52755
4.66706
7.08336
7.78729
4.17172
-0.919606
-6.55835
-6.18944
-5.21268
0.757717
7.78807
9.69959
7.25729
3.28112
-2.63942
-4.0772
-7.39244
-11.8492
-7.01095
-1.09481
0.45954
-0.394375
-5.64933
0.424931
5.67626
2.70067
0.631957
-1.48093
-3.48619
-11.2854
-3.93754
-12.0129
-8.17076
-6.48691
-1.21406
6.37372
-3.97649
4.91015
8.83321
-4.14848
-10.6888
6.17913
8.82634
0.903353
0.157667
-1.13828
0.0195917
1.48463
2.67268
2.20495
3.75925
3.81277
0.895346
-7.47238
-9.17695
-11.6829
-10.5558
-3.29934
-2.05837
0.976278
1.70483
-3.14735
-4.44735
-4.70127
-5.92543
-8.71709
-6.11516
-5.94165
1.21512
2.18402
-2.03079
-0.389434
3.19826
6.81799
7.60461
6.7746
2.95136
-3.62935
9.70541
-15.0001
11.959
-11.1763
-7.30577
-6.30772
4.59891
-1.02169
-2.63096
-2.02148
-12.3669
-2.48169
2.85314
-1.45618
-2.33252
-1.64293
2.23171
4.76684
4.19014
-0.997074
-2.9274
-3.8048
-1.32409
-0.144083
2.55426
1.57169
5.46035
4.16955
2.06119
-1.97003
0.237268
0.634034
-2.49092
-1.87046
-3.51348
-3.61555
-3.22251
-3.97845
2.63537
-0.248127
0.644649
-1.93449
-0.889737
-0.169945
8.62268
0.00412068
-3.42182
-5.94181
19.0488
-0.403247
11.1699
-2.88626
-1.74885
-4.04822
-0.927613
-3.68865
-8.16909
-9.84397
0.899305
-2.90537
-1.30701
-0.08932
-1.76816
-0.691343
4.30643
8.31877
6.066
2.71758
1.32335
6.33971
9.30624
9.55656
6.44483
7.36522
8.98652
8.57119
5.97672
5.61068
6.68956
4.73582
-1.82057
-1.30724
-0.873272
-2.45659
0.755712
-1.51872
-0.775873
-3.99201
8.64461
-9.22292
-10.8717
-5.26929
2.89933
-2.18075
7.91931
-14.4059
-0.353998
9.00069
-2.65664
-2.71563
10.7351
-1.73313
-3.69787
1.29909
5.02682
-6.62477
2.63957
-2.62659
-1.66959
3.26279
1.59545
-2.39926
-0.466159
3.65913
3.73765
3.79686
2.36595
3.81184
4.3689
0.387765
-8.39414
-8.77828
-4.48513
-3.46637
-2.11566
-1.87393
-6.80414
-5.57575
-6.8901
-2.9655
1.81453
-1.27775
-0.774121
-3.41665
-5.71762
4.06617
2.76283
-10.514
-11.5505
-7.28963
-2.72361
-9.06288
20.757
2.33511
-10.2906
-1.9656
-12.1896
9.68234
4.1206
6.60559
-4.37177
-1.55451
7.84996
4.28655
1.21846
-0.970963
9.09209
4.79266
2.04972
-3.23877
-2.63229
2.11666
-2.67079
0.92173
-2.26937
-6.63003
-5.69126
-7.78114
-11.7406
-9.90821
-6.06216
-0.192432
-3.1317
-1.88677
-5.22794
-3.27091
0.803213
4.11775
8.62963
6.96547
-0.366287
-6.8315
-0.26207
-0.527751
-7.81379
-8.32713
5.23179
-3.2872
-1.19808
0.979223
5.98046
8.75571
0.817508
-11.9893
-11.197
18.5576
-15.1694
-5.43366
10.6332
-5.75079
6.20899
7.63018
0.652968
-0.173442
1.87164
11.1091
5.21995
-4.50614
-9.80997
-5.28639
1.9601
-5.47694
-1.74753
-5.30636
-1.51981
2.78347
3.53239
10.0024
7.09987
8.35458
6.26191
1.68823
-0.840782
-2.70316
9.65914
15.2366
13.5413
5.84489
-4.06473
-2.4905
1.16607
-4.86554
-6.29356
6.99767
5.4372
-3.26055
8.56747
11.7258
-23.4044
2.50935
12.0366
8.15394
-19.1374
13.4807
-17.0249
-16.1908
21.4886
-6.35067
-1.92676
5.42782
2.6109
1.28922
-6.68111
1.66296
14.1999
3.42757
-10.1831
-11.6361
1.21947
-2.47599
-2.38836
1.93876
-4.14818
-1.8479
3.82968
7.0263
10.0141
7.2522
3.92573
3.82181
2.5066
-2.17298
4.90113
11.9963
8.16265
4.17646
-0.834786
-1.68935
-3.57637
3.07486
4.02794
2.67475
-2.51286
0.509691
0.663828
8.23533
-16.3225
-3.65678
-8.22008
16.2559
-1.44728
3.70423
0.482637
6.53326
7.78645
-6.79909
-9.2321
-4.33004
-3.83924
5.96394
-3.72334
-2.89085
3.31876
14.3638
1.08585
-9.82547
-10.8148
-4.21016
0.934091
4.83923
-7.63751
-9.66795
-4.79929
-1.12821
0.408441
-0.544936
-3.4487
4.98593
-3.16777
-2.30747
1.60453
1.66458
-1.74939
-1.02537
-4.46536
-4.73138
2.14481
7.37572
-7.25826
-1.00555
2.46926
0.235915
-10.1814
-5.04178
0.317839
-3.3717
-20.7937
2.3113
11.1982
-7.55614
1.28765
18.5803
-13.2701
-0.93107
0.333411
-0.953838
-12.2672
8.78101
-0.489742
-9.15033
-2.54918
1.97651
7.60887
1.40966
-5.92977
-4.58042
6.22786
6.83016
-3.93682
-4.11978
-1.87468
0.225527
5.26446
1.88104
0.742488
3.96982
-3.53448
-5.52053
-4.45593
-9.37493
-2.62659
4.44861
-0.824361
1.68492
4.30561
1.85093
-5.17524
4.06348
2.19457
3.24673
-3.95539
-7.85639
11.2976
7.49043
0.677307
5.5024
13.1841
-14.1443
5.27749
3.34118
-19.6277
9.87523
11.2399
3.45493
-14.6359
0.390969
8.49043
-0.530742
-11.1256
-3.03684
2.37714
1.83904
4.2094
1.44135
3.1237
3.52559
-0.290984
-2.20937
-1.30702
3.6655
8.97831
0.0996968
-4.90073
-7.19993
-6.44081
-2.3873
-8.47884
-0.467397
1.38419
5.29008
11.1997
6.44898
0.736677
-6.66308
-4.0831
1.63245
2.2105
7.36475
5.49826
3.40607
0.58712
5.43628
3.68131
0.103757
15.0817
-3.68089
4.45812
-7.80553
-10.5534
12.8928
13.5832
4.26285
-7.62764
-0.977515
0.828662
4.13887
-2.8019
-2.15252
1.47217
-5.09679
-1.01867
0.653246
2.75479
0.0815142
0.475105
-1.38245
-0.581594
4.79097
2.73571
4.21915
-1.68436
-6.02841
-1.19999
-0.437171
-1.6881
2.959
4.43087
9.57778
5.78457
1.56794
-5.35067
-4.52179
-1.65196
3.7474
0.635823
-0.0373435
4.73121
-0.634715
-2.48703
-2.29583
-0.610264
-8.99014
