4.33706
1.79507
-0.379537
2.55207
0.215897
-2.77294
-6.90918
-5.42776
-1.4033
4.50411
1.40526
2.49366
1.29578
5.89538
9.63964
9.43759
4.40784
0.146301
-2.27338
1.33819
-1.1554
-4.56564
-3.12226
0.778571
0.981906
-0.810018
1.12922
2.18992
1.40639
3.9107
2.34408
2.96952
-0.147494
0.922578
-1.05156
-3.72539
-1.10668
1.43076
0.13132
1.44268
-0.45957
-4.67202
1.06058
-2.00168
-4.53342
-6.73125
2.13431
-0.127542
2.36482
-4.57426
-5.09068
1.55391
-1.33357
-3.48178
-1.722
-1.89077
0.635901
4.82474
1.41182
0.0589338
-6.63418
1.03228
9.04136
2.84161
-1.65276
1.94031
-1.42019
2.39345
-2.3699
0.928445
-2.03926
2.35279
3.34601
-7.64732
-6.30998
1.85777
4.24247
2.62176
4.01411
2.40757
2.44682
0.677838
-5.83566
-9.58412
-3.77524
2.30294
-2.9146
4.163
1.06846
-5.70608
1.62877
3.23981
1.88815
-8.26167
-1.14906
6.53078
-0.077604
-5.47765
-0.819495
2.77639
-0.101812
-0.455478
7.44864
3.82949
-1.30731
-2.57582
-7.4137
-12.2991
-11.0947
-3.27944
4.59986
3.89864
-5.25898
-0.528792
5.07506
9.24754
1.69772
-1.49169
-0.0336247
2.85284
3.60314
-2.46143
-0.558068
2.70561
0.531148
1.46074
2.453
2.21618
0.631813
2.27178
-5.3192
-11.3412
-3.23527
0.0224824
-0.410378
3.47332
1.98603
-0.183404
0.937858
5.70391
8.3894
-2.09088
-2.5876
6.71484
-2.53225
-2.5794
3.01955
5.58461
-7.45608
-2.18752
6.46672
9.84011
4.89347
3.11396
-1.66068
-10.7988
-4.3481
-0.550122
0.957793
-3.00525
-8.57637
-0.257871
5.70861
-1.18414
-7.16294
-7.7218
-5.11634
-1.10863
-0.0950606
-2.20954
-3.63071
-1.6542
1.20699
-2.95846
-5.10053
-2.39521
1.81458
3.08252
1.74594
-3.97541
5.19171
6.13571
1.88931
-2.67291
-0.630751
-1.12479
0.970381
6.56558
11.5114
1.79922
-2.74237
5.03308
-4.03639
1.48386
6.59126
3.54345
-6.54584
-7.89178
3.43062
12.8454
6.84558
1.14799
4.81761
3.30863
4.42198
1.77583
3.66049
1.6109
-2.91206
1.21509
3.6245
4.2109
1.44212
0.210708
0.0878703
1.71759
1.94246
-2.00341
-3.69768
1.37387
4.8754
-2.83684
-4.96763
0.32912
6.0294
5.98096
2.81406
-2.49005
11.0924
9.22153
0.393987
0.134345
-4.26411
-6.9342
-5.57505
-0.698598
5.23017
1.9505
1.21957
5.39849
-1.50569
6.44301
10.9851
1.47756
-6.1751
-9.94719
-1.94788
1.54907
-1.70537
-5.01316
2.04475
8.61264
4.48174
-1.83426
-5.64965
-4.55578
-11.7392
-2.85536
1.89038
5.38717
1.8197
3.50621
1.15906
4.12222
4.6821
-2.38711
-4.94385
4.02657
6.37768
-1.57059
-5.00156
-4.77354
7.02398
2.23116
-3.31248
-6.05514
-0.80803
3.05884
-3.16442
-3.94046
0.118545
-3.32128
-8.72029
-9.34713
-6.78283
-1.22679
0.0543936
5.01556
-1.48548
4.91173
3.43361
-6.43524
-7.49834
-6.28026
-5.27543
-1.2724
-6.22554
-7.67463
-2.73198
-0.299111
1.10524
-0.171373
-3.92649
-5.19449
-2.50302
2.76327
0.754034
-2.77796
-1.98625
-0.968732
-6.11335
-3.60822
-2.74261
-3.93998
-2.66366
4.84
13.338
2.37969
-4.37032
-12.1642
-5.61444
0.510845
7.80244
3.72811
-3.51019
-2.07216
-0.756968
-2.62367
3.09978
7.95767
8.81087
-2.30912
-9.84557
-1.38651
-1.37511
4.2863
2.30938
-2.14812
-4.30873
1.73592
13.0932
9.15408
-0.479127
-3.34784
-8.37393
-2.47509
1.95933
-1.63636
0.31169
5.13663
7.88662
1.78324
6.75217
10.7738
9.33938
5.2723
2.75015
-7.61675
-13.3187
-6.67471
-4.18845
4.10414
3.49385
5.39638
11.516
1.92734
-7.64844
-5.94794
1.90995
12.3489
16.1449
9.82628
-4.87294
-6.73744
-4.19281
-4.54447
-6.09453
2.8485
7.07908
10.3957
9.04983
4.20263
-2.80787
1.69465
0.462439
-7.98546
5.67035
20.3541
12.774
-1.12762
-4.91432
-11.0501
-9.50279
-0.57381
9.44631
11.0163
3.7395
1.91896
-1.81706
-6.84142
0.157243
4.95265
-5.07977
3.19471
2.51109
-7.52359
-14.1631
-11.2219
-3.4639
6.05989
2.78412
-4.02233
2.13613
-3.62719
-8.70415
-2.15117
-4.12247
-2.31312
5.06722
-0.521058
1.06663
2.55435
1.48529
-0.330027
1.28384
-4.66359
-3.7268
-0.631378
1.83322
6.04257
-0.516214
-1.78045
-2.76534
-7.30315
-1.27346
-7.30457
-5.92809
3.48033
-0.848565
-0.732735
1.23165
1.23822
10.9112
6.55713
5.50518
-4.57718
-8.24868
-9.76564
-8.47233
-0.0195528
-1.06405
-1.03705
6.03484
1.94535
-5.46475
-4.82698
-1.87629
2.96113
6.83466
-1.7392
-0.665553
5.88153
9.05581
5.46169
-3.46816
-6.18687
-3.62584
2.95441
2.10365
-2.86703
-5.37349
-4.97578
-3.71008
5.28443
1.84337
4.47676
-5.58414
-5.00448
-6.29371
-4.26387
-2.82732
-3.5995
-9.59899
-5.72456
-2.57055
5.35423
1.97911
1.24075
1.71174
-1.08092
-1.0982
-3.81898
-2.42738
-2.0643
-4.64707
-7.17676
-3.58657
-0.385703
-2.04088
-2.96075
0.45749
3.96694
3.63286
-1.04335
-3.12952
0.948585
-0.946086
-6.47201
-0.236684
1.70424
-1.54865
-3.11675
-1.13782
-0.879256
1.70819
7.79624
7.39602
-3.0287
-0.865084
-13.157
-7.52002
-0.885643
-6.70379
5.27428
9.43605
-3.68526
3.21018
-3.92864
1.26301
2.85745
-4.0089
1.99295
4.47976
-1.54475
-5.04037
-4.71792
-1.54576
-5.77081
-0.562852
-1.33636
-2.04323
-1.02232
3.59231
12.6231
5.11336
7.05176
7.15363
-6.39626
1.43038
12.1622
4.87163
1.9772
-1.08354
4.30117
-9.57087
-0.616458
1.14944
0.631494
0.0372587
14.5772
9.0515
3.08864
-1.64055
-0.243324
3.06902
6.32117
0.475313
-5.87795
-2.71167
4.55216
9.68299
5.28142
5.99183
-3.43438
-5.24479
-1.36019
8.58143
5.23671
-1.2576
-0.290014
2.5851
5.49578
-1.63934
0.604072
13.893
11.8905
8.65532
-7.35051
-12.5435
-11.6186
-5.51289
1.74709
7.29304
7.40431
7.89514
2.9808
0.465606
-0.145803
3.82917
-4.62354
-11.7036
-9.14695
-11.8579
2.19134
-4.852
-4.83131
1.29769
3.28557
-7.58217
-10.0481
-1.77755
4.80338
3.61693
8.64414
4.97104
-1.91207
4.52096
0.189829
-0.584652
1.47095
3.79649
5.27261
0.850973
2.66563
-2.17146
-1.44028
7.17899
-7.08081
-3.26814
-3.79457
-11.1488
-9.22838
-3.13188
-2.84333
7.22129
10.4543
11.8787
2.85211
-2.1256
11.7868
11.9321
0.861249
-1.42238
-0.145053
3.89092
4.22459
5.90754
6.0348
0.921146
2.74114
-0.691178
6.09467
-7.66617
-15.6261
-5.42366
1.81557
-0.209189
-6.86389
-3.87679
4.89365
2.96679
7.34649
-17.5918
-14.3521
2.72006
7.02126
-4.64836
-4.68213
-1.62191
-0.655392
0.943767
0.912266
-4.83282
0.339425
3.82865
1.12127
1.53862
4.10157
-3.49706
-7.19243
15.8233
-0.0922518
1.58416
-10.0741
-5.08919
1.81226
1.09154
-10.583
7.67816
4.44591
-13.7114
-8.19123
-2.31109
0.861052
2.75401
3.65387
4.08639
-2.64229
12.8886
6.90063
-5.156
-5.73132
0.355895
-2.56649
-4.93091
3.92786
16.1176
6.71755
-13.4078
1.72566
-16.2209
4.52225
9.37118
-3.68038
10.963
-1.26851
3.95477
-2.7035
2.18855
-1.58753
3.88545
2.55131
3.30694
0.310126
4.06503
7.076
-16.0364
5.78191
12.2913
-8.73438
-35.9871
8.79294
4.82073
2.9
2.61707
-0.493046
-11.0347
-1.24309
-2.58929
-9.21043
1.18972
-10.0063
-4.72952
3.57811
-2.14716
-10.5695
9.26931
2.30397
4.29029
10.7848
11.874
-2.85095
4.14533
5.17707
-3.25084
8.80826
1.08725
10.3197
-8.87549
-2.74259
9.46522
-6.24132
-1.44308
6.42533
-5.61779
-7.02383
-3.74973
-0.428413
5.09643
-2.29534
-2.27448
-3.2543
0.49045
-8.32452
5.63362
-4.33013
10.28
2.55005
-7.11692
11.804
4.89724
-9.36548
-6.43618
0.0480083
-0.664667
-11.1425
-9.02133
-5.59638
-7.15921
-7.73745
0.0597554
-0.70782
-5.84547
-9.18956
0.153969
6.02455
7.89811
9.85748
-7.56196
18.1117
5.51937
-4.59211
-14.6992
12.2231
-15.9931
10.8651
-17.3999
4.54809
0.131627
-1.33321
-0.393557
8.15163
1.38705
-0.131528
-6.66565
0.00131797
2.39558
-0.586316
-3.47705
-4.94892
3.77234
6.71632
-3.19521
1.47491
5.38483
8.01982
-2.28055
-6.02194
-5.18122
-3.00795
1.3289
-1.49219
5.70898
-6.124
1.81992
9.45068
-4.51516
2.7546
4.24064
7.01107
1.73734
1.59431
2.26558
5.14604
-3.07651
-13.6576
5.24965
9.34244
1.50687
1.71858
-14.2285
1.14062
12.7328
9.32111
13.8277
7.49873
-11.2458
-10.1443
-13.1194
0.137844
8.99919
5.07802
1.12313
3.43977
6.96672
-2.91076
-6.1346
5.82264
0.0120169
-3.15694
-1.87902
5.98539
2.27253
-0.147596
1.88489
4.66637
2.28008
-0.694479
-9.88692
-4.37382
3.778
4.11587
13.9896
5.88125
-4.71191
5.52958
8.86496
2.41123
4.00752
3.84574
8.44781
0.160811
-7.79974
-9.82348
-1.6769
-4.54984
-6.28449
1.76413
5.44702
-6.76307
-13.5529
-14.3262
-9.94511
0.17047
7.09322
6.75514
-6.06199
-16.3199
0.358124
-1.38773
-0.699768
2.2213
6.3463
3.31928
3.23177
3.71098
-6.3457
-3.19932
0.156829
10.973
13.0491
13.7135
6.96959
-1.23486
-12.6806
-18.1173
-7.90283
7.59399
10.7792
11.1697
14.2691
0.171391
-11.6344
6.22081
6.08085
-2.92152
-1.81838
-4.06496
5.23928
-4.73561
-4.90736
-4.36374
0.577865
0.0587273
-3.54919
-11.7714
-15.1846
-12.6074
-3.67954
6.79285
10.6206
6.6719
1.86186
4.3137
0.541666
-7.68109
0.094681
7.16609
3.60185
1.78749
2.47358
0.891383
-0.96728
-5.70469
-7.41263
-1.48592
1.41603
6.26701
7.45345
7.44465
3.03317
-1.21004
0.366243
0.552914
7.96993
6.08251
7.90779
6.39141
10.9185
-1.39436
-8.84624
6.08924
10.9698
-3.67206
-3.68448
-4.54036
2.39803
-2.18663
-3.81514
-7.14144
-2.68297
-1.17389
5.7752
6.71753
2.18013
1.76594
2.99176
2.06245
-0.619005
-5.42236
-4.78648
-0.337693
-1.78574
-2.55486
-1.02843
1.31819
4.91267
2.35229
-3.1444
-1.33653
-2.09651
-1.07498
1.58157
1.6371
1.03405
4.62373
0.218014
-0.974924
-2.88246
-1.19875
-2.89019
-2.0387
6.72811
4.44643
-3.48555
1.06128
1.3482
-3.01356
-6.17745
2.18267
8.34418
-1.07417
-6.04784
-9.51609
4.59884
0.41429
-4.58447
-2.0746
-2.05358
-7.22999
-3.43833
7.69067
6.79647
3.91296
2.30338
-3.78598
-4.86409
-6.19277
-4.16472
0.387643
3.86097
-5.36093
-7.60898
0.025304
5.30413
-3.57499
1.07199
-0.82165
-7.34867
2.28498
5.05168
4.39028
2.17336
1.20077
-2.36533
-3.40037
-6.07145
-6.79589
-5.39204
0.895808
1.8563
-8.02897
-4.54048
-1.37674
2.50314
-1.0288
-4.62862
-1.69793
9.91005
-3.83711
-7.46018
-8.32676
3.35681
3.29429
-5.59469
-4.04613
7.42022
3.55324
-1.51533
-7.32826
-1.40138
1.38156
2.90522
7.62438
3.54432
-3.5989
-2.93486
1.00499
-1.53883
-8.92638
-6.59305
1.31285
1.56911
-6.30415
1.74956
-1.71442
-12.6088
-4.88301
3.94603
2.40387
0.781573
-5.02782
-3.10641
-3.12692
1.81696
1.49669
-1.24957
1.91452
-0.838095
-1.0832
-1.22991
-6.65283
4.33128
1.31627
-5.97947
-0.448576
7.50429
-0.764526
-3.24155
-6.60916
5.94959
6.43633
-3.85848
-3.8469
3.78547
8.71327
6.2867
-1.37327
-4.02349
-3.84263
0.846476
3.91957
1.63342
0.13478
3.36062
5.74959
-0.0992998
-2.31045
3.57629
-0.678409
-0.907816
-6.66127
-4.19638
0.632881
-6.45583
-3.54941
2.83857
1.87545
-3.32156
-3.27551
-0.0659974
0.243591
5.24343
2.39771
3.28819
3.52575
5.99949
-1.07487
-7.77266
-5.17785
5.2231
0.725008
-8.37578
-5.91969
-1.51009
0.98257
-2.88042
-7.29985
5.60342
7.81542
4.31346
-5.06878
2.84811
8.97575
7.735
-1.68177
-5.62991
-2.75167
-3.03272
0.548297
0.0854432
0.284871
4.69739
8.42814
6.86466
6.35402
0.10194
0.0195617
-3.06887
-8.59032
-4.15175
-2.02213
-8.07108
-8.74521
6.07416
8.56505
1.53028
-3.6199
-6.37062
-3.53788
-2.69359
-0.0295224
-3.0448
1.61082
5.37583
-5.55069
-9.86578
-1.17907
8.41571
-2.47294
-10.3486
-3.35241
-0.138626
2.93468
-0.778151
-3.72538
1.5539
7.30787
5.24872
0.925809
6.25637
-0.51737
3.97354
-5.75355
-11.8458
-7.84327
-3.22248
-5.37195
-2.63243
-1.45378
-0.147484
2.98999
3.64046
3.40166
3.80515
4.66125
-6.76833
-7.7848
-5.05944
3.49283
-1.76141
-8.08197
-3.10063
0.998933
0.971609
-0.322295
-1.1682
-0.303963
-0.113344
-0.338204
-2.36484
1.98723
-1.5577
-7.15084
-6.44697
2.66218
15.3818
3.15169
-5.95503
-1.53787
-7.65973
-0.10828
1.644
-3.61499
3.8688
5.9786
7.28852
6.64224
4.93366
-0.0715891
-3.53495
-2.70878
0.18091
-2.05786
-0.147391
0.806227
3.06697
-2.13165
-3.61298
3.66658
10.1712
5.8075
-2.81318
3.59757
-8.97845
-2.11055
-6.07718
3.18619
4.20021
-5.17759
0.0700107
-1.50337
3.12268
3.99408
2.46732
0.878088
-4.54828
-5.72238
1.33684
12.2611
9.82724
-5.54954
-8.93646
4.40488
9.65706
5.45372
-1.72386
-2.56413
-4.28654
2.67396
8.77644
-5.32695
5.62195
6.61751
8.57043
1.59632
2.74763
-1.66427
-5.08107
2.54749
2.1706
-1.01784
2.67338
5.21402
11.6137
12.0908
7.13639
0.126176
-1.32223
-5.00538
0.193049
6.1705
-5.04383
4.91321
-3.61278
6.19893
0.167228
-3.25732
2.53649
8.17142
4.81427
1.99842
1.79235
-1.77213
-4.38554
-6.30243
4.86776
11.6526
2.45784
5.63427
-14.4713
-5.80199
0.379081
0.145004
-3.32587
2.0141
2.85922
3.43546
9.2233
11.2539
9.19439
2.20703
-0.237689
-4.23647
-13.2465
1.27293
-1.50916
-6.11191
3.26585
-1.44384
-7.65336
1.23056
5.58892
6.62064
-0.0217237
-4.36661
-2.05559
2.7666
7.27939
7.4866
0.703912
3.04279
-2.72075
6.40233
5.75873
-0.487452
-1.32962
0.761506
3.8799
2.02361
0.669222
-5.67393
-9.86525
-1.65456
3.14786
4.28224
10.1025
3.43073
-17.7554
0.888303
-4.13736
-7.10005
-3.54635
-3.72631
-3.96404
-1.19008
9.81093
3.99956
-8.91423
-17.2849
-8.97832
-0.693777
-0.753231
-13.1844
8.12032
-0.111413
-0.80559
2.0064
-4.32162
-3.21737
3.70928
2.98012
5.40281
-0.132764
-3.36256
-1.3243
4.01044
6.11246
4.50716
5.42904
-4.76404
1.82381
7.05648
0.540711
4.35991
5.31864
6.45942
4.28311
-3.7571
-10.946
-8.00384
2.00657
10.2974
-0.971607
5.14702
4.39447
-3.46371
9.16306
1.80564
3.70783
9.16766
1.56372
-5.0017
-6.90225
-4.87156
0.131956
2.65558
4.63692
-0.839376
5.58046
6.28956
-8.74007
6.06394
1.42341
-7.49203
-5.46451
-2.1459
-4.0168
-0.485914
1.85577
1.22255
-2.2909
-10.2148
-2.87512
6.01809
-0.0081026
11.6731
10.5975
-3.25094
-2.36706
-3.18711
-0.466272
6.43381
7.13041
1.95835
2.39308
-1.95996
-5.47001
-7.75357
-5.72345
-3.02262
-6.67232
1.64951
0.782477
-8.57306
4.06541
1.10661
-3.24134
10.005
-0.852132
-9.05762
-7.17844
-2.33375
-1.07565
-5.61762
-10.8717
3.28238
0.497847
5.95986
-9.14925
-5.85435
0.872966
-0.608918
1.76027
1.8863
-1.88385
-4.46402
-7.9831
-6.02056
-7.6732
-10.0599
-3.19187
4.39985
2.99717
16.0425
1.9729
4.38688
3.3085
-6.17793
-9.62004
0.427716
5.60534
-2.7317
-0.416594
-2.45035
-4.93672
-6.02874
-1.807
-6.67776
1.34288
5.14289
-5.52648
-3.73935
-0.0134658
0.507948
-1.93529
-1.0928
0.291125
-1.54037
2.77202
10.2477
14.4149
-2.97147
1.06663
9.64123
-6.20685
-4.4756
-8.35473
0.187519
-1.35456
0.28487
0.269443
5.00657
9.77607
7.01611
3.78699
-3.47178
-3.50614
1.8743
2.5731
3.54758
-5.1593
10.0153
0.692017
1.14703
-0.436427
0.00958321
-4.28837
1.72811
4.37509
2.18171
5.01024
4.5441
4.60299
2.9636
-6.21007
-5.85708
5.13866
0.780604
-10.0985
-7.61434
-2.11656
5.74029
4.14425
-8.65636
3.66975
2.32855
-2.98977
2.73098
4.72179
-2.16242
-8.0232
-4.20225
-0.340218
-1.11707
2.61253
10.3597
5.83684
0.344263
2.25255
3.55565
3.25868
4.07637
1.63521
-2.52809
-3.09194
2.53389
-0.643141
-6.55965
-10.5768
0.688879
-8.87562
-1.91966
-4.91026
5.76298
2.06079
1.44403
4.87173
5.2375
2.01604
2.93218
7.10155
-1.03749
-7.99962
1.43285
-0.841462
-2.9679
-6.42131
-3.5087
-3.57468
8.7749
7.0715
4.39868
15.587
13.6622
-10.3784
-8.2535
-1.02019
-0.847445
-3.51742
2.92438
6.37568
-4.90591
-0.00380535
5.77806
13.1944
8.64683
-2.35801
6.79466
5.38573
1.16508
4.5943
-1.53244
-3.19203
-5.56157
-4.55758
-9.44349
-3.66222
2.07965
-9.43137
1.29963
3.31216
3.86382
-1.07854
-2.09084
-0.141539
-2.80967
0.77259
2.18649
2.67318
-7.34566
-1.93881
2.20331
1.6714
3.69306
2.75466
1.23813
5.77757
3.4995
-1.34944
1.8643
-0.277049
4.26653
-2.20616
-2.29306
-2.23272
-2.9828
2.42845
5.22911
5.55143
-7.96218
-5.42026
-0.569103
8.6903
12.7786
-2.40782
-6.27562
4.79908
2.61481
3.58962
-1.59759
-4.4232
-8.08885
-0.613486
-8.01951
4.04415
-3.52856
-10.7485
-3.12464
-1.68511
-2.72194
-0.798196
-4.76045
-7.01511
-2.93331
1.46548
2.01565
-2.45288
-4.01039
2.64547
-1.90381
0.595645
3.88791
2.34987
-0.721814
5.04334
6.87369
-1.05087
-3.227
-4.43343
-6.64508
-4.84411
-3.70152
-4.54747
-3.77762
-3.95492
-3.23771
-2.79825
-3.49657
-4.90759
-7.81231
-6.1084
2.37785
6.93552
-5.98634
-4.47174
1.06855
-0.86776
-5.6993
-3.17999
-2.81973
2.81637
-1.71714
16.8121
-4.50359
-8.61368
7.36326
1.79207
-1.33293
4.12571
-4.79014
-8.68284
-3.28429
-4.87888
-1.98576
3.51829
0.403831
-1.28283
-0.77473
4.9224
-1.17234
-3.75615
-6.06687
-0.915431
2.53749
0.364501
-1.05378
3.61008
-3.77827
1.21254
10.4542
13.3093
3.93497
0.550676
-4.55597
-5.66832
3.10974
-1.53361
-2.34997
-6.72667
-7.71456
-5.84355
-0.68049
-0.597569
1.55297
-0.0807289
-6.11173
-4.87111
0.239675
10.598
10.6665
18.8055
0.100538
-9.13746
9.50077
4.05145
3.38031
5.15261
-3.22404
-7.74236
-5.70471
-3.16874
4.78722
-1.86191
-4.151
-4.39573
2.15575
2.12364
-4.89716
0.484997
-0.474589
-2.03228
-3.53612
-8.62548
-9.41017
-6.10772
-6.64655
6.51587
14.6256
4.70966
-4.74972
-4.83616
-8.8406
-7.68618
0.297941
2.91958
3.21982
-0.238393
-4.75482
-14.8317
-3.0561
5.84189
8.81866
5.29598
-5.03972
-1.59375
2.08083
7.17464
8.53751
7.76835
3.35925
-3.09136
5.79522
-8.56798
5.88633
2.92507
0.253896
-0.732028
-0.443405
1.97575
-0.939793
-11.4837
-10.3369
7.33482
22.8839
13.4229
1.32746
8.48525
4.11167
5.0982
6.15136
-1.13952
-4.91316
-7.73421
2.16792
8.69059
12.1762
8.8372
2.49765
-7.07594
-2.96138
-3.02085
-5.51606
2.3068
3.09567
1.32584
-0.0138023
-8.8283
-2.16726
8.57358
14.3346
8.71975
-0.341269
-1.47859
0.258806
0.42092
5.31927
5.7122
7.78015
0.480267
5.92053
-17.0647
10.3508
-1.97957
1.48143
6.13818
4.77673
1.1138
-1.83701
-7.31347
-12.403
5.74385
11.8991
7.29323
-6.58941
-1.93213
2.62653
3.21499
2.84475
3.27248
-5.48644
-12.95
-8.11266
8.58183
5.0801
2.58409
-4.53999
-9.44412
-2.48496
6.68353
10.533
8.34873
-3.44214
-0.666276
-0.186232
1.33199
-4.01488
5.90858
10.1978
5.89883
0.0559812
-1.72322
2.85907
-4.61562
-2.4237
-2.27817
6.99659
-2.61418
10.885
-15.1919
1.44741
-4.12092
0.103402
8.99245
2.62489
6.2094
4.76509
3.8159
-9.99321
-6.62476
-11.5742
-10.2469
-16.2632
-2.57351
-4.89152
-3.1648
-4.46559
-0.895009
11.9315
14.4245
3.45023
4.17309
1.42036
8.10363
2.24099
-4.19384
-7.83798
-10.9101
5.45504
17.4821
8.49007
-0.568607
0.551823
-4.96475
-10.9593
0.668963
6.0693
-2.6786
-6.95339
1.56304
6.07128
-3.7992
-8.36044
-7.43451
4.80606
9.00036
3.75365
-4.11377
-6.87961
1.43817
-3.38559
5.24456
1.14183
3.28041
8.53486
13.5725
7.85676
13.7184
-6.18261
-7.35219
4.87708
6.64239
0.459217
0.68004
-14.486
-15.0417
-2.1109
1.52847
11.551
-4.55073
-2.09658
0.64978
-1.74238
-2.82679
6.46931
4.41355
-5.80038
-7.98798
-3.50595
-4.14621
8.36311
18.2862
1.87405
-3.24955
-5.70389
-4.56992
-8.21703
3.62411
3.26119
-7.32082
-13.438
-0.649985
1.03922
2.72458
-19.7552
2.50336
-4.56451
5.05757
-1.81048
-2.97485
-0.0300217
0.308666
4.5012
12.3439
4.72025
-2.128
-10.4267
3.62991
17.5456
7.85626
-4.7171
-3.36942
-3.15657
-0.282526
-9.34528
-6.58162
9.28899
0.131971
-4.98782
5.2907
-3.74203
-0.446873
10.2469
3.46307
3.13886
-4.68528
-11.445
-2.75205
0.113778
7.52076
8.31367
-1.59488
-8.55293
-11.4731
-10.231
7.37722
-1.30344
-7.44695
-12.2835
3.88181
4.54989
-3.25724
-20.4961
11.7417
2.49531
2.87793
-2.32951
0.648696
-5.51301
-8.18097
-1.62853
3.22234
6.79219
-10.203
-5.62479
0.460251
-8.49152
-16.4238
-19.9547
1.60112
0.305756
5.20322
4.02674
8.19603
5.91436
2.96696
-5.59805
-2.3385
-6.73419
-6.16757
-2.94411
0.771239
0.767638
9.89598
15.9613
12.9645
-6.38839
-18.0794
-4.01729
0.562946
-4.57526
-16.835
-6.02018
8.4984
-5.82329
-5.1966
-7.411
-0.575352
-5.65963
-9.60277
-1.44506
16.0521
6.24584
-0.0807116
-7.81594
-0.683168
-1.51176
-7.59865
-7.64946
-2.19868
3.24458
2.63831
10.6967
11.9762
7.77868
-1.68206
-3.60599
-4.29715
-4.48952
0.0658728
0.750851
0.729636
0.990067
0.907211
-2.53014
-11.6326
-5.18047
1.42135
-0.672019
-3.18714
2.01023
-3.8635
0.584929
2.54641
5.11623
-6.66357
-5.36571
6.2034
0.558004
-9.17761
2.72944
3.349
-3.52036
10.023
-2.62918
9.15903
-4.15114
-14.0579
-10.0031
11.0734
-10.4401
-4.62473
3.68134
-5.71013
1.76612
-4.49488
-8.43112
-2.82429
5.61644
4.6574
-6.48352
-4.35455
-3.37005
0.0265824
7.89183
11.0189
2.5462
0.850231
1.21654
1.96175
-1.60145
-0.349581
3.43405
1.66752
-2.61354
-2.39566
0.289208
0.869341
-1.99766
1.28025
-1.64016
-8.1002
2.72919
-1.24757
-2.53386
2.89384
6.11708
4.89738
1.54093
-13.8038
1.6894
10.0714
4.00174
4.75238
18.1495
-2.99524
-7.46688
5.2048
-5.64447
-5.05754
20.0941
-13.7953
4.98254
3.40557
-4.50379
0.236276
4.71917
-1.17205
-6.20719
-7.47748
-9.31857
-5.90439
-1.17701
3.1798
2.18484
-4.29594
-3.01634
1.42928
0.0862593
2.01405
5.49538
0.902149
-1.75699
-1.57527
1.22942
3.55478
1.83961
1.56712
-6.42092
-7.82541
-4.5089
4.78983
4.14734
2.60738
7.77272
12.1322
-2.31859
-10.6616
13.1623
-6.00343
-2.1082
-4.85127
13.7791
-12.2182
11.955
0.163787
0.727358
-17.9467
21.1236
-10.3397
-3.35398
11.7271
3.01608
1.18932
-3.90623
1.86632
0.889736
-4.37986
-6.91344
-1.951
1.82219
1.01522
0.340322
-4.75776
-6.95652
-4.27926
-1.03755
0.697254
2.7646
2.15777
3.53037
1.61799
1.38567
1.81011
1.97888
1.3293
-3.00677
-2.72546
-1.33593
5.13895
5.57385
4.46594
3.72593
4.73567
0.544203
0.402766
3.98051
-3.01854
-9.57681
-10.5557
-6.65351
-4.10509
13.1902
6.01521
-0.499941
-9.89224
5.8276
-3.84856
-2.77292
6.98523
3.99206
3.50566
-1.94379
-0.906149
-2.13276
-5.51797
-9.24398
1.39633
1.71309
6.51257
6.62212
2.50155
2.95426
2.73436
3.09139
4.1709
7.97413
4.93822
2.84611
-0.253104
-4.38138
-2.03331
-1.26732
1.1557
1.46786
-1.65258
0.161096
8.20904
5.77865
3.93654
1.69706
0.484789
-0.475695
4.15881
2.75285
-9.64827
0.601606
-4.4571
0.471974
8.47537
3.00275
-4.13659
-0.746423
8.90237
3.08724
-6.86911
-4.3626
-3.07583
-2.17977
6.75457
6.32886
0.819784
-3.89275
-2.45724
-0.875817
2.60493
3.04206
5.5054
4.23177
0.979754
-5.71443
-4.10892
-1.92949
-1.85265
-1.30155
-6.5015
-10.3124
-6.02525
-3.36952
4.42434
7.21432
7.45526
0.971108
-5.85602
0.154643
4.58593
-0.080582
-4.14791
-3.34501
0.667262
-1.86277
2.19434
3.43486
-7.49352
18.2785
-0.916782
2.42451
14.9174
-9.73247
-13.2238
3.79195
6.09569
12.9217
1.26568
-7.46818
-1.94903
-6.17838
3.80795
7.04391
-0.313694
-2.97182
-0.912342
-1.59921
-0.736232
0.243465
5.3748
3.03402
-5.15286
-6.51855
-6.49919
-5.68158
1.28721
-3.2463
-3.65979
-5.90078
-1.08252
-2.70231
3.99428
6.05938
6.76627
-3.42884
-7.46365
-1.15114
-2.02008
-1.9988
-7.78098
-6.922
5.33667
-0.918276
-1.02481
6.93841
6.23803
11.8406
4.49932
-9.4623
12.8196
-9.87296
4.00695
-0.700645
-8.60932
9.23724
5.80887
1.4308
-1.07604
-6.03451
0.160274
0.650108
-3.53667
-5.44154
-6.85698
2.67698
2.75852
6.45206
6.86961
-2.94793
-3.71174
-3.50732
1.16573
3.27735
6.63626
3.65946
7.28514
6.86966
7.30868
7.85348
7.70105
1.31741
-0.410393
-9.10778
-9.38735
-2.58967
1.02412
-2.53948
-3.65295
-6.50677
-5.72851
-3.85686
4.58706
-2.92193
4.22828
-7.3515
-2.74837
-13.1557
-6.83318
-2.97596
16.24
-2.18278
-2.42233
-7.52979
-9.50686
1.79901
11.4778
-1.66957
0.209637
1.84274
-3.4829
-2.53356
-2.39033
-0.646696
-0.573357
5.2484
4.82237
-1.51215
-3.82419
-2.2473
1.13437
7.32234
7.35005
6.99403
-0.00283999
9.19385
7.17638
5.40751
1.76365
-5.05766
-9.23065
-13.0413
-7.05432
-2.91828
0.336802
0.973722
5.23219
-1.83124
-0.0306755
4.60949
-4.90442
-15.4496
-1.25034
-8.95599
5.68067
-1.75665
4.08796
-4.64626
14.7878
-11.2874
16.9577
-5.30359
-11.8823
-11.2431
9.60718
4.2109
-4.15583
1.23692
0.300302
-0.0371051
-2.19781
3.03644
0.812073
5.90463
4.72389
4.76032
1.09581
-4.21336
-6.08489
-6.94097
-10.9612
-7.56819
-10.1997
-5.01384
-5.3517
-0.737444
-3.27134
-6.97566
-6.974
-8.8786
-4.3688
2.09466
-1.85756
1.37071
4.27557
-0.695984
3.44363
5.77523
-19.0046
-4.43764
8.79618
-2.36576
5.58096
-7.09314
4.10157
-3.72419
-6.90629
-4.7164
8.18452
1.97049
3.42161
-19.4938
-0.127212
5.59163
-2.45946
2.63029
3.40639
8.008
1.35819
1.7207
2.12042
4.01436
0.367083
-2.26514
-1.95889
-3.0178
-0.115249
-5.68309
-5.60203
-2.73155
-1.49165
-1.61534
3.34209
-0.642684
0.938426
-0.0431481
-5.59053
2.81694
2.07008
3.31408
1.20772
2.96226
1.78848
3.85098
7.31038
13.0031
-18.1358
5.81973
1.24399
-1.51669
5.63363
11.9995
0.193446
-8.39791
-5.10114
-0.992006
-0.830062
-7.00557
22.1453
-1.19053
-0.949119
6.40302
1.26365
2.46748
-4.74027
6.22248
9.89027
0.412609
2.02727
1.93093
2.32866
-2.70295
-8.54663
-0.917534
8.8605
4.33735
7.48932
9.88178
4.91216
3.75675
9.96621
4.42511
1.47625
1.24786
-0.755019
4.57346
3.85025
1.72477
1.25395
-3.92435
-1.05273
4.68279
9.38347
12.6647
1.68055
12.2607
-9.91623
2.15383
-9.74608
-1.38619
-6.92861
8.40259
6.46222
-2.85681
3.55483
-19.2175
20.5864
0.822707
4.76105
-0.319467
3.26676
4.76372
-5.48222
-7.91826
2.40086
5.36111
3.64577
1.11991
-1.08341
-5.59484
-6.89289
-2.34892
3.87678
6.28602
8.59742
6.44338
5.24134
0.216393
3.69905
1.08179
0.699181
1.08755
0.974408
6.26932
5.98739
0.213182
-1.16308
3.17087
4.16616
-3.28739
1.22378
6.04283
-0.833411
11.5479
-15.585
16.0015
-7.80618
8.45943
-9.86016
5.18565
-4.74884
1.01442
7.19469
-16.7953
6.13451
-4.97257
3.9125
-2.86104
0.672626
8.04907
-3.94668
-10.2507
-9.63199
-4.62945
4.0623
4.13356
-3.40067
-4.49212
-5.60983
-9.4311
-6.51719
0.864574
-1.09672
2.15232
-0.260204
-3.69935
-2.98473
0.946645
1.41877
2.21888
0.319969
2.59924
-0.217988
-9.81196
-5.78193
3.9731
-0.944994
-5.21537
-6.27161
2.35546
-10.0307
2.60986
-0.364019
1.45347
-9.63688
15.3461
-4.27155
-3.77268
-7.91463
1.7174
11.3239
-9.93972
9.48391
0.39851
-1.74955
-2.64798
-5.86121
2.53642
-0.267506
-5.44649
-6.81038
-6.82506
-3.43041
2.97254
2.48708
-0.918596
-1.36292
-3.35706
-4.7289
-1.88827
-2.92797
0.901271
0.819863
-1.17385
-2.22422
0.2145
0.950994
-1.52852
-1.61135
-4.7052
-6.54399
-6.08453
1.04032
4.48655
0.580999
-1.07496
-5.4494
-3.26108
-8.42525
2.73568
6.33896
-0.328776
-5.92209
6.72672
-8.99157
