2.49098
0.599299
-3.61499
-0.885254
9.43361
3.2468
-0.582757
-3.00956
-7.30545
-1.58926
3.16861
0.341182
-0.223383
-1.14701
-1.38223
1.50169
5.66833
5.63821
1.45581
-3.20847
-2.13741
1.54585
2.58226
-2.20544
-2.65759
-0.527113
3.73266
5.93443
1.51955
1.737
0.0173355
-0.491173
2.87327
0.750696
1.87554
5.46919
2.08934
0.940372
-0.257155
-2.0957
2.5959
4.03579
-3.12379
-3.13625
-0.858772
-0.830335
3.85937
4.13173
1.14963
-2.08053
-7.66844
2.4179
10.7842
3.3798
-2.05567
-7.00362
-10.1222
-1.84711
6.83164
5.59962
5.72206
1.4732
-2.07445
-2.94261
1.82214
3.71617
-0.105185
-4.74445
-1.2903
6.08403
1.21034
2.40331
-0.947478
-3.91886
0.448051
3.16303
3.36931
8.30485
2.93703
-3.58142
-2.89484
-0.916252
2.9491
4.91276
4.22882
0.782518
0.32809
-3.31867
0.915243
6.80603
-1.47378
-3.87711
-1.33962
0.708213
3.05658
6.43766
3.60275
-4.57747
-5.31274
4.28983
7.61032
3.75533
-5.05451
-8.76634
-9.52086
-3.3664
6.42311
5.6162
1.47346
-2.17036
-4.77276
-1.44088
5.23867
1.47403
-3.74993
-2.62295
3.92109
6.27478
-2.50502
-2.95158
-1.22695
-8.38495
-6.50396
-2.52947
-1.80248
0.560126
2.74822
-4.40949
-4.51834
-7.0411
-0.738489
0.855713
-3.63766
-1.41698
1.67416
-0.871082
-0.640459
4.00652
6.12178
3.11017
1.09146
0.308307
-4.89362
-0.428794
1.61158
-8.90704
-5.92935
-0.0841455
6.1374
8.14703
-0.196546
-3.70935
-9.35709
-3.35784
4.97112
-0.682665
-3.17586
-5.63187
-7.64573
-5.44346
0.370431
-4.26569
-0.729175
2.69629
0.334835
2.43978
-3.39518
-7.14939
0.0894974
-4.80427
-2.2627
-0.704636
-5.12512
-1.89912
3.43069
3.09797
-2.78603
-8.21612
-8.76114
-2.26652
-1.25572
-3.44768
-2.21311
-5.50103
-7.5697
-6.58925
0.463477
5.08119
-0.077753
-0.974687
-8.97584
-5.24865
-4.13298
-11.2477
-2.50435
-1.38006
3.31562
5.18478
4.09008
5.80677
4.37866
2.34481
10.6189
-3.94276
-8.27975
-1.72242
-5.87437
2.50402
6.69272
6.68108
5.58264
-1.59214
2.19227
-3.95487
-7.46253
-2.70486
-3.09542
1.57948
0.770923
1.46421
1.99755
0.925684
1.30482
7.12133
11.8413
5.46805
-3.1655
3.77719
11.4671
8.87171
3.07173
0.0274587
-5.35714
-5.45368
-8.06256
0.0316818
3.16873
2.12889
-4.10947
-7.32823
-1.98888
0.252737
5.52423
-0.122965
4.23792
1.13359
5.02354
8.1964
6.33558
0.28173
-1.35089
-5.32955
-9.30281
-4.1188
-6.97297
5.82512
9.51136
7.40594
7.31281
-0.534442
6.71793
-0.154587
-5.9139
2.85333
3.20128
3.75739
3.86288
4.35153
3.58264
0.0374733
-2.09115
-1.71057
-5.55388
-3.0619
-1.28016
1.21926
11.325
10.9234
6.7668
1.14167
-0.0264028
-5.94967
0.980396
1.02171
8.9684
1.83274
-0.532923
-5.97743
5.14096
13.7315
3.86005
-5.95084
-6.43585
-7.57885
-3.85706
-0.450849
0.168486
0.63046
1.88498
4.15919
-1.43615
-2.15965
-0.415972
-1.21311
1.64745
-4.36672
-5.40356
-7.81896
1.03213
-1.32198
-0.500628
2.76497
6.20107
4.22546
3.53842
5.14596
-0.613555
-4.32788
-8.37042
-2.78352
-9.55653
-4.82097
-6.652
-6.66612
6.23516
8.37113
-6.84015
-0.657278
0.109278
-5.19696
-1.27187
-0.689397
9.30383
8.59061
0.897461
-2.91897
3.21584
6.28866
-3.35086
-7.6083
-12.3567
-3.99408
-2.25282
5.35154
9.20425
9.82622
6.42161
7.01263
6.84009
2.1655
-3.50447
0.758559
0.826078
-5.54499
-8.46725
-6.64623
0.474517
-4.65407
4.4122
6.79934
1.40497
1.74525
-2.0757
-1.46657
-4.86469
-1.74119
-6.07306
1.67422
-3.01281
-0.396674
1.50376
13.864
6.84718
0.731626
-9.83872
-10.1864
-7.99901
3.04454
-1.70424
1.04272
-0.456789
5.53521
1.51488
-3.09118
-1.88104
0.439913
5.18687
-1.44902
2.22293
0.551363
-2.27183
5.53348
-0.161887
2.1376
-7.70132
-1.6895
-2.83418
-1.75783
-11.1816
-4.49961
0.602622
3.29379
0.0383372
-5.83775
-3.22395
-4.62089
1.26223
8.5127
-0.652793
-0.166898
2.01314
-1.80736
5.12732
8.04785
11.3328
6.94981
-2.9981
-9.10733
-11.0956
-1.87334
-3.50947
-5.90978
-6.81671
-4.91437
-2.09399
1.958
7.1743
6.25192
-2.47007
1.17559
7.99485
1.14053
1.71092
12.0264
3.04498
2.729
2.27845
-6.84164
-5.4394
-2.94047
2.69254
3.74548
-0.308928
1.67255
6.44467
7.29249
-1.89669
-3.39695
2.76785
5.12782
5.9877
4.68905
-2.68032
-7.2633
-0.401541
10.8233
-0.520055
-3.04233
-0.422836
-5.59099
1.30242
6.98625
4.65275
1.52136
-4.16802
-3.01825
6.95905
7.43417
1.54608
4.56274
2.34006
-5.18794
-1.65011
9.54147
10.9984
9.54911
-8.91963
-4.72626
-0.168154
-3.49442
-3.51385
-1.68024
-1.79417
2.53043
-4.26538
-0.674281
-9.25058
0.374521
3.0667
6.94724
6.76007
-0.0465526
-1.9353
-6.46309
-4.78702
-4.12895
-3.39998
-0.226632
9.89891
12.2039
-10.6242
-10.7681
-5.28029
-2.66292
-3.58012
-8.06331
-2.44159
-5.71065
-3.01144
1.89423
4.91809
3.44769
-1.81888
0.952607
1.7998
4.27597
1.12019
5.86623
1.96534
-11.6477
-11.9312
-4.40158
0.0577064
4.38911
-3.44972
-5.5515
0.382935
-1.41653
-6.22443
4.30831
6.65181
2.11734
1.14206
-5.29431
5.39052
14.4007
9.23777
-6.11052
-3.94882
-0.175588
0.78646
-0.520002
0.195136
0.287062
4.38383
3.54331
-1.05568
1.74239
2.78714
7.55707
13.1813
11.7311
4.78793
-3.05245
-6.1713
2.04883
-4.83382
1.22767
0.265579
2.38603
-4.3393
-1.77341
-2.60495
-2.56971
-0.377554
5.95021
-2.43205
-7.57016
-6.72659
-2.13116
-1.83915
1.12512
-6.79016
-11.9263
-10.0428
-3.86327
-1.62177
7.37717
3.08927
5.53284
10.2828
-9.59156
-7.931
-0.73848
1.34095
-5.74674
-5.31865
3.49006
9.71446
1.87392
-6.32993
-3.09725
3.27565
4.66165
-8.22094
-7.00768
-3.82462
5.42566
11.5674
1.07632
-5.67159
-0.97896
0.452828
-3.04057
4.23234
4.30903
-0.226881
-2.29144
-0.808522
-3.11827
-5.04397
-1.56564
1.63483
2.62658
3.03302
1.51819
4.39871
8.24732
11.5256
9.75165
6.22826
6.38029
-1.24566
-2.90384
-8.71369
-5.95066
-6.1415
0.499739
5.95464
-1.20536
-8.11936
0.961302
17.5048
12.2536
-5.5754
-11.3287
-2.7556
16.0853
9.9799
-6.77281
-2.20296
3.92967
-4.25991
6.74528
-9.70784
5.3285
1.08179
-7.16636
-15.1651
-5.08355
-0.798267
3.11835
5.18431
-6.62883
-2.16578
-1.88591
-6.8794
1.82576
9.86517
2.74231
-2.11509
-5.42218
-3.47933
3.22698
13.1339
3.3705
-4.93127
9.48619
-2.08058
2.61211
6.16061
4.69103
1.99522
-14.4088
-10.5521
-2.808
1.94521
-7.55238
-2.2209
-1.07282
0.418178
-5.12742
-8.72381
-3.42609
14.5056
6.5013
5.74333
3.90899
-5.85435
-6.18083
-12.2195
6.79299
0.779916
5.82199
8.20634
0.425747
-4.40284
4.06685
9.9493
2.92849
-1.76322
-6.74537
1.51161
1.71028
7.71278
-8.53654
-7.91494
-12.0796
7.70401
-5.20394
10.7151
-3.9245
-4.02587
0.401333
-10.7684
-14.4812
2.26095
-6.64283
8.44878
5.90802
-1.55387
-10.4801
-3.71273
-0.0615212
2.50172
0.449551
-14.2033
-17.4397
5.92107
10.952
1.83033
-11.8596
-4.91765
14.2276
-8.07907
0.0386347
-3.20518
-0.286294
-1.25125
2.949
-4.88244
0.5573
0.146987
-6.24598
-7.48697
2.59511
5.88929
-13.0065
4.61057
-2.3475
1.6644
-1.41444
-4.05507
0.800479
10.2707
11.9461
-4.79576
-1.32058
18.4773
6.1641
11.2839
-4.30798
-1.13192
-11.6007
-3.75102
-1.67651
1.09817
5.92048
6.03134
1.76185
5.96489
3.72837
10.6146
7.39773
-1.0371
-10.1555
0.0427169
7.78693
-23.3559
1.86118
-2.88057
4.10926
-9.52219
-5.11352
7.99151
0.45516
4.54545
2.08648
-11.394
3.82841
11.0194
-1.42395
-9.2065
4.96305
0.362405
-9.01869
5.13045
-1.02139
-12.3474
-0.57792
7.08389
-0.822623
-0.655787
3.42459
6.67555
16.0568
-4.92167
-19.9597
-6.64524
-4.11849
3.08841
3.9479
3.68169
-1.62315
-3.4707
2.66288
2.00785
0.270336
5.4185
0.127264
0.718354
6.6744
0.345291
4.28217
1.97255
9.96427
-0.878663
-17.868
-9.99438
-1.74131
8.47271
2.64683
5.38846
14.4506
-1.96716
-1.55698
-7.66482
3.41879
8.18126
3.48138
-7.73286
3.77115
2.66123
-4.37266
-3.19771
-5.86125
8.78635
1.62542
-14.275
10.26
12.4011
-3.88797
-8.08227
-1.71252
2.48478
7.22385
-0.915684
-10.9553
-12.9477
-6.52876
0.280804
2.34417
-7.5166
-2.67534
2.79932
1.48395
2.2721
-0.0867598
1.39716
5.42733
5.38647
8.57114
-9.18716
-1.03199
0.0186675
4.80758
7.48893
-1.66433
-6.38259
-6.59891
2.68672
11.3167
-3.42427
-3.59217
-4.91081
4.62487
2.81651
4.63707
-7.58951
-1.41054
1.68078
-1.50734
-1.82442
0.945468
5.19786
0.680569
0.0837174
1.41063
-1.00221
-0.683641
1.32272
3.45737
0.534425
-0.454814
6.90131
0.348367
-1.44138
-1.90197
1.79619
3.28492
-1.65807
1.94143
6.31377
0.790607
1.69537
-4.3628
-3.37504
-4.4354
-6.37771
-1.50091
0.673528
-0.117317
-4.37754
-6.04684
-5.68968
-0.0631614
6.04879
-3.56051
-2.96796
2.84058
-0.285802
-0.374636
-1.28071
-0.580376
-0.491917
9.48353
0.873829
-0.424222
4.42173
3.71247
-5.87002
7.42083
-0.874221
0.146372
-2.81681
-5.76832
-7.30128
-5.43899
4.04923
4.02069
0.108527
-3.38845
1.68371
1.4606
0.257621
2.7041
2.94818
1.51738
2.07627
3.86782
7.28284
0.600094
-1.26615
-3.82564
-4.48318
-8.23489
-10.4624
-9.47972
-0.106625
4.76972
7.94412
11.6766
10.5579
3.24642
-6.64761
-2.6555
5.44048
-0.320566
3.37151
-5.35389
2.66541
-2.34188
0.10842
2.92563
-5.0604
1.35009
-2.26474
5.07541
-7.58099
0.971665
2.17331
-0.252929
-9.0814
-7.49817
0.315635
4.5283
2.71811
-4.42936
-4.76967
-6.75549
-0.765962
0.980525
1.21978
2.19843
5.53771
3.51173
4.24989
0.804203
4.24337
-4.67123
1.87253
3.58124
-5.33322
-3.00579
0.426692
4.78281
9.21437
7.05294
-0.771403
-6.35791
-13.1133
-8.93612
2.14319
8.3179
-2.03447
-2.62102
7.75969
2.98937
-1.63431
-4.70214
-2.04625
1.56569
-3.35144
3.81443
-0.353634
-5.22027
-4.72717
-10.3545
2.76883
7.35661
-2.98504
-10.1866
-11.0809
-1.76002
9.56466
14.0157
13.7757
9.10674
0.601941
-2.69279
0.706607
0.0686836
4.41242
2.22067
-1.13766
-2.22089
4.69678
-7.61393
-5.42232
-0.256255
-5.10316
-1.85088
-1.29378
4.01789
5.5701
5.71435
3.54195
-1.0965
0.338882
5.86796
7.23304
-2.42994
-2.57077
2.83821
4.44822
-3.27461
-5.41753
-7.5025
-1.98488
2.05771
-1.32559
3.28109
1.96078
-9.26437
1.0905
-5.4764
2.9558
7.20352
5.5084
3.07692
2.47245
-2.67042
-7.81948
-8.8539
-8.41536
-6.0381
-3.18244
1.66468
1.58597
-0.536789
0.735056
0.829223
-6.72752
-1.25817
-0.414841
-3.31448
-10.2758
-7.77983
-3.90762
-1.97439
2.76261
2.02963
3.35982
3.06864
2.75413
2.46502
1.9297
-1.92614
-0.0982703
-1.53344
-4.53729
4.47851
-0.575506
-5.19541
-7.25682
-3.63119
0.367555
4.31135
3.60099
2.89021
0.746957
-7.54711
-4.77951
-1.8171
0.69806
3.61875
2.51525
-0.983665
1.22493
7.72611
8.56012
9.34027
-1.04407
-7.85531
-7.5404
-1.16374
7.42844
3.32147
3.67113
-4.53404
-2.36946
0.947896
3.42754
-1.17653
-7.53447
-5.01279
-0.771302
-4.20685
1.79624
-0.785034
0.194257
-5.14956
-7.96206
-3.88954
0.468943
2.08282
2.04884
-2.27336
1.49291
-3.6463
4.27582
-1.43563
-7.421
-2.92365
1.09143
5.61339
3.40708
-0.413921
-1.07977
-4.79966
-6.322
-0.00122624
3.05489
3.21213
5.19546
-0.836635
-4.62164
-5.3759
-2.22842
0.394281
-3.41212
-6.8114
-5.46955
1.09113
10.0973
10.5053
1.64649
-2.83988
1.87778
1.64218
1.62185
8.88737
-2.615
-0.899717
5.80841
9.34322
2.58711
-2.29912
-3.3795
-0.459063
0.737298
1.35252
-0.31233
1.16455
-1.54787
0.704032
-4.60926
-0.248201
1.24601
0.910233
-7.52155
-0.155557
2.89298
3.10186
3.07256
-0.101397
-2.42277
-0.705803
-2.90768
-4.7402
3.34254
0.465681
3.92395
4.12761
3.56647
-4.40879
-4.97914
-2.22439
0.627291
-0.983924
-1.1402
1.20296
11.0108
4.39956
-0.611101
1.73708
-1.54902
-5.90358
-5.19233
4.85909
3.5114
5.00117
4.35081
13.9102
9.44968
7.27662
4.29231
2.19146
0.928278
-1.67716
-1.64891
-3.14176
-8.95997
-5.31369
-6.68761
8.36121
8.68911
-0.984212
-5.89473
-2.35691
-4.46928
-5.78046
-2.63788
-4.06876
-2.90508
3.55817
5.41994
3.83281
4.27292
-4.4097
-6.44397
-1.91229
0.0760906
-5.92158
-0.575485
-2.78185
-0.828455
2.05317
-0.637326
-4.44008
-3.25154
-4.10418
-4.45375
-4.36475
-4.93183
-8.68154
-1.42127
2.98335
2.73257
1.24453
-0.929404
0.501704
0.440186
2.91194
6.22252
3.98353
-0.0310208
-6.30728
-10.2183
-2.53473
0.594509
-8.62399
4.4271
11.3467
6.71178
-0.308059
-3.30893
-9.09551
0.465038
-8.21739
-6.87133
-3.94781
4.77133
7.43928
7.43588
8.14307
7.59314
6.21873
0.733354
-4.57127
-4.29651
-2.69107
-3.65367
-3.69725
0.414085
-2.47584
3.28584
-3.83785
-4.09266
-1.26767
-3.5476
-5.10634
-6.25901
-8.02226
-5.11463
-1.81408
0.986827
0.705946
-1.83639
-5.79045
-1.98413
-4.45847
-4.22022
1.57745
4.51932
2.78812
2.95027
4.39812
1.363
2.44078
3.26657
4.18831
-4.14399
-2.00274
6.79842
9.10119
5.25629
-0.751673
6.30366
9.53767
14.0327
5.6428
4.29252
0.074135
0.683734
-0.204642
3.28798
1.84159
0.681998
4.33556
4.90097
7.02836
3.99033
0.397142
6.95501
6.00237
-1.72019
-5.14497
-0.855748
-1.42898
-4.77328
-8.23802
-2.70684
-3.30186
-0.471977
-5.43482
-2.12459
-0.554784
3.10415
2.19747
1.21519
-1.69432
-4.95981
-6.24249
0.725755
4.1015
-3.10928
1.70534
4.77765
1.09841
-5.9902
-1.6339
3.36219
2.23888
-13.5271
-2.97834
9.2303
-2.8136
-6.98122
-0.595585
-3.6488
-6.26409
1.72482
-3.21062
1.78867
2.56684
-0.684269
0.270138
2.01627
9.11276
11.4916
3.55802
6.03207
-0.425416
-5.32184
-4.64752
-1.89095
0.701841
0.0380571
-5.6248
0.826225
-2.1187
-4.69455
-1.84953
-0.470793
-1.16095
-1.35251
0.019831
-1.84465
-3.24284
-2.44476
0.184542
8.05206
-1.04623
-3.58178
-1.5338
8.87562
4.6977
-0.451893
-5.76545
3.74203
-0.424484
-7.75255
1.16514
6.38234
-4.75444
3.4217
6.82979
-5.42502
-6.94971
3.72797
-6.25132
-0.424794
5.18145
0.211823
-8.49799
-8.77112
-6.31547
0.998906
-1.76656
-5.91739
-2.87327
-1.29907
2.07065
2.26035
5.43323
0.387741
-3.52836
3.3433
0.0444737
1.67111
1.77326
3.05148
-0.753345
0.548232
-0.17353
-5.40524
-2.87247
2.45597
5.45534
4.57945
-1.42291
-6.18993
-6.90589
0.828758
-3.65613
-4.61167
-4.81402
-5.66381
0.710771
-2.32937
-0.636005
-0.375976
-5.26468
1.68699
-1.96693
4.22807
10.5126
8.13146
-6.13542
-7.27345
3.14671
9.36221
5.78893
-5.03771
-2.82787
-1.30067
1.18261
-3.15534
-5.65359
-3.72765
-5.6531
0.772351
6.71243
6.80235
4.67922
3.6193
0.0861695
0.790112
6.10393
9.40517
5.80824
1.59829
1.47905
-0.934336
4.22097
3.0243
7.43991
1.97362
1.61782
-11.5408
-3.49315
1.11736
-5.90891
-1.91324
9.78961
6.80173
-1.09343
2.42588
8.40748
2.20971
8.83811
-0.951404
-8.08264
-11.3983
2.15685
-6.97004
-6.44734
-2.19461
4.17022
6.3776
8.68685
4.20359
-3.20387
-2.16361
1.04551
-3.84815
-1.94894
-5.63449
-3.23132
1.33514
8.15445
8.41279
3.3838
2.72221
0.110248
-0.671983
4.99888
9.79975
-0.491438
-4.16385
-4.082
-1.28173
-4.49979
-2.1882
-1.27337
-1.36406
-2.24479
-2.94072
-0.634292
4.2284
0.614196
0.0680528
-6.55344
-3.09945
5.04789
6.57097
5.02927
-2.33314
5.93955
2.07791
3.21276
-3.00927
-5.49583
0.97264
6.20241
8.86807
5.98952
0.106375
0.719015
1.13788
2.8022
-1.11737
0.851311
2.21128
-0.750252
-5.94943
-2.84078
5.59139
8.68997
5.55637
3.66301
-2.90402
-4.559
-4.30037
4.20406
7.64155
-3.62285
-5.60486
-6.41164
-7.88161
-8.25975
-7.33577
-6.91155
1.40625
2.11743
6.49989
-2.70019
-7.28922
0.625356
-5.02508
-11.2999
0.0473272
7.33737
12.7653
0.596014
-15.0407
-10.7378
3.70412
7.18839
-2.27816
1.23789
10.2101
1.29993
4.68796
6.49654
-6.79446
-4.11725
-1.87843
-3.22716
-3.40562
1.89207
2.951
3.01876
-0.766316
-3.81865
8.14401
3.76167
1.48147
4.98913
9.32479
1.0716
-0.402581
2.0668
5.19556
-3.89926
-5.60648
-4.47817
-1.98795
-1.63684
-3.00784
-2.56112
5.78598
11.4092
8.07533
-4.46811
-7.81998
-3.10863
-1.18024
-3.04148
0.236762
0.715061
-1.88162
-8.24465
-6.54392
6.73588
10.1679
-0.489295
-3.82715
-2.98183
-2.43231
-4.61484
-1.41124
6.28238
5.40173
-2.70182
-4.28664
-3.62554
-2.36538
-2.19032
-1.78478
0.613299
0.900764
-0.274112
12.0775
-0.894943
5.60455
8.35085
9.03964
-2.43446
-2.98316
-2.69615
4.29713
-3.10996
-1.39067
2.67914
9.12655
1.35373
-7.91273
2.52287
4.93677
6.6592
0.0835214
-9.38402
-3.05547
6.71849
9.4857
3.03703
-3.29536
0.213134
-0.0770949
5.7534
-1.70235
8.48631
6.11335
-3.02319
-7.14839
-7.86873
-5.70189
-4.02483
-0.788603
1.16232
1.43129
0.384222
-0.266027
-2.96983
2.39326
1.10003
2.74749
3.04165
1.54349
0.786351
2.51752
-5.63781
6.30867
2.87206
3.58146
-1.73839
-2.79458
-6.51961
2.80896
1.80614
9.22425
11.3299
5.03175
-10.957
-0.386817
6.892
0.284175
-0.836228
-2.91059
-6.39217
0.48211
9.16507
11.915
5.26502
-3.70625
-5.28512
-0.368211
9.72854
1.13158
-0.739535
1.11771
-0.907275
-4.14574
-0.345407
5.04001
2.93968
-0.0104718
-5.42756
-5.32946
-2.4228
2.72514
1.63199
-1.99554
2.09291
0.756281
2.6748
-0.57451
-0.0267541
-6.94213
-9.49688
-3.56806
-5.00613
0.0529465
-10.0036
1.18354
-8.35042
1.47633
5.36393
12.2482
9.15437
-3.24103
-8.93734
3.65473
-5.26469
-9.87184
0.859279
1.15546
1.93422
10.3351
14.9346
9.37802
-4.97353
-7.9617
-8.34613
-4.62383
-1.77935
-1.20978
-2.73302
4.99378
-1.42621
0.171154
-1.76481
8.19454
0.440417
-0.251314
-3.07831
-4.9133
-1.40237
4.81924
2.86212
-4.73239
2.24505
-2.3275
0.894486
4.72766
-0.160408
-10.1324
-5.14222
-9.61282
-3.85566
4.18925
-7.90149
-1.14829
-7.09404
-5.11519
1.8477
8.28399
3.01198
-6.40609
3.74599
12.1081
-6.7841
-5.57221
0.868253
-0.344948
3.07792
-2.09214
-1.99517
-16.3555
-13.9153
-8.38105
-1.94668
1.92463
4.68526
-1.08529
11.4792
6.71534
3.18971
1.49936
-0.751087
2.19612
-0.264188
-3.16765
0.917922
-3.85174
-8.47841
-1.03325
4.23803
0.126277
-6.06175
-6.07598
-3.23475
3.52861
2.52406
-6.96242
10.2598
0.312847
7.11405
4.99101
-7.00032
5.82852
-6.86095
-5.92534
-3.46114
-1.80606
-2.70752
-1.47171
10.662
9.74046
-4.6975
1.12683
3.70359
-2.81282
-1.49701
-1.24131
2.10075
1.96477
0.212756
-1.33795
2.08501
7.47276
4.60086
-1.61147
-12.2628
-12.3116
-4.48497
2.76743
2.07029
-1.65324
-1.53813
7.65397
16.1322
3.88923
-6.57824
-6.67324
1.92908
-2.36415
-1.14986
-6.20648
1.01474
-0.9307
-1.941
-4.36004
14.8218
-1.46566
2.20939
5.23514
-6.36953
9.56505
-3.75593
1.85193
-4.52918
-1.15757
-7.33897
2.07618
10.761
-1.72881
-13.3233
-6.74077
7.13099
-0.626697
-2.70142
2.21633
9.2638
3.20171
5.9211
2.62464
-4.65826
-2.497
1.83591
4.11575
-0.682717
0.897634
18.9002
10.8897
-1.87107
-3.20034
-11.8389
-8.09243
6.38656
4.26195
6.03924
-1.22624
2.39369
3.00681
6.87594
-0.994381
0.741777
-1.68566
-7.24513
-0.118058
10.3763
3.59733
-3.74218
2.51776
-6.59435
3.01388
2.72886
11.1387
-1.10098
1.77159
-3.01003
0.338255
8.23632
-0.0410622
-11.9437
-3.79752
1.00118
1.08701
7.53632
-4.90304
-15.9306
2.36415
-1.71242
-1.5084
-9.38902
-1.39102
1.25677
10.5925
-5.4672
-12.4829
7.79971
3.88633
0.147285
-0.705241
2.15826
-8.01735
-1.64782
2.50723
0.908981
-9.73636
-3.01139
-1.42402
5.18299
7.00772
2.81909
-1.41451
-8.81403
1.82494
6.32767
5.47021
-3.66898
-3.29694
4.14559
4.10098
8.52559
10.7195
2.09924
0.735725
-0.635088
-3.0372
-0.221354
8.52481
1.1703
4.42472
2.29882
-0.942998
0.629977
0.263084
-0.3486
-2.93789
-6.85956
10.0866
-0.930987
-2.96543
7.04318
9.04651
5.21511
-1.38231
5.11523
1.93155
-1.70588
-3.72426
-1.33111
-3.91798
0.89998
4.5728
-1.30954
-4.68672
0.582453
-7.76766
1.31166
10.4483
0.570548
-2.16704
-5.00822
-3.15
-4.10825
-6.18163
5.27305
-1.59613
-6.37422
-1.14292
1.45145
3.88038
-2.3894
-3.75563
0.60959
-4.04416
-2.12269
12.9737
9.6504
-5.94006
0.518014
10.872
9.33518
5.38163
3.12661
0.672974
-8.49467
-2.37688
-7.56675
-11.9853
3.45526
-2.58436
-3.74441
3.10556
6.51734
0.1817
0.804026
2.11755
4.82945
6.75868
0.103035
-4.01291
-9.72098
-5.28503
1.10476
-5.32845
0.992093
5.2338
0.0305281
-1.03324
0.443228
-11.5374
-6.67354
0.876967
12.3103
10.0331
-10.5506
7.33468
3.56431
-1.34925
2.60374
0.657325
0.282726
0.753701
-1.37704
-0.921693
-7.37055
-9.04815
-3.2228
-4.31479
-2.92142
-0.623043
0.642196
1.20301
-1.91503
-0.238252
-0.904881
0.744158
7.92983
0.441041
-4.21286
-7.55753
-7.67202
3.3789
1.7766
-0.734388
-1.79304
4.08309
1.37481
-7.75003
-8.31243
-2.69379
4.95641
0.367295
0.373389
-1.96883
3.88247
1.66039
-1.37386
-13.407
-3.84709
-2.5267
20.6225
2.89322
-1.22719
7.15943
1.38769
-5.25871
-2.96035
-1.98703
-0.949915
4.13633
-3.88601
-7.24964
-4.14268
2.29842
0.163618
-1.273
4.79251
3.8414
-1.89199
-2.36151
-3.07218
-6.41874
-4.01525
5.36717
8.09354
7.49576
-1.81593
-9.48254
-6.54763
-0.882312
-0.158695
-1.23995
-4.47904
1.10412
-0.895468
-2.34168
0.120167
2.22007
2.51226
3.63991
-1.53253
-0.240787
2.29279
2.65831
0.34581
-0.902503
0.866197
-11.2886
1.42703
0.176806
5.50531
2.64129
-9.90758
-0.609633
-0.14317
0.755801
-0.209983
3.41862
-0.811637
-1.95726
4.86648
2.36258
-2.54923
-3.73643
6.28383
11.2941
3.36163
-6.35757
-9.02066
-9.19557
-6.083
1.18732
3.59646
4.81064
6.38439
1.24585
3.8943
6.79263
1.56227
-6.59701
-0.750044
0.178323
2.4358
4.86329
6.18643
2.71061
5.31909
6.71281
-1.61319
-1.39354
-4.14587
-2.74143
-3.81047
13.2164
1.15181
-6.74567
-4.92736
-3.08948
-6.13395
2.30669
-1.18327
-5.01504
2.00489
5.20477
-5.27418
-3.15495
-2.75244
-1.36145
2.98097
-2.44664
0.335639
-1.97159
1.11396
12.6941
13.164
4.00348
-6.97955
-9.26574
-4.24475
1.30686
2.71776
3.07564
9.20852
6.89869
2.31805
-2.32317
-4.30807
-4.34065
-4.14909
-3.61644
0.211162
3.28323
4.04397
4.08023
1.38146
1.86357
1.43657
0.241716
-0.246383
0.479723
0.00451049
3.59569
-1.60257
2.48964
-3.65246
-10.5945
-2.42343
9.89495
2.60288
-7.99239
-2.97892
9.32328
-2.42088
-0.873588
-0.0149518
-4.7037
-3.26106
-1.48525
2.13083
2.04986
4.0129
3.20836
1.28944
-1.64303
-5.61426
-10.9824
-5.9951
-6.92286
-2.25493
0.454623
1.96044
0.85218
-2.2177
-4.82993
-4.95137
-4.8334
-6.38206
-0.770985
2.08785
6.06746
0.860996
1.19854
-4.56011
-0.552433
0.620065
0.942219
4.73063
8.12317
9.79871
-1.80547
10.6787
-2.66502
-1.62537
-8.41111
9.85501
-7.70164
-2.07029
6.31635
2.63889
7.48237
2.61674
-4.33908
-2.62278
-6.19485
-4.6942
-1.22026
-1.3749
0.848329
3.0608
4.11513
1.07879
-1.26581
-2.81932
-0.230644
2.7703
5.75123
5.43261
5.73308
2.37238
5.31529
6.37052
2.70631
-3.33082
-5.94291
-1.53
1.85903
4.51369
10.0059
-0.463531
-5.69193
-3.52894
1.53087
2.59613
1.67476
3.26588
7.39536
4.39447
-11.4386
4.40959
-9.23154
5.46552
4.15895
18.3016
-9.30865
-7.23892
3.22168
2.81234
-5.39753
-2.76275
-0.181213
-4.51834
-2.37356
2.42093
3.71604
0.85891
1.60869
-0.228774
0.46167
-1.53737
-1.32916
2.60668
-0.73286
-4.43828
-0.733865
-0.058795
0.99042
0.753077
-0.524769
0.336052
-1.17953
-1.01522
-3.16427
-1.57522
0.421089
5.59591
-0.959327
-6.27757
-7.439
-1.93293
1.29202
4.69525
-8.51514
-3.66139
-3.38603
-2.78544
-4.44719
-9.22632
0.737202
8.7976
-0.210926
-2.29474
-3.78484
11.0632
-10.7003
9.19849
-6.808
-6.11893
-1.28554
-6.30211
-1.85623
3.62231
5.88718
2.85892
-2.004
-5.62598
-1.33453
-1.69123
-0.370784
-2.48181
-4.69583
-11.3801
-11.3498
-4.24789
-0.158908
3.02406
-2.47875
-0.84525
6.13421
3.38173
-2.12397
2.30964
-1.51765
-0.0407987
-4.28641
-6.871
-1.92707
0.603466
5.35205
4.44292
-2.83935
-14.0634
-7.94082
0.500232
2.75023
7.45921
-3.34813
1.90015
-14.8692
-3.88064
-1.92509
14.9149
-18.6794
2.64398
5.99417
1.77707
-3.4933
0.550475
2.32798
3.84139
5.47635
0.310178
-1.99069
-4.45395
-8.20644
1.72309
4.72188
1.67397
-1.34429
-6.41825
-4.53445
11.9272
15.3865
16.6367
9.45966
1.8137
1.65291
2.47997
2.32672
1.16776
-0.309169
1.20628
0.0685749
-0.277191
1.79654
5.23504
2.22804
-0.155762
1.60732
-11.1018
-1.49614
6.29036
-1.8207
14.3564
0.612918
-0.0131888
-4.7977
11.659
-7.11572
5.38448
-1.58486
-5.12188
1.89731
10.5195
1.10683
-1.15499
1.53012
5.80632
8.23049
-1.75203
-3.44204
-3.91758
-3.99244
0.967665
4.17791
6.24689
-0.127062
-6.30266
-7.25714
5.01114
9.61692
3.85697
-1.02198
1.49338
2.6495
-2.78278
-6.50303
-1.25605
2.8496
-0.973948
-0.342107
-0.367928
-0.403416
1.11188
-6.48522
-5.55219
8.41736
4.08963
-0.623907
4.4254
-10.7298
3.45479
1.05827
-2.93106
10.823
-0.177861
-5.52543
-6.7983
5.81927
14.2516
-8.5165
9.53594
1.03115
-4.43369
-5.76478
0.0422682
10.6418
-0.876484
-6.78867
-1.56775
4.32018
2.01364
5.82139
0.185127
-1.42757
-5.72369
-5.10662
-6.11684
-1.57935
-4.03874
-7.6029
-2.73648
0.0829187
-4.4611
-2.56777
-2.90154
7.15519
1.65491
1.25346
0.604331
0.241602
-4.21122
-7.9806
-1.2164
9.86818
6.45553
2.41503
0.0305601
-3.94293
-9.75479
-4.9317
-12.2584
12.2944
-15.9434
4.64515
0.711755
-6.0825
17.5038
-2.02385
3.77996
-5.30727
-4.48126
-7.86649
1.72946
6.88128
5.86338
-6.19044
-4.1359
3.35186
2.33032
8.56882
5.88547
3.57212
1.43889
3.31896
3.43515
-4.01108
-4.2353
-6.33853
-5.25182
-1.87205
-0.619008
-5.0275
-3.22182
2.92678
4.7036
-4.18797
5.04741
-3.24533
0.709671
-3.97924
0.932701
1.97899
-4.57349
9.65884
-0.851438
6.81148
-4.08344
8.7408
-2.47595
7.22929
-2.78927
6.24971
6.66861
-7.19354
-4.09802
-11.0644
2.24809
-3.92531
-7.05623
-4.54539
0.889564
8.53355
4.8207
-3.43737
-6.72136
-4.64125
1.76138
6.83598
5.82511
5.70351
6.04326
4.07944
0.0172472
-1.80093
-5.9916
-3.57295
-4.47991
-3.67322
-1.31422
-0.901193
-0.307808
-2.73837
-3.73469
3.84206
1.1531
-1.91906
1.71186
-1.31283
1.41443
-3.18111
-10.1041
6.21412
-6.35268
2.5925
-4.58973
9.96829
10.9667
-4.27722
4.08682
2.20207
-2.94546
-4.00437
6.04046
-13.425
-2.15685
5.87688
1.56711
-6.69664
-3.98035
1.7806
8.93178
1.02746
-2.99143
-9.03325
-7.21724
2.55459
-0.913541
-2.42388
3.39748
5.86402
2.38438
1.8194
-3.26466
-3.00296
-2.38178
2.0364
2.67128
4.30175
2.44537
-3.5637
3.00763
-0.670248
0.093433
0.567326
-0.119792
2.32476
2.60191
-7.66118
-6.53327
14.5585
-18.4454
11.7139
-3.57851
-3.6395
2.24178
-7.08107
2.30011
3.35454
-6.3854
-1.83051
22.3972
-7.59042
-10.445
8.08314
8.52979
0.570645
-1.50177
-0.026404
5.20598
1.61056
1.96015
-6.57176
-8.4619
-4.9568
-1.02815
-2.21569
2.94767
5.74307
4.06118
3.03988
1.81122
3.05996
3.84731
5.58198
4.11998
2.31896
-0.0315316
2.18353
3.8632
1.19849
1.20745
-1.22572
-0.431081
8.00736
2.91757
-0.513158
2.67006
-0.723389
-12.7099
20.0804
-2.07799
-12.4743
-6.70385
