0.717356
-0.240104
7.20686
0.17152
-0.311147
1.90391
10.2798
7.8677
4.71708
5.44136
-3.1146
-7.45199
-4.85744
-2.20446
-4.68642
-1.82385
3.73878
11.1675
11.8192
7.74513
3.74282
1.22746
7.76816
5.00464
8.28279
7.16023
2.01989
-2.26945
0.145368
4.32676
2.42488
-0.37476
1.74695
-0.799591
-6.90551
-2.19735
-2.35572
0.827882
3.44293
2.7088
-0.849082
-5.23838
-4.51586
-5.50185
-4.07168
-0.562709
1.15636
-0.767982
0.472525
0.910265
10.8905
-3.81484
-4.2328
-0.489752
4.53549
1.99277
2.81001
-1.10386
-4.98674
-7.7009
-4.68709
-1.79361
-4.60834
7.21469
5.08645
12.3674
4.94742
-5.8104
-4.52519
-3.86152
8.39326
-1.19831
4.15329
4.82418
2.52154
-9.68062
0.380543
8.48591
3.5936
-4.41801
4.42308
-2.29319
-9.71472
-7.21593
-2.13808
-0.361622
5.5721
0.910745
4.47621
-1.33274
-0.386345
-6.81614
-1.99602
-3.67168
1.20726
-1.62312
-2.1516
-0.113686
9.96816
1.54814
-4.39661
-7.254
-4.49432
-7.3009
-6.2992
-0.74687
-0.732911
4.76174
-0.0965713
0.152315
-2.40852
3.71112
-0.363949
-1.8534
-12.1356
-10.2875
-3.3426
-3.53202
0.26418
-9.76745
-1.43941
1.91834
0.466839
-8.98089
-8.02201
-0.230594
2.59904
2.8694
7.99532
-4.82827
-5.70966
-3.48507
1.77016
1.88876
1.22836
1.22827
6.527
5.19174
1.54852
-3.14799
1.61196
3.86782
5.03344
4.26711
-4.5815
-2.61767
3.45324
-3.64758
-5.85451
0.249072
-4.13677
-8.11998
-0.482666
0.373253
2.91342
10.9617
5.57965
8.09547
4.38363
0.200984
-6.42657
-5.88937
-0.227889
1.77911
-0.0601074
-4.73257
-5.71483
-9.21041
-0.1759
5.40093
1.34218
-5.18865
-9.99286
-8.1713
0.626848
3.14542
3.47792
0.700229
-2.52479
-5.94278
2.9827
2.73173
6.40019
5.40584
2.72863
3.89602
3.60334
2.24971
1.11408
1.87092
-1.23268
1.90472
-2.46551
-3.7314
-3.31993
-0.542892
2.71411
1.01233
-1.21557
-1.62295
-0.565752
-5.57617
1.92648
2.20716
3.9526
7.52909
3.95623
-5.17065
-9.2523
0.38754
-1.08228
5.98077
9.41696
3.20167
-4.24564
1.48294
6.08255
13.4441
-1.96783
-1.16028
-0.0193923
-9.16245
-3.28289
0.604294
2.3582
-0.276081
-2.76861
-3.46933
-1.81318
-0.856599
2.78507
-0.623869
-0.315788
-5.75498
-1.15402
-0.975145
3.88552
2.59879
-5.3907
-2.15893
-5.83222
-3.90092
-3.01061
1.80854
0.24253
1.86226
4.94985
-3.97771
-0.479089
0.248317
1.75321
-6.42422
-4.96068
-0.012392
-6.58136
-11.3674
-9.58524
5.85168
2.64737
1.72149
7.96477
7.38419
2.02953
1.32666
7.86082
6.95166
1.06059
0.0852754
3.14684
-5.23416
-7.36444
1.84688
2.32794
5.30051
-0.463128
0.42548
0.438838
0.683833
-0.9319
0.17919
-3.24858
-1.57927
-0.41613
-4.48915
-6.0839
2.13156
-2.74441
-2.96472
-6.08626
2.6006
5.52916
-7.89414
-3.6521
3.45593
0.00872947
-1.09873
2.8899
6.12606
3.91653
1.89633
-0.00996032
1.50445
2.7723
-4.05805
-2.63887
5.71848
-0.954701
-0.34154
3.35848
4.33305
-1.47339
-1.93919
3.51593
-0.512899
-4.08091
-0.703486
2.36345
-1.74727
-1.35786
3.94221
9.19158
11.8169
2.45388
0.537027
-0.462433
5.79203
4.05513
4.70803
1.23703
-3.13289
-1.97091
-1.69241
-7.24525
-0.822652
-1.56035
-4.60537
-1.87
5.35957
-0.681537
-3.86223
-1.11674
3.63613
2.20717
0.679868
1.30347
-0.359494
-4.22833
-5.18055
-2.24773
2.95042
2.32132
2.77704
2.78244
3.12905
-1.24519
-3.6436
-1.71119
-0.589738
-1.75022
-4.39894
-2.38772
-0.863973
-1.84366
-4.25681
0.991216
-5.01751
-4.90088
-5.04358
-0.957737
-2.6839
-6.00688
-3.54988
-5.90757
-7.54314
-7.73145
-4.0034
-0.984032
-0.285053
-11.4918
1.08916
10.671
3.87544
2.69903
-1.11831
4.29021
5.249
5.6172
-1.77657
-4.31706
-5.83139
-1.36601
0.648791
8.38457
7.71669
8.53131
7.88699
-4.67124
-0.279064
0.32197
2.465
-4.04097
3.88153
4.41314
0.0157096
-1.42593
-5.82003
-5.69023
-6.60642
-2.50075
-2.38655
-3.15829
-10.4031
0.0930734
0.907978
0.674702
-3.93077
-2.29784
-0.458507
11.0084
7.24004
-1.29061
-3.52012
4.25044
-0.144799
4.08573
8.83691
-3.13181
-3.22689
-2.18026
4.44561
5.6798
0.755413
9.2002
0.581857
-7.85385
0.49048
1.7265
0.709675
4.89983
3.81433
-1.2409
2.5737
-0.963435
-6.85568
-8.39822
-5.89544
-3.25192
0.485347
-1.72192
-0.314113
3.33148
4.43041
-4.30585
-0.407058
-0.551963
4.3028
8.97433
8.45964
4.22916
-7.40794
8.27104
8.89814
5.04961
1.45131
1.82122
3.53099
2.77174
4.20175
0.745969
-6.52494
-3.64953
-4.68025
-8.36271
1.67366
-0.171201
-0.125942
1.41427
-0.657271
3.61012
4.31449
5.85884
-3.53384
3.42181
10.0491
1.89721
-8.81955
-2.41303
9.0386
11.87
11.9828
3.92801
-2.90021
3.42971
3.2673
-0.346575
-8.07002
-2.54249
7.43199
-0.0666822
-5.01732
-3.47199
-3.39297
-1.21252
-0.0301861
8.5016
5.61343
5.67639
0.853211
3.58631
-1.63248
4.88567
2.22231
1.04395
0.427797
0.747844
0.59088
-0.25887
1.22244
1.17146
2.36114
-7.03214
-1.93517
-6.46446
-4.06971
-4.18208
-0.15327
1.36136
-0.0792202
-6.56712
-14.9126
6.2385
1.64497
-6.5882
-11.3796
-5.6858
-0.690161
4.65704
-2.17735
-11.8966
-14.4713
-8.03701
-2.92269
3.4664
0.633112
-3.08694
-7.01031
3.21594
-3.91295
-4.7468
-3.27558
-6.74127
-8.37449
-7.71218
0.0959156
-7.29567
-12.2629
-17.3567
2.76966
8.38466
1.14986
-1.04729
-1.25783
2.46671
8.8191
8.21782
2.96103
-2.2568
-0.0653941
1.20503
6.48456
0.0798152
2.37263
6.72234
1.519
14.9182
-1.09866
-11.0983
-3.35842
-3.20852
-1.06526
2.73823
2.19468
-3.68643
0.779601
3.0511
5.35805
1.68279
1.52416
0.626362
0.38882
6.41222
9.79305
6.79136
0.298382
4.40915
8.89248
8.45379
-2.63907
0.954742
2.57002
6.37732
18.7628
2.77245
-4.13336
-0.494088
4.02381
1.27761
-4.18052
-5.62915
-4.71009
1.74417
3.73467
3.65859
3.03574
-2.67786
-5.48306
-7.71606
-3.92921
-0.573951
3.2027
-1.78984
-3.72751
-1.38686
1.73173
-6.46187
8.41564
-4.39113
-1.61781
15.9198
13.5611
-8.81782
-8.38892
0.936943
9.23871
0.149731
-3.44338
2.97093
2.42822
0.689556
2.47372
5.58478
6.41037
3.12199
3.34718
-0.399587
-2.69614
-6.9043
-5.33824
-0.281485
4.3915
5.78512
-5.58381
2.1947
3.31598
-5.78797
-9.65589
3.09922
5.11572
4.37445
0.940263
-2.59439
-9.47854
-9.62284
2.28033
7.98399
-12.135
-1.44423
13.1033
-3.18443
-3.54618
-1.57137
-3.151
7.78006
11.5576
-1.28679
3.29607
10.8215
-9.54222
3.48372
2.25131
-3.08466
1.6715
1.84875
-0.737929
1.53268
-1.97702
8.25427
1.53386
-10.3019
-9.67569
-4.8297
2.70791
4.00699
-1.79348
-2.03649
-6.83174
-3.42737
4.16281
3.66204
-2.34711
0.854186
-8.20652
-1.8519
11.6959
-5.21514
-6.90181
-7.92178
-6.34081
4.62145
-7.71089
3.64099
5.37575
1.6299
0.376699
3.97606
5.17029
-7.0775
-10.1599
4.94797
-0.951429
1.21077
6.18113
-3.72231
-2.2428
0.202283
4.52085
3.56334
-5.00966
11.1784
10.4419
1.51286
-3.19112
-1.20416
-6.93431
19.8383
-2.74678
2.28917
-9.40779
-13.6255
-7.83506
-4.15201
-3.83366
9.58391
8.35156
3.14109
1.92125
-4.04243
-0.890254
-1.07874
-9.38035
10.7935
-8.91736
-1.5536
-2.07463
-5.71387
14.4148
2.7352
-5.93574
-2.68303
9.57886
-0.77709
-0.84387
2.77001
2.00874
-8.83016
-8.08199
2.23453
-2.279
-3.66987
-0.366902
-1.21673
-4.23542
-2.69669
-4.13247
3.29574
-1.2774
-3.23155
-3.49248
-12.1534
4.63222
-4.96143
9.97886
-9.6433
-23.3003
7.17933
17.4891
-1.11553
-11.4422
-5.11726
1.87028
2.76903
-0.524997
-3.12001
-1.77279
1.28493
0.170817
0.497382
12.4986
-0.47591
-9.8383
-2.20001
0.25937
8.3742
10.0038
-0.189655
-11.6019
1.32485
-1.85367
-2.75499
6.51016
-0.333504
1.97328
5.51974
-1.75676
1.68664
3.66999
-6.36904
-1.19233
-2.52785
-5.23039
-2.16119
1.88749
0.0400213
-1.4547
-1.40912
9.75617
8.19463
-1.38943
-9.9626
8.90017
-8.33399
-1.39185
17.2936
-1.45923
3.9981
-10.56
0.170987
1.95378
2.59783
-0.0150498
1.32791
11.6136
7.07551
1.90053
0.0439188
0.893452
-4.81359
7.64225
-4.7196
-1.43886
-11.6126
-9.62212
-0.332009
13.7352
15.3706
0.506511
-13.7059
-3.56674
5.28039
-2.54356
2.76629
1.23475
-2.23444
4.61452
-10.4366
0.95098
-1.0602
1.68709
-8.46134
-4.34317
11.4132
4.57704
4.94852
-3.18982
-4.2103
-8.35066
1.98867
11.8348
0.740953
-10.7262
-10.4718
-6.87196
-1.20574
-5.28531
2.1451
-0.486073
-10.8789
-8.9297
-11.3637
-0.0207545
0.0224483
-0.164763
0.822991
-10.7069
-12.5135
5.39791
14.2649
23.3065
15.2204
-0.887397
-2.03469
-6.55743
-11.1421
-7.21383
-0.830792
11.3696
0.914207
2.39784
-2.39863
-3.82996
-6.52984
4.16499
-10.1715
-2.67589
5.75506
2.04683
-9.47908
-4.61015
-0.637917
-2.69401
-2.48149
-9.24367
-6.64871
-7.04538
-7.57546
-6.1869
4.71171
7.24123
3.43548
2.22311
-1.54309
5.64176
3.51158
0.334721
-9.26988
-6.00122
-5.11747
-5.39992
1.15159
1.53587
2.1618
0.616809
-1.65223
0.285663
4.92929
10.8535
3.58916
1.58058
-5.34868
-0.766793
2.03556
4.62828
3.67189
5.37344
5.07199
1.15854
-3.07337
0.0447086
0.570688
4.65381
-6.69824
-1.70823
4.50271
-2.234
-1.54266
3.39072
8.18813
6.51018
4.08503
1.1322
1.59653
1.4985
2.671
5.77529
13.7159
8.91893
4.26446
2.52084
-5.28798
0.793145
4.52502
3.73797
-2.44422
-1.23084
0.633175
-0.793894
-4.20941
-1.60561
-7.97867
6.10231
3.89614
-0.391606
-2.83484
-1.33589
-2.38635
-3.3741
-8.45139
-10.0326
-9.78673
-5.71219
-1.76149
3.31654
2.5018
5.85709
3.84164
-3.22107
1.20666
6.58475
-4.62457
5.10862
9.39562
1.28192
-2.65261
-0.939517
-0.243707
0.164764
1.14662
1.38144
0.934472
-2.92139
-6.31651
-3.5798
-0.398024
-1.3149
7.10615
-1.12514
-3.59582
-9.76112
5.94891
2.80784
-0.681488
0.508271
3.2301
1.2115
-0.997829
-1.90133
-9.67811
4.62365
5.24658
4.64272
-3.48252
-5.11892
-1.8483
3.60325
2.21244
3.50543
0.399782
-0.203852
2.17045
1.63785
-0.277035
5.78781
2.65743
-8.02802
-0.690882
5.23727
-0.401163
3.18853
9.91321
5.28046
2.14682
4.62644
1.00601
-4.00982
-8.54068
-10.1501
-9.84662
-8.22325
-8.82353
-9.27587
-5.16834
0.510031
7.34334
-2.16053
-0.490905
-7.00919
1.38348
1.36992
1.78793
-3.57402
1.30639
2.4398
1.55174
1.42676
-5.45687
-5.00116
6.33395
5.14662
-1.52933
-6.83822
-10.8968
-4.99481
0.0101533
6.63397
8.4086
3.35147
5.10202
6.61973
-5.02114
1.02152
1.69199
-8.66068
0.728877
0.524899
3.31625
7.26615
-2.21747
5.2004
-0.0445998
0.806439
2.93257
5.9956
5.82848
4.57458
1.85183
-3.24239
-2.90238
-4.32023
0.422668
1.95874
3.63727
0.0125977
-9.52072
-1.20605
4.60041
-0.50587
-0.0634026
-2.52155
1.59491
3.20776
0.639868
1.00605
-3.23658
-4.30501
0.42182
5.98091
0.766025
-2.88838
-9.33813
-3.38747
2.61284
11.48
17.2809
15.4609
7.14128
-6.83293
-11.1533
0.666773
-2.0513
-6.82035
0.619272
1.08216
0.523482
8.51582
-3.00592
-7.93586
-7.28109
-8.2824
-0.0608678
4.35205
2.6134
5.40848
3.4567
4.02961
4.52131
6.17433
1.968
-1.39338
-0.369177
1.79266
-2.57435
3.7338
5.40714
-0.576845
4.45024
0.586813
7.0998
4.1264
-0.0134674
1.36651
1.26748
-0.811049
0.30964
-2.61188
3.45568
3.68485
2.38923
1.81034
-3.29645
-2.73272
1.92398
6.13735
0.869624
-14.787
-14.557
-2.01916
-1.20093
0.769477
-3.66132
-3.21701
-5.02036
6.39559
-0.199981
-7.03414
-6.80422
-7.82609
-4.45239
0.152933
2.2609
1.24141
3.41628
3.01975
3.87449
-0.502365
-3.25007
1.30398
3.6285
-0.251827
3.42633
5.07766
3.54258
1.63639
5.47138
-3.02739
-0.643512
2.0697
-0.764241
-1.9806
2.05514
8.86648
0.697648
-5.01452
-3.71424
2.72865
5.27731
7.56308
1.57557
-0.62698
-2.25355
-5.30718
-10.8886
-13.637
-5.02764
1.9322
2.13864
5.27451
-3.82427
-1.29488
-2.8666
-1.34624
-0.161301
-0.420834
0.710838
-0.585201
-1.55783
-0.367258
2.60561
-0.317072
-3.25699
-5.39275
-1.84591
1.21014
0.763832
4.89613
-4.12779
4.63569
4.56977
-4.48978
-2.61456
-4.71465
-3.28133
-7.46504
-4.60575
-3.25349
-7.21339
-5.3622
-1.80153
11.8657
1.53804
-5.98279
-1.45523
-2.91257
-0.199395
-0.99065
3.3536
1.98936
0.978448
2.12252
-0.471205
-0.25165
0.998456
4.70902
3.84701
-1.6943
4.1713
0.558925
-3.06185
-7.04069
-5.8258
2.19412
5.84329
7.37351
5.14418
3.5865
4.20142
3.96219
1.82883
2.99434
4.04713
1.90243
0.800672
-7.69568
-3.14862
3.73514
-2.26079
-5.87684
4.263
3.31225
-2.51535
-4.73266
5.32359
8.38764
-1.85727
-2.49052
-7.0709
0.269562
2.85717
-3.0092
-4.9814
-5.15557
-7.24057
-8.34586
-4.28599
-0.204953
-0.674986
0.111143
-1.78744
-0.0217812
0.772968
0.960766
3.68037
-0.325263
-0.422095
-4.95012
-1.63023
-5.73547
6.66056
-0.0207375
-5.39496
-6.43591
-3.96138
-1.02824
-2.57772
-6.62912
-6.34118
-0.96471
1.247
3.51477
-5.1644
-7.96407
-2.58576
-0.257625
-3.61294
2.91134
6.39995
7.52928
-3.67521
-4.15792
5.84422
0.349761
0.0598466
-0.488998
-3.94179
-8.61162
-3.34588
-3.63617
0.517883
-3.38305
-1.74256
0.218035
-0.839278
0.841207
-0.314076
2.87294
11.5839
9.99149
6.66784
3.43287
-3.79456
-1.49742
1.04259
-5.38306
-0.115799
-2.70749
5.16053
1.45587
0.458751
1.84396
-2.64229
-2.83277
-3.7073
-3.6627
-0.864381
-0.129236
-1.17425
-3.21065
-4.48573
-0.44848
4.71802
2.1713
1.93887
-3.2328
-1.09594
0.288764
1.63898
-0.179075
-3.33463
-1.83068
3.17355
3.55977
4.53107
-1.0566
2.28323
-10.3749
0.25842
9.88087
6.73133
-2.07075
-2.83768
2.58448
2.78396
3.89328
5.28571
6.03752
1.28497
-2.38959
5.22695
4.88816
-4.3297
-3.6791
-1.96729
2.29088
7.21157
2.44379
-0.192009
1.81343
-2.66591
2.2776
-2.60189
-3.86104
0.458894
-8.23287
-2.83919
4.95452
3.12266
3.99248
10.8849
5.24548
-6.36176
-10.4782
-7.46745
-7.48795
3.58338
1.83535
1.55799
7.58249
2.4914
-4.78663
-6.48917
-2.42721
5.55518
-1.77706
-9.79712
4.78085
8.34622
9.78687
4.26538
-0.322532
-5.57748
-6.62911
-0.086396
7.98524
7.43435
4.48728
3.27547
-0.246609
2.36718
-11.2439
-1.50704
1.39126
2.49254
3.70305
2.77504
4.07947
2.00066
2.00572
1.84948
0.800582
0.162448
1.42396
2.58328
4.72496
2.37634
-0.8187
3.20571
0.0145092
4.10509
0.372944
-9.10996
-2.59111
7.87292
1.35588
0.716741
0.688726
-1.39491
6.02876
2.2399
2.07241
0.256204
-2.5097
-3.82783
-5.58032
-1.22942
0.22015
2.70214
-3.49437
-8.11478
-6.48758
3.30602
4.10783
1.71861
1.23309
0.318188
4.72791
-4.65346
-5.99339
5.6238
-0.905524
-0.951775
2.25391
-2.7776
1.84102
3.27939
0.442375
2.38296
2.01423
-3.70209
3.40324
3.62581
0.418532
-4.04554
0.234369
-1.02951
-1.00826
3.33814
2.47591
2.78817
6.0252
10.6229
5.55483
-3.77976
-11.0745
-21.4051
-5.07497
5.92166
-2.85282
-3.75778
0.404
7.26974
-4.35905
-3.98628
-6.18718
-5.12832
-5.50241
-4.35945
-3.33081
2.8084
-3.60874
-4.27749
0.234407
2.09112
6.84191
-6.9064
5.92927
4.64259
0.467826
-1.83963
-0.708625
-4.50925
-3.35924
1.68453
-0.0327012
2.3905
-0.523926
-0.505911
7.35313
4.73497
-0.763372
-1.83557
5.84173
-3.27092
-6.66629
-5.04192
-0.34258
0.667047
4.96501
3.42023
3.34973
-4.84004
-2.07685
4.32541
5.69689
3.18324
2.01178
-3.28756
7.05683
15.2109
-0.254075
1.55228
-1.90397
-5.31752
0.404153
2.19671
5.73528
6.24602
1.00409
-4.58579
-1.92171
5.06764
7.30355
-9.32999
6.36196
3.52248
0.802131
-8.92217
-5.84561
-7.43182
-2.46924
0.178586
-2.20207
-1.21777
-2.35954
4.21651
1.82534
5.1866
-0.51241
6.64665
5.88612
0.0731628
3.75964
6.1783
6.29699
7.59754
0.678072
0.371188
-8.61573
-4.61725
-5.68619
-1.74786
-1.96047
-3.9354
-8.04272
-0.263706
5.68069
-0.680263
-7.58891
-1.68809
-1.48326
-2.10969
-4.15985
-2.31142
2.57252
6.07176
0.314671
-3.96176
-3.91318
-0.0899676
0.555216
-3.3397
2.58257
-2.03367
4.41499
-10.7239
-5.24379
-6.37959
-5.61901
1.14311
2.90092
-2.00012
-2.89562
-3.92516
-5.44566
0.765463
-3.28796
2.18224
0.289294
-3.71161
5.46474
4.38195
0.832755
-1.71204
-0.535594
1.89888
-2.35706
5.86248
-0.643553
-2.44235
-0.642295
1.51795
7.52621
3.65364
-1.89678
-3.19373
-8.2389
-3.08251
5.61197
0.0626417
3.19041
2.53103
4.707
5.80952
1.64509
-1.60446
-0.894366
-0.688374
-0.810766
3.07696
-0.0158229
-0.198968
-0.15528
-10.4177
1.95693
-2.87364
-3.72599
2.42776
2.85368
-2.39363
-5.6116
-6.51749
-2.92648
-3.93254
-2.2628
-7.87652
-6.715
-6.60731
2.29943
1.37155
-4.28482
-10.1254
-2.07073
0.156532
-3.34905
2.04788
-4.57257
-5.35368
-1.77221
0.25316
9.8661
-2.5353
-6.51515
-3.71728
-0.544693
-2.52159
5.58495
5.11395
3.77934
6.17922
5.34179
2.85895
3.98526
-0.57379
2.81629
10.2091
3.19258
7.93703
-7.1818
8.01595
3.61213
-3.53376
8.1168
-1.88203
-2.73595
1.63855
1.95359
-0.938628
-1.91197
3.32616
7.55015
-2.04768
-1.09295
-4.16504
0.23352
3.72064
8.28587
5.91456
-0.965359
-3.24048
3.08908
-1.31016
-3.19047
5.83482
5.03755
-2.59773
-2.11799
3.21214
9.66914
1.51215
-5.27061
-3.54911
-0.369762
2.79111
4.41113
5.88456
1.8508
2.14672
3.75728
-1.69539
-2.66168
-2.51124
3.13692
12.7003
-2.58919
-2.26416
-6.59559
-1.85088
4.28948
6.6653
9.36297
0.971588
1.10972
-1.21411
-0.135447
-3.10873
-3.43248
8.40158
11.2888
5.35682
0.537617
2.09795
6.11271
2.43075
-3.95703
-2.11068
-4.03387
6.37416
6.86298
0.70562
-4.40662
-5.21995
0.670745
5.89788
-1.83754
-0.825632
0.65915
-6.40673
-7.59384
-5.02099
-4.24462
0.894837
2.70112
-0.0529532
0.688715
2.49199
6.26946
0.418071
-5.60771
-9.70285
2.15251
0.174461
-3.51475
-5.65346
-0.708082
0.415308
-0.380451
12.7284
9.96706
5.75718
1.83199
3.93568
3.54865
0.707153
-3.49361
4.57331
1.33549
-1.7697
3.29975
2.18947
3.05504
2.05084
-4.25964
1.37838
-4.79669
0.175902
5.80013
6.73452
4.22283
-8.26415
-6.3521
6.38375
-0.261012
2.09847
0.988258
-6.62863
-6.84386
-4.93042
-0.31409
4.55484
3.83636
-0.00283903
-7.13636
3.93434
2.44139
-1.50606
-7.16485
-8.11862
2.37555
-4.47364
5.49329
-4.79151
8.88754
-2.48518
-9.41067
2.4038
6.71398
8.67374
1.79634
9.60857
7.43596
-1.79879
-4.33362
-1.97799
-11.3834
-10.4074
-3.25352
-1.06032
3.83107
-4.39173
-4.99673
4.39231
3.63116
5.97924
-0.679428
2.68718
5.58063
-4.34878
-3.94484
4.08391
-13.5918
-2.11818
11.3671
0.250081
7.68643
1.16162
3.53625
0.634441
-0.536368
1.06061
-9.97672
-3.14807
2.43682
-0.0328071
-6.58294
-4.62716
-3.90806
-2.96223
10.5342
-8.39594
4.98794
1.18125
-6.24529
-3.61974
7.6175
4.76622
1.44776
5.51939
4.71217
-1.82364
-4.23763
-1.51295
3.66142
12.0997
-2.95647
-4.94301
-2.8217
-6.7641
1.58556
4.15938
-3.05353
-6.71163
-14.2954
-1.44861
10.6847
-5.29436
-0.286889
5.79416
-13.0811
7.24537
9.22258
-0.312557
3.95837
-3.87193
0.669347
-0.677359
-2.41705
-0.712537
-7.51461
-4.02434
0.0162807
2.36446
-3.01401
0.431688
-8.21671
-1.72476
3.71871
-4.43785
0.182861
7.61338
4.41975
-4.66597
7.29491
-0.0218266
-4.9909
0.361802
-5.17278
-8.75455
3.23147
7.7256
9.43884
10.1558
0.592753
-5.75532
-6.98607
-1.41582
3.0475
-2.19071
-2.32897
-9.52729
-4.59531
7.68186
6.71748
-5.72459
4.20062
4.31255
-14.8815
12.4021
12.4867
3.58913
-5.52098
-9.10226
9.61027
8.81749
-2.29645
-7.5778
-8.00047
-7.87339
-2.98186
3.91057
5.19118
2.65811
-4.92404
9.20193
-4.79921
6.17498
-3.91215
15.5485
-6.51799
-7.21764
-1.9275
1.37019
-5.39707
-6.29031
-4.839
-2.27744
-0.490907
-0.693683
-4.71608
-17.4998
-12.0328
6.17445
14.7864
6.21218
-0.700516
-4.31074
-2.2604
-0.706849
3.37526
5.26808
10.3591
1.47521
7.46464
-1.13399
-20.3131
-1.27411
-1.08073
-5.62452
-4.30965
-5.09954
1.58201
-2.35579
7.59549
8.48084
4.074
-1.71255
0.289839
3.99754
7.95497
-3.64418
3.40038
13.1825
-6.63602
9.64885
-1.86237
4.91045
-10.744
15.6765
-5.37416
-2.95531
3.31436
-7.4745
-4.25749
-3.01645
-1.88183
5.02369
4.4876
-12.997
-4.23935
-4.28621
-13.9498
-7.80457
1.28034
2.22211
0.0681692
-6.80044
-1.37621
-4.96678
2.32763
2.26424
9.42086
3.04559
1.91572
7.87029
6.77906
-1.43985
-0.0372604
7.93735
21.4966
3.3544
-6.34295
3.70635
15.0803
4.90928
1.38632
4.74545
-1.46881
-9.77312
7.20611
3.44248
-9.04479
-1.68736
-3.51208
-0.468732
-14.9932
9.85356
2.31529
-12.1006
5.30768
-6.79946
-5.33255
3.62126
4.04442
3.27065
-1.15999
5.81329
16.2856
5.79954
-9.07238
-7.71672
0.0710244
3.76018
0.210258
-3.76331
3.32358
3.15927
0.575172
2.23754
-4.41512
-6.68816
-8.70309
-4.33255
-8.0883
-9.20626
-12.9296
-8.73718
5.49185
3.56543
-1.93269
-4.76734
6.49609
4.35708
2.08924
2.36409
-8.8458
-4.48776
1.68802
-1.74901
3.585
1.64332
-1.95332
4.59647
1.85167
-3.43694
4.54216
-16.9616
-5.04401
-3.8209
-4.71462
4.0983
0.0869683
-3.95559
-3.12683
9.20443
10.8186
1.59409
-2.42071
-6.17036
-1.61743
0.311506
9.74259
11.0779
12.4153
7.69006
-2.77646
-2.48731
-9.01813
-10.5267
-3.5003
0.136443
6.66653
12.3052
11.5304
7.71274
7.24611
-2.23067
-6.06975
-4.53538
-7.51371
-8.70001
0.695965
0.107575
5.21061
-2.85113
-5.19402
7.7396
-6.00526
9.85177
2.68109
-3.49585
5.47299
5.04584
-5.63301
4.45457
-16.3383
3.50948
-0.0723809
-0.796006
-2.27926
1.13405
-0.792347
0.488101
-3.87443
-4.51331
3.15429
-0.69793
0.444886
-1.25481
-5.04494
-4.17248
2.49444
4.29024
-5.92467
-8.94665
-8.14072
-2.07549
5.1414
7.0707
12.3538
5.32317
6.88025
8.6801
1.54166
-3.76438
-4.18005
-1.47255
-3.59841
-8.11328
0.981372
6.40498
1.73738
-7.96648
-0.41379
9.63647
-19.0115
-3.38904
0.434171
-10.4615
-8.0834
3.20264
-2.61317
3.57417
5.08776
-5.91924
9.07666
4.2488
1.13716
5.33893
-3.45133
-4.11831
-3.31614
-2.6218
1.50734
1.80326
1.1393
-1.18946
4.13337
4.33543
6.58284
4.98861
4.41471
-0.304829
-2.52272
-0.639267
-0.625073
-1.34354
-2.36944
-6.6158
-3.31084
-1.05881
-0.463955
-2.46022
0.403405
2.6225
-0.169
-8.15468
0.390405
3.4568
-0.0508532
0.5649
3.7414
-1.81367
15.0189
-4.96993
3.3182
0.947099
1.92248
-0.312006
3.82157
-0.783734
18.2769
-5.30245
6.3761
10.9157
7.9251
4.92067
-4.04205
-3.39346
-1.74829
1.80266
-0.274922
2.49613
-2.62688
-1.81107
-1.74892
-2.0053
0.966995
2.36695
1.79577
1.58865
1.84262
-2.78417
-5.71652
-8.12847
-7.38366
-6.14993
-3.52987
-2.51389
0.663648
-0.422815
7.67637
6.8583
1.62794
-3.70291
-3.41068
-6.3855
2.24052
4.36941
-2.54234
4.16049
-3.64856
1.93044
-0.726448
7.06733
11.3981
-9.25266
-6.47185
1.84578
-5.39076
-1.69398
-7.5543
12.0723
7.26836
0.668769
0.187942
5.43014
3.57238
2.42028
1.49597
-0.74695
3.0313
4.8695
2.30125
-1.30642
1.23997
2.39233
0.869275
4.26861
3.45982
-3.57045
-12.262
-6.71988
-3.2619
-1.55453
-4.56173
0.685891
1.22451
1.78642
1.72328
0.755536
1.82257
-3.23301
-4.47817
-5.87455
4.60519
-1.44002
-4.73127
4.33904
-9.84582
-5.44287
-4.98578
-3.53686
0.531725
1.98456
-6.01344
3.18274
-10.9371
-0.84565
-3.6442
-3.0113
1.34161
-1.36735
-2.96612
4.20945
7.73772
2.64861
-2.60065
-3.90851
1.47397
5.40447
1.53014
-2.16077
-3.1745
1.01431
0.38276
2.41378
4.67319
5.69162
-5.17602
-4.43352
-1.17105
0.419187
-1.05507
2.71119
0.0869522
-1.8383
-1.59839
-4.54839
-5.27485
4.91664
-6.79564
-4.64059
-0.0987594
-2.39838
3.09493
-7.12019
7.458
5.48928
5.12365
-12.3952
-2.68092
11.8072
-4.80638
9.15038
-5.47727
11.9506
0.642935
-2.23633
-3.3245
-6.87732
-8.55423
-1.14107
5.82982
0.478241
-6.17052
-5.36041
-2.08463
1.61441
6.11674
1.14631
-0.946872
-0.996584
-3.38632
-4.29405
5.24476
8.12167
3.63355
0.695101
2.11026
1.56047
1.2675
2.61753
1.25113
-2.8932
-6.03587
-6.07645
1.41283
7.08655
-1.31427
-1.22028
4.05449
-0.894745
-6.59417
4.16151
3.37105
-1.54905
10.6868
6.77426
-6.45181
1.48616
-6.01125
11.0179
-7.0657
14.7762
-2.27935
-0.930902
-2.77355
-9.5995
-8.91902
-3.96759
1.81205
0.59622
-0.841462
-4.13257
-2.93414
-3.5969
4.04747
3.83658
-0.95747
-1.86844
4.36662
0.974841
-3.78594
0.464283
1.15272
-1.82491
0.103382
1.31683
6.25513
2.86257
2.08157
1.1167
-0.683279
2.57464
8.00328
7.62916
-2.98939
-0.170718
9.87069
-2.92273
0.227107
10.3126
-11.8058
-5.03474
-3.98569
9.3921
4.61507
-11.7142
-6.28846
2.93771
-1.31245
11.6248
-10.7768
0.464681
5.45109
0.184904
-2.81092
-5.35343
0.0771963
-1.63756
-2.18345
-5.51486
-3.81789
-1.20801
4.4147
0.208488
0.800925
1.43197
2.64199
-0.556164
-5.12976
-2.06353
-1.30958
-3.22339
-3.53001
-0.104315
2.95248
1.61639
0.453859
5.84055
1.31825
2.30879
-0.458075
2.32218
-9.43766
1.18453
0.965835
-5.56285
6.68205
5.31552
-2.5351
10.2502
-15.0697
7.77926
8.27893
-0.35848
10.0206
-0.194027
-2.50304
6.16684
-14.9557
-3.4491
5.49581
13.7684
2.0452
-3.49533
0.209819
-0.251666
-4.8806
-3.01847
0.0952254
-1.67882
-0.902308
0.357781
-1.9427
0.613575
1.06865
-4.39819
0.681519
-1.17823
0.905532
-2.25564
-3.63667
-4.17958
5.15086
6.58548
3.24989
-0.503312
-0.755874
-2.40773
-1.69041
0.187784
-5.28762
-0.475693
0.608463
6.63411
-9.22842
-8.19979
-5.17845
14.8093
-1.19575
-3.91495
-12.3684
8.77547
7.28305
2.49437
-7.69771
0.197321
-2.56014
-0.564691
-6.93189
12.3965
7.83466
2.52262
0.860533
-1.46075
1.26137
-4.97385
-7.04637
-5.25511
-2.71987
0.0844196
0.710732
0.291287
2.42345
5.10218
8.15254
6.70188
5.92423
0.0799108
4.2318
1.49111
6.41219
2.70193
-5.24363
0.911063
-3.89697
1.08644
-2.57167
-2.04721
-0.449472
-3.90972
2.17143
8.24863
-0.275328
-5.77637
-4.21893
-1.13541
2.17566
-7.80078
-11.4911
2.90929
-7.09389
-5.91041
-1.2778
2.2754
0.946996
6.43084
-4.73482
1.15626
0.464949
1.82176
0.902983
-0.608845
1.70086
2.89299
-2.90731
1.51545
0.745843
-2.02126
-3.11346
0.18406
1.50901
1.44934
6.56043
9.18822
3.41783
4.89021
-2.23454
1.05482
-1.44861
-3.93141
-2.82707
0.0143847
0.691326
4.44675
0.39483
0.693438
-0.849239
-0.0164303
-10.6686
2.57597
7.20138
6.18767
8.13806
-4.85648
4.77672
3.65728
7.34078
0.342892
1.18768
-6.42358
6.34669
-5.37998
-3.9271
5.54098
4.58362
-2.12873
-10.1642
-7.8783
0.557336
-1.0509
2.00759
3.66372
4.36485
5.24487
6.53547
-0.307601
-6.19113
-4.05671
-6.23531
-2.45415
-1.25998
3.59459
-3.86009
-6.95618
-3.98676
-1.52152
-0.710341
3.34132
0.286561
6.31834
3.72814
0.139302
-1.74175
-5.82725
0.384412
15.3514
-10.3232
-6.24382
-1.24068
-2.99016
9.15147
-10.9881
7.54262
-1.57889
0.934536
-4.81175
5.34249
10.8869
7.41014
-7.52862
-4.94799
4.7921
8.12808
1.36893
-4.75929
-5.52736
-2.15103
2.02007
-0.346212
-1.97043
-1.96489
2.49286
7.25534
0.387626
-2.35475
-3.88657
-6.69305
-2.09906
-4.37564
-1.92482
-4.94566
-1.63207
-0.647682
-2.63223
0.295971
2.46954
1.72852
4.50897
1.55018
1.6282
-2.30854
-1.52468
5.02642
13.8604
-4.69269
-3.43713
-3.44765
0.54381
2.71017
-10.0533
1.90199
