-2.00432
-0.222837
0.107719
-0.45706
-1.76907
-0.879085
-2.23442
-2.14159
1.15338
0.609991
-1.80525
1.20143
1.28657
4.29912
0.956784
0.0364758
2.76609
5.13313
8.84814
6.51896
0.503065
0.260703
2.13411
-1.75132
-3.34421
3.3825
3.56264
5.08434
2.77806
0.563405
1.85906
-1.55646
-1.26702
-2.37629
-1.07713
-3.72691
-3.23231
0.00944511
0.0766852
2.09032
-0.58504
2.38985
3.02675
2.52657
1.49826
0.666486
-3.64734
-2.47976
-2.69331
0.0601104
5.94735
-2.68522
-4.85723
-4.85082
-0.667297
-0.786755
1.87824
-5.73787
-3.36671
-4.98912
-5.5566
1.30979
1.21207
6.16705
5.71011
5.69777
6.13981
4.98106
-2.59912
-1.16945
-4.25201
-2.71419
-2.65079
-2.65938
-0.279422
1.31816
-0.0238763
-4.66703
-1.81541
0.348507
0.510379
-0.624801
0.275509
-4.45719
-9.79541
-4.64436
-2.15326
1.05956
-7.67743
0.582829
3.97773
4.44212
1.7482
2.83548
-7.39045
-6.75432
2.2486
1.85908
7.59667
-2.63682
-2.44968
0.686722
4.63143
5.77116
5.54715
2.11633
-1.23112
-7.14781
-8.22239
3.65124
-3.37574
0.244104
1.42225
-5.8889
-4.05458
-4.44101
-1.01296
-0.214684
-3.53018
1.21754
2.12825
-4.61814
-3.94893
0.289255
5.6466
-1.42807
-3.60489
0.126188
1.91392
1.94179
5.45999
-4.02788
-3.33772
-2.30313
0.77605
5.25444
-0.907392
-3.99625
0.0221291
1.19752
0.78951
3.62703
-1.39272
-4.07421
5.40192
-0.151675
1.15758
-2.16443
-1.67586
3.05069
3.1515
3.20732
3.4916
6.81623
4.34172
0.2659
0.339393
-0.943773
-7.96246
-6.86834
-3.30732
-6.53459
-4.24433
-3.02609
-0.0478034
3.35694
-0.0109534
7.81171
5.36191
-3.07889
-2.84842
-1.4172
2.55828
1.15823
-0.0101078
2.44448
4.12305
5.17584
6.75169
0.868512
1.32385
-2.03567
1.30786
5.75553
3.34932
-0.0778766
0.564462
3.7246
-2.62385
0.329059
2.76701
1.03737
3.21715
-0.153522
-1.23398
0.654672
4.58308
-1.04087
-5.53902
-4.27781
-1.18415
-0.781344
5.09718
-0.0735303
-2.78419
3.40595
3.50536
2.95033
-2.35199
-7.59288
3.62281
3.04537
0.937475
3.2425
4.01142
4.66871
1.73119
-3.17551
-1.9081
-1.63473
1.16503
1.3891
2.38275
5.86839
6.50536
3.74047
-0.570508
-7.71202
-6.51392
1.35116
0.421229
4.41024
13.313
5.51717
-5.22694
-0.104976
-3.59572
-0.0256431
5.61573
6.12017
-2.66544
-0.0530456
-0.820629
7.49376
3.42219
-1.859
-13.0396
-12.457
-2.26861
-5.87987
3.48069
-0.618686
-5.80327
-1.49529
1.84734
6.0586
-1.04398
-0.878111
9.80931
4.33062
1.67128
-0.637904
-2.6809
0.0436987
3.54948
0.527732
-2.96438
-3.04476
1.76117
0.0929415
-4.20935
-2.85525
-1.50841
-1.17509
-6.74362
-8.0138
-8.40891
-0.525762
0.984545
-0.694703
7.35004
7.96887
-6.2365
-4.42414
-6.01707
-2.43773
2.49253
5.69773
-1.33253
1.22234
5.91835
3.83049
-1.60315
0.402603
-4.74405
-0.655252
9.44221
5.84512
8.09125
7.12404
2.39235
1.33048
6.81209
2.91654
-6.07638
-2.67125
6.02954
0.696837
-4.29771
-9.37411
-6.6015
-4.22484
4.1651
4.17976
-2.43584
-7.03619
-1.45738
4.12259
-2.80332
-1.89266
0.426878
1.35828
7.03644
3.80062
-3.48353
0.704502
6.26377
-0.221693
-2.00983
-3.32665
-7.40524
-2.73608
-4.65816
-8.21486
-2.64374
1.89488
-1.12007
-0.525897
-4.53808
0.973586
10.4677
-1.69199
-5.83912
-2.8135
2.26985
-3.30714
-7.64409
-9.21235
-3.54754
0.728277
2.31302
0.940919
-6.71484
1.12482
0.475631
-2.93296
-5.44453
-6.33945
-2.05207
-4.92047
3.5548
8.48189
4.0231
-2.92019
-4.97129
8.13217
8.30874
5.94279
-2.07759
2.99852
1.37193
-3.53695
4.65186
-1.40163
1.18568
2.93449
9.35885
3.91258
0.721409
0.968758
11.3158
-3.32042
-6.41839
-1.49238
3.19851
-0.753679
-4.95152
12.4135
1.6955
-12.2925
-6.89046
7.17636
10.4281
1.28743
0.115574
-1.31103
-3.63858
-1.44572
0.865425
-3.22297
-3.70035
-1.09835
2.168
-2.47907
-2.16388
-4.47865
-6.34668
-5.79965
1.10824
5.28072
3.37652
0.242071
-4.0204
-0.760516
13.4505
3.83283
-7.42146
-7.15156
-5.36913
-4.25645
-0.789311
-1.39902
-1.56332
2.44183
0.055761
-7.03411
-12.4254
-4.67701
1.77916
2.39713
-0.125639
-0.383266
4.05979
-7.23862
1.85284
6.92696
-0.134717
-6.96813
-6.08476
1.5286
1.4827
-3.15429
5.31415
4.77278
5.37943
5.18138
5.04708
-1.62929
-2.494
2.85312
-0.678987
0.291907
3.19963
8.76612
5.72094
8.19132
8.42808
5.45824
0.752592
-7.6346
-10.5664
-4.19045
8.60276
4.38698
-3.32517
0.458161
2.546
4.81476
6.62169
1.71162
-3.96409
3.88757
4.25243
7.70271
2.07808
3.90971
-0.165568
-0.387331
3.16357
-1.64118
0.38851
1.31628
-5.77472
1.50674
2.89125
8.19805
0.167245
4.35617
-0.950277
-11.6604
-10.5239
-6.5471
-1.86151
1.19955
2.17586
-0.0712667
3.33433
0.782366
1.11596
1.39144
3.4295
8.23213
1.20515
-0.94123
1.76322
-2.35352
-6.81254
-5.70204
-6.83678
-0.60469
5.89462
-2.83521
-2.17239
5.94721
-0.138333
-5.1293
-4.92257
-0.843619
6.04267
-0.388562
-0.770947
-0.01174
-1.5551
-1.79179
-6.06683
1.13728
1.42566
-4.21002
3.05198
-0.863955
-2.17645
7.13514
7.81399
-5.35782
-7.73541
-2.93935
-1.62399
0.471136
7.22678
5.90793
8.73163
2.75455
-3.86602
-10.7879
-6.12265
0.360455
-1.11182
-9.32429
-3.11762
2.36482
4.31578
4.44138
-4.23749
-8.59822
-3.81935
-0.179061
-1.69608
0.869645
2.21482
-8.31119
-1.00622
0.443793
-2.61839
-5.64817
0.484881
3.77063
1.22165
-0.320424
4.16264
-0.960331
-0.473653
-3.42761
2.95155
-1.04014
2.58083
0.929323
-3.13115
-2.5244
-7.00264
7.88467
6.43058
-3.96948
0.902749
3.3789
1.99863
-5.57383
-7.18305
-9.24073
-2.0069
9.38485
12.5886
2.99049
-1.96556
6.88438
5.89792
-2.15026
0.547535
6.85819
11.7011
11.1805
-0.611539
-6.30372
-2.47255
0.966422
1.94042
7.78899
-1.40802
-4.51083
2.8503
6.23187
0.487319
-4.55888
-1.54778
-0.696024
-5.50638
-2.95166
4.06564
4.36579
1.07544
-3.57691
-6.51916
-3.53026
4.45969
-3.72501
-3.54375
-2.7108
-2.36027
1.80938
-1.07515
-1.18661
0.0820097
0.967209
2.09691
2.9476
5.49
-0.13115
-8.83839
-9.92687
-0.282875
1.22544
0.930653
-5.13345
4.43573
-3.23032
5.04525
1.35456
-1.51735
-2.64439
-6.51878
0.110344
-2.90859
5.03911
-0.862563
9.25874
-0.917836
-5.73574
6.29364
3.02082
0.757716
2.08545
6.21064
-0.566623
-5.06268
2.39326
11.2025
-0.29746
1.90631
-0.673766
1.08495
0.536653
-0.0510117
-1.35164
2.39149
-4.27391
-0.073666
0.780656
-10.3258
-3.56057
0.0186006
-1.60569
-3.16016
-1.81931
4.04112
-9.99553
-2.08047
-0.348069
1.67699
8.20174
-1.92314
-1.81339
3.43269
-4.63045
-2.53511
0.607289
-5.49127
3.78899
1.87328
-7.40955
2.42485
0.833466
-1.85719
4.73398
-0.928297
-3.58816
-3.8399
3.61993
9.12274
-11.1628
12.563
-1.28778
14.7195
-8.45233
4.00525
3.31401
-11.5606
1.6084
1.18324
2.07339
-3.73088
-3.04423
6.16237
-0.273673
2.83345
1.44515
-3.66345
-6.8469
-2.2025
7.19369
-19.5335
0.131968
10.1448
-5.57048
2.44782
-2.51489
7.50634
1.64519
4.85285
-1.31634
-0.870496
-1.43233
1.20849
3.01577
2.81721
-0.510566
1.24013
-0.323765
3.54973
-11.5773
-0.0255933
0.716239
5.57162
-5.80676
-2.36592
-2.11856
-5.33768
-10.8889
-4.09452
2.97029
-12.4789
-2.94632
-3.33555
-5.45197
0.704987
1.58322
-4.51031
1.34935
4.49684
-3.25115
-1.34156
1.74744
5.65642
-0.301326
-3.37934
2.10469
9.92682
6.72235
-8.42623
7.9137
10.9846
3.30393
-7.27537
-8.91107
1.88825
4.20038
-1.87197
-4.02476
-3.10993
-3.37293
-5.23528
1.28738
4.85773
-3.99443
-4.70654
-3.97137
2.72931
-10.1985
3.17946
3.60712
9.40829
-4.14473
-1.90174
9.83537
7.70501
-5.59655
7.5032
1.48119
7.69315
8.94454
8.8009
0.500908
8.99795
12.0827
6.1699
-2.57857
1.90419
-4.47007
-3.92031
1.98114
1.69565
2.80569
6.33937
-7.10693
-3.46215
3.29032
-7.86877
-1.12227
-8.80369
-11.8917
2.30185
10.7229
6.19428
11.2641
4.15457
-14.8966
-4.17583
4.83736
1.50097
5.06742
3.92174
-0.713288
-4.64438
0.256309
2.10617
-2.65692
5.96383
-1.00008
7.29284
-9.02411
-16.5097
-13.5837
3.53443
-7.05646
6.47435
-6.77741
-1.62726
12.0713
-1.79361
-10.9041
-7.83102
-0.00756941
-3.15518
-3.12518
-0.485063
-7.63794
0.500708
4.9979
1.03027
2.91316
-3.22142
5.82791
14.6639
10.1663
-6.21865
-6.82882
9.05447
7.77262
-0.984366
-5.5478
-4.71241
-2.9409
-7.65042
-4.16268
5.81314
4.6992
-3.21124
3.95581
-1.43247
-5.17599
2.28188
4.18658
5.80625
-1.62557
0.211728
-1.68058
6.7618
5.29838
-3.90565
-6.85014
3.13201
9.40048
9.80009
4.28106
-4.79832
-7.18007
-7.6581
-3.99141
2.16564
-2.16061
-5.65544
2.10087
3.78794
-5.04774
3.49978
0.329915
-7.93548
-1.85253
-0.559748
-0.311631
2.87387
3.21072
-2.87891
-7.57979
-4.00467
0.997214
4.33558
4.32106
3.15531
0.323575
-5.58247
0.133404
5.65201
1.51677
-5.61449
5.08937
-0.436012
-3.38083
5.58663
2.63465
4.68164
-11.1701
-3.95175
-8.55434
-4.49435
-1.71995
0.746227
-1.08874
2.06676
7.07989
7.8203
4.78374
-6.07263
-3.80523
1.09756
8.06498
8.60692
6.80143
-1.75477
3.07817
5.51206
0.207862
0.365415
0.467579
-5.98326
1.57939
4.07501
2.36602
1.81355
-5.11255
-6.43047
-7.42328
1.0132
7.16393
6.72868
-0.926829
-2.01078
-0.617983
-2.49223
5.2403
5.02037
-2.53357
1.56512
7.01861
-4.92989
-6.06531
4.83549
2.22915
7.63423
-3.07321
-1.57561
-3.0344
-2.13056
-5.44421
2.99543
3.87484
-0.177694
-4.51774
-6.24358
-10.3696
-8.73701
-0.179057
3.7758
5.63015
4.31298
1.85587
-4.06299
3.23984
5.07154
-1.23503
-7.85041
-2.11338
-2.02782
-6.55584
-0.801138
-1.15934
2.58481
4.76463
-0.660474
0.839066
1.22732
-3.27597
-7.3854
-1.13334
2.69183
6.06947
1.80418
6.1037
-2.19951
-4.62046
3.94263
3.66504
-5.47048
-1.83455
4.12809
-2.08097
10.4776
6.52844
-4.54324
2.08813
1.24464
2.17
1.43051
1.04317
4.4876
4.46076
0.0209924
-2.51925
-0.870428
0.584861
-1.34464
-5.36547
-8.6955
-2.53874
2.81831
-2.02488
-5.45912
2.27266
-4.06043
-0.457499
3.10199
-7.97613
-0.0858121
0.269293
-0.794125
-2.18384
-2.21896
-6.82957
-11.4351
-5.63758
4.19495
8.01863
8.29456
4.90217
3.84072
-0.826895
-3.11533
-5.20139
-0.279179
-2.07155
-8.14412
-10.6992
-2.06468
-2.50649
2.92165
6.89029
-3.02946
-0.345436
6.09899
6.16442
3.23574
5.99799
3.68189
-0.581487
-8.11463
-3.28206
3.70456
3.98177
0.954887
-3.16161
-4.97181
6.95748
2.50681
-3.2443
-5.06724
0.124658
-0.179126
-0.597706
3.01224
-4.0291
-7.08984
-1.59201
-3.13651
-2.30185
-0.998906
-3.37792
-2.91066
2.3099
3.5738
0.3192
-2.39605
1.10785
-1.55213
-3.12363
-0.517745
-3.35393
0.266446
-1.21118
-4.52129
-3.90463
-1.56507
0.983425
0.222916
-0.362425
-1.65886
-0.66854
-2.49667
1.75097
-1.72126
-2.35151
2.16445
1.58797
-2.0806
2.82606
4.31106
1.01662
-1.76324
-2.55034
2.51734
3.26025
1.87295
3.80392
3.77682
-4.92358
1.29746
2.02951
0.199672
-0.70405
0.329638
5.99949
8.66302
6.44661
2.65203
-3.16745
2.96633
-0.890739
-5.63841
-9.63202
-1.80935
-0.759163
1.30982
0.931131
-1.1762
-1.01989
3.11873
1.45859
0.15143
-3.0396
0.394988
2.85503
-0.563255
-4.12361
-3.26816
-1.38176
2.05607
-3.93711
-2.8386
-4.40657
-3.49275
-2.2602
-0.904736
-0.856626
-3.57306
-4.33291
-5.63567
-0.729271
4.97347
-0.805517
-0.0970049
6.5832
-0.0123326
-4.37786
-2.37805
7.48468
-0.359971
-2.27875
3.09232
5.04312
10.0994
6.47263
4.53637
1.06102
0.485567
-3.98336
-3.92078
-4.8744
-3.56114
5.37055
4.29557
0.445708
-6.33364
-1.42242
-1.51863
-1.7748
1.03274
5.44996
5.01084
2.28444
4.09363
-2.54169
-4.94751
-8.69023
1.73416
7.38433
0.978781
-3.39461
-1.9996
-3.54497
-2.21926
-1.09885
-6.23997
-1.96742
-0.140518
-1.36139
6.29987
2.5706
-0.618007
3.97268
-3.38362
-0.937809
-2.47099
4.80059
-0.423764
-12.2166
-4.98972
4.85008
8.4818
4.4549
5.27384
3.35882
0.562385
-1.78485
-3.74858
3.06967
8.14566
4.83717
1.35291
-2.77877
-7.81565
-1.55869
-6.47057
1.94031
2.77737
6.12476
3.68124
0.914546
6.21847
-0.758723
-3.97101
-0.648248
-3.63818
1.612
5.10146
1.87594
1.90264
2.59083
5.82494
3.92627
-4.47699
-4.5571
-3.72467
-0.94015
3.15015
1.82262
-6.61953
-2.41718
4.19423
-1.66862
-1.47969
7.2602
8.59157
-1.35404
-6.38241
1.09704
-1.42433
0.845382
-1.15204
-1.7733
-2.66585
-1.05456
-0.666365
1.90635
0.821047
0.585352
0.629039
5.09453
0.164521
-1.63182
-5.83617
-2.6787
-7.98869
-5.05008
-0.604377
-3.33851
-2.32284
1.96718
4.87516
5.20177
-1.04297
0.785445
2.21054
-1.72199
0.738257
2.72281
2.17114
2.90433
2.70639
4.0817
0.643244
-2.76905
-3.17066
-3.01009
-9.71158
-1.93029
6.36268
3.52816
-3.66859
6.89585
7.06022
3.91926
-0.284977
-3.16517
-2.64813
0.36976
1.17024
-2.6211
-1.39177
0.432987
2.8741
1.26534
0.466151
0.654221
9.07588
0.677685
3.39485
4.47971
7.226
12.5748
2.49666
-1.02361
-0.782907
-5.01361
-4.36367
-1.54689
5.41081
9.22557
-3.67798
-0.214495
-0.676982
4.38513
1.67379
-3.30492
-2.53223
-2.09154
-0.552326
1.72409
0.76093
0.430158
-5.72867
-7.66059
-3.61241
3.34989
4.42722
2.46128
-4.97191
-4.27735
5.33336
2.4218
1.86944
-5.05715
-3.06666
1.45885
-0.286315
1.37333
-2.0274
-1.4261
0.82705
0.90417
2.23842
-3.93178
0.126582
1.7575
7.34398
-6.91352
-1.15412
-1.07448
-2.93776
0.163793
4.27768
4.40015
-2.14211
-6.4966
2.72972
4.04697
-2.86828
-8.23421
4.85765
-2.8616
1.71881
2.00361
-1.98423
0.754362
2.8325
7.20911
7.44985
2.58215
-0.0595515
-1.18504
2.2496
3.69309
4.40044
-0.373572
-5.3702
-5.0143
-0.195882
2.12748
3.31321
-1.69083
0.758692
3.4923
7.69369
2.57935
0.467326
-1.06096
-1.52329
6.51139
7.8139
-9.63258
-6.08066
-5.47029
-6.24812
-4.2186
6.82932
-3.3031
-2.84258
-1.79388
-0.840665
-4.01119
2.13314
0.483184
4.86986
-1.6925
-1.40123
-4.87027
1.19082
3.99325
-0.859699
-5.01642
-3.62185
-4.26304
-4.77659
-0.0868492
6.49594
4.29181
0.615123
0.424993
1.11433
3.7681
0.698284
-2.00014
-3.39558
-5.614
-2.4785
-0.984842
-4.5503
-4.55349
-4.82851
0.485239
3.08971
3.30572
-2.42117
-4.33222
-3.3259
5.62707
7.16048
-0.772545
2.64995
9.75925
5.38763
-7.54514
4.54008
1.1579
-5.44336
-1.07827
-1.57293
3.41371
5.9089
2.61586
-4.84147
-2.0709
5.3728
3.42016
-9.50548
1.4377
2.68196
-5.986
-4.38832
-1.10749
0.623172
-0.662676
2.16421
0.837733
-2.00995
-0.351821
-1.14397
0.689409
0.49793
-3.46316
8.15241
1.31756
-1.92184
-2.97905
-0.785343
-4.28566
-1.96757
-0.563928
-0.360216
-1.15673
-5.28437
-4.32611
-4.77287
-3.31102
1.76822
0.510315
3.19706
0.875771
0.0156263
2.15948
9.00245
-2.22244
-0.654796
6.89028
1.36158
0.259626
0.941688
-2.59607
-12.7769
-6.22464
6.49418
1.35808
-4.0334
-1.25717
2.48608
-6.48909
-6.53015
2.83813
6.30556
1.37438
1.23673
0.388683
-1.05701
-3.13653
-1.8973
1.46321
-4.51527
-4.66644
9.7748
4.88048
-5.14103
-3.39683
-1.89527
-0.648139
-1.19683
-2.22446
-1.6131
0.00871072
1.133
-3.7228
-9.83788
-2.45007
-5.84208
-0.0832459
3.69605
-13.4218
-3.07597
1.52179
2.07708
-4.89128
-2.02172
5.71312
-1.27247
-4.86711
-0.347794
-2.18316
-1.96469
7.4689
2.96684
-10.0456
-3.30107
5.58324
1.75238
0.964292
-4.98768
-3.79541
3.45516
2.53052
1.17355
1.16991
-0.441171
-4.13883
-2.1941
0.715264
-3.1837
3.60315
0.6954
8.22927
-4.06226
-1.4917
2.80941
1.35111
2.86609
-3.32985
-1.78691
2.11314
1.35973
-7.57498
-4.35763
-3.08967
-0.570056
1.60946
9.80445
1.67276
-1.79178
2.04943
-3.546
-5.29001
-3.3004
10.7468
9.15897
3.37959
-0.976213
-11.3564
-5.51144
8.8951
5.38695
-0.808379
-2.56555
5.81699
5.43234
0.533507
4.25707
-2.29158
0.17569
3.60362
2.39089
1.31828
-4.31264
-6.62985
-5.11573
2.62259
0.526754
3.44031
3.38673
0.263073
-2.32022
0.00731977
4.05713
2.1017
-2.3989
-1.97897
4.83982
7.35831
0.57695
-0.843509
-0.308861
-2.7931
-0.0631253
4.16906
6.90028
3.58069
0.876483
-2.62311
-2.90401
-4.23481
-9.16459
4.43935
4.93007
-2.45863
-3.84195
-3.26544
-5.74638
6.19505
-3.06764
-1.03972
0.375606
0.23104
4.48968
1.96815
2.54288
5.3036
3.0435
0.412503
-2.27021
-1.77655
-4.38688
-6.99644
-3.82883
3.05901
-1.36102
1.28064
-3.33272
-7.75837
-5.21528
-0.149875
2.25949
1.31222
-5.35779
-0.412697
13.8968
4.45924
4.33484
4.84419
2.78058
-1.10043
1.05443
2.46638
1.49207
-0.56678
-0.785903
0.329198
0.802194
1.40568
1.48576
-0.281693
-0.850885
-3.42106
3.30575
7.23478
0.111772
0.522978
-3.72839
-4.80798
-5.3586
-1.90714
0.345804
-2.82586
-3.45202
1.42556
1.42256
1.4264
-4.53731
-3.49014
-1.78521
-5.43647
-1.65956
3.43443
-0.234393
6.37064
0.310325
-0.652939
-3.32394
-2.15605
4.6711
0.0510691
-5.27801
2.76301
4.98871
3.31966
5.86779
6.69356
7.29665
-2.25111
-1.23918
4.13862
2.69972
4.16243
2.93978
0.170225
2.81326
8.22192
4.89488
1.10853
-0.778564
1.20443
4.93816
7.60858
2.07068
-2.19161
-4.90945
-4.23742
-6.00436
-0.867547
-3.14695
1.1785
-3.50746
-6.23889
1.16226
2.94179
0.343601
-0.451949
2.31551
-0.664187
-0.515511
1.26219
-2.33645
-1.44125
5.21104
-9.55302
2.05901
-2.3757
5.32211
-4.59494
-3.21773
3.59491
-1.23222
-4.83782
-1.05907
6.47201
9.05664
-2.95267
-1.86176
1.96678
4.62768
0.758697
-4.06203
-3.43067
-3.11727
-5.51787
3.23515
-3.15115
-7.82806
-11.0606
-5.20773
6.12861
8.91591
-0.154294
-5.27462
1.42623
-1.91277
-0.960475
-1.44256
3.18647
0.340539
-8.19821
-2.2599
3.98054
-2.25929
4.89687
5.96188
1.09122
3.94145
3.75083
-4.15125
-8.82477
15.9559
-5.99117
4.70916
-1.6408
6.6793
-2.1936
-1.95437
-1.69858
-4.53022
1.66376
-5.68489
-1.62626
2.1199
-6.557
-3.22193
-3.58303
-2.1775
1.05832
-2.23298
-0.537932
2.87105
1.64763
1.05895
-0.639629
-3.05284
-1.19938
-0.898123
3.07663
8.28464
4.42568
2.06
0.543187
-1.61053
0.968889
0.359408
-2.30593
2.53286
-0.101001
-0.0043821
1.0625
-3.63015
2.71527
3.13814
-0.131589
4.6653
3.62004
2.70498
-5.91055
13.243
-0.0628271
7.82687
-0.783258
5.56458
2.18525
-3.8035
-6.52132
-4.0631
0.965656
-2.67157
3.48089
-2.97004
-3.73246
0.793914
5.06543
1.38677
1.12731
-2.24725
-6.49748
-4.91598
-9.4191
-1.40603
3.47765
5.69913
3.42053
-6.42178
-1.37744
8.11743
4.68012
-0.267246
4.50707
8.57419
3.70032
0.953922
0.129676
-5.29237
-2.01907
1.29027
-0.609342
-4.04295
0.347548
-3.1298
0.187642
4.24761
0.767022
3.75432
-1.42472
3.91937
-4.42816
1.57944
3.2761
2.02431
3.66515
-5.26913
-2.73702
-4.42095
5.80566
5.67796
11.6422
0.68395
-0.392211
-0.358323
-10.8308
0.949855
8.77525
1.08342
1.51747
2.90229
-6.93975
1.41487
-2.27305
-8.27065
5.2062
5.40458
-4.89212
12.7312
-3.31168
-6.66107
-6.0766
-11.3014
2.32579
1.12258
-2.48238
0.739332
-1.43338
-1.96259
1.05909
2.16893
3.88009
-2.77231
5.3752
-3.81076
2.56284
2.01095
8.2201
-7.6566
-6.92253
2.31722
3.9219
-3.22423
0.0326157
-1.92314
-2.49861
-1.91476
3.52652
-0.522672
-6.745
-2.9493
2.9181
-5.88156
-1.58378
4.01105
5.42575
-6.05755
2.58505
-4.19004
-6.18724
2.63936
-0.362923
-3.85451
12.7321
5.36051
-11.4327
-0.3303
-1.95634
1.3657
5.71561
5.81097
3.16552
-0.0844949
-3.26524
4.22128
-3.17139
-2.11163
4.23773
3.97924
1.95657
-0.0881903
5.91052
-9.63589
1.60349
1.10665
5.495
4.53068
-7.44255
-0.200049
9.71918
-6.91422
1.78534
-0.152369
1.02168
-0.221472
-5.08949
0.861906
-1.85325
2.76661
10.2878
6.77238
-1.38439
-0.488134
1.2934
-1.2597
4.29695
1.74607
2.46849
0.655385
-7.26227
-5.85464
-1.5964
1.15719
-3.07992
10.312
-0.677532
-0.675138
-4.03287
-5.16974
-4.64677
-3.9372
-8.36924
1.48816
-0.215072
4.00903
1.79319
-2.3616
-3.67195
-2.05799
4.8634
-8.49795
3.16598
-3.39763
2.69165
5.46301
-7.78849
0.639336
1.18657
-3.65138
0.52868
4.62043
3.84951
-3.60399
-5.32099
0.523245
3.13505
-8.59507
-8.58555
-0.801755
-1.39287
2.47787
-2.38204
0.781105
5.85367
0.593249
-0.561078
4.69542
-0.572616
1.03691
-0.450796
-0.616251
-8.22606
-5.63856
-3.03983
-1.99215
4.61886
1.97153
8.11664
1.92355
0.393574
2.27324
0.886036
3.79427
2.02616
-2.49423
-2.52485
0.993293
-1.97282
-0.958313
1.42731
-14.092
-1.78627
1.4808
3.12956
-0.672355
-3.41298
-0.943363
-1.91211
0.345969
-1.59914
-2.53487
-3.60218
1.53531
4.21211
0.868504
1.63784
4.02495
0.898925
-0.97074
4.90479
3.02798
-5.53016
-4.4759
7.17284
1.70837
-5.93771
-4.78948
-3.05304
-0.272642
2.78269
4.65977
3.14944
4.46549
1.43555
-0.184027
-2.51787
-4.85395
-3.07145
1.21909
-2.94639
-0.549854
2.11573
-2.0663
-8.02452
-4.16838
-5.66001
3.57568
1.21501
-6.11517
3.36737
4.33311
-6.82185
3.90722
5.73183
-0.0688686
1.09502
0.633393
-1.57178
-2.21097
-4.89915
0.482478
3.60218
1.92291
-6.0573
-3.15815
1.97963
1.3195
1.58776
-5.01492
-6.79611
-3.89732
4.11505
4.16738
4.4696
3.41829
1.76563
-0.130904
-0.412901
-1.47626
-1.16613
2.05815
-0.102
-5.23355
-6.19996
2.87346
3.68338
0.429703
-0.479842
1.29304
0.892628
-0.30744
-0.062004
-3.96579
-0.991921
-6.09774
15.8279
1.64887
8.75073
6.65529
0.357478
-2.65363
-1.50055
3.90886
-2.42804
1.38987
0.646893
-2.425
-5.16925
-0.519677
-4.98416
-3.46991
-2.92105
0.171726
-1.35294
-3.12176
-5.05117
-1.30232
0.30557
-1.99595
-2.79168
-2.1542
-5.25962
-0.58602
4.56017
6.41109
3.83768
-0.982822
0.233236
-2.15766
-3.21965
-6.37824
-1.61703
0.804888
0.0177138
-0.286876
-5.94965
-0.905223
4.52056
-0.352135
0.786809
1.88328
1.38763
-6.07658
10.3015
-4.33071
2.83911
3.54848
1.008
2.39552
1.13611
-2.38594
-8.06146
0.510526
1.76898
-1.10779
-0.848397
-1.34435
-2.02523
3.78657
4.37449
-1.77019
-3.19148
-3.06105
-2.85114
-1.56235
0.0621379
5.3385
0.65123
-2.89808
-3.3339
-2.38236
1.34804
0.626934
4.67633
2.20223
-0.557789
3.72875
1.01601
2.72861
2.39234
-2.49868
0.931884
-4.46004
-4.74029
2.98038
7.28551
-4.21239
2.98392
5.57532
-8.47156
-3.56065
-6.00508
-1.03698
-9.51313
-6.87888
-5.6997
2.16432
10.1198
-0.231683
1.99887
-2.13549
-2.60951
4.00663
2.7891
2.41574
4.5373
7.31565
3.06018
-3.21027
-3.00577
-0.476168
4.83708
2.1435
4.2919
5.95645
6.14577
0.115841
-4.11056
-3.22101
-2.92834
3.99461
4.19379
6.26362
5.79252
5.10191
2.65809
2.16754
0.654087
-0.321226
2.70828
-3.10709
-0.608217
7.28777
-0.093086
0.0925325
8.82794
-4.01576
-1.62318
2.24851
-2.63779
4.72178
-5.20337
-3.31105
-2.76674
-6.21692
-5.20571
-3.56269
-3.83094
2.853
-3.85608
5.72156
1.58116
0.349841
2.29231
0.470613
2.73881
0.857255
-0.970071
-4.17978
-2.74953
-5.70599
-0.467422
-0.366495
2.58495
3.33906
-1.7782
-4.16563
-4.97361
-1.12265
0.0550717
0.685883
-1.98207
-5.18578
0.106099
-1.54366
0.162853
5.67277
5.92004
-0.245807
-0.195065
0.788542
-5.42717
2.99931
3.86765
-1.03886
5.29168
5.49524
-2.78477
0.103928
11.6232
2.03078
10.0401
4.34542
-8.29997
0.224293
5.34265
7.15478
1.76954
0.63006
4.56543
-2.12534
-4.04086
0.710392
2.74124
0.161055
0.123031
-8.19959
-8.10329
-7.4774
-0.482438
6.27607
10.3658
9.55918
1.36792
0.604456
-2.65326
-3.36434
-3.22645
-5.2474
-6.06996
-4.34324
1.5435
-1.44183
-2.20546
4.00356
5.30248
2.80709
1.82124
5.50208
-9.07756
-0.762129
4.94662
4.74585
8.37955
3.98979
-8.19412
-6.45317
18.1873
2.08427
-2.68261
9.1105
4.87037
-4.17768
4.9041
6.77301
0.894301
-0.745723
-2.79725
-2.74878
-7.40317
-1.32122
1.68133
2.46058
3.9057
1.01063
-2.6303
-0.807922
-3.62896
0.818364
-2.07622
-7.74986
-12.5542
-5.10185
1.30571
3.87432
3.59944
2.536
0.221728
1.59469
1.91084
-2.01872
-3.51988
2.15646
6.8808
1.07613
2.23647
-0.679579
-4.71141
5.78493
-2.3791
-5.75657
-6.91083
10.1108
-1.03272
-2.80806
-7.86459
-0.362873
-8.33096
-4.77825
2.77495
-2.11783
0.481635
0.937355
-4.76942
2.27209
-4.05228
-0.664322
-3.00186
-5.34067
-0.48202
4.27713
8.30706
7.48268
2.21788
-1.75666
-1.01701
1.32767
-1.05073
-2.08575
-4.72915
0.346501
6.6081
8.07155
11.6955
9.21936
0.834604
5.84854
3.4976
-0.579136
-3.5014
1.04258
3.83875
-0.0256954
0.906846
1.67964
-6.54889
7.85184
-3.83008
-12.3293
-14.208
-2.35446
6.99215
2.49583
-14.0863
-1.98127
-0.613153
-5.51724
-3.13654
1.45684
-3.68193
3.64765
-8.33578
-0.376845
2.57086
4.30438
-1.98337
-4.05886
-1.39249
0.349208
-0.71115
9.49998
3.44458
-0.822554
-0.169138
2.29462
-1.9296
-2.28129
0.541507
0.0802673
-1.6711
-2.04048
3.48824
3.48216
0.0888275
-0.460156
-4.34004
-3.72367
-4.53888
-0.30913
-1.52317
-3.42499
0.0426011
4.34271
-5.42412
2.1097
-8.26525
10.1422
0.376779
-9.16851
-10.038
8.25199
0.275565
4.92428
7.07176
10.1662
-0.241929
6.18615
-2.37889
-0.277399
-8.55089
-0.743037
0.708879
11.5967
3.35368
-1.41181
-1.17326
-0.626771
-1.78792
5.10115
1.7837
1.77855
2.40971
-4.6231
-2.73585
1.62221
1.50455
-1.82771
-4.94965
-4.22138
-3.27234
-6.33626
-5.44177
0.854124
-0.393399
1.44643
-1.11975
-1.56265
-2.79458
-3.92934
6.32211
-0.196921
-5.77327
5.05963
0.400741
12.4314
13.1177
1.03224
11.0867
3.99332
-1.24809
3.63637
1.48983
1.55792
-2.75577
0.929159
-2.57108
6.77307
-3.85606
0.199833
-0.0451837
0.960711
2.14399
1.68998
-0.609721
-3.63862
-2.40597
0.40731
1.52046
-4.03434
-1.97589
0.0344386
4.54994
0.94152
-4.32354
0.378885
1.46378
-4.81894
-7.06021
-7.62493
-5.28327
4.45007
6.03787
7.23595
2.07485
-3.54269
-5.89502
2.10917
8.26507
-8.08241
0.753613
8.4315
-1.10472
-4.69045
2.90266
-0.842269
2.06719
-1.33171
-10.0481
-2.67784
-6.75406
-5.23994
-6.52998
-5.07154
-7.50185
6.38601
-4.86357
2.9858
5.70435
-4.48267
-2.38347
-3.19078
-1.93299
-2.74167
-4.38706
2.15345
3.714
-0.758932
-3.5065
-3.23756
5.85225
2.0932
5.74339
5.90965
4.75675
-1.54991
-5.02973
-7.06123
-6.09878
4.12155
1.47736
5.87919
-0.310974
-0.329869
5.76771
6.701
-4.47246
-9.1712
4.61092
-0.624184
-8.28646
3.06568
-6.67271
-5.89019
-6.03604
1.35003
5.48533
-4.62876
3.72139
-2.15232
-2.20073
8.0839
-7.56298
3.02265
-4.72333
0.892221
4.92291
-0.94629
-0.497979
-3.36892
-7.23913
-3.94328
-0.55047
1.54337
3.47633
0.911084
0.616007
5.17492
3.56501
3.07442
3.42458
1.26621
-3.22472
-3.75957
-6.08701
-5.28609
0.997605
3.02507
1.86942
2.88203
-1.22237
6.80035
2.91997
-7.60617
-6.96425
2.40156
8.5043
-6.51192
-4.38729
8.56871
-6.67877
1.73521
0.548688
-6.2828
9.30122
-3.83465
6.43206
-1.85269
5.20578
21.0051
-0.314704
-1.83296
4.56975
-4.93643
-4.18809
-0.338341
2.63247
1.16298
-1.53662
-2.86567
-1.85127
0.367955
2.35376
2.93567
2.599
6.18349
4.69855
4.64001
-1.03971
-3.27751
-3.3368
-3.21981
-2.36717
2.89022
6.56454
0.179177
-2.38934
2.27508
1.87372
-1.5592
-4.3033
-4.06369
4.50309
4.71917
2.76282
-4.7043
-1.54594
7.97877
-1.31692
6.6362
4.32586
-5.43478
2.85741
