8.83348
3.69461
-0.66986
-3.10671
-0.961095
0.345216
-3.15697
-8.0755
-6.47884
-2.3382
0.851791
-0.208775
0.775662
-1.27728
1.83254
0.141764
1.49014
1.60014
-1.76487
8.11117
7.68479
3.92712
-0.318988
0.282907
-3.54457
-6.00938
-5.83282
0.131848
-3.04181
-3.54722
-1.66573
-2.13765
-0.442794
-2.15825
1.71194
-1.56906
-1.26765
1.20851
3.9601
3.65873
-1.61161
-4.96642
-1.94784
3.88388
6.56377
3.28387
4.32367
3.31228
10.2942
2.10555
-2.77869
-0.394532
2.51762
6.42094
-0.0946904
-6.26732
-6.45032
-1.26065
2.00016
-4.10618
-3.75313
0.739269
0.139008
4.1286
4.24939
-0.899909
-3.8837
7.47655
7.6981
3.38248
-1.41085
1.42974
-2.87843
-6.72268
-7.68296
-4.21427
-0.122985
2.27947
3.60106
1.22445
1.44361
-1.67233
-1.90789
-3.1076
-0.345924
5.37366
7.84212
7.83599
-0.269008
-9.52392
-9.47665
1.64258
5.22918
2.19421
2.53552
-0.878462
6.68289
-3.19449
-7.35254
4.13614
5.41547
5.216
3.03386
1.14924
0.929486
4.94169
2.73319
-2.376
-3.37191
-0.604305
-2.53916
-2.80961
2.45147
-4.05462
-9.92351
-4.37498
2.91119
4.61034
0.322978
-0.965511
-4.07765
-8.21285
-1.57529
2.51829
2.36794
7.87
5.16235
0.602901
-0.641085
2.37933
-1.17857
-3.13483
-1.78242
2.02752
0.855641
-0.0470042
-2.71641
-3.13012
-5.02993
-3.68062
-0.495269
1.08089
-2.65099
-5.48163
1.37393
-5.60761
-5.93473
4.81677
3.6243
1.08763
-2.17615
3.91782
3.61803
2.63959
-2.66558
-5.83257
4.45558
3.4708
-2.46665
-2.54273
0.417079
-4.07834
-3.01827
-1.97656
-1.6562
2.51304
0.0447931
-0.278866
1.47165
-1.25417
0.488152
4.69772
4.96901
2.83762
1.81121
-4.26236
-0.786415
5.74237
3.19304
0.544789
-2.79205
-1.13026
3.62289
6.69909
-4.70529
2.37093
8.51585
-0.231774
-2.59088
-1.48619
-5.10016
-3.35902
-0.235545
-3.53618
-0.78009
-1.88743
-5.18744
-5.2486
-2.1852
1.173
4.49882
-0.418736
0.809613
-3.83204
5.62125
3.75559
-1.31253
-2.33977
-0.300625
-6.25855
-0.651301
-1.24725
0.730573
1.80198
-0.369804
-1.49102
3.17301
-0.377225
-0.00488531
-3.36849
-0.929274
-0.647564
-0.592108
-6.32933
-1.232
4.50475
2.19095
-2.37109
-5.88518
-8.93284
1.42179
4.13372
-2.05063
-8.07991
8.56001
4.65512
3.32892
3.63524
-4.90087
-6.51853
-0.0926283
1.77944
1.68826
-2.70471
-7.11188
1.24764
6.1365
-1.53059
0.429953
-2.62506
-0.357244
-0.242017
1.14137
6.03244
-2.63582
-2.78047
3.05219
3.97469
4.13625
-1.63539
0.507682
2.02558
1.20283
-1.78479
1.04591
-0.704388
2.63178
-2.665
7.42404
3.0714
-5.23747
-2.55932
1.5978
1.93566
1.65138
1.23195
2.79494
-4.03615
-0.224641
7.80585
2.55596
-7.26136
-2.64903
-1.60185
3.98291
3.47826
3.50854
-2.25606
-1.6321
0.103955
2.31665
0.444071
-0.127499
4.01643
2.47215
-1.66928
-4.17639
1.55559
5.26348
2.06614
3.843
3.49448
-5.28944
-10.0145
1.33126
6.35162
2.78456
-2.07239
2.3433
5.65721
4.59981
-0.714951
-2.98615
-1.14753
1.12113
0.814162
3.57581
5.26179
-6.20649
1.18904
3.89397
-4.04114
-3.82349
-1.8778
-1.12885
0.924916
4.47911
6.26325
4.51164
-3.83824
-0.0597998
-0.103583
1.52418
-0.713224
3.75705
0.839974
-1.31646
0.421872
-2.4035
4.18494
0.127855
1.60059
-6.14097
-7.5906
-0.688994
0.458853
2.09648
6.09729
7.64077
0.252607
-4.13542
-5.0711
-2.93974
1.32278
2.12519
-2.82183
-2.56323
2.20184
4.92941
0.967702
-3.40065
0.685915
-2.47588
-4.2956
1.58689
5.20895
2.56404
5.16313
4.39772
-7.55412
-9.46778
-1.69059
3.75452
4.18803
-0.224656
-1.11421
-4.8194
-3.47286
-0.150063
-0.496337
4.44241
-6.7019
0.242889
4.30504
-0.647245
-3.28407
-0.951605
-1.56307
-2.30781
0.100347
-1.73062
-0.682329
-1.6967
-0.742953
1.98016
-2.04241
-0.740261
-1.53942
1.96772
-4.61283
-8.5434
3.45134
3.70206
-1.97407
-0.247978
-5.10603
-3.18589
1.72025
-1.29515
1.33258
-3.1776
0.957606
2.0741
3.099
5.41247
-0.395307
-3.76825
1.47552
0.905618
6.62549
4.44434
-1.19613
-2.97039
-3.86768
-3.15754
3.58415
5.34486
-0.267442
-0.998306
-4.00768
-1.20852
3.5851
2.34267
-5.23802
-4.32606
7.08677
1.95969
4.34949
-1.9026
1.37595
0.308699
6.278
6.19272
-3.09514
0.285047
3.20407
2.65372
-0.152254
-9.14085
-2.19735
2.3034
0.00911535
-2.35624
-5.53809
-7.90838
-0.566108
0.763838
8.85252
1.81217
0.696934
-6.73776
-3.47845
-1.06716
-2.37557
-3.29478
-1.71454
2.72191
0.204262
-2.72554
0.149501
-2.10583
-3.04928
-1.12112
4.19011
2.28732
2.26255
5.24618
-1.32867
-5.9179
3.22638
3.64467
4.28173
6.9363
0.496946
-5.10841
-9.39784
-8.41387
0.746299
1.27749
-0.28779
-1.11291
-0.486344
1.95381
5.86536
7.05809
-1.60422
0.708903
-3.6329
3.88747
-2.25102
2.03734
0.694361
-6.87358
-3.57991
-0.201842
3.03761
-3.98986
-3.80122
-6.80081
-2.90402
-3.93519
0.836533
5.07795
2.89938
-1.31481
-3.79669
-1.22869
-1.53377
-0.165271
3.27214
2.03725
0.364093
-4.76303
-0.987538
-2.56405
0.525219
-0.371713
-0.823241
7.30145
2.67411
5.82762
-0.119556
11.7477
7.38502
7.16783
1.04205
-5.91407
-5.74295
-0.232254
2.63301
-0.843034
-2.34403
-1.9756
-6.35578
0.0419213
-7.10276
2.38636
3.68321
1.92026
-0.331694
-1.11972
1.10308
1.27082
2.13017
4.96957
7.62002
2.59034
-1.05449
-1.09559
-2.49341
-0.207577
5.77957
6.23691
0.475506
-1.6943
2.64836
2.14958
3.57081
9.53695
-1.77261
-11.9947
-1.85361
-0.227038
0.40607
-1.85677
1.15863
0.289868
0.739849
0.922728
1.32506
6.08506
-0.475616
-6.13642
0.278272
0.153927
0.264076
2.31839
-0.126428
-2.67871
3.04465
3.26863
0.903661
-3.58142
-1.32966
-0.276363
2.15919
3.80994
-1.86293
-4.44918
-1.75053
0.899513
2.14339
3.37867
9.78832
7.47657
0.766394
0.577637
5.15557
0.487761
-11.9107
-10.703
-0.570857
7.16112
10.6637
2.80635
-3.73741
-0.25661
-0.428945
0.28022
7.5951
-1.53938
-2.88177
3.04017
2.79055
-8.98913
-4.62821
-1.3611
-7.70685
-3.59889
-6.80422
7.18115
0.930105
-8.43113
3.99733
0.313752
4.37034
-1.64553
-8.04107
-3.09032
-2.43427
-1.48875
4.82981
-5.56288
-4.14287
-4.48932
-1.52892
3.61696
-0.940566
-4.91129
-6.5192
-2.79803
4.75124
-1.46193
2.66863
1.09195
-7.23217
-6.10609
4.78158
3.6084
-0.223875
1.21154
0.308749
-2.74921
-0.570096
-0.111861
-2.08992
-1.74686
-1.37288
-3.26168
-2.36669
-4.0007
2.811
-4.90008
-5.07609
-0.0975825
-4.66142
-4.1443
12.5099
-2.05137
8.25746
1.46872
-2.04189
-11.9898
7.04655
0.932944
0.408651
-3.4886
-5.15895
-5.35985
-1.69979
2.29232
-1.55102
-3.40736
2.2685
6.4946
7.61987
9.95039
3.84941
-3.7879
-4.7816
0.927837
5.06524
-1.69859
17.2483
7.57139
-4.02251
0.419446
-3.67333
-5.74862
6.73313
8.03881
-0.305448
0.776576
-8.03266
0.488191
0.722473
-2.83379
4.36959
-2.75404
3.52649
-3.71061
-0.771562
4.82404
1.98745
8.58246
-10.4801
8.52289
-5.15908
-2.37954
-4.74132
1.02271
7.32638
4.46461
8.60551
7.38692
7.5016
-8.71549
-2.57375
5.81752
6.37963
-8.28157
0.455984
2.25614
-4.52881
-0.286259
-4.93646
3.35825
-2.12181
-6.78204
-9.82951
5.6503
1.13608
-5.70286
-5.00671
8.19214
3.32105
-11.015
-4.45212
-5.70479
5.97008
-0.382336
-2.22921
-3.58553
0.404191
3.02944
2.10613
-3.50471
-1.93822
-0.832603
1.39265
1.89508
0.829825
0.797021
6.79633
8.77323
-3.50566
1.66498
-6.92623
3.84742
-2.50628
-12.5697
0.278256
-8.25633
1.06892
-2.12716
-0.84738
9.28265
9.69435
-2.70556
5.23492
6.28536
-4.23964
-3.51167
-5.30719
4.43402
4.13945
-4.70246
-18.5061
-8.26817
-3.63448
9.29656
-3.58134
0.300952
7.69062
-4.22068
-2.35526
10.9161
-2.00632
-4.96979
1.05396
3.16288
-4.7767
-5.34933
1.3321
-2.00312
-5.62297
9.22395
6.37998
-2.91739
-9.76089
-1.89198
7.72236
12.1317
-3.03302
-9.70706
5.30659
13.6367
-15.4813
-4.49748
9.48722
3.14876
2.90646
-6.57912
-3.75693
-1.0983
5.43465
-5.0515
5.64058
0.39212
-2.60657
-3.12329
-3.92638
-1.73555
4.68026
-1.41525
7.23786
6.64041
-7.54927
-2.0789
0.476701
1.89882
-1.03791
-1.90461
6.18619
-2.76594
-6.06539
1.31142
1.28748
7.46476
6.26602
-5.72856
-5.05128
2.96893
-0.895479
9.16948
3.80687
-12.5685
0.0253462
3.05749
-8.75522
-11.9719
-0.630224
8.77863
1.7379
2.24439
-1.33842
5.23514
-6.92197
0.0864247
9.8825
6.89102
-3.53992
1.94004
3.00359
-5.64312
4.5826
4.06036
-5.08278
-5.93467
-0.145373
-1.69306
1.65669
0.227144
5.72564
7.71049
-0.219142
-7.16206
-13.4789
-1.83326
-4.08443
-3.18439
-3.65656
4.19941
3.22785
-6.47866
-7.99336
-0.363996
9.68829
3.24739
-1.32955
2.47623
-5.86213
1.70189
-1.11424
1.70362
8.91883
-2.29582
-4.68212
-3.40012
-0.915644
5.86377
-6.9778
-4.55906
-0.437705
-3.66644
4.12169
3.01523
0.829456
-2.97761
-4.26936
3.16432
2.2105
-3.19416
1.78477
2.13564
-6.92921
-8.49565
-2.3603
-2.23044
-2.56483
-2.03785
1.26788
3.19265
8.85732
-2.08329
-8.42664
-8.14096
-5.24746
3.61473
9.73783
14.146
11.8209
-0.540745
-8.24127
-8.3268
0.59311
3.39949
1.05537
3.12086
-6.75682
1.35133
0.79921
1.50213
0.601208
-4.77068
-3.8118
0.544173
2.21592
-0.735667
-4.48468
-1.82102
3.99898
5.83972
5.9644
1.43577
1.41412
-2.54816
-1.26457
-0.790619
0.0779658
-0.912307
-1.96357
1.8005
-4.65315
-7.1261
-0.323423
1.15791
4.7642
-6.13825
3.43595
2.46153
5.2858
6.26227
1.12228
-2.46412
-1.91333
-1.87367
2.87702
4.63438
3.5422
1.02686
2.27955
6.39281
-2.04452
-5.32892
-2.88789
5.62085
-7.88699
0.573474
-3.34476
4.55206
6.28109
-2.25602
-5.65494
-4.79219
-4.05459
0.414039
2.81212
3.99445
-0.490255
-1.62961
-1.6805
-1.04336
-6.53939
-1.97237
-1.34206
-3.32218
3.64479
-0.186857
-0.556326
1.14919
-2.34668
-0.584002
4.22832
2.55554
8.04423
-1.22453
2.47737
7.66841
0.69058
2.68425
4.11299
-4.31379
-0.834518
-4.27028
1.0213
1.33687
1.50551
1.45849
-0.895962
0.685938
-2.19322
-7.08362
-2.59282
0.0941057
-5.41727
-2.64841
0.251941
-1.21815
2.57831
5.51526
6.27264
2.54819
-0.0153223
1.81116
-0.139432
0.117552
0.489472
-4.32261
-7.05341
-8.69516
-2.10973
0.391431
-5.7535
3.49679
3.26285
-2.77517
1.04097
0.884742
-1.50224
-0.154268
3.35439
0.0367667
4.56621
5.19303
0.943828
10.4792
0.808589
-4.52261
-4.62031
-4.79453
-6.52289
-3.71574
-0.612708
2.51218
-1.05897
-7.08728
-1.74591
0.600983
-2.96908
-0.144289
-0.365706
-2.84938
-1.54684
3.87016
-0.936233
-3.58259
-3.16164
0.711329
2.15866
-1.28961
-1.43441
1.72396
2.67923
6.31566
3.2048
-0.360148
-0.979158
0.0946337
3.57882
-4.72719
-3.05964
4.77869
1.77081
-4.77024
-1.39741
1.70684
0.34185
1.52261
2.57322
2.09246
-0.885609
6.68595
-1.02794
2.18574
0.279023
-3.06202
-5.05724
-2.29439
2.01407
2.17812
-0.641982
0.1631
-0.374574
0.886903
1.27276
0.550749
1.33267
3.46214
6.61817
-3.71691
0.372083
4.17219
-2.08574
-1.42027
-6.27315
-1.99284
-0.476949
-6.88045
-2.71578
-0.10204
5.8179
6.4317
7.97151
8.40763
3.01277
-1.29906
-4.79651
-5.98578
-0.517317
-2.27467
-4.75979
-3.12384
-1.05909
2.56531
-1.60966
2.32499
3.32869
-0.621033
-2.31664
0.987672
3.17977
-0.570272
-2.09724
-4.5495
0.540171
3.70016
6.68318
7.16042
5.12395
1.61446
-5.0605
-0.814035
-1.11633
5.07239
0.752721
-2.3495
7.82521
-5.4582
-2.91226
4.75001
-5.97904
-3.95044
2.55123
-0.264589
-2.35815
0.339307
-1.90629
-0.554624
0.517255
0.257697
4.94192
5.28107
5.98766
-0.607429
-3.55427
2.22671
-2.68797
-5.25422
-4.93237
4.99422
-0.713325
-1.98419
0.752267
6.30312
6.24791
-3.03206
-2.65122
-1.61428
0.749815
-1.97156
-1.64266
-5.47301
-4.49301
2.43893
4.22024
4.62385
5.31442
-3.84904
-3.32909
-3.41925
1.59848
7.76132
0.666581
5.35514
3.19943
-6.05131
-1.36216
3.36082
-4.75372
-11.9218
0.125162
6.74137
9.6088
4.50086
-5.46561
-2.75134
-5.60693
-4.65092
-2.64788
-1.4135
-1.39363
2.96046
7.68559
-2.29704
-4.25166
-5.25965
0.14196
6.86827
-2.65773
-1.93877
3.5847
5.15334
5.18654
-2.53183
-4.44804
0.589656
3.16949
0.396896
-8.53621
-0.196785
6.79834
3.75161
1.89748
-2.15331
-4.08711
-9.88845
-5.34843
-4.84166
4.44731
3.33949
5.12436
4.49402
-7.07001
4.17071
3.68118
1.90652
-4.09013
-2.56739
-4.48241
-2.95494
1.95045
10.404
0.79017
-0.198887
-0.307166
1.54918
1.10876
2.83496
3.23761
9.32558
5.2435
-2.29705
-1.1426
-2.4373
6.0772
8.33721
-13.9309
-4.56
8.12482
3.4714
-8.30768
0.397202
-5.27141
-5.51589
2.70403
4.27707
-0.0527587
-4.1811
-3.14796
1.37722
6.72401
7.61744
6.16687
2.69013
-4.05127
-9.77427
-5.94614
0.684231
6.75121
3.98037
1.93872
7.14926
5.16304
0.865586
-1.46717
0.866576
4.3943
2.56814
-1.89281
2.87632
-1.46438
-3.63707
-1.41886
-1.01615
1.86223
4.20276
5.91454
4.99832
3.49205
2.44763
-0.67735
3.48065
2.16355
4.9331
1.36825
8.51381
1.31127
10.3948
0.620894
3.52694
-4.09635
-7.15356
-7.02523
0.383822
-2.18278
2.68049
-3.35486
-7.48666
-4.71265
-0.739552
-2.0399
-7.14091
-10.5984
-7.07039
-3.37753
0.418974
7.49097
-0.00862228
-2.56492
2.36468
1.84672
0.461932
-0.747268
-1.68697
3.83303
-0.367247
2.01748
3.08033
-0.896166
2.20801
0.276285
-2.37417
-7.01772
-2.41
4.53939
3.34706
1.63609
2.61765
0.187258
7.79559
1.58081
-5.52005
-8.44413
-0.423322
-7.84412
-9.58902
5.1993
2.94636
2.40753
2.61537
-6.03389
-3.6837
-3.70322
-5.40774
-3.3646
2.74956
4.55198
2.01195
-0.921959
2.72682
-4.78136
-4.71358
-1.43528
-4.94422
-2.8927
-1.46605
-3.37673
0.3811
3.64732
0.671074
4.4867
0.435254
1.46169
-4.74879
-1.04388
1.31803
-0.66169
-2.20531
-1.84073
-2.04111
-1.17429
-2.86712
-3.99278
1.91562
0.197633
-1.75742
-1.94995
-5.54998
-0.737499
-4.48437
-3.28519
7.3362
7.39435
-5.06574
-0.177472
9.18047
3.57728
4.94363
0.230864
-2.9533
-5.88665
-6.35396
-4.87122
-0.146209
4.54574
4.24476
1.79428
2.39282
-1.78077
-3.76785
3.20898
1.12824
-1.30464
-0.957464
0.404491
0.102426
4.22743
-1.23555
6.43796
1.31319
1.1335
-0.176182
1.7105
-0.379648
1.80619
-2.09399
-5.84024
-1.27131
-0.906985
-4.35209
-4.23291
5.64492
7.74059
1.58413
-7.70809
-5.86328
0.389309
4.14459
7.53249
9.32952
2.6487
-9.63342
-4.13257
-3.29288
-0.916421
-3.85226
9.697
12.1862
-4.40643
-7.53061
5.74214
-2.44114
2.398
5.28327
2.66171
-0.759521
-2.18443
-0.443226
3.13983
1.25259
1.45865
-0.394468
-0.468053
-0.259037
2.16754
-3.3042
3.08279
-0.256379
-4.08223
-0.337368
-1.23576
-1.54603
-1.6349
-4.03373
-3.22698
-1.46158
1.1394
-4.07077
-4.46758
4.37104
10.8135
1.30912
-1.13383
4.62657
7.70685
2.77389
-12.3058
-0.11877
-0.0755581
-8.59979
-4.92404
8.18752
-1.61847
-7.78575
1.00511
8.54671
-6.58399
-2.64894
3.67064
5.79106
4.74406
4.00488
-0.11503
-2.69071
-0.479714
0.418677
0.0976101
2.34355
4.70572
1.88306
0.611179
-3.73851
-6.94007
-7.97891
1.15764
2.5182
-3.06038
1.9955
-0.0791411
-0.47105
1.17783
-1.58015
-1.10682
0.672591
-1.05709
-3.49096
-6.97535
-1.29521
6.35924
-1.31392
-6.5467
1.86605
-5.58667
-3.08672
0.307882
-0.58131
6.94832
1.1566
3.47096
6.57816
6.75115
-1.77077
0.797145
-7.03841
0.334699
1.77813
-3.0782
6.32703
7.37598
1.44236
1.33095
-0.975192
3.52274
3.70322
1.99414
4.26238
5.29412
3.5977
-3.31043
-0.646991
-7.96802
-6.28601
1.79105
0.812283
-5.49403
-1.39511
0.825017
1.83357
2.24862
-5.77281
3.16586
-1.25394
0.361729
-0.112435
-3.28915
-1.81093
-3.50505
-2.15079
-2.85056
9.14518
12.9859
6.54556
3.14448
-0.124514
0.723333
-8.38893
-5.26757
-1.51161
0.0964861
-1.67471
-6.00753
6.65972
5.41911
1.36997
1.46708
2.12204
7.76077
-2.18697
-1.25208
1.52452
0.530089
7.238
4.93105
2.59175
2.62787
-6.12882
-8.88889
-1.80432
-3.79467
3.72905
0.400182
-5.02583
-4.97423
-1.48505
-1.30983
-2.19629
-0.516449
2.24389
-0.671847
0.22794
5.77279
-1.81743
-5.19648
-6.7578
-4.43405
-0.0128449
-0.809695
-0.62811
3.90049
-0.66797
-2.4173
-2.7295
2.55032
6.13366
3.44973
-1.81678
-8.27941
-7.17079
-3.23603
0.466067
-0.00247954
-1.19392
1.82153
2.02514
4.1395
0.730036
-6.70837
-3.51094
0.575968
0.549107
1.1141
3.06511
0.207679
-8.40594
-5.43273
1.22332
3.03913
8.94348
-0.349986
-5.92276
0.723065
-3.33349
-3.88187
1.66575
1.42968
-0.691514
-1.65558
2.56143
1.33912
-2.74181
-7.83792
-5.7914
0.184953
4.54631
3.859
6.76279
4.83363
-3.34165
-11.7315
-4.20279
4.69859
2.94918
2.68174
-0.458722
0.114671
5.61797
5.11407
-0.822664
1.7531
-2.1897
-0.193764
-0.402971
-1.05217
-4.48017
-3.86417
-5.57626
-1.38586
-3.44585
1.04635
2.17181
-0.791091
-7.51104
0.417692
7.34854
9.36992
7.71519
-0.542462
-5.42577
2.35362
-0.558417
-0.46264
2.70758
0.971078
-4.88767
-4.44051
8.15096
3.70793
-2.36063
-6.93109
-2.67912
1.10666
6.04778
0.809181
1.03418
4.08792
-2.07408
-5.19733
3.98454
6.19349
-3.80015
-5.14538
-9.41489
-2.21734
4.5065
2.57321
2.99682
-3.38606
-7.6098
-6.24584
0.627379
4.33133
-3.76581
-4.99569
-1.37826
-0.339095
-2.74298
-2.805
2.31397
0.205726
-0.129824
7.59434
6.88761
5.43946
-3.96467
2.03459
-7.26357
4.80912
-0.324309
4.78627
5.65537
2.46112
-6.18294
2.67823
1.13734
0.195084
1.27431
3.01582
3.12622
1.43963
5.6331
4.60063
1.6334
-3.45952
-1.60308
1.13746
13.6505
9.84462
-3.71414
-6.39394
-5.16688
-3.32305
-2.73152
-0.459849
-5.13278
-5.26364
-5.25231
-5.89249
3.02809
4.06244
7.73477
-4.61901
-2.51812
-0.995986
-5.47967
-3.29007
0.940226
0.50156
-1.21735
-4.17165
-5.33463
-0.194879
-2.31534
0.714926
-7.55935
8.71057
5.90368
5.31125
0.744849
-1.73131
1.08594
6.11373
-0.795795
4.90523
4.06072
3.46103
0.123729
3.38944
3.09741
-3.47043
-5.82306
-4.45604
3.48304
-0.703142
0.675605
0.89902
-2.15762
4.65918
6.52484
1.47642
3.9774
-1.35625
-8.44698
0.169846
4.86782
0.898713
-0.182777
-4.04657
3.22743
2.74096
-2.51674
-2.61391
-4.20605
0.884018
2.14003
1.88944
-0.570067
-1.83301
-7.22009
-2.33369
-4.17153
8.35981
-0.495988
8.67356
7.15165
0.408977
2.57999
2.26347
1.96344
-0.980238
1.33767
8.54741
-4.1188
-6.02104
-9.75813
2.02033
6.59267
2.89733
2.03651
-9.33369
-5.72573
3.7963
-0.785583
-11.9821
-0.895353
6.10663
0.278988
-5.12276
3.37084
11.8324
-6.00237
5.08574
7.69114
1.74222
0.670904
-5.01122
-3.19867
-0.0561069
8.10087
-0.201614
-2.35134
-0.173637
3.45273
4.62178
3.31272
3.30754
-2.88782
-2.28165
-4.43661
7.78345
-6.0516
6.9326
1.34694
-1.31633
1.74739
-0.476551
-3.87246
-8.48091
-2.96536
2.25758
8.39799
10.1317
-3.40023
-1.46997
-3.40595
3.72046
2.36145
-5.99886
2.27467
13.8298
13.6931
-1.5685
1.00274
-3.70942
-10.8189
-3.26213
-9.78604
-1.26319
-4.43953
1.01301
-1.77208
-3.04044
3.0726
1.9244
-1.35057
-4.0739
7.53252
5.98685
2.91638
-1.46335
2.61043
4.80313
-0.0384905
4.15451
4.50836
-1.79058
-1.75075
-3.75988
-10.2544
5.24157
-2.16339
3.72537
-1.04767
-3.80591
-5.34529
-6.69826
0.746575
-2.7752
-2.07893
-5.03522
-9.22875
-0.290946
-2.91166
-0.481494
3.58406
1.13918
-9.50319
-2.69259
4.85763
-1.06549
-1.53889
-4.13491
1.12304
9.66522
1.42129
-1.13858
-7.06846
13.0258
4.05637
-1.96654
0.817673
12.0546
-0.929335
-7.87841
2.05023
8.0306
1.0632
-4.84065
0.684238
1.92318
-2.63784
1.93008
3.68998
2.81909
10.1563
-4.74313
-3.3789
9.95806
-6.06038
1.65566
-0.463442
-3.71208
-5.65787
-4.73702
1.45937
-4.90938
-1.35824
2.21792
10.1717
0.65214
-8.71429
-3.00809
3.53084
7.49119
-9.86925
-6.56694
2.09824
5.08152
13.4046
1.14919
-12.0263
-8.0246
1.71338
12.1083
2.43887
0.25159
0.0988739
-8.68011
-11.4879
-0.632225
1.0369
-7.14286
-1.42404
9.5385
-2.09818
-5.28899
2.23045
-3.2146
-3.54498
4.41717
3.99864
1.37316
6.19625
-2.66476
1.74125
0.0118297
-5.48154
-1.41993
-1.42029
-3.31061
1.40773
8.16709
8.45579
-0.882234
-9.10147
-5.57068
2.58688
1.49966
-4.91537
-6.31741
5.51434
10.4755
3.10433
1.01473
0.418209
0.311522
3.97093
2.12541
-9.21072
-2.50739
0.727326
-1.96659
-10.2423
-3.2396
5.71053
5.5268
2.76701
2.62327
6.84193
-1.2913
-2.50607
8.0485
-1.52864
-3.35149
-0.147769
1.1046
-0.18397
-4.01821
-0.376149
1.23923
4.11891
-1.48985
3.64872
-4.43233
0.770101
-6.69359
-6.74949
-6.67663
5.57609
5.23578
3.47856
0.801314
0.743408
5.05868
1.74064
-0.409168
-1.41885
1.8362
-1.70434
3.584
-2.37507
0.474232
-2.28316
2.05113
-2.08821
-7.26987
-4.88233
-7.25285
5.03554
9.69598
-1.99725
1.02975
5.58241
1.83037
4.09802
-0.786449
-1.15287
-3.15109
-3.19055
3.21873
1.453
0.262721
-1.88273
2.68684
-4.06701
-12.1456
2.58216
3.32956
-0.332556
-11.3862
14.1373
-2.23723
5.18007
-4.93238
-1.42235
2.46331
3.10884
0.713666
-0.918964
1.72876
3.2486
-3.15804
-0.938852
-0.201293
-5.78458
-7.25506
-7.8087
1.61664
5.84846
-1.18559
-7.23666
-5.80696
-3.23123
6.86036
9.61887
10.0979
8.26789
4.03397
0.448447
1.71549
-2.47439
-7.51692
-7.35797
-4.21683
6.28993
-3.88356
-5.8864
1.8845
3.85051
-2.29861
2.88452
-0.0559088
1.19613
-8.85223
5.05091
0.273724
-5.1351
-0.547314
5.26225
-9.02304
-0.305751
-0.764765
0.291262
0.28907
4.17857
2.62412
-1.39112
-1.66696
0.45659
-2.54255
4.84262
6.03021
3.67307
-1.59535
-8.10226
-3.42804
-1.57237
-0.783962
5.56603
0.50526
-5.39766
-2.36517
-1.38695
-4.794
-4.22849
2.35856
2.88554
4.87449
5.23497
-0.388191
-9.2896
-5.45298
8.00092
1.00283
-3.31475
-3.71053
-2.54245
-2.44542
1.89401
-6.42095
4.64603
7.26486
-4.00515
-5.68408
-0.990784
6.07895
7.47387
-9.42851
4.09105
5.15006
-6.01902
4.8674
5.35017
0.644358
-0.5249
-2.33008
-1.48939
1.0348
4.97367
8.75506
6.77221
0.600834
-4.48106
-1.97597
2.36908
7.05307
8.48772
6.69772
1.49917
-2.52451
-4.96733
-3.89278
0.490673
0.874286
1.19846
2.18736
1.63369
0.930924
-4.6253
-1.2799
5.02827
5.75052
1.92596
-1.04154
-6.65674
-0.0214031
0.108555
-3.78834
-3.51696
1.25975
-4.13284
-3.13057
0.527475
0.810703
-8.04459
-15.4777
3.9175
4.97517
-4.48997
2.08626
1.1584
-0.433928
1.04604
-2.6721
2.00815
2.72296
2.48536
1.51481
1.30413
-1.77883
-3.86454
-0.329034
0.64419
-1.43608
-1.62883
0.42089
-5.18987
-5.35586
-0.14766
3.21143
-2.22478
0.72322
0.294921
1.33584
2.20659
2.93745
-6.40461
-3.61092
3.06868
7.71151
-3.54969
-1.43593
2.42749
0.17739
-1.9242
17.7749
-3.96664
-10.3087
-0.752663
8.55906
7.05505
-0.369447
0.370209
7.42852
1.11394
-0.198468
-4.42799
2.19689
-1.64286
-0.28504
-4.39004
-4.01838
5.93562
2.86458
-0.115694
-0.907517
0.248522
-7.49604
-5.68511
-3.76535
5.28505
1.94872
3.70253
4.49388
0.312489
-0.336039
-2.57343
-1.27396
-3.37536
-1.56312
-2.14839
4.13072
3.14644
-1.77125
-5.79008
-4.64757
1.51651
0.186132
-2.88736
2.56092
6.86201
-3.29879
0.312675
8.15832
-0.611209
4.65749
5.50919
-0.268693
2.43382
0.986841
-7.09981
14.624
-1.01293
-3.30101
-8.10669
6.07794
-6.42218
4.24574
0.441495
0.879762
6.99291
-0.695349
-5.65287
-1.55448
-2.06633
-5.59335
-8.03112
-2.36508
-1.66424
-0.902685
-0.950029
-0.715767
0.184019
-0.212107
1.6673
2.8119
4.56927
0.0782027
3.1261
3.62623
1.53635
-2.89178
-8.42898
-0.542656
0.885402
-5.68778
-2.20617
1.58555
3.24297
-2.35909
-3.84435
-1.58621
-0.37202
-5.74652
3.13446
-3.89104
-9.36705
2.75858
2.09433
-3.15245
-1.18711
5.49485
-2.50894
4.7581
-1.42621
0.732189
1.39115
-0.913983
4.8693
2.95473
-3.9171
-7.71665
-3.55347
-0.501945
0.0351363
1.13441
0.737571
-2.41811
2.80888
1.08526
-3.44056
-1.69211
2.76764
6.82869
5.40868
1.62225
3.68361
2.68975
0.439105
-3.95939
-7.67256
4.58186
0.637422
-0.0825535
-0.595884
12.8543
-5.11953
0.315558
-4.77399
-2.30024
10.5144
0.698113
2.75061
4.22974
-10.3093
1.45697
-2.01794
5.19356
-4.88379
5.3182
2.51505
-1.0229
2.17407
6.37909
1.44513
-1.2909
-1.59996
2.22598
-1.68512
-4.06862
-0.604682
5.13245
1.89339
2.28805
-0.140464
-2.28769
-1.76522
-5.11785
-9.75599
-5.62355
-1.91447
2.89585
5.24437
-0.94209
0.580028
1.78832
-6.83077
-4.20574
1.36018
5.07383
1.97062
-6.2068
2.85189
4.73685
-3.07527
8.1227
5.97232
-3.08562
-0.770863
7.95151
-9.53956
-0.741294
1.38007
5.68484
-5.11609
1.92503
-5.42696
-0.651384
1.95665
7.1926
-3.69898
4.06264
2.6978
-4.11598
-2.21778
1.75387
2.18309
5.66597
6.31294
0.520025
3.74453
0.255831
-1.55015
1.62011
-2.51694
1.3753
-0.515375
4.8079
1.68879
2.16338
4.47076
3.1437
-2.75431
-8.33323
-12.6974
-2.07822
4.73995
3.70417
-2.37944
-0.542872
1.28783
0.793415
-3.83121
0.704925
0.226435
-2.74097
-10.5772
-1.76855
1.28148
-1.47913
10.6568
-5.98776
-0.402536
2.40952
0.961377
-3.70767
-2.99967
2.21463
-3.83864
-1.45888
3.93374
-3.17634
-6.72445
-2.65456
8.99646
14.3107
4.45843
-5.04113
-0.269827
-1.32664
-1.52744
-1.78813
-4.8025
2.28891
2.27659
0.40366
-4.24173
-2.82416
0.990337
7.34057
1.54369
-4.8336
-2.28588
1.35042
5.51461
1.66495
-3.85526
1.62545
-5.33784
-2.88122
1.24255
-2.72594
-3.84331
10.9728
-2.55195
-0.521147
-0.00523859
5.6422
-0.0754234
-2.2607
5.37905
-2.98071
0.575067
0.39592
-8.85159
0.60635
-5.64178
-2.59127
4.99852
-0.471968
-3.62549
-7.5355
4.44507
6.10578
0.590496
-2.24339
-1.50248
-2.02585
-2.99928
-3.56472
-1.66861
2.63559
1.49409
-1.49226
-0.306532
-1.75851
6.12633
-0.478571
-2.21872
-0.279807
1.40456
1.78179
4.51304
0.837185
-0.865226
-7.64194
-9.26184
-3.43353
-1.14104
-7.07782
-0.215696
-1.80109
9.90462
-0.0396421
-2.0245
-6.26276
-7.69342
-0.228122
4.80614
-6.56847
-0.705827
0.328885
2.24525
3.33431
-4.79253
-4.82679
8.02258
4.95614
1.59875
-5.76824
-4.8881
-4.31447
0.653592
0.374364
1.82878
4.96444
1.09808
-2.88592
-2.57985
0.829639
-3.01225
1.57606
0.721303
-2.78792
1.64303
-2.49569
-0.155275
3.25321
-2.74152
3.45738
-2.98155
6.62768
-1.70075
-1.61301
-3.10071
-0.519159
-0.730706
3.0128
-1.8954
-15.3619
8.5748
6.08136
-3.44761
-9.12397
-5.83866
1.6788
-9.46465
1.8414
-0.74971
-3.99113
7.6776
3.32071
1.51288
-3.55195
3.79659
6.49803
4.50961
-2.7468
-4.72825
-1.57239
2.06617
-5.25278
-5.30718
0.807653
-0.119113
1.52493
-1.96161
3.54427
-0.476813
1.96343
-0.454948
0.888454
0.975725
-6.69004
-2.0279
0.540981
-3.57678
-5.04109
3.97839
5.15691
6.24181
9.65819
-2.0083
4.79349
0.488986
-5.3018
1.66153
-0.320111
-2.34169
-5.72159
10.4241
-1.22273
7.14644
11.5164
0.445657
4.24594
3.35887
-2.23884
4.35525
-1.7022
-1.07143
-3.79996
0.645779
2.13576
2.67451
1.59187
-2.17153
-2.9347
1.45134
-0.474808
-2.13242
-3.46218
1.48988
5.43107
1.70726
3.74596
4.70105
4.84974
-0.168157
1.51363
2.43054
-1.98868
-0.063461
-2.34026
-2.66453
0.135849
-1.3201
4.33882
8.18177
4.43708
-4.79273
-0.82419
5.66019
-2.15885
6.53201
8.02209
0.190393
-7.9285
5.47327
-2.04442
