-2.61983
-1.1595
4.54048
2.93467
3.65054
-2.62511
-5.78535
-5.78524
-5.71158
-4.88627
-4.77287
-2.85928
2.09113
0.0640833
1.87101
1.60832
2.95809
-1.72476
1.55745
-2.41591
-0.708135
-2.31855
-1.4409
-3.08892
0.508542
-0.0292568
1.25323
-1.31087
-0.332837
6.16067
5.30755
0.381768
-3.83749
-0.287208
-0.221756
1.0587
-1.11445
-0.269916
2.80643
-1.93866
-1.49667
-0.0674535
-0.253182
0.107952
5.26282
3.87801
-1.7389
-1.00661
-4.63192
-5.89028
-0.0872424
2.38405
2.40225
-5.18719
-4.72696
-4.19314
0.307756
-1.4345
-3.23532
-0.125722
4.55534
-3.00611
-0.154296
8.30034
1.33892
-2.96593
0.380624
-3.45466
3.91175
0.555014
2.48046
2.046
3.23032
0.628755
-0.491366
-1.25124
2.29333
7.55582
1.26817
3.07678
-6.79081
-1.34448
-1.12709
2.67547
1.2114
-0.95789
2.93364
1.235
0.496547
0.747377
-5.89773
-5.7969
-0.0189793
5.58133
1.22947
0.625354
-4.11182
-2.88116
2.28978
4.21071
3.9432
-1.78699
5.72404
11.0434
10.3058
4.43716
-3.24701
-0.760701
4.35529
-7.75531
-2.56636
1.92164
3.86811
0.475045
0.320716
-5.64413
2.5854
-1.65493
0.761305
4.94708
2.11605
-0.891396
-3.19406
-2.07056
0.452768
-1.0935
-3.58532
0.30806
-1.98563
1.39372
-5.10967
-0.82384
1.33018
-0.779275
-1.1889
0.252732
-4.00769
-0.162278
-2.8672
-4.22555
-5.04119
2.48842
-0.0923138
-0.743155
-2.12545
3.9033
6.22891
-1.16647
-6.32395
-2.06615
5.40269
7.50795
-2.50681
-0.568343
-3.16248
-2.47714
1.4738
-8.13582
-5.68741
0.485957
1.44878
2.06401
5.60854
6.63522
4.22784
-7.20358
-2.07578
2.13594
-3.90245
-3.53748
-1.40343
1.34342
4.41124
2.41335
-5.67607
-1.45472
1.00223
-1.41009
-2.95699
4.37037
3.20089
0.399546
-2.52823
-1.88811
-1.05926
-0.155035
3.54838
1.77911
1.76672
-0.687362
-2.12422
0.508872
1.10092
5.21605
2.55716
-5.18708
-6.37666
-0.552639
-1.53854
-2.56703
-7.01603
-1.15084
2.65307
6.55719
-0.704653
-3.2298
-5.22606
-5.12593
-3.03567
-0.0891886
5.11882
3.80922
0.699212
-4.31924
-2.59677
-1.93761
-5.14036
-8.61716
-4.50835
1.26373
5.47601
3.94322
-4.36508
-4.27763
6.67486
6.2245
-0.832577
6.55102
2.04771
-6.22786
-1.14242
1.64309
0.928491
2.36618
1.68608
2.40021
6.509
1.38502
-3.4453
-3.68548
3.14584
3.74889
-2.41803
-3.42686
-4.11196
-3.57433
-4.09887
-1.33855
3.45475
5.98897
6.55415
4.21701
5.38952
4.19979
-3.95723
-4.84181
-2.36581
-2.92923
1.94106
-3.07949
-2.90591
3.05365
6.74295
0.489092
-2.43525
0.609774
1.33846
-1.50203
-1.21807
1.24747
1.30577
0.649095
4.05454
7.17101
-4.10291
-1.68524
-4.01394
-6.14003
-0.243769
6.68197
1.25522
-0.672322
0.105879
-0.696904
1.41226
-0.190462
0.442204
-1.97701
2.53722
-3.00974
-1.44068
1.97285
-1.38553
-4.32156
-2.67028
-0.276973
4.17983
0.692669
-7.24861
-7.03953
-1.63552
3.94193
6.11883
0.215408
0.617513
0.215942
3.47562
-2.52474
-4.47935
4.30102
6.2766
-2.34377
0.636507
3.08244
4.55214
1.58496
-0.179264
-1.18861
-6.00409
-5.66459
-1.57506
5.97817
0.478228
-4.32378
-3.98998
-2.18906
-0.716744
4.9601
0.649691
-1.88815
0.564101
4.12037
-5.67702
-0.558279
0.833585
0.28568
-0.636184
3.64184
5.02732
7.31391
0.886239
2.70402
3.00886
2.28867
3.2213
0.0333297
-0.465575
-4.48971
1.04406
-0.944684
1.50209
-1.62061
3.20792
3.60619
4.59167
-3.64215
-6.634
2.34693
5.17238
-0.562655
-2.40584
-3.05731
-0.479971
0.846102
5.33995
3.59305
-5.62766
-5.57648
-1.13995
1.05407
3.12681
2.40399
-2.31942
-7.3763
-6.35399
5.35056
10.494
-2.60477
-3.59314
7.68834
4.72787
-0.912134
1.06123
0.539433
4.57397
6.09404
4.64596
-2.25495
-3.14021
-6.10416
-7.86905
-5.24637
-1.36953
5.80427
1.88966
0.918266
5.91599
3.32916
-0.270981
-6.11544
-4.35733
-2.53991
-0.714218
-5.95026
-6.17151
-4.99903
-2.55931
-2.74396
-1.56764
-3.25994
-2.17322
0.649713
0.782168
1.6518
-5.77645
-1.51629
0.605894
2.24059
4.18964
3.30786
2.89696
-6.8826
-2.98193
-3.18127
3.66322
3.39354
4.5076
-7.50745
-4.10259
-0.0348025
-0.321065
-0.625262
0.618699
-1.34378
5.17985
3.48655
-2.85608
0.709747
-1.30998
-1.9333
3.41989
7.85772
3.31951
2.20998
2.25834
-5.4993
-4.26936
-2.43575
4.10064
0.284709
-5.1265
-4.12574
4.51818
4.22654
7.1203
5.04129
5.22917
0.374928
-3.75953
1.56471
-0.6398
3.81705
2.05415
2.99833
3.3029
4.20275
0.0908723
-6.00052
-7.6633
-8.64591
0.147868
2.37714
2.40895
-2.43031
3.67116
1.59557
-3.54858
-2.79488
1.80106
-0.203465
-8.0836
-6.04553
4.76163
9.41124
4.34985
-7.72344
-3.35785
8.76757
0.365393
-1.42473
-1.3755
0.184646
-2.71794
-2.55799
-0.520031
-3.09588
-2.17889
-1.8142
-0.99119
2.94791
8.72833
-0.353342
-3.8842
-2.3414
-0.494585
-5.6552
-7.31665
-5.9693
3.34377
0.511789
6.11841
3.06227
0.336036
4.49981
-0.614898
2.42457
4.69098
-1.42628
-1.23552
-1.79002
-0.446966
-8.42312
-1.63656
10.772
5.38223
-2.00279
1.03132
1.40464
-4.31066
-0.185834
12.0047
-3.74115
-10.0287
-2.10292
7.83027
11.9188
-0.904311
-4.50983
-3.52058
-1.35556
-3.00195
-0.169541
4.901
3.29522
-2.41272
-7.23945
-1.27441
8.24269
13.6232
4.78788
0.879581
4.35856
1.02656
-0.55652
2.67785
-2.50334
-3.7551
-6.0641
-8.87349
-6.61039
-3.24867
-2.34725
-3.92208
-4.60135
-2.61652
0.278823
5.08536
11.01
6.41726
-3.76697
-15.031
-1.46845
1.83619
-6.49851
2.83258
8.32171
-6.66725
-5.7239
0.856217
-7.01778
3.16064
3.10971
4.58019
-5.38544
-5.68583
-1.39215
-0.75485
1.8063
3.2822
2.29947
3.38432
6.81522
7.899
4.87872
5.86023
1.14159
6.96783
-3.48593
0.115684
5.7197
2.02137
-3.99106
1.91458
4.10916
-2.20797
-3.9672
-3.89786
-1.4833
-1.17415
0.320661
-1.24942
4.85679
-0.199947
-2.80804
-3.90965
-1.68729
-3.24501
7.72534
-2.13909
-2.92994
4.33816
-5.04409
-2.35409
2.27311
-6.74037
2.009
-3.75702
-2.47057
-3.78129
0.550614
10.0921
0.389342
-6.97241
6.91172
2.62346
-0.202681
0.152938
-1.44021
-3.21938
-2.2525
2.01995
1.68635
5.56248
3.11829
-7.78179
-7.25209
-7.98858
-3.31886
-3.71705
-1.97169
-1.1651
-2.2316
0.576712
0.448036
3.27999
-3.31792
-2.06991
-0.187832
-4.50207
0.154518
4.48121
-2.7859
0.402213
5.06581
5.63825
4.72854
-0.0972583
-4.03628
1.41185
7.11892
5.6521
2.1949
-4.27879
1.58989
4.20626
-3.50345
-0.91388
0.0930907
-11.7598
-4.77958
2.06311
2.67614
-3.56956
7.29116
8.37772
1.89155
-7.27817
1.90324
-2.06837
-7.9703
2.85787
0.638403
-1.08536
-3.07904
-4.38983
-0.413544
4.65642
3.32934
2.2969
-4.42412
-1.43636
4.42116
2.29398
-1.3964
3.97952
-4.14609
-2.91104
-4.08812
4.73821
-1.88884
-8.9467
-2.23015
-10.4744
5.15403
-8.37516
-3.04546
2.74902
9.30857
-1.91212
-1.33494
-2.18495
4.31175
-0.0550147
-4.07816
1.73749
-0.344041
3.21558
1.51998
-1.54492
-4.3964
9.71041
0.727096
-8.66546
-1.95948
-7.86555
-6.21469
-1.7324
-5.23019
-1.61126
3.11435
2.89397
0.141687
-2.52586
-0.0878768
11.9646
-0.569702
0.000903884
-3.87368
2.85514
9.64833
2.53871
-1.64923
7.69223
-0.0684251
-2.13831
-2.13378
-6.10165
6.8278
2.08502
2.33423
11.3217
0.235535
6.61122
-6.8691
4.11188
2.72223
2.73466
1.69376
-3.48667
-0.31712
-0.587127
0.118113
17.1283
5.73586
-6.29806
1.96883
8.47322
3.89023
-15.43
-15.0675
5.84249
-9.04084
5.06115
6.65671
-1.56874
0.328017
0.170196
-1.71071
4.34999
5.5164
-4.13983
0.677731
10.2236
-0.703637
-0.244365
-2.47027
-1.94182
8.04411
-5.72505
-10.7525
3.48694
-4.59463
13.1308
-3.32751
4.7138
26.3785
-6.41949
7.3953
-6.72553
-5.87141
2.52084
-2.6744
3.66174
-2.32324
-4.94963
-0.875346
0.58946
-0.416316
-5.0908
10.5727
-0.590248
-1.74225
2.41531
5.57447
2.31535
-6.53277
8.04554
6.1021
5.51753
6.46606
-2.67668
-6.91735
0.43489
2.9234
6.03706
-4.89826
4.95193
-0.562205
-5.94422
2.87756
6.40283
0.910083
3.49036
4.17109
1.3704
3.48464
-11.4901
-4.31793
7.89467
-6.3296
-11.4269
1.80742
6.91379
-14.0944
-8.08679
0.315242
-4.00065
-9.16903
-7.39894
-4.11962
-5.0318
-8.27977
-3.32621
3.26271
-0.800386
-3.87013
-4.83225
-1.60912
3.43357
-4.50754
-4.24167
2.25653
0.432865
-1.38784
-1.41014
-5.32555
2.49761
7.7652
-0.139774
5.06768
0.461046
5.50535
-1.70893
-10.0162
12.7613
0.399361
1.04863
1.75888
1.16867
-0.356332
7.44626
5.33187
-1.55761
1.25829
1.19644
6.8262
14.185
10.4568
-2.50491
4.12777
4.94639
2.95524
-1.19201
-3.35227
-0.670445
2.61512
0.771143
-2.25712
4.35732
-0.664503
-2.97079
1.16941
4.22601
-2.09271
-3.55927
12.3633
12.8944
-5.28374
-8.42573
3.58285
2.74587
-5.23685
-5.62631
3.55958
5.64999
3.68699
-2.28465
-9.7792
-14.7003
-0.531798
-5.72617
-3.23031
3.3117
3.64864
-6.58338
0.425973
-2.33847
-6.07206
1.8105
2.18012
-7.34065
-0.902946
-0.868055
-1.41857
-5.75476
-5.4003
-2.92449
-6.60896
-0.990976
0.645167
0.0281472
3.93493
3.70691
-0.876545
0.232547
-3.11167
0.225617
5.07042
0.818745
-3.71349
1.40724
8.20173
1.12075
4.71775
-0.311818
-3.86339
-10.1165
0.271466
9.11693
7.86105
4.97866
1.71133
0.135095
-2.75618
-0.53047
-8.77487
-3.40837
1.94164
-1.51141
-7.03457
-2.71436
-1.17791
-1.94845
3.60343
2.19919
-5.63955
-1.6858
0.049201
-1.57846
-2.65477
0.226949
2.39112
0.912699
6.01994
1.83236
-6.20418
-4.72859
-1.53287
-0.661038
6.09181
3.06017
-7.16219
-3.93313
0.74857
1.26334
-0.328024
1.63928
-3.13377
-0.567956
4.80583
1.01382
0.625337
1.32174
-0.0492327
-7.21891
-7.02553
-0.304891
1.42154
3.04575
2.08015
3.99307
-0.0913849
-3.66332
-8.07377
4.1046
1.08885
-1.85924
-3.93608
-3.03251
1.57336
-0.0925634
1.69459
0.324926
-2.12778
-1.54544
1.60666
2.18362
-1.35606
6.89634
7.46984
1.53196
4.61462
6.05436
9.88215
5.928
0.646179
0.787367
2.19858
-2.45101
2.31039
2.97633
4.13953
5.89615
-0.751417
-3.8447
-5.98333
1.9971
0.157043
-0.587643
0.218587
0.854797
-3.53914
-3.0528
-2.93099
3.41854
4.74293
1.65967
3.29694
0.263453
1.47919
-1.57854
-1.72948
3.46026
1.59051
-4.07769
0.51683
1.77547
5.97534
-0.251213
-0.985955
4.35438
2.22819
-3.44999
-1.30187
1.57026
-0.886678
3.17052
8.59836
1.53455
-1.62334
-1.10324
-4.00059
-4.9817
-9.28769
-8.22679
-0.573858
1.82282
3.42963
-3.22301
-0.831043
0.598117
-3.63133
-5.5276
-1.00344
3.44027
3.48032
-4.0939
-3.15946
-2.56524
-1.81981
-3.63836
0.228479
0.43181
-1.52569
-0.216204
-2.14102
0.946392
0.622241
0.985304
2.67027
7.77433
-0.874753
-0.912926
-0.837796
4.26643
2.7027
-4.39448
-3.35135
-0.991855
-1.22168
-0.622755
-5.42973
-1.88618
1.07867
3.70345
4.6403
2.4801
-2.86131
-5.97997
-4.6046
1.42719
0.779597
0.441591
5.11245
9.30324
6.08213
-2.39937
-6.50358
-6.72777
1.57467
-3.74614
2.20753
-3.70801
4.48695
-5.56497
-3.41647
-0.752353
6.85449
1.95988
2.24088
-4.06148
-3.06296
-2.01653
-2.20855
-0.735382
0.153434
-0.47363
6.52695
7.82416
-2.01205
3.02068
1.07878
5.15442
1.80034
-1.47953
0.879958
0.419903
0.932657
-1.74234
-4.69139
-4.27397
0.0563313
1.87351
-1.38829
-2.25584
-4.99672
-5.7957
-7.95933
-8.57301
-0.27887
0.128989
3.00942
4.31173
1.13755
-2.62234
-7.04803
-1.98101
4.74345
5.48335
-1.91829
-3.06021
-0.721841
-6.48718
-0.400495
3.7547
6.83923
3.07497
-0.823099
2.08478
1.38211
0.327806
2.991
1.98395
-0.665249
3.47303
3.21008
2.92816
-0.556728
1.07542
-3.28922
4.09415
-0.527084
-6.86738
2.1459
3.32949
-3.28416
1.9216
-2.05952
-7.32716
-2.09853
3.87901
1.53075
-6.56609
-6.74702
0.445028
-3.31133
-8.74784
-6.57501
-6.69739
1.34714
1.87489
5.626
2.87158
-1.70605
1.17379
1.08033
2.61277
-4.71085
-3.51331
-2.75631
-5.29306
-7.87351
5.23974
4.04395
9.28009
3.57046
1.9445
-3.16448
-1.84005
-2.28455
1.02764
-1.77098
1.32137
0.110626
-6.96367
-0.233153
2.06153
-3.65246
5.10728
0.680149
-5.56656
-1.10621
-0.496675
-2.21097
0.595383
0.557688
-0.789337
0.540275
0.207241
3.08984
-2.80906
-1.66097
1.07603
-2.83586
-4.13307
-1.81423
-2.27789
-4.11687
-1.54189
1.90043
3.69438
2.07492
-3.58807
-0.797719
3.35573
3.83797
-2.0334
3.81923
-1.47454
-1.74728
-5.83207
-7.68409
0.11152
-1.77118
-5.57055
-5.59333
-3.52021
-2.48596
2.27755
2.57274
-1.21095
-4.67429
-5.14858
-1.76563
4.10741
-4.13142
2.92641
-2.06208
12.352
5.06341
-5.04261
5.63629
0.515821
2.74361
1.97022
-1.70064
0.8386
1.84867
0.214135
-2.11988
2.31248
8.43123
7.70095
6.26373
4.65269
4.05025
0.668157
-4.96863
-1.32439
6.23914
-0.829788
2.29869
8.17298
-0.571726
-7.50939
3.60321
-5.02472
-4.74389
-4.83224
-1.34096
4.59431
6.26753
3.20712
1.83347
2.54384
8.62468
5.27033
2.34496
-0.77964
-1.7499
-5.37189
-0.0686968
-5.06399
-3.67061
-2.05252
-9.30221
3.89877
1.07608
-1.53771
9.04951
1.25217
-3.84475
-4.3736
-4.42813
1.04432
0.549948
1.28115
-4.53614
-2.30462
1.44725
-1.02987
-0.918061
0.578797
1.32264
0.834824
-7.09455
-2.74296
4.2724
3.25137
6.50484
1.9439
1.4217
2.14705
1.13324
-1.71135
0.348907
-2.4847
-3.98101
-7.93376
-5.69946
-4.89459
-3.16693
-1.90685
-0.923133
-3.44208
-1.65648
-0.616733
-3.28975
-6.32539
5.61802
-1.28732
-1.45862
3.9022
-11.3453
-1.41217
0.27239
0.854861
0.0578499
-0.935534
6.12032
3.24108
-2.8088
2.56322
-0.0611037
6.01554
-5.46664
-4.7316
-0.424432
4.25267
1.55347
1.92612
3.24716
-2.72287
-6.66286
1.16116
9.45479
9.88931
4.09885
5.48602
-1.9483
3.58391
0.675626
-0.611318
5.0046
8.37773
10.2106
10.3204
5.65805
-2.4878
-3.93046
0.140628
5.52092
0.650656
1.57408
2.50018
0.616978
-5.47141
7.68072
-1.72075
-0.643764
2.3431
2.30985
4.39227
3.18473
8.58879
-3.283
-2.15293
2.4821
-2.18698
5.20349
4.49964
-0.828934
-0.731773
0.924562
2.52676
5.51099
0.819939
0.302512
-1.36394
-0.0142729
-5.97289
-3.76173
-0.0882185
6.29854
3.69482
-0.239205
-0.155375
-3.9753
6.43457
0.11232
-0.710524
0.818732
3.9836
6.23352
9.00218
2.96454
-1.05109
-1.58338
1.09664
-1.48172
3.21878
3.26995
4.54561
0.218526
-1.56076
-0.0902166
1.29981
0.728662
1.72249
-2.33553
-4.43178
-2.67808
0.601256
-3.72332
-2.40891
5.55236
1.78891
-0.831609
8.92352
0.724481
-6.16172
0.832007
-2.47249
3.73997
4.53773
-1.4974
-3.10023
-2.27366
-3.99296
-3.08039
-2.07282
1.71784
-2.47839
-4.96146
-2.65326
-0.310279
3.38552
-5.20905
0.984426
3.03303
0.823805
-1.02959
1.06649
1.96579
-0.606582
0.578222
-2.21308
-2.15617
4.9611
0.335491
-7.60852
-1.34777
-2.68647
-4.41929
-7.82939
-8.10245
1.58492
5.33978
-0.18234
-7.03441
-2.53733
1.94416
4.9687
0.743101
5.2016
-2.99516
2.19271
1.00803
0.171352
7.43696
3.37845
-3.17956
2.24087
-0.42013
-1.70643
-0.78555
-1.42363
0.585305
-3.28159
-5.38175
-3.14147
-4.03716
-4.43334
2.19562
4.88949
-5.44166
2.72976
0.656577
-2.89354
-4.05533
-6.67956
-3.05389
-1.40937
-0.860418
-5.49617
1.20687
1.42835
-5.34627
-8.35688
2.18698
2.44905
-3.51966
-3.73439
3.30852
0.597881
-5.89293
9.05985
10.0107
2.42245
-10.2797
-9.97391
13.2589
16.5681
-9.53761
-7.99454
-4.25203
6.09375
7.48825
5.43636
-0.20505
-0.640795
-1.05191
-0.258219
-0.694365
0.278104
2.64197
-3.52414
-8.2273
-2.75568
-3.33426
-9.37944
1.1246
6.37804
-5.72791
5.65817
-1.8105
-3.47566
-1.97144
-2.50672
-0.743468
1.17535
-7.01675
-3.34701
3.607
-2.18451
-1.32767
4.87643
-1.93248
-7.96239
4.84229
12.0884
6.47037
-4.32925
-7.64444
-9.64808
0.532202
4.13485
0.73393
-3.27138
-6.91466
-5.71168
-1.8641
-0.165215
-2.05576
-2.48717
1.44227
0.920746
-0.0253881
1.24013
-0.766736
-0.725541
0.951655
2.08079
0.982852
-3.30258
-2.50609
-3.2232
-3.97431
-7.78775
0.652455
7.70129
-5.50471
3.96784
0.393469
-0.526547
0.694049
2.56838
5.37914
-1.48345
-8.87634
-1.50793
-1.01247
1.21101
9.10789
8.69952
-7.59919
-7.29346
-0.66922
8.48926
3.52466
-3.05703
-1.65041
1.74313
6.39239
2.55261
-1.03254
0.171788
-2.50356
2.05956
11.1121
9.25231
-1.89518
-5.0449
-0.38655
-2.39421
-4.29481
-2.20422
-2.539
2.81552
5.48808
7.23022
4.45524
1.27785
-0.801204
-3.6408
2.82017
0.952263
4.7675
3.77966
-0.12083
-0.430761
-1.93461
-2.99302
-1.60009
7.25678
2.74432
-6.69364
-2.94267
0.562996
3.81826
8.86103
6.40697
-1.21902
-9.33631
-6.24473
-6.58245
-2.57105
-1.95518
-2.15671
-3.92299
-0.500601
-0.145304
-1.14762
-1.98595
0.408492
-1.53144
1.68281
4.43717
2.97756
2.22188
-3.42205
-6.64336
-6.66281
-2.11922
-9.29761
-6.24156
2.31572
5.43151
7.05829
5.88916
1.41478
0.478908
4.66665
-0.564407
2.72879
2.80968
-0.34475
-1.24476
0.252074
0.346965
0.9244
3.78468
2.00898
0.235121
-6.73843
0.835612
1.46144
0.238144
5.2502
4.52721
-1.26761
-1.51863
-2.35785
-4.42506
-3.53506
-1.45363
0.0622578
1.25948
3.08588
2.23183
-2.67562
2.04738
6.03094
5.89161
0.911484
-1.92587
-0.964468
2.84143
1.0188
0.525676
-2.94467
1.26654
-6.1863
-3.93572
-3.54489
-0.885861
3.75149
3.0592
0.535121
2.13841
11.0739
1.75822
-1.81723
-2.80329
-6.78688
-4.76829
-1.39781
0.526094
2.63177
2.75894
2.48518
-7.63941
-2.41419
-0.0154062
-1.40333
-0.438215
2.1875
13.6759
8.41525
3.41947
0.0293057
-0.0960236
0.0387835
3.50087
1.51177
5.61361
-0.951019
-6.31206
-9.50238
-6.10375
7.20202
6.82249
4.03
-2.9472
-6.55003
-9.78453
-6.24927
3.12694
3.67038
5.50263
3.75461
4.57993
5.41712
0.307817
-3.31616
-3.43239
-2.81212
2.78831
3.30636
-3.8254
-4.61637
-4.56457
-5.89611
-3.48277
-3.17067
-0.484425
0.477754
4.76892
2.19758
-4.28201
0.682778
2.45983
-7.42559
-8.3692
-0.00106489
5.36301
3.34533
-1.58159
-3.08353
0.446273
-1.53469
-0.241867
-0.860497
3.73675
-0.313401
1.6106
2.32453
0.298701
-5.19508
-4.19531
1.67143
12.2271
6.79514
-4.21387
-7.69385
-8.75756
-0.0494187
3.41434
3.82392
4.43164
12.0359
4.32597
-3.44394
-7.34495
-4.2581
7.17757
-0.673902
3.68427
-3.33904
4.00535
-7.34344
5.26787
2.61509
1.89572
2.49868
2.95249
5.14764
-0.811394
2.0375
0.9427
-3.82186
-8.08101
-0.5581
4.21603
4.8567
3.31124
-5.82103
5.00867
4.45488
-4.20311
-5.6357
-0.394877
-1.26049
-1.97768
2.40187
3.37679
-2.18688
-3.35016
-3.63546
3.12584
5.6814
-2.50819
0.0262808
-4.09954
3.11904
8.53287
-1.81765
-3.72439
2.67429
3.74668
-1.60573
-8.70155
-0.731863
2.73253
-3.91592
3.26888
-8.92446
6.30544
-5.67023
1.24406
5.99138
3.13372
2.96345
-3.08431
0.550909
1.56811
1.46559
2.85388
1.86635
7.17221
7.47899
1.8139
3.16011
-0.913613
-3.67559
4.42454
4.52856
-0.702302
-7.49235
-3.86486
0.101839
3.80362
-3.8473
6.46996
2.15735
0.206457
2.18849
1.47956
-0.035182
-0.208973
-3.22356
-5.55464
-3.8375
4.59063
-7.38461
-11.6787
0.155164
0.831894
-1.29296
-4.64857
4.58092
0.234817
-3.25782
6.18434
3.97471
-1.58998
6.68906
6.08813
2.78062
-1.89556
1.32263
-6.47491
-1.09355
2.048
3.4218
-0.879673
-2.0519
0.39791
-7.63895
-6.13057
0.489899
9.64732
2.50319
-9.20511
-1.42297
13.9084
2.321
-0.437632
0.226625
4.9309
1.17087
6.15861
-1.10802
-9.34723
-4.13386
-10.8683
0.0138035
8.43782
0.6621
-3.02567
2.69425
2.16295
-7.96286
-7.37771
2.31792
2.19604
-4.27334
4.97584
5.2761
-3.96351
5.31053
4.40084
11.6633
-1.13784
2.32681
0.969433
-8.55487
-4.05863
4.15875
-5.17366
-4.81831
2.81396
0.332544
-8.79019
1.66933
3.91465
0.571123
-0.947822
-0.249102
-2.50234
-3.43425
-8.7104
4.40173
11.9682
-4.50655
-0.255322
-3.14413
-9.47304
-4.24393
3.79885
7.61176
5.18034
1.69639
-4.17596
2.31464
2.67458
0.129327
-2.90692
2.33584
9.58399
-0.369774
-2.43809
2.84975
-0.941034
-8.1256
7.87731
1.19212
-5.8236
2.52961
2.20328
-6.23614
0.974741
-0.188886
4.26595
-5.68033
1.99693
6.41685
-6.28249
-7.30008
3.67257
0.169668
-2.934
5.3072
1.84681
-0.435969
0.873553
-2.7924
-1.88229
-2.84504
-1.82336
4.86739
4.73331
-9.69199
-6.25726
0.0714633
8.56298
11.5376
3.45815
-3.93461
-8.39575
-8.48841
-1.61967
0.00202924
4.91458
9.02033
1.51203
-0.969634
5.42845
-2.12849
-1.02603
2.55677
-0.564995
-5.05182
4.29981
2.41168
3.02116
-7.66263
-4.64768
-1.08265
-5.76228
8.89288
2.39562
8.53672
-3.60115
2.01816
-8.01647
-3.73176
5.26269
2.90589
0.151035
-1.87871
-5.7667
0.15451
1.51749
-0.272307
0.860726
0.50566
-3.43665
0.873068
-3.44969
-3.58674
-0.955441
6.67475
5.38186
7.80838
0.45903
-2.858
-5.28057
-0.123826
0.546568
-0.738085
3.65361
4.13632
-4.48765
-8.32408
-4.26695
-3.2296
-1.3077
2.0534
-7.20676
-2.82877
-0.288278
2.12928
5.4747
-2.07665
-7.80526
13.2138
-5.86127
0.863001
-14.6078
-6.57361
-7.24037
2.89421
-3.62234
0.392259
8.0277
4.06425
1.27576
-4.09161
-0.908122
-2.32194
-5.71733
2.85079
4.19356
5.27996
1.09537
3.18698
3.63205
-0.452444
-2.93831
-6.0005
-3.84756
0.967933
3.49729
3.98686
-5.13174
-5.04544
-5.32017
-5.03332
-3.19454
-4.1267
-1.86876
-0.544952
3.6369
-0.102989
5.61065
-0.535521
-7.78737
-1.98052
-6.0784
-1.32786
-1.62875
2.26863
4.49374
-1.52012
-2.35897
-5.54794
-8.29702
2.641
3.82549
1.08183
-0.65018
0.347257
5.94901
6.93676
-2.51794
-3.30329
2.58748
3.52149
-4.57944
-2.6981
0.366341
0.033227
1.69824
4.24336
2.08901
-1.0539
-3.9757
0.980859
-0.211075
1.37286
7.90055
3.73152
0.532845
-3.02577
-1.45741
-4.28722
-0.744786
2.53766
-0.761705
5.04169
6.21071
1.52005
8.49203
3.01357
0.0131542
-0.814582
-9.68006
-2.20776
-5.11626
7.13597
-4.62524
-0.770012
8.53382
1.46674
6.83644
7.19421
0.281385
-5.98755
-1.43916
-0.0401797
0.793811
1.9813
0.591746
0.787041
4.46813
3.31876
-0.48768
-4.36259
-4.88542
-2.9577
-0.643338
0.0945049
-1.27915
0.933552
0.619976
-0.991345
1.82682
-2.14924
-0.999607
-2.71892
0.66768
2.76409
1.78032
1.57185
1.83268
1.10054
-2.01006
1.07154
0.242244
-3.33471
0.341488
4.46439
6.23706
2.90521
-1.99579
-2.37484
-6.10426
3.34601
-5.38298
-8.13623
-1.02922
3.85078
5.52742
-3.30463
-0.685921
0.140081
-0.388302
0.132308
0.579071
4.01468
2.09919
-0.100925
6.45242
5.34002
1.3063
-0.398486
-3.96808
-2.31358
-0.298219
-2.22802
-2.41316
-2.63788
-0.0489494
1.00961
3.45789
-0.864107
-5.47576
-5.2303
-3.29943
2.45832
5.49435
3.02626
-1.06031
0.981037
-0.342386
-2.55586
-7.66479
-3.99333
-1.33663
0.173609
3.10259
1.99904
-1.06953
-0.666727
5.91043
-7.81849
-0.599033
9.85704
-0.331163
2.74481
-7.62803
6.67824
2.53888
5.77055
-2.8833
-0.0947446
2.85542
1.17064
-3.27644
-1.56917
0.703998
2.38593
3.43084
2.66317
-0.943281
-0.310533
0.836061
4.88975
6.232
6.34946
7.96216
3.51801
4.98843
1.56047
-2.11419
1.38356
0.397737
1.22549
3.22115
-1.07053
0.187082
2.40799
1.61011
-0.0441033
-1.49571
-3.59007
-2.67186
-2.06144
-4.152
2.71621
-0.167568
9.14649
5.35015
1.41165
9.6035
-5.76371
-0.593025
-2.76687
-11.4548
2.14559
-2.7963
0.200488
5.04908
5.45696
8.24863
-1.49734
-4.69178
-4.42145
-2.91248
-1.58757
1.01636
-1.94064
1.18304
1.6083
-1.22277
-1.58462
-5.58838
-6.08906
-1.11808
-1.78421
-2.17293
-5.34307
-5.33604
-1.71422
-4.68102
-2.76399
-5.05201
-1.24106
0.132465
-2.03662
4.78376
1.4313
-1.9598
-0.681314
1.78839
-4.72421
-2.66488
7.11184
-0.325341
5.8742
-7.19612
10.1666
-1.4325
-4.07438
0.183083
0.466461
8.73913
-2.75809
-0.854777
-2.0658
-6.32351
1.54736
1.30438
4.47652
0.72527
0.13091
-5.45882
-2.33568
-5.05199
-4.71404
2.439
6.58923
0.971881
-0.699081
-0.0318846
-2.98193
0.616873
4.21961
-0.618625
3.83099
2.15409
-0.968228
-3.43608
0.215294
1.61652
0.825338
-3.05098
-1.81921
-1.21713
2.45132
2.91262
-0.838071
1.18422
-6.24193
0.810841
-2.49809
-5.0803
-1.48131
-2.45169
-3.63007
-3.73392
3.00764
4.21562
-0.0262509
7.59655
1.79838
-8.36033
1.53203
-4.73395
-0.629119
-1.94506
1.77437
-2.67346
0.599069
1.22439
-1.36632
-4.93342
-5.12685
-1.34979
2.32213
3.43765
2.59387
2.63127
5.93913
1.15102
1.54734
2.91152
9.17226
1.1372
-1.94093
-2.14891
1.2855
4.46086
0.588971
0.806417
1.65077
1.42589
0.630814
6.29871
5.23604
3.0748
-1.46382
-0.0363662
-6.53875
-5.72313
-2.23645
0.906193
-1.10242
0.862245
-1.19924
3.43189
-4.11761
-3.62455
-3.85212
2.50876
8.99821
2.21298
-1.37316
-3.16711
-0.461877
-7.47512
-5.60895
7.12887
5.68104
-2.23856
-2.36659
-5.52357
-2.13098
0.229517
3.02777
2.46546
-1.03146
-0.580986
-1.54787
-1.90276
0.513479
-1.3362
-2.9208
-5.86859
-4.75077
0.630092
-3.61379
0.767658
1.1701
-2.76101
1.50374
1.22772
1.43851
3.28275
2.58537
0.841369
-4.89154
-2.40604
-2.13901
-1.56276
4.15537
6.91473
-0.230388
-6.95329
0.401743
-1.18815
0.270899
4.8834
-1.58753
-9.40096
6.78976
-2.76206
-0.420274
-3.59821
-7.27723
1.36456
9.22105
3.60536
-3.59063
-7.98984
-4.60848
2.35241
0.92444
-2.08306
0.669249
1.12586
-2.13924
-2.39708
-4.4512
-2.36316
-0.805134
-2.97351
0.273413
3.8709
2.38826
3.17282
-0.26354
-4.50734
-2.31698
-0.627898
4.02888
5.71423
2.58421
2.61902
-3.2527
1.47433
1.53738
2.13168
-6.10994
-0.426507
-3.57425
-0.317556
1.33557
-1.9932
1.10159
0.279071
0.946427
-5.94528
9.276
-3.18135
-1.29341
3.3204
-4.47342
-1.77894
0.209459
0.383687
-7.38829
-6.5282
-1.01257
-0.277372
4.40359
6.80155
2.69766
-0.18381
1.51072
-4.74678
-0.740343
4.56299
3.18063
0.608485
2.56605
4.26106
2.94289
-0.116221
1.82181
-2.00943
-3.32546
-0.974086
0.752673
1.70759
7.01304
3.02808
2.5593
8.25827
-4.18142
1.50508
-9.64858
-1.76803
-6.11591
5.37781
-0.237791
5.05647
-2.43758
-6.71911
1.44555
4.56758
5.7823
-2.16443
-1.52734
4.82809
-0.761043
0.705536
1.86939
-0.448926
-6.01854
-3.55053
-1.59515
-3.72432
2.0796
2.43867
3.97802
2.20988
3.58579
-3.39462
-1.32163
1.3949
-1.80018
-7.00579
-2.51503
-0.527735
2.78829
2.81839
3.70592
-6.37957
-3.51492
-0.245944
-0.513612
-0.806894
6.02191
5.00513
-0.586899
3.52334
-0.733825
4.48393
3.44255
3.64706
0.695932
-1.94817
2.37279
-0.220461
-2.84132
3.64564
0.769445
-3.29906
2.56378
0.318676
-4.12233
-3.19105
3.90244
3.18425
2.81261
4.9901
1.50556
-2.71629
-1.90622
4.92093
2.22525
-3.11935
-0.972196
-4.44383
-6.7098
-5.4769
0.22118
3.57022
2.58479
-2.99005
-6.80026
0.748324
8.54027
5.10787
0.393967
-4.99084
1.24848
-1.61724
-3.37872
-3.10315
3.68012
-3.19246
-8.03459
-0.647607
7.02361
-0.377603
2.68941
3.54124
2.53749
0.401642
1.2823
-3.3946
-0.125983
12.2258
-2.39265
-7.55462
-2.35613
6.51221
-0.73206
-2.79972
0.358025
-4.7392
1.46838
3.73374
-0.361857
0.152576
-3.10953
3.0901
2.85196
-0.899141
-1.72079
-2.55365
0.674858
0.195156
2.53481
6.76865
4.24711
0.0109221
-1.21692
2.89758
3.53207
-1.32158
0.936569
-1.68758
-0.456257
-4.42351
-4.12987
-1.25914
-2.05483
-2.63649
-7.66295
3.34346
-1.42693
-0.171968
-7.05647
-2.77691
0.544257
3.72561
