5.06752
-1.03762
-3.22608
1.79042
5.37573
7.24076
-1.24711
-1.31462
-0.635734
-1.46451
1.99151
3.26534
2.72662
3.44722
0.556158
-1.88653
-1.30276
2.60336
-1.3202
-3.08765
-4.07069
0.889905
2.53121
0.631989
-0.253297
-1.98901
0.720272
-0.200219
-0.838547
3.14446
1.76992
1.85896
-1.62612
-3.34577
-3.28753
-1.8556
-1.67988
0.550943
-0.495032
0.702931
2.53396
5.17848
1.63451
-3.31553
-3.1352
-0.912698
1.30411
-1.19541
3.24255
-1.86786
-5.05609
4.7234
5.3096
2.58397
-7.29223
-1.39209
3.53019
-2.54148
-2.47698
-1.0017
2.03543
-2.40277
-2.2258
-0.153423
-5.38739
0.790008
-1.84608
-2.9653
-2.64139
-2.72906
4.14364
1.06053
4.62467
-1.06993
-3.45263
0.342053
-0.0233878
0.450551
-0.216133
2.9375
2.27218
2.06482
-1.54148
-0.988508
3.30702
3.3967
-1.47888
-2.28234
3.27448
7.52551
5.66843
0.0265507
-6.95295
-1.52619
2.26846
-0.418017
4.09634
-0.750475
-7.30726
1.10162
-3.10485
-2.72496
-7.26551
-1.11382
7.28168
-1.78886
-7.62368
1.21301
3.7191
-7.04894
-2.23435
7.19044
-2.6619
-1.54274
1.25356
4.87745
0.792289
-3.64197
5.86876
0.628723
4.17647
0.786789
-6.10609
-0.0698786
-3.48996
-2.41098
-4.00792
-4.14873
0.796043
8.13281
1.24119
0.555597
2.99776
1.10098
-0.52349
-5.40247
-2.84465
-0.790803
1.9178
2.62216
-1.358
-6.66999
-0.630123
2.10367
7.75901
-0.551894
-7.7864
-4.9545
-2.77103
2.66309
1.96359
1.134
7.0606
-2.07394
-4.34787
-1.2383
1.32282
-0.0100137
1.85441
4.32977
-1.9126
0.806123
-1.3565
5.64788
1.37021
-3.34205
-0.540729
2.82594
-0.0433794
-2.30682
-3.58012
2.51284
1.04555
-1.38682
-3.65581
-2.67685
1.98939
8.01322
4.50049
0.408819
0.0183925
3.18137
2.37491
-1.41655
-7.35767
-8.30502
0.77096
-0.38151
-0.576248
-0.925784
-0.257666
4.38401
2.17376
-0.904808
-4.98834
-1.57514
0.499639
3.91773
0.479114
0.404678
6.85864
1.70061
-1.72946
-2.44107
-0.616574
3.3279
2.41973
0.0487531
2.09087
1.42271
-1.24835
-2.35773
-3.78068
-2.68819
-5.7889
-0.045525
1.49145
0.472299
-1.82345
5.25072
7.44855
0.795299
-2.92358
-1.30833
0.857745
-3.04646
-0.791384
0.31143
0.454407
-0.100647
0.127626
-4.09115
-1.12832
-1.7089
-2.25943
-1.33505
0.438897
1.81879
6.18294
2.85389
-1.69941
1.51581
0.809553
4.22349
2.27578
0.26446
-0.209882
1.11157
2.11295
-1.60227
-7.56821
-5.02901
-2.08477
2.54969
0.197928
0.92523
1.27831
1.45125
2.53024
-2.04568
-1.92583
3.47633
0.801588
0.406311
-0.321085
0.261651
-1.52032
0.541811
1.55241
0.477118
-1.80024
-6.29932
-2.49702
-1.95401
-0.738251
-3.67536
-0.737177
2.83912
2.38444
-2.82017
1.0728
0.617185
1.30858
-3.45329
-0.998479
0.957869
0.0921669
2.32571
-2.13485
5.19637
3.29769
1.15673
-2.91228
3.5953
8.84639
5.25563
3.47978
-4.46846
-7.16157
-3.09289
5.92138
7.74235
-0.67461
-3.64981
-2.18556
0.977762
3.91746
0.840466
1.83657
2.71055
1.77949
-0.251391
0.242175
-1.76676
-4.26748
1.49514
-4.22182
0.776654
1.53747
-0.291906
-4.11386
-2.43261
0.991219
0.342475
-1.14661
-0.946337
4.82038
0.632711
-1.80986
-5.06249
1.66879
5.93229
2.46933
1.49822
1.06671
1.20326
-1.81819
4.67101
-3.47501
-6.43325
-2.72301
5.51128
1.40572
-9.71703
-3.22385
4.8954
-1.42661
4.19713
3.47417
0.743703
1.69297
1.49749
-1.4047
-3.31409
-2.24444
5.09989
2.13938
1.71755
-4.0803
-7.62333
-2.5077
-0.380341
1.24729
10.0995
2.28379
8.58866
2.74693
-2.41181
-1.33395
-3.7414
-0.24514
-0.676334
-0.578716
-1.59067
-6.15932
-3.71647
3.63848
2.82242
-3.19679
-1.27521
5.27702
0.624464
-2.01046
0.853444
0.150956
2.91328
-4.99086
-4.95286
1.46224
6.0375
-1.82819
-3.38177
-0.820411
0.567029
1.48248
1.55977
-2.64759
-2.65026
-6.89828
-2.45819
7.75502
2.09756
-2.78314
0.425017
3.75943
-0.418992
-1.70079
-1.99823
5.54873
3.04215
2.22179
10.1632
0.0856201
5.3159
6.81195
-2.37347
-3.1233
0.195522
-1.46095
2.52901
-0.787279
-6.00831
-3.43461
-0.569812
4.07248
10.5415
11.6045
0.138019
-4.39787
-2.47922
-1.74155
-2.59643
-0.451185
-0.205402
-1.79023
-1.13432
-2.074
-1.53373
2.95337
0.705644
-2.90113
-6.12306
-1.80508
-1.09236
2.50168
-2.48952
-4.18028
-2.06292
3.56281
1.79319
-7.13419
-5.34769
-3.70799
-3.83678
-6.34291
-2.07394
2.28046
-3.12841
-1.0101
-5.55167
-7.89553
2.12922
3.11855
3.24879
8.91014
1.6997
1.18061
3.11469
-1.94324
-3.65948
2.00456
3.36195
-1.78414
-3.94891
-7.04288
-4.7422
-1.83494
1.3982
-3.40648
-10.2507
-1.61543
7.19748
1.8717
2.66979
5.4202
5.76186
3.2305
2.10651
-1.14969
-0.417853
1.01586
-2.81456
0.316598
3.47639
4.25993
1.89735
5.40312
0.940246
3.2076
-0.3885
-2.92769
-2.5732
-7.92797
0.794765
10.9261
6.88197
-2.48505
-0.177594
3.78537
5.10375
-0.574793
-1.7874
8.58146
3.73482
2.30255
1.91045
-1.67391
-4.36128
-4.75647
2.58415
1.96758
-2.30315
-6.41222
-0.606406
2.87995
3.99554
5.19766
-3.13069
-3.21842
0.346812
-5.32598
-6.29604
-3.87217
-5.23717
3.66807
-2.84131
-2.43524
1.26381
1.90638
-1.89057
-4.41513
-5.13138
-5.1518
-1.12755
-1.05056
-5.488
-0.591303
9.11693
1.68952
-7.45845
-0.419241
7.32847
11.2535
6.32324
-1.13549
-3.06684
1.45397
-4.21694
-9.23013
-7.13285
-0.0886345
-1.62442
2.83177
9.19576
10.4555
3.05925
-1.49209
-3.40439
-0.87156
1.96132
-0.623468
-3.05061
3.42129
-10.1195
2.25371
1.56423
-3.31242
3.74242
0.669053
-1.11676
2.58647
-0.708152
2.0756
2.72844
2.21369
-4.61437
-1.1986
1.59365
2.63683
3.1932
2.52462
-6.79469
-9.13406
3.56848
6.89494
7.79704
-3.41993
-11.2484
-6.95743
-0.802413
-2.01502
-0.0854921
6.14426
1.4388
0.45354
-0.84482
-1.63118
-2.53677
-1.54438
1.70516
2.25899
4.90121
1.62907
-6.40833
-5.29178
3.15317
2.44268
-3.10814
-0.706977
-0.315629
-1.46563
5.97698
4.51521
-2.979
-1.1422
-4.29713
8.3824
-1.00775
-3.16688
-3.07292
-3.0388
-0.307149
-4.56817
-5.30637
4.47623
4.27066
0.377087
-1.83741
2.67489
0.0773356
-5.88672
5.99049
7.11402
3.02282
4.64531
-5.65142
-2.06185
-1.34475
1.30867
0.0140622
-6.01269
-0.741483
5.05604
3.3169
1.39792
-4.81341
-3.67397
-3.82534
-7.87773
-1.60544
5.74731
4.26791
2.61311
1.84587
-3.7611
-0.11752
1.71889
0.821359
-1.90012
3.60758
0.356611
-2.8339
3.08713
-0.265632
-0.14942
-6.83912
-3.45615
4.29955
3.78391
-1.21759
1.50444
-3.46964
-0.476482
-0.315325
-2.68528
0.531332
-5.96628
5.05344
2.68396
-6.13155
5.74644
0.491165
3.43372
4.43374
7.67681
-4.12152
5.74107
2.3958
-6.2301
-0.187647
2.56522
-3.23023
-7.05292
-1.69141
12.9455
11.7108
-8.13737
-15.1665
3.32938
10.9606
-0.689013
-8.99051
7.0683
0.185706
-4.88818
6.49322
-2.99338
0.572176
1.18438
-5.04717
-3.1713
5.5717
3.51691
-3.36397
0.48047
9.91536
-10.4474
1.10837
8.64093
0.410558
0.720556
-5.49191
-8.94091
4.03354
2.9207
-0.968258
-1.40676
-1.82888
9.06678
9.67471
-9.69052
-2.54132
-5.11762
-10.6067
-3.7619
0.496883
-3.63759
-2.14628
-5.16101
-2.80767
7.89739
6.6167
0.190246
-2.08653
4.39466
-4.75515
9.62453
-1.67331
-3.58798
5.6095
-9.00212
1.96166
-0.424371
-2.45257
-1.15336
-4.88031
5.89645
-4.78392
-3.66774
9.81031
3.71914
-1.7536
9.01954
-4.82444
3.09607
-6.08823
-1.24123
-6.54123
11.1629
-2.92081
5.31971
-4.49453
6.98661
-2.00409
-2.04437
-1.90703
0.694234
3.38258
-1.1895
1.20431
-0.357501
-6.15851
-2.7252
3.82926
-2.31548
-3.81061
-3.81617
3.05439
-8.93395
0.922266
-1.38587
-1.33153
-5.20393
2.41074
-2.68341
4.05413
-6.17751
8.75107
4.55773
-6.45403
3.37425
-1.45512
-6.33792
-3.15592
7.80121
2.29673
-5.15699
2.04908
-2.88269
6.95806
-0.4044
-4.05607
4.2664
4.40022
7.50793
-5.37862
-7.32566
-5.23641
-0.152238
2.65958
1.31488
-9.81202
-2.21081
0.252459
-10.1881
-3.30132
-2.95382
0.893004
0.697565
-2.54094
2.17121
4.19274
1.0687
4.86385
3.93911
8.62409
-0.666933
10.012
1.87846
3.12806
-11.2771
7.50286
12.7448
-4.56781
1.39735
2.81603
-4.2724
-7.24034
-0.995369
10.1105
-1.14596
-2.7949
6.33043
2.85861
-8.52265
-1.65218
1.5866
0.825763
-6.69661
6.82782
3.64215
-3.30912
-7.62051
2.17192
7.47515
3.85136
1.51556
2.59339
-0.584893
3.46717
-1.21498
-10.051
-5.51891
-6.5575
-2.57712
2.40813
4.37644
-1.70592
0.900636
-4.79598
0.0171313
9.43972
9.91269
-0.241651
-4.42385
-3.40605
1.32794
0.128959
-3.98927
0.0567111
2.94645
-1.46607
-3.11219
2.42911
2.92528
0.42357
6.65895
3.70701
-4.38115
-10.3462
-5.37268
0.465022
-3.4697
6.79125
-3.54118
-6.58683
-2.15197
-2.72198
-6.23511
-9.2394
-9.46675
-1.29271
2.92166
2.21788
0.306611
0.426767
1.04341
1.41781
-6.12412
3.16324
5.58402
-5.9317
-2.73678
0.302331
4.24667
0.606634
6.06124
-0.386906
4.65271
4.21799
-0.401486
-2.67046
-2.92689
0.412092
2.38258
1.4681
2.14103
0.153664
1.35378
-0.130801
-4.96173
-0.370634
4.10769
3.31188
4.54478
-0.258038
-5.99451
-5.85362
-4.04165
0.362
-2.61895
6.56375
-1.21958
3.80007
2.49115
-5.07761
-0.349214
3.33324
4.33849
0.133471
2.82482
3.80145
2.50838
5.06003
5.06309
1.27241
3.54791
11.5936
4.82791
-8.60724
-0.548007
-2.66274
4.8659
1.96755
0.911858
-1.89753
3.26892
-1.95198
0.641479
-1.19375
-2.53067
4.63908
1.96354
-3.23589
-4.10651
-1.89652
0.707758
-2.10932
-2.42521
-6.10542
-2.52101
-1.57572
1.64914
1.7956
-3.31654
-2.37026
-0.399437
-2.51005
-2.87625
-1.77776
2.31453
6.21495
1.85407
0.72037
3.85634
1.82876
1.71608
2.2392
-0.727212
-1.91667
-3.45436
-3.66651
-4.53254
-0.604862
5.74845
5.70889
4.80167
-5.69051
-1.49261
-4.28776
3.37377
3.62
-1.36456
-6.57582
0.923529
-1.2045
-0.333828
-0.686579
-6.10339
3.5535
9.13103
2.639
0.525855
0.281948
3.53673
0.909839
-0.137764
-2.61202
1.86553
4.55634
-0.561209
0.036477
-0.465307
1.78812
3.12135
0.434557
-7.24236
-3.73617
1.10624
2.18506
0.569475
-0.00880184
-0.959427
0.712837
1.78641
-0.34206
-2.51582
-3.37043
-3.12565
-4.54574
-4.60884
2.07105
1.71531
4.21527
-1.35526
-1.07692
-1.2239
-4.60391
1.48121
2.81736
-0.716634
-7.67853
-3.38686
0.901142
-5.55617
2.43281
-7.16078
-2.15307
4.96171
4.8719
2.39909
-6.25574
-4.24227
-4.13662
-1.74796
-3.08372
-0.200031
2.53106
-2.03695
3.30126
5.60116
1.3894
4.15082
1.86231
-1.58128
-1.85495
-2.91157
-2.01998
-5.37112
-5.21913
0.468484
2.59009
7.27497
9.58891
3.52769
4.95715
0.0945514
-2.74385
-5.56658
-6.12101
-4.15366
0.988411
-1.40023
2.18258
-3.14561
-5.31525
4.24003
1.63439
0.361939
-3.59899
-1.96341
-1.1765
-1.01177
1.04292
1.94032
-5.54601
1.37303
3.58631
5.86847
1.72055
-3.48059
-3.97439
-1.14706
0.15977
-3.1911
0.227806
-0.655959
3.92166
1.36553
1.11217
6.9755
3.38953
1.52099
5.70998
-5.88649
-5.29512
-3.91552
3.11858
5.73312
5.85107
2.28371
1.86556
-0.989802
-5.0419
-7.07701
-6.68466
-5.88024
-5.29803
3.73407
3.05529
6.54337
1.78208
-2.84363
-5.56639
6.3438
5.43204
2.17099
-0.525949
-0.40614
3.02509
1.98419
-4.56084
3.53055
1.14041
-6.03731
-0.972056
1.02788
0.559088
-3.33007
-6.24719
-1.73955
-5.49845
-5.46652
0.987148
-0.495692
-2.34615
-6.15723
0.445776
7.65518
1.38674
0.889869
13.3289
-7.9304
1.06125
8.98906
4.20387
4.29817
-0.101396
-0.354399
1.31263
-2.0319
0.407514
0.12439
1.24838
3.01227
1.42523
3.62409
4.71603
7.8405
2.16029
-2.45326
-6.98166
2.349
1.19484
-1.47445
-0.247932
1.32804
1.01924
-3.08959
1.14648
-0.24331
7.45409
-0.180521
2.72829
0.713538
0.634792
1.01375
-1.33052
-0.928484
-4.64051
-1.52074
0.0656159
-5.12471
-6.04354
-3.04256
3.29265
7.41682
-1.55629
-4.68555
2.36638
-6.11856
-7.76915
7.14638
9.51186
0.906401
2.03111
2.45477
2.01027
2.5181
0.676019
-0.260152
0.581938
-7.30485
-5.04573
-0.24621
5.8767
3.56757
0.591666
-4.58272
-5.91776
3.89843
3.06133
1.29038
3.98533
2.29355
-2.29839
-4.04137
2.1266
1.51204
3.00469
0.420826
-1.30661
2.17736
5.3179
-3.45761
-1.44735
2.67899
1.88917
-3.49126
0.918739
-1.01944
0.867889
-1.87968
0.638924
5.39765
4.29217
0.938771
-1.68178
0.104453
-4.52982
-2.43877
-5.91469
-13.8665
-2.82836
-2.32754
-2.20671
3.43167
1.66058
-1.30814
-7.17235
-9.62202
-1.32773
3.50767
-3.09981
-2.37499
4.08248
-2.25908
-2.05109
5.27341
-2.47709
1.28991
-1.47683
-2.12151
-1.96607
1.53402
2.67644
1.57739
1.5753
-1.20636
-2.12559
-2.46906
1.17535
4.26576
-1.04313
0.436662
2.41319
-2.32432
-0.422404
2.79991
1.18895
-2.42309
-2.92794
-0.125104
0.380763
-1.18204
2.66184
-1.43049
-0.344082
2.94158
2.65882
0.820054
-1.95828
-0.235356
1.11884
5.00113
7.19911
4.36524
-1.51373
-7.15853
-3.6754
1.98018
-5.33308
0.0266725
7.67772
0.242445
2.38839
-2.59037
-3.49677
-0.296224
-1.53402
-3.26115
-1.30632
2.28742
4.02368
-2.08382
4.37304
4.42191
2.54174
-4.95293
-5.10949
0.136509
2.63925
3.88223
3.69713
-2.57586
-2.12288
2.91579
3.88872
-3.37661
-4.79831
0.828089
-1.18371
-4.49671
-2.43138
2.16698
5.55338
-2.98867
-2.38424
-5.22754
-4.93274
-1.93267
4.36115
8.47925
10.9806
4.71052
-3.66293
-2.8793
-1.06113
5.96469
2.93601
3.64947
4.91334
0.308632
-3.43514
3.54625
2.16387
-2.84461
-2.82288
3.51739
-1.30058
-3.15201
-0.90251
1.074
-3.68793
8.07479
4.51348
-2.08535
-6.01994
0.949987
2.45484
7.95783
2.30454
0.391671
1.20623
-1.24463
0.343633
-1.59448
-2.52907
-1.6147
-4.4337
-0.199776
3.87466
-0.412691
3.36363
4.47833
0.212305
-2.31261
0.220348
0.233669
-0.0290453
-2.18008
4.16268
0.194166
-2.12378
-0.639489
-5.05198
1.30749
-0.488961
-3.90284
-9.48712
2.71044
3.33424
4.72649
4.90871
-5.17434
-5.81532
9.85333
1.5201
-6.22294
-2.5063
-1.69655
-11.6426
2.75035
0.313095
-2.15338
-3.34958
-3.08748
2.66445
0.0252072
-1.58944
-3.96536
-1.41513
4.90109
6.05326
3.51757
1.04552
-1.40901
-2.98967
-2.02796
2.78112
2.01736
-0.770949
0.705072
-2.08609
-2.217
-3.88185
-4.02904
-2.66943
-1.99586
1.66588
0.922848
4.30762
2.62788
-10.1141
-0.0308497
-3.27957
-0.341321
-3.4912
-2.70246
8.32942
4.08217
-0.798451
-5.30866
-1.93459
-2.09181
-1.57638
8.84295
1.22154
-1.98297
-3.3148
-0.387272
-2.11173
-3.16707
-5.74166
-2.89733
3.12726
3.12946
2.66792
-3.81374
2.18401
7.32876
4.15053
2.33232
0.599875
-1.13914
-3.78147
-4.08765
0.659109
-1.83071
1.50406
0.928208
-1.45512
-1.91285
0.609847
-1.23255
-1.08124
3.34614
2.6039
2.47673
7.68897
4.77157
-1.73856
9.71066
0.974717
0.795756
-5.43175
-8.56397
-2.66903
7.91678
-0.377322
-2.47559
-0.970085
13.3806
3.51177
-7.57952
-9.41493
-1.72333
4.61755
3.61899
-1.39191
-3.01234
-4.18405
1.96486
1.36422
-0.301658
-1.83635
-6.40816
-2.26867
4.38481
3.13631
0.225948
-3.06992
-3.38821
-3.25221
-6.12246
2.28335
0.856622
2.8612
-2.3728
-0.713687
-3.13995
-3.77209
-0.993025
3.51909
5.12669
-3.45679
-0.776061
2.66406
-1.59314
1.59232
2.65442
6.45908
0.803023
-3.93759
0.34463
2.74324
0.581124
-3.19804
0.671493
2.37739
-2.28208
-4.39531
-5.25415
4.27646
8.41419
10.7424
-4.13004
-5.13734
-4.96539
-2.19483
1.63911
3.90542
0.332406
-3.60237
-4.55848
-0.82025
2.3187
2.98307
0.0652915
-6.30613
1.34754
-1.79796
-7.87149
5.6917
-0.903583
-2.00133
0.140371
0.57128
-0.740769
0.149784
-1.8744
1.00535
-0.509974
-4.13149
-3.79817
8.81277
2.2664
3.68036
-5.01048
-6.20523
-2.44181
-4.93886
1.47832
2.3183
-2.91286
-2.56827
-4.20767
-0.415863
6.06984
3.4582
-2.88972
-3.00437
-3.24406
4.68537
2.63487
-1.24419
0.668105
2.86656
0.514255
5.53772
8.98722
1.06734
-1.80156
-1.40477
1.25859
3.32748
-2.03679
-5.40963
2.78597
-1.17792
-1.91696
0.838344
-5.31572
-4.059
1.5652
3.51363
1.93688
1.69125
0.405258
1.45279
3.62471
-7.65225
0.601619
3.84517
-0.452558
1.40678
-5.6143
-8.62933
2.37199
6.21455
3.99617
-1.23074
-3.12659
6.36848
5.47622
-1.87177
-5.32451
-1.92896
-4.48626
-3.17615
2.93367
-1.02392
3.82252
2.51737
1.07562
1.00842
0.595739
-1.72023
0.40364
0.119503
-3.61966
-0.587784
1.1526
1.62156
-2.09154
0.873996
0.563522
-4.11799
13.7332
3.38314
0.829432
-2.04807
3.08728
4.7984
2.91617
0.761504
-2.37042
1.72825
-0.028633
-4.09135
4.70451
-2.53994
0.627708
1.97483
-2.57645
-0.530307
3.59194
6.52784
6.04223
-0.263516
-2.43026
6.60675
7.92832
-0.916277
-4.17857
0.164214
-4.50509
-5.39024
-0.310715
-3.61694
1.69157
3.27051
-3.57972
-8.58035
-0.298373
1.13071
-5.1422
-4.10795
-7.05433
-1.28899
2.6675
0.841228
-2.46724
3.49687
3.40855
-0.959504
7.81526
4.79361
2.8923
-0.866218
-1.45874
6.01731
1.51723
-4.61864
-0.916367
4.96336
-4.53992
-3.6323
-1.01915
-1.13834
5.53157
4.29371
3.25216
2.30085
2.46042
1.39788
1.38075
0.351694
-4.89241
-1.30671
-0.953105
0.52304
0.384619
0.545724
-6.99106
-5.54193
-0.814585
-1.83938
1.85717
2.29752
2.17011
-6.15765
-5.96179
6.49697
0.345917
-4.33929
-2.03144
-1.30407
0.402838
2.27514
-3.06887
2.10341
1.58102
2.20519
-7.23944
-5.10972
-0.0787716
0.207604
-2.90496
3.28944
-1.41149
-5.30111
-2.34166
1.99285
4.11646
-3.38856
-6.58327
0.383506
1.46143
0.483517
-5.47218
-2.70977
-0.772646
-1.30264
3.74683
-4.94692
-10.9055
-0.524404
4.3086
1.44011
1.56294
5.32543
6.26322
6.24556
3.7422
0.106496
-0.671919
-2.35489
2.87928
2.18233
-1.47949
6.16014
3.19564
-2.698
-3.96479
-1.18011
-0.344203
4.70296
-1.03535
0.124531
-4.52365
-2.98183
-11.8039
-0.522096
-4.06662
-0.395959
2.19255
1.56153
-7.1901
-2.79477
-4.27763
1.777
6.70005
-0.0754659
-1.82716
-1.96442
-5.03397
-3.49137
-4.95721
-5.48332
6.40381
2.97237
3.4361
-0.356168
-2.47454
-2.18616
6.09534
5.26157
-3.89684
-3.98173
-6.65098
1.91854
3.3357
2.64064
-5.35392
-2.98558
5.5565
9.18706
-1.93396
3.69351
0.967175
-1.33099
0.125809
1.31689
1.10183
5.93492
-1.57295
1.69535
-0.654043
-5.54922
0.127949
-0.994443
2.2999
-2.75532
1.99648
-5.41695
-5.63198
-3.82151
-3.78381
-3.05408
2.05421
-5.7436
5.33483
1.02064
0.996714
6.53012
1.94456
-0.343158
-0.146543
0.64267
1.88775
-5.96969
-0.543468
-5.31442
1.88005
8.68014
7.87814
-3.65429
-14.7584
-8.06701
-0.329224
0.529442
-7.2535
3.66357
6.97829
3.50121
-0.355375
1.92887
9.63575
1.99228
3.91217
-4.18204
-1.32977
1.29703
-0.806805
1.41878
4.76307
-3.19855
10.0646
0.709206
-0.562291
-3.98098
2.8113
-5.90611
-1.58104
1.04153
-1.98383
-1.442
-7.46954
-11.2526
0.164552
-1.55236
3.19483
3.74187
-2.12607
4.18937
4.44119
4.23913
8.67895
-7.09428
3.40872
2.7248
-0.901523
-4.94386
-5.20763
-1.6159
4.21901
6.56945
3.29519
2.94686
9.13345
3.80184
-7.56359
-7.55712
1.34659
1.96428
-0.233572
3.42733
0.919162
-2.92912
0.0761112
0.834093
-3.48678
-9.77053
0.53695
-4.06522
-6.8154
1.86092
-2.73905
-6.07539
2.67367
-1.45618
-0.251834
4.9573
1.66419
0.268979
-2.76285
4.44186
10.1804
0.613774
-0.877069
-6.55027
-10.5475
-2.68102
3.00835
3.84972
5.17666
-0.0815912
0.837064
-4.64748
-2.64646
-1.43669
-8.5522
-2.73911
1.87
-0.758224
-2.23655
3.72643
-6.30685
-7.15016
7.11768
1.12505
6.00556
2.93417
-4.22797
-1.15669
0.416972
-1.73422
0.0488404
0.812303
-4.21769
-3.04264
3.79413
0.191851
-2.99852
0.568502
-3.54782
0.203634
1.43932
5.46117
2.44399
4.51359
2.39596
4.38173
2.55576
-4.26607
-2.48064
3.51406
2.08284
-2.66548
-0.379584
6.31954
4.02288
-6.1497
-3.7028
1.78051
1.78044
2.66458
5.44263
2.27976
-4.49159
-2.12803
-0.702795
5.02585
2.97707
8.59259
-0.983046
-4.96776
4.88829
-0.75358
0.160494
2.05062
-1.40465
-0.543948
2.60082
3.14409
0.678174
1.34373
4.10903
1.42914
6.55007
0.95263
2.18668
-4.28417
10.9673
1.43922
-1.20626
5.43713
1.42454
2.4152
-1.60421
3.09275
-2.2666
-7.9927
-0.489763
7.6896
3.78432
-9.07984
-2.98695
-1.50437
6.54713
0.0669519
-4.04467
1.22591
-5.97382
3.75463
1.33296
-0.628166
1.2371
-0.317331
-1.88359
0.211297
1.87005
-1.06712
-4.82443
-5.05198
-1.00125
-4.00754
-0.93932
1.12143
-1.3937
-1.57416
1.13324
5.14324
0.598817
-0.824125
12.5804
-3.94933
3.08779
2.04299
6.12627
-6.12849
5.409
-4.75468
0.319069
5.70623
0.54566
-1.44532
-1.44462
1.96639
5.9902
1.16076
-2.21532
-5.45446
-7.9865
-3.18551
2.74544
4.11139
7.15069
2.17545
-1.94287
0.174244
1.1125
6.82669
5.70357
-2.69407
-0.982732
-2.96092
-2.85513
8.88422
-1.38029
-8.136
-0.420931
6.39766
2.71362
2.9613
3.16775
-1.37943
-1.94553
-3.07541
-3.36311
0.644489
2.65036
0.752983
1.19752
-8.46903
-2.85752
-0.893879
5.69053
0.224032
-11.5416
5.67202
-0.0354329
-0.613385
4.59756
-3.66667
-6.7796
-4.4251
1.91295
3.07831
0.77721
6.25575
6.32305
0.629172
0.0300901
-1.17867
-1.02806
-7.83418
-6.05967
2.79861
3.76977
-4.14131
-6.77765
-4.14318
3.39249
9.4581
9.1031
4.14142
-4.91179
-7.117
-4.57647
-5.79356
1.35809
-1.94919
-2.91234
-0.84467
3.38553
-0.0635922
-3.61048
-6.55039
-2.64177
7.27383
0.172126
-8.24714
0.0978403
-5.72795
-2.91462
9.28187
3.03757
-4.16848
-0.0199315
-4.17312
1.57422
-1.04432
-6.21909
-2.94501
-0.88248
-3.29554
-0.840561
0.366219
-3.25435
-1.27008
-0.961505
-0.612266
2.82033
-2.30995
-4.93499
0.334535
1.98924
-0.0829368
-1.65013
-0.291207
1.38154
7.98502
4.04744
-2.4295
0.132223
0.528499
-6.05798
-3.79729
6.24585
-1.73947
-1.92505
0.66222
5.40792
5.62362
-5.12728
-2.81472
-9.18509
4.02908
1.78704
6.7573
8.52792
4.61557
-10.0773
-2.22117
10.2312
-3.51676
0.465573
5.82874
-0.799084
3.35001
-1.72975
1.72321
0.194081
-2.77732
-4.78964
-1.78581
-4.51214
-2.68877
0.595189
1.67721
3.65833
2.76067
1.68314
0.744893
2.6788
4.04819
-2.09944
-7.28146
-6.71938
-3.05353
0.595482
1.72657
2.57287
0.424639
-3.74145
1.17964
7.61638
-0.171303
1.86959
1.89647
7.05711
2.48944
0.965133
-0.402776
-4.03459
-2.29035
-1.24807
3.10571
-5.92272
-3.95394
1.77657
-4.13229
-4.14175
3.72252
-0.812569
3.30851
3.36802
-1.71476
0.400993
-0.37818
-2.84546
-4.36621
1.32597
1.39401
-0.642419
-1.22729
1.23131
-1.39628
4.47424
4.81793
3.7272
-1.67218
-4.9659
-4.56538
-1.37077
2.86353
4.11537
1.04074
1.99444
-1.73797
-2.28876
1.67331
2.92747
4.04609
-0.842932
0.494013
-0.319187
-2.28266
4.44871
-2.38495
-2.32074
6.13073
-8.22429
-1.07432
5.69853
-13.0109
-0.192114
-3.06954
6.68272
7.25769
-3.96119
-5.97027
6.48275
-0.646807
-1.8334
-0.195304
-4.19208
-2.17355
-5.00917
-2.03419
4.52554
3.30596
5.42369
4.61139
4.51806
0.0076714
-3.68079
-3.55279
-0.338694
-1.18267
2.96987
-2.11022
-0.548814
1.82242
1.91085
-0.423182
-1.88037
0.302985
-1.30868
2.14139
7.10998
0.149816
-3.36129
-1.33022
-4.59388
-0.545103
-0.303254
-4.11644
3.04075
10.3845
-7.67419
-3.70759
-1.20379
4.27081
7.50219
5.65755
9.48739
-5.91602
5.71802
-9.99007
-2.30975
-2.82898
-6.02372
-8.05485
6.27247
-0.0981442
-0.912722
1.1991
1.38547
3.94553
5.04104
5.2442
3.16018
-2.01421
-6.36496
-4.10372
0.346397
-2.46555
3.27803
2.1237
-3.13518
-3.07999
-4.65496
-7.15902
-1.58097
3.34718
0.640711
-1.23444
-1.66051
-8.39354
-2.77466
-3.45102
-0.614724
1.97506
-1.90876
-3.28592
7.50993
3.75063
-0.0958111
5.15392
2.45366
2.95915
-6.73481
-0.615738
-0.902963
-10.0904
3.22796
-0.110523
-0.118897
3.22592
4.60719
-3.9696
5.45561
1.60815
-3.09138
7.93961
3.73909
-1.25459
-0.236458
-1.91381
-2.04687
-1.16775
0.526542
1.17456
4.93672
2.28036
5.5916
1.77229
-2.71116
-2.26942
2.58276
0.505772
-5.19966
-1.56195
0.151572
-2.24375
-0.821566
-4.14819
-0.392749
-0.438038
3.16752
7.02696
0.711234
-0.733415
-5.12279
5.92785
6.55236
-4.16305
4.66729
-3.13909
5.35525
1.69164
-5.48994
0.664281
-1.81881
2.226
5.51805
-5.92511
1.80526
0.23193
5.48635
1.02984
-4.10014
0.780583
6.1593
4.99893
2.04166
-0.135018
-1.71344
-1.48478
1.54012
4.57743
2.81467
1.47096
1.00091
-3.02762
-10.719
-1.09661
8.31303
5.86474
2.10136
3.02558
5.12377
3.12425
-0.172597
-0.254315
-0.155841
1.77441
3.38147
3.44212
2.558
-6.27337
-9.45905
9.8946
1.46524
-10.2407
-2.21639
-5.59399
-0.0299308
-3.31065
0.575016
2.38284
6.52924
-6.89855
4.9601
-2.03213
2.70875
-3.22511
6.679
0.376487
-2.1202
-0.819472
0.620266
3.61146
-0.265721
-1.31021
1.34628
-3.13991
0.223262
3.20785
4.38394
0.134774
0.373133
-2.32266
-4.90085
-2.65812
3.33196
5.44473
-0.272658
-2.71848
-4.13993
-2.19014
2.54199
-3.00693
1.30742
4.01018
-1.33767
-1.91874
0.313255
-3.22598
0.146658
3.98151
1.13047
1.09428
-5.303
8.5082
-5.35953
0.363153
8.13749
-1.93863
5.68384
4.37092
-4.57858
1.08867
9.10309
-8.9632
0.549109
5.87025
-4.76766
-2.69559
1.55361
-0.603607
-1.23833
-2.65425
-1.14468
-6.11456
-5.86362
-6.78208
-2.47366
1.25151
2.2131
-1.34161
-6.77196
-3.89432
-2.32954
-3.56136
-2.78438
-1.58426
-0.237789
0.145717
0.940918
-5.12368
0.195516
3.99083
-2.26782
-3.56003
0.464346
3.1708
1.90979
-2.75658
0.585158
3.61221
-5.30634
5.89562
5.67676
2.99051
-3.545
0.961787
-6.85695
1.29939
-5.60172
4.74652
3.11235
-4.51957
1.64396
4.06272
0.645058
-4.83178
-6.40528
-0.035797
0.23916
-2.27589
1.73909
-3.10231
0.862852
2.03333
0.968423
6.36348
10.4026
0.51341
-5.63189
-4.76111
-1.99783
-1.48843
2.50183
3.60451
2.1872
-1.49957
-5.04522
3.48347
0.748139
3.47828
-6.19536
-3.33404
4.36018
2.62059
-0.698246
-8.58418
3.79662
1.63202
-0.17382
-0.449684
4.726
-7.78118
-8.77566
3.50128
2.10184
-0.698385
2.05179
-1.81424
0.580824
-0.558778
5.57019
1.79066
2.37664
0.278549
-5.9702
-4.92657
-2.15348
0.0789396
2.0556
0.612764
3.09876
0.481786
1.69937
4.9988
9.66682
2.72705
3.88197
0.574514
-1.93917
3.8536
2.87865
2.2519
0.00745413
-1.27639
-0.357692
0.963716
-2.76042
-4.92563
-6.74149
0.976234
5.82619
4.58147
-5.22252
-3.54278
-1.356
-6.33227
8.94632
4.52448
-8.03515
-8.48281
-0.880366
-2.48852
4.17987
-0.109457
1.68938
0.0516413
-5.11021
-1.24537
2.47509
-0.426499
-1.87636
0.43724
-3.90856
0.462566
2.1799
7.99335
5.2273
-0.386452
-2.79119
-5.1162
-5.23928
-1.17742
1.50479
2.80135
-2.2592
-5.59779
-3.92402
1.65223
-2.04902
-0.883365
-0.311406
2.63384
-1.49842
3.77811
0.325096
-1.99838
-2.72115
1.00579
4.42077
2.85669
-1.52958
0.873498
5.27126
-8.06131
1.04631
-7.00832
5.35005
6.61274
6.55892
1.88313
-12.891
0.320191
1.87585
6.74016
-6.38772
-3.89676
-2.73861
-3.08389
-3.88783
0.993011
2.24033
0.655251
0.984782
5.3319
4.07905
1.90727
2.50656
-1.47074
-2.60722
-1.84518
1.06377
2.14266
-2.91752
-6.23174
-1.811
-1.96375
-1.91337
-2.2624
1.10764
1.30873
3.98606
1.76973
-0.52483
-1.17989
-2.37408
0.733342
1.13641
3.25095
0.0788574
-5.56302
-1.67611
4.85052
7.5752
-9.66706
-0.511729
3.38214
