1.47847
-5.73797
-5.76966
1.06199
1.90531
-3.50026
-2.33598
-3.85727
-1.59217
-0.949607
1.93442
-2.36387
-0.391714
1.62989
-2.08835
0.753889
1.579
1.62683
1.59169
2.44415
2.97617
7.43577
5.24845
0.359809
1.52528
-2.04986
-1.62279
-0.28397
1.54979
-0.786167
2.54259
3.22221
1.73923
1.83266
-0.223707
1.77188
0.979783
2.57688
-1.79164
0.957002
-1.913
-5.32107
-2.96588
-0.378071
3.25167
1.9133
-1.90905
-3.68317
4.43678
-8.78635
-6.49677
5.413
12.4837
-1.68389
-6.18592
-1.83422
1.46315
-0.122605
-2.89228
-5.64213
-2.8004
1.10435
-1.96388
-2.13843
3.47817
4.33573
3.45582
-0.808512
-1.80365
-0.130458
-2.10301
-0.0395356
1.5064
-4.07881
-2.46301
-1.6041
-3.96354
-6.21871
2.2509
1.2216
5.10314
-2.67456
-9.52491
-4.76241
-4.37568
2.44694
1.14122
-3.80305
0.0973518
0.694984
-2.33675
1.45248
6.44453
2.41064
-3.35368
-6.81959
5.66445
-2.93494
-1.2536
7.98742
10.8811
0.696441
-7.20676
-3.5011
2.54308
5.37824
-1.7936
-2.75623
-0.326133
5.47033
-3.06944
-0.123763
1.9661
4.26613
4.1883
-3.66261
-4.89114
-3.18804
-0.195108
3.87754
2.71927
-5.05189
-1.89314
-0.455783
-7.20511
-4.08558
3.67661
4.61705
10.1608
3.25404
-2.27745
-4.0209
2.91723
4.55425
5.37621
-1.06957
2.28807
3.42989
2.77131
3.73951
6.1121
5.35547
0.379492
-3.37994
7.84081
1.11456
-4.27384
-0.934692
1.85315
-0.997785
-5.44359
-0.710679
5.25908
4.45177
2.74285
1.86747
3.04917
3.06491
-1.41321
3.30021
-0.895617
-3.69267
-5.2916
-7.82181
-2.92328
-0.912999
1.03443
0.341115
4.89652
5.33896
2.21657
-0.0328845
-0.608434
-3.0379
-3.62357
0.664963
2.54741
5.00888
3.26351
3.89227
1.36079
-2.39263
0.777691
-2.5878
-3.93321
0.176073
0.732754
-0.833469
-1.06359
-0.127956
3.73992
-1.70859
6.48902
2.5967
-4.73866
-5.33807
0.763402
-1.39773
-2.27747
-0.0608603
8.62136
1.55194
-0.634471
-2.14212
2.53783
0.65695
-1.98535
-0.67444
-2.31694
0.482157
2.77036
-1.67083
-1.92255
-4.69712
4.07747
-0.698357
6.8785
3.45784
2.95202
-0.487267
2.33449
-1.02126
-3.13975
0.128864
1.0851
-1.33417
-2.2636
-2.05246
-3.93639
-2.45345
-0.846538
-4.06521
-2.13333
-2.30979
-1.54963
-3.3847
-6.71888
-2.93203
0.698896
-1.20171
0.771211
3.84558
-2.05283
0.741865
1.94375
0.868025
1.67517
-0.588418
3.19624
-4.11324
-3.38876
-6.99253
-2.83234
-1.18853
-0.0507658
1.16887
3.86838
4.78384
7.24744
2.83267
-3.51547
-4.49326
5.79926
-0.747362
1.86707
-5.07137
0.185948
-0.340342
-0.836931
-4.50757
-2.90914
1.55667
5.92583
4.83704
-4.52163
0.614016
-3.63454
-0.528344
7.5957
4.42677
6.20478
2.33489
2.87088
3.43163
-4.25068
-7.19388
-3.9842
-2.48362
0.602156
3.78053
0.52769
0.905698
2.96778
-1.03075
-2.9261
1.69059
-0.3066
0.867288
-2.22522
-5.74941
-4.1035
0.934568
2.85949
3.09662
-0.851457
-0.774962
8.36426
1.1336
-2.53726
-3.24736
0.343898
-0.521309
-4.14329
-3.48545
1.92926
0.410138
-0.187479
-0.0576424
3.59215
2.99854
-0.582746
0.353573
-6.59164
-5.84518
-1.46358
4.48049
4.94078
-0.0370514
-0.546372
1.76657
2.14293
-4.31535
-0.802053
-1.15968
1.08532
-0.231291
-2.16665
-0.469061
2.52545
-0.532352
-1.883
-7.84103
-5.42396
5.03531
3.92689
7.76494
-0.646941
4.81746
0.848069
0.719508
5.40116
-1.20828
-2.39812
-3.05241
2.99922
-4.4078
-0.696059
-1.30019
1.01665
-6.1902
-13.7899
-3.15951
2.38741
3.02614
-0.210411
-0.611348
-1.3459
-6.92824
-6.78445
3.08821
5.19674
-0.460258
1.44747
-1.28513
6.07991
0.4137
-4.19718
-1.34334
-4.43197
-9.74538
-7.85278
2.11804
3.85366
-0.099792
-6.83365
-5.49752
1.66884
5.01024
0.0233179
-1.67976
6.52738
2.65714
-7.24998
-5.92448
-1.65711
0.131718
0.670933
1.19961
-0.684229
1.65124
-0.0328803
-2.77451
3.80537
1.20736
1.28662
0.170355
3.52661
2.44977
-8.05724
-0.198889
3.37204
-2.36202
2.08029
6.56816
6.03265
0.814793
2.46567
-2.46494
-7.18403
-8.11217
0.0138296
1.81744
2.57997
1.49631
-3.59019
-1.3148
6.21915
8.01146
-1.98468
-0.577791
4.93838
2.03644
-5.00679
0.65961
-10.654
-3.47832
1.82246
6.15441
-3.47494
-5.83906
-2.65033
1.32485
1.04928
-0.0562135
1.80765
-2.92509
2.23845
2.00709
1.09392
-7.27626
-5.30739
-2.86809
-0.989646
3.7272
6.83895
6.25598
-1.0334
1.89118
4.41006
-7.7779
-1.70453
3.96563
2.28666
9.32641
0.827405
-0.353272
-1.29292
-4.43013
1.85632
1.77114
1.10821
-0.311001
0.0859593
-3.4704
-1.54157
6.63928
1.91383
0.926222
2.49016
3.63275
1.93361
2.14831
-5.05633
6.37429
0.235793
0.478312
-0.0658608
4.23364
-0.64175
-1.04497
2.6037
1.34812
2.10486
0.546757
-0.338966
0.0324283
1.0833
-4.42913
-2.06423
-4.92594
0.118222
5.06046
6.2609
3.93862
-8.69628
-1.15645
0.736668
-3.32972
-3.06335
-1.30367
-3.22682
4.51902
5.05728
-1.33071
-3.13856
-3.93798
0.465546
4.19314
3.8295
-1.18434
0.817703
-0.81665
5.91116
-3.66452
-8.03711
1.92372
-1.10046
4.20205
2.71027
2.86323
4.00653
4.86545
-11.8418
-3.68246
1.26177
5.77333
-1.50881
-1.4841
-3.94407
-3.1756
4.42105
2.37781
-0.529296
-4.83908
-3.76108
0.592708
1.76711
0.70318
0.536122
1.11023
5.48014
0.804452
-10.4538
-5.35265
-2.60803
4.64749
2.01042
-3.97857
-5.48899
1.57205
2.57926
-3.24162
2.04666
0.0176715
-5.58828
-4.50991
0.0765285
5.62275
7.90426
-5.19754
-3.04681
3.9211
-2.21189
-6.06752
-2.46516
1.30274
3.81543
-0.762056
-7.05893
-0.00999827
4.92943
2.75296
3.47582
-5.68258
-3.83576
8.28251
6.68237
0.877534
-0.129
-6.01947
-3.28775
4.6333
0.841823
-4.84795
-1.33403
1.59776
-4.91083
-1.78864
4.2117
0.882037
-3.37594
-0.433151
9.02192
2.15172
0.345572
0.69381
-0.65353
-0.74247
-2.82896
-1.67559
4.21757
0.676524
-3.24999
-4.43312
-1.98814
3.773
7.4181
0.892515
-1.68705
-1.87572
1.16019
6.22359
-0.899067
3.74958
7.56947
-3.38309
-1.25466
2.70859
2.81936
-4.64271
-4.31378
2.92735
4.12196
0.993092
-3.33987
-3.15885
-2.71369
0.651753
-6.94555
-3.30703
11.0908
0.984775
-4.29361
-0.0364189
-2.90512
2.47957
-0.425308
1.95394
1.43413
3.99115
7.01724
0.446868
3.68484
5.49733
0.159046
1.61093
3.02692
-2.72106
-0.960876
0.864135
-0.233525
-0.59324
3.68883
5.35447
-5.33746
-4.58123
0.21648
-3.03338
-4.63964
2.61742
0.52778
-1.59301
5.09695
0.551408
-1.0773
0.393847
-0.249226
-2.9156
3.12025
-6.39868
2.40952
0.96353
-1.57046
-2.76489
0.627909
7.91105
3.5969
0.417346
2.62607
5.56178
-0.827016
7.45032
-3.14675
-2.29108
-2.41019
-0.445274
-1.17978
1.52882
-2.17608
-2.02667
-2.65447
5.23553
-1.05915
-2.43364
5.60652
3.97573
-3.64208
1.25836
-1.24384
2.81759
1.55645
-4.43948
-4.39781
-3.85559
-1.01275
-1.29033
2.12268
-0.329553
4.59321
-2.53843
-1.92322
-3.48074
-1.89432
-3.97189
6.59492
0.73071
-2.02296
0.645835
3.10847
-3.74866
0.816008
2.39628
4.24413
3.88937
-11.8662
-3.87843
-4.71987
2.46892
-1.70079
3.13098
1.48029
-0.132155
3.35412
2.3249
1.32342
-2.56165
2.52321
-0.607758
-12.8663
1.25656
-1.04807
-4.03056
0.871746
-1.04951
0.864822
9.53304
1.57899
-10.6422
4.23587
-1.21417
7.45693
2.31275
4.63201
2.89006
8.36128
4.16291
-5.31798
-6.45735
-0.883023
0.160972
1.86731
0.757974
0.95683
0.99658
0.0510635
-4.59322
2.61037
-4.26051
-6.62964
8.12517
-9.58134
3.8733
-4.15378
3.38898
-6.02711
1.79831
-3.79483
-0.293641
-3.79172
-0.678088
-1.05481
0.13732
0.319816
-1.18314
-0.676558
-5.10657
-2.06993
1.55971
-5.21296
11.3978
-2.87307
1.3103
1.2737
6.08501
-4.30404
-6.61425
4.59078
0.784726
-4.6776
5.15492
3.60419
-1.29273
2.38331
2.62485
-4.5863
-6.59384
-0.299921
3.9475
6.19982
-3.86189
4.88459
-3.94774
1.99521
0.776979
-1.13434
3.23876
4.92479
0.759688
1.24323
-6.78957
4.60326
0.6846
-5.67685
7.2277
-4.17976
1.91983
-4.70564
-0.913703
-2.98319
-1.70244
-4.67833
-1.77762
-0.49413
-0.169346
-0.0699592
-6.58899
3.51637
-4.21958
-1.3259
3.94255
0.920707
-2.55474
-1.66686
2.33676
4.0249
1.97206
-4.32146
-7.08725
-4.14925
-0.159428
-6.02996
-3.22185
-3.55816
-6.21786
-4.23314
-0.677047
0.189747
-4.51469
-1.75561
-4.12198
-3.33141
3.37317
-1.76732
-2.28114
1.67496
1.6615
3.61838
3.58433
-5.58956
0.517016
1.86412
10.4757
8.36579
-2.59502
-3.56412
-0.277269
-1.1244
2.02086
-1.57376
-3.84328
3.30309
3.32809
0.582366
1.05514
4.45083
-1.28104
-2.44306
-3.17198
-1.00469
-7.09505
-3.83526
7.15992
7.35216
5.87317
-0.51431
-3.22351
-3.6282
1.44107
2.50563
1.65771
1.24077
1.57642
-2.83906
-1.14419
5.69188
2.81187
-2.7628
-1.81764
-3.7891
0.387538
2.85908
1.38265
-1.43847
0.694492
1.37939
3.69916
5.6566
-4.89549
-7.81406
5.31053
1.92912
2.77081
1.63972
2.48586
4.42686
2.29844
2.29819
0.282815
5.56215
3.44805
3.46782
-0.927519
5.20099
-3.80683
-7.27091
-2.41502
-1.90301
-1.47157
3.79697
3.39019
-1.17714
-0.655221
-3.07621
-1.65673
4.64138
3.54006
2.39209
5.78996
3.0453
5.24053
-2.10396
-3.16437
5.77644
2.6107
-2.47513
-2.0846
0.451225
-5.13166
-3.34076
-4.70846
-4.08397
0.507486
3.75306
2.24272
-4.25444
-7.25147
-8.11242
-1.22739
3.73818
-0.127094
5.74358
3.34958
2.93787
1.26175
-4.81463
1.4322
4.25557
-0.534992
3.21819
-3.46241
-2.70046
2.49298
-0.0546938
-3.76554
-3.37211
-0.765265
4.03862
3.48836
4.85699
7.65214
3.09571
2.25256
-0.286486
-2.25216
-5.09802
2.27694
1.47379
3.8169
0.982525
-4.28583
-0.505094
3.05098
5.04673
3.88479
7.05231
5.34726
1.2583
-3.78055
-0.883793
1.90718
1.7372
2.37512
5.16209
2.45923
-7.20475
-0.0927083
3.62155
-1.22384
3.3299
1.08628
-3.47691
-2.88404
-4.91756
0.867855
3.1997
-3.19222
-1.95446
-1.11342
-3.686
1.05593
1.91297
1.10679
-4.37239
-0.586606
0.415072
0.241489
2.96417
0.918495
-2.35633
-7.42563
-0.923593
-2.27738
-4.42101
2.73107
3.68943
-0.531367
1.51209
-1.42824
-0.877477
-0.439394
0.913071
-2.77902
-2.92409
-2.44284
-1.67806
-2.01487
-6.48026
-1.16989
1.70065
6.77232
0.793742
-4.59737
-2.99788
2.7303
-1.28921
0.774546
0.522785
-4.70325
-1.80995
-1.85592
-3.51017
-1.11844
0.976077
-2.35962
-4.33416
0.689569
0.008557
-1.83029
1.94712
6.44215
1.87795
-3.01967
-1.52808
-2.5033
-3.34025
-1.53083
5.26158
2.37906
2.19803
-5.01077
-1.50933
3.88318
0.29281
0.511785
3.06542
5.60244
1.55318
0.273354
-3.85761
-2.32355
-2.71477
-0.601857
1.26904
3.48174
4.56167
2.43388
-1.35826
-0.232202
0.216655
2.74997
1.94375
1.05347
-2.44858
-2.76537
-0.969046
-5.28875
2.04121
0.791126
-1.34993
-0.953758
1.587
-3.82406
-3.85596
-5.81237
1.99264
0.268002
-2.21237
0.76293
-1.38823
0.474369
-0.802893
-1.55186
1.12101
2.5451
6.02346
7.10101
3.94385
-2.42427
4.41484
-4.81814
-2.83558
-3.55199
0.48747
5.69718
-0.261738
0.608779
-0.606039
-4.23331
-2.96749
-0.935159
1.45411
1.15201
2.30358
2.82892
-1.38292
-1.84249
1.34412
1.7149
3.5767
2.37245
-1.2342
4.05636
-3.00051
-1.953
4.20401
4.33602
0.109073
-0.861736
2.43642
-1.68587
-1.6222
-4.9578
-1.74616
5.90735
2.7703
-0.487772
-5.61929
-8.81358
-5.16048
-3.48171
-1.76251
1.93779
4.24413
4.95502
4.48455
6.24665
3.1986
-3.4804
-3.13191
-0.575287
-4.58711
1.01618
2.07645
-1.85946
-2.46742
-0.0362941
4.41393
1.25788
-0.800889
-3.5345
-1.41304
1.22628
3.33149
-0.115846
-0.744966
-0.808725
3.53639
4.04598
2.82052
5.15544
0.522956
-2.82502
1.15327
1.88489
-0.548728
-0.66237
-1.30333
-3.50329
1.57634
0.930878
-6.30494
0.796197
4.88938
6.4665
1.12515
-4.41379
-10.0677
-7.08232
-3.02998
1.3295
4.8935
3.9285
0.77344
-2.80762
-0.290681
-2.43013
-3.54222
3.90448
2.10537
-0.297805
1.70615
-1.43309
-4.15307
-4.27297
3.42083
0.406413
-0.649801
0.233018
-2.89636
0.777696
-0.478408
-7.40035
0.686725
-0.528679
0.909676
0.225241
3.74854
-1.35656
-1.4276
1.00322
0.985862
0.461156
-2.40338
-1.22351
-5.00059
-3.32281
0.717885
6.93494
0.465053
-2.18637
-1.86746
3.00731
5.63086
3.70512
-2.00849
-5.70259
-4.40272
-3.33876
-6.65019
-3.34373
1.28433
-1.70524
1.08041
-0.487601
5.66727
-0.624052
4.64312
1.24385
-1.04954
-4.13817
-4.44138
2.97867
2.00135
2.48707
0.304851
-3.18738
-0.699637
3.42414
2.7295
2.73125
-3.51972
-1.08782
1.24689
-3.3843
-0.244793
-4.35442
-4.45408
-1.64493
3.49286
4.70487
3.06803
2.11752
-3.71653
-1.98068
0.811722
0.290452
0.144391
2.28786
1.72361
-1.71787
-1.98782
2.82443
5.53748
5.20252
3.85337
4.38919
4.73585
-0.174378
-7.5698
-5.84476
2.70113
10.0168
3.547
-2.161
-0.507804
-9.5548
1.01067
2.88145
4.28721
1.4807
1.56487
0.232165
-4.5361
-0.663125
0.880568
1.97893
-2.61691
-2.45352
0.585991
2.35973
-2.77382
2.89131
-4.20506
-3.65603
0.535997
2.70649
5.28079
3.16174
-6.39666
4.39619
6.0074
4.75559
4.69408
0.393381
0.687995
-5.52403
2.17201
-0.350674
-0.574067
-4.79613
-9.39506
-4.62724
1.90226
-1.44071
-3.32681
-7.73921
-1.42209
2.4743
2.33615
2.25654
-3.71309
-1.15095
-2.34026
-10.4083
-0.706926
1.64564
0.880089
2.45755
-1.25811
-6.0898
0.00349485
3.61643
2.89723
-1.97271
2.74737
1.18526
3.4039
-5.73611
4.69973
9.55657
1.85637
-2.08496
-1.40686
2.49167
-0.714195
-2.90144
-0.602918
-8.05878
-4.93539
-1.209
5.6436
5.79571
4.13834
-0.735992
-4.92877
2.65397
3.5745
1.8881
0.579416
3.2582
6.13341
3.28846
3.36705
3.17981
3.08926
1.962
-0.660482
-0.210914
-3.13158
-1.84322
1.39696
-1.69632
2.04895
0.198946
0.95479
-0.137872
-4.52872
-4.09728
-1.83448
4.40283
2.01574
-1.88664
-8.4512
0.367319
2.06447
-0.0547361
0.415291
1.66694
-1.71293
0.940912
-0.699806
2.94081
1.31719
-3.88709
0.510965
1.2611
-3.74808
-4.36475
-4.56683
-1.66364
3.24289
10.0363
-8.19528
-3.62872
2.08446
4.8977
3.53808
-3.72193
-4.40721
-4.85357
0.603885
0.0354617
0.470053
-3.87107
0.376102
0.626254
-1.55195
-2.25001
1.78207
0.657223
2.32375
4.60101
3.64537
2.39874
-0.227748
-6.60886
-6.17683
-0.290867
-0.328987
-0.479582
-4.59559
5.86271
2.55086
-1.85294
-1.53037
-2.67389
-2.47178
5.30812
-3.99265
-6.50494
0.604454
-4.15087
2.76076
2.93629
0.830139
4.89357
7.46249
-0.97906
1.38789
2.30049
-4.07192
-4.32433
2.8452
3.00136
1.17017
-1.66143
-2.0751
-1.91449
2.14429
5.89842
0.472774
-4.08514
-0.923739
-3.28065
-1.59405
-2.30906
3.94943
3.50683
3.45515
2.49617
2.65232
0.940332
-3.18335
-0.496698
1.35812
5.55369
5.57726
-0.0373972
-0.347854
6.33145
1.29768
-2.82434
-4.86728
4.80788
4.16531
-9.62709
4.07587
-1.48055
4.39263
-0.57837
5.34804
6.02305
-4.62108
-5.01812
4.90865
1.85337
-0.369862
-0.633158
-6.35943
0.670924
-2.85143
-0.0673701
-1.09214
-1.29975
1.39012
-4.04779
-2.44114
0.498719
1.10906
-0.0168743
-2.6066
-1.61417
-1.97882
-1.43351
3.968
4.63433
1.05972
3.31262
-0.387141
-3.96755
-5.67455
-3.14
2.82309
9.07339
1.08921
0.701177
-0.786658
-1.00207
8.18467
0.790012
2.91247
2.01019
-1.53818
2.54258
1.3819
3.34894
2.16809
-5.35918
-7.49593
-1.43068
1.47154
-3.70971
3.18096
2.20975
1.3626
-1.84494
-3.17046
1.38911
-4.54519
-4.49135
0.327668
-1.64708
1.65662
-0.192517
-0.361968
-1.24305
3.03991
1.84449
1.14503
-3.56207
7.68972
-2.34816
-3.29072
-1.67748
-4.94163
-2.58603
-2.49955
-5.0362
-2.17404
-0.298447
4.5005
2.58627
-4.87725
-2.59825
-6.99899
-2.29318
-1.77123
-1.71429
2.52797
9.0589
5.9154
-3.12767
-6.92562
-8.48857
-1.75381
1.50011
7.45706
5.80077
0.845888
-5.51843
-1.73222
1.12037
-0.542654
2.97643
2.65809
-2.76082
2.76467
-2.00682
2.93405
1.95241
-1.3951
1.07831
1.87478
-2.31538
-0.174359
4.03201
2.55178
1.82884
1.34997
3.42585
-3.38571
1.85979
-2.30485
3.04976
1.13741
-3.163
1.41478
-0.0199856
-0.964108
-6.52052
-1.15353
2.62557
-1.79727
-3.76282
-2.00099
-7.83123
-5.45763
-0.192878
3.40814
3.49661
4.56356
4.95259
1.10584
-6.93021
-0.699288
2.51058
8.37758
5.49852
2.19517
-1.45383
-5.59516
-1.84095
-2.62728
-2.94676
3.33697
2.69083
0.689534
2.80931
3.67427
0.207099
-1.54055
-1.75424
-2.10398
3.04194
1.28905
1.40737
0.280164
5.57284
1.31841
3.7742
-5.70076
6.29113
0.605521
-1.83691
3.45057
0.0691773
-4.08885
-1.51981
-0.0409223
4.1633
0.278511
2.79279
3.59242
-2.17419
-4.12074
-7.29284
-0.475984
3.97115
1.43305
1.65387
-1.14026
-1.82099
-5.71618
-7.46055
-3.51933
1.86102
3.49209
-2.37667
-3.71858
0.761896
0.173684
2.28672
-0.0830167
3.96005
2.83449
0.135688
-2.02055
1.27457
-1.50448
1.97581
-2.85278
0.259155
-1.93867
1.54455
3.7237
1.00481
-4.38599
-0.817135
-2.43681
5.96547
-0.811093
0.300186
3.02563
-0.0790771
2.06769
2.52499
0.917207
-1.45528
1.10101
7.56682
4.62253
-1.35414
-3.64574
-1.14674
0.386708
-2.45271
-4.31299
-5.24862
7.6504
4.81931
0.959828
-3.84447
-4.98988
-0.665967
-1.17998
0.598131
-0.641263
2.89402
2.43554
3.9816
-1.65451
-0.644209
2.36019
0.416274
1.51482
-0.879945
-1.55787
0.443914
0.53465
-1.56533
-5.62974
-0.947934
-4.10055
-3.92883
-2.39043
1.69507
-0.120614
5.56748
-1.39423
-1.20712
1.06334
-2.64206
2.26394
2.19175
-1.90909
-3.87596
5.21724
4.78615
-0.586978
-2.43497
-1.44325
-3.09859
0.536116
-2.41481
-0.648271
-6.92735
1.47962
2.89428
5.15499
4.64627
2.16272
6.61948
-3.26405
1.74939
2.83855
5.3699
2.27648
1.61224
-0.899924
-1.84231
-2.1662
1.23287
1.09762
-0.376864
-2.36705
0.0082567
-0.882351
-0.0414823
-8.01861
-5.86377
-1.32918
-2.61011
-0.0563035
-2.06142
-1.77146
1.63476
-1.39124
-0.484035
1.40593
0.311908
-1.20188
4.79383
0.41508
-6.04752
-1.30302
-0.178901
-3.12721
-1.98576
4.64851
0.907753
2.03542
3.34795
-0.688721
-1.29048
-0.376004
-2.23066
-1.97806
-1.60949
-3.61076
0.71123
-5.08915
-0.718725
-4.50801
-3.93493
-3.61067
0.484866
-3.29392
3.95667
-3.194
-1.25203
-0.233243
0.318648
-1.72766
2.01105
2.22575
-2.19942
-5.07419
0.163309
-1.08122
-1.36138
1.96135
-0.63949
-6.56944
-1.78838
0.864563
2.28604
4.02537
-1.85856
-1.55748
-3.91384
0.337335
5.25332
6.23888
2.51602
0.663851
1.71463
3.37794
4.0119
-1.24088
0.377495
-2.4827
-1.36874
4.24342
-0.940104
-1.39965
-0.259984
-6.5326
3.34885
10.4132
7.9025
-2.65879
-1.8622
0.219838
6.64911
-4.68643
0.724951
-3.21362
-0.529879
2.14691
-1.9359
-1.19682
4.82399
6.37177
-1.74651
-1.64738
6.31741
0.223713
-1.38611
-6.69267
1.43942
3.54063
-1.55326
-1.46463
0.240575
2.81841
0.9878
0.266093
-5.26019
-5.52864
2.44185
-3.74965
-7.17418
-4.36818
-4.23302
-1.31183
4.72476
-1.32625
8.22057
2.9598
3.36929
1.61155
-4.01648
0.00647624
1.32903
1.88872
-8.27676
2.41669
-6.78159
-6.30089
-5.08567
3.89952
7.68819
-2.64918
4.60309
-4.1309
-0.376794
4.15799
-0.222376
-5.01024
6.24512
5.74867
-2.30383
2.46127
3.50916
0.0872892
4.88898
-6.88681
5.20388
5.1678
-0.631704
-3.89382
1.53903
-0.613058
-1.25178
0.48002
-1.14405
-2.31423
0.569281
2.71519
1.85567
-0.201379
-8.08403
-8.12889
-1.14814
0.896465
4.15352
-1.55565
1.15342
-4.19089
-1.14138
3.70289
-5.19826
0.283638
-7.59721
6.41788
2.63484
5.3615
4.58159
6.91046
-1.26028
-5.28157
5.20495
-2.77072
-0.753816
2.42614
-0.634993
-2.57579
3.61921
3.94845
2.17393
5.11091
0.572712
-0.172078
-1.99875
2.00473
5.74693
-5.86556
3.74962
-3.90795
-0.698499
-0.656147
-0.722206
-2.75666
5.99645
8.86154
4.8125
-1.57514
1.49427
2.24271
2.83646
5.98939
1.15312
1.60712
0.207223
-1.34706
3.18701
0.887179
-2.40618
3.2434
-0.635396
6.20416
-0.287289
-7.67638
-8.78339
-4.76539
5.6976
-0.385669
0.0135019
-2.7218
-3.39391
-3.73068
1.33496
-0.982541
-0.096268
-4.02592
3.07118
-0.976177
5.87934
3.98437
-2.52714
-7.14651
2.25338
9.6459
-1.06203
-1.9349
-0.0358229
1.6622
1.94604
0.74441
-2.22058
1.34963
2.66469
-6.737
-9.13673
-1.15437
4.80399
-6.85549
-1.94151
-2.80894
-1.20404
-0.331894
0.61955
6.68509
0.975431
-3.00356
-8.67211
-0.509428
2.16422
-2.02209
-3.12002
2.01045
6.07759
-0.507186
1.42567
3.85828
5.45699
-1.84068
-1.63579
3.92614
7.3777
-2.74235
-3.5623
-3.38192
0.963056
-1.95789
4.31818
-3.23487
3.69728
4.1183
12.3534
0.540901
0.368589
-1.67265
-3.98768
3.54764
-2.66678
-2.39423
-0.299941
1.45198
-0.731833
-8.3727
-1.71658
12.995
-1.29829
-11.8461
0.327673
7.42536
8.61404
5.00511
-6.61811
-10.5954
-0.792013
-4.50876
1.77914
2.08599
6.6563
7.61869
0.475378
-2.97805
1.66725
0.542758
-6.17357
-5.31137
2.42978
4.43243
3.63591
2.47169
3.52558
0.111047
-2.93532
-5.07159
1.11912
-0.352593
-6.45845
-7.16882
1.63019
-7.76859
-2.85795
-9.99413
-3.22377
0.861367
-2.36883
3.28277
1.3784
-0.755781
1.59492
5.60394
0.0876255
-3.73557
5.04605
3.66461
-1.17569
0.560278
0.456086
2.19144
1.71705
1.44108
-3.74666
-8.51672
-5.71807
-3.90448
1.70794
3.2912
5.43018
9.51621
2.93199
-0.0723274
-1.70675
0.843872
2.46515
1.87591
-3.45763
-2.07451
3.75043
-2.40776
-0.263393
-3.14485
-0.994204
-0.138049
-1.21986
-0.934459
-7.64131
5.3617
6.48972
-3.49277
-12.0959
0.160375
7.68031
4.1389
-5.88853
5.53828
2.93047
-0.74859
-2.87711
3.96138
0.560651
0.496494
0.938855
2.28995
2.28029
2.14054
-3.33302
-7.48763
-2.91462
2.42149
0.373302
-0.0835326
0.445366
-0.579388
-0.237109
-3.17263
2.62803
5.56702
0.237366
-7.49607
-7.34579
-2.89805
-0.274167
-0.983385
-0.333895
-3.54344
-2.85304
1.078
-2.74318
-1.68753
-2.25923
-2.91923
-0.463283
-4.13963
-3.32797
1.28269
-2.64685
10.9593
3.55588
1.6145
-1.52344
-4.14777
-2.2961
3.55446
-4.68338
-2.27585
-2.7244
-1.50091
1.08738
1.42314
0.403527
4.01523
1.49369
2.18542
-0.810853
-4.39032
-1.53014
3.13045
2.94063
2.12761
1.58149
-2.1122
-1.28247
-2.44704
-2.09386
-3.02755
-2.43149
0.593168
-0.482181
-1.22485
-2.2912
-1.45889
-1.52198
2.21604
-1.65305
-2.83919
-5.32071
1.49825
0.348501
-1.7911
2.46183
1.51184
9.21386
-12.0553
2.10672
0.732092
-4.61276
-3.28916
-2.91724
-2.19963
3.24514
5.10911
-0.181348
-2.70062
4.0457
-2.10103
0.450399
5.09069
3.38404
2.09597
-0.743661
-2.37847
-1.89039
-3.05801
3.02588
4.23211
6.30566
1.70928
-1.62489
-1.06466
3.56254
0.74525
3.66865
6.8804
4.72722
0.533929
3.08543
0.996366
-0.742936
2.38121
-1.52583
4.71148
1.56866
-2.27975
-5.42343
1.11288
0.420262
2.7707
0.687134
3.3461
0.891059
-4.24881
-4.9581
-1.07732
4.83032
3.27054
4.13295
-1.70096
0.120167
6.20421
-1.29079
-0.0636112
2.10872
0.686174
-1.61797
-0.606128
-0.573979
-5.06996
-5.1261
-0.433611
0.0547701
-0.823335
-2.64824
-0.0813688
2.48648
-3.48111
-6.19889
-3.70407
1.04583
-3.00054
-1.12195
-1.40466
-5.3103
-5.46952
2.01459
4.58151
4.30531
2.60374
0.678824
2.84513
0.260377
-0.829135
-2.43946
-0.146578
1.45751
4.95398
1.61897
-3.55926
-4.51926
16.1814
-3.17885
-3.55336
6.81414
-3.81737
-0.620017
6.98065
1.18267
-6.29331
-4.73941
-2.25138
5.76412
1.67745
-3.6971
1.59767
0.464862
-4.84179
-4.74272
0.995923
-1.21753
-0.889189
-6.1995
-4.57307
-4.93702
-3.89645
1.13416
1.81812
10.3502
7.18226
9.26739
4.74798
1.01783
-3.76928
-2.35097
3.15733
3.24504
1.43135
0.652549
-1.27563
-1.57812
0.730641
1.84909
0.472091
-1.40769
6.82341
1.32877
-4.28273
7.30038
-1.73721
5.25535
2.28538
-7.76894
-9.62617
4.06999
-4.46791
-1.95589
-2.98471
-3.99178
-0.574944
0.305204
4.28737
-0.363318
-0.467728
-0.363127
-2.54623
-2.00932
-1.52864
-2.29067
-3.7214
-1.37665
1.42082
-0.352017
-4.1854
-1.98791
2.29785
1.11131
-4.95978
-2.54586
-1.16829
1.65823
-1.1579
-0.993856
2.62837
4.41382
4.04932
-2.05657
-1.14031
-1.64105
0.576092
3.88596
0.387628
0.510239
1.684
6.34798
1.81562
-3.90277
-3.95344
1.10083
2.25835
4.05461
3.84049
6.94304
-8.46883
-0.553426
2.84142
0.561357
0.184227
-1.33448
5.20617
-5.18402
-2.53703
0.167572
2.84089
0.92536
-1.78604
-4.38212
-2.91223
2.2834
4.28303
4.28626
2.44477
-1.77535
2.55007
-0.521582
-6.39268
-10.5911
-5.18212
2.66105
-1.60091
1.98423
3.373
-0.90929
-0.294665
-0.271455
3.91742
2.87765
0.0971758
-1.84027
-2.90776
-3.3098
-0.598729
10.0155
-4.25728
3.17209
-2.44758
-10.879
0.702777
-1.26923
2.426
-1.03176
0.637276
1.66018
3.57848
-0.687274
8.05654
-1.31937
-0.0346076
-1.84726
-2.04144
-1.62856
0.381465
-2.51177
0.207945
1.23078
1.36457
1.40752
5.26146
3.50716
5.83353
2.36919
4.48987
1.224
-1.45232
-4.6207
-4.09538
2.76978
3.63696
5.50525
0.005818
-6.72007
-3.83781
2.61885
6.90747
3.77761
-2.21588
-8.1295
-1.17056
-3.18765
-6.66262
0.214566
-10.4076
8.86688
-0.247336
3.90811
-5.7055
-3.44871
-3.18844
-8.86096
4.59383
-2.67278
0.515115
-2.14425
9.23934
-1.43943
-0.788594
-0.661359
1.32426
0.721843
-1.62755
1.89546
1.08602
-1.50346
-4.03184
2.03552
2.19581
-3.61526
-3.55511
0.809153
2.25522
-0.69472
-1.36926
-0.0445516
-4.6879
-0.377269
-0.257728
-3.4593
-4.17545
0.640568
-0.931382
3.61011
1.97281
0.322316
-7.27515
0.778416
1.73617
0.82786
-4.48228
-3.38128
-2.90613
-1.36883
2.63709
3.73681
6.77472
-0.622537
7.17674
-4.78262
4.57221
-2.34931
8.18398
-7.19326
3.18591
-5.32876
2.2898
-4.5748
-0.0776824
5.2753
3.32744
-0.542643
3.68218
0.294232
-2.79744
1.0012
-0.730905
-0.00437894
-1.96216
5.59405
-0.935478
0.230571
-2.30624
4.02089
2.02634
-1.4396
0.640814
-4.53491
-2.18436
0.62798
1.54205
0.887571
-3.83225
-2.81289
3.94368
-0.126555
3.91842
2.35391
0.302501
5.31054
2.32525
-4.49804
-1.01806
-2.06043
-0.873041
5.68379
4.92805
5.15335
-1.06883
-1.60991
4.55047
-6.86178
3.24375
-9.82713
-0.994543
-0.888619
-0.508616
4.59049
1.10283
-0.527047
1.8809
0.478502
-3.41403
1.86733
2.57718
3.24364
2.25397
3.60305
0.970367
-0.187739
2.80561
4.73174
3.08577
0.596527
0.205847
2.88092
2.63781
2.24915
-1.0365
-2.28492
-0.473726
2.24533
0.925677
-1.35621
0.94462
3.53986
-3.88491
2.6335
2.23329
2.56105
2.43475
-1.40334
-0.738543
-0.821336
-1.79751
-1.88455
2.20005
4.58664
-7.23761
0.772769
2.50027
-4.70327
2.62135
3.61583
-1.78919
2.00091
-0.455765
-5.61407
4.45255
4.14739
-1.06906
-5.53993
-1.03955
0.448049
1.05773
2.71068
3.25448
-0.964751
-3.14947
-0.586469
0.661421
-1.22305
-0.866841
0.226686
-4.73193
0.150415
-4.68167
0.421773
11.6905
-0.145908
-2.08995
0.418345
-2.62029
1.53807
-3.24936
0.105906
-1.33036
8.07467
-5.81741
7.06476
3.85444
-2.49276
-1.25829
-1.51848
0.899404
-2.26971
-2.52844
-1.73585
5.09448
2.405
0.095202
0.303973
0.957732
2.23928
0.954663
-3.23465
-1.85865
0.142312
-1.39367
-3.62303
-0.99832
0.127532
-2.76883
-3.28261
-2.19323
-4.04049
-3.8949
-4.72659
0.757094
-2.35641
-0.886754
-4.5778
-0.450301
-1.62751
-2.37678
4.61328
3.23266
-2.60344
-3.40633
0.534171
0.575519
-1.05567
3.05756
-4.55436
-4.36435
-5.25232
-4.84159
-0.18639
-7.36712
-2.07988
