-1.056
2.96539
10.4816
3.62215
0.644118
2.28496
-3.10201
-2.26723
-2.57607
-0.715815
0.510249
1.09016
1.95555
-5.00966
-3.64132
-2.41599
0.921688
-0.634143
-1.26114
1.11246
-4.71955
-1.2864
2.0164
3.25314
1.5694
1.00214
-0.261602
-0.883527
-0.111328
5.30882
3.66939
2.26982
-0.866996
-2.46479
0.867129
0.748411
-0.134783
2.07261
-0.130617
0.712905
2.05485
0.350841
2.35778
-6.29997
-4.98295
-0.844957
-0.118832
0.971617
-3.95361
0.381934
8.98131
-4.62934
-3.66201
1.56982
-1.61928
-1.99156
-4.2221
-3.34009
8.09963
8.74581
-1.7361
-0.596967
-6.37141
0.180549
1.05032
3.63598
0.106008
2.634
-2.12593
0.250908
2.4027
0.725985
-2.97099
-2.19574
-3.1718
-2.80803
1.9363
6.70472
-0.484178
-1.99842
-0.908786
-1.70779
-0.988937
-1.34983
-2.18688
-0.391247
4.00519
1.43549
-0.283176
3.66024
4.84356
-2.38124
-1.75171
0.878903
-0.974768
-2.55424
-5.32909
1.51366
5.50711
-3.68893
-0.967485
1.4729
-0.565658
-0.39451
-1.61514
-3.69442
1.24925
3.667
1.53536
3.25643
-1.91942
1.77248
3.75658
4.14832
-3.05926
-0.373608
-0.486821
-1.65241
3.08493
4.8402
2.88661
1.12932
-1.19231
-4.14635
-0.290057
2.01221
0.811671
1.78599
-0.574
1.85204
0.38929
-1.88742
-4.04518
-3.47403
1.4547
0.177303
-3.75686
-2.8218
4.26977
3.52449
-0.122253
1.76518
-2.37629
-4.39537
-4.05455
0.508371
0.644369
-2.62615
-2.16622
0.100823
2.79496
0.679838
-1.87398
0.070827
4.94401
1.26953
-4.17823
1.39578
-0.165632
-1.03431
-2.26849
-4.13909
-4.69983
-1.73043
0.83793
-1.04847
-0.0182807
-1.44566
-2.09293
0.580472
1.73701
0.224926
-0.315851
1.00393
3.67537
-2.48528
0.189289
-1.50285
1.06517
2.83149
-4.25941
-2.30077
2.24328
4.01323
-2.87885
-6.2985
-2.49423
0.988023
2.93344
5.01351
-0.905336
-5.89776
-4.2017
0.955279
-2.05458
-3.882
-3.56216
-0.646796
4.5785
-0.68623
-3.21748
-2.61174
4.24598
1.45627
-4.88851
-0.797531
2.832
0.971444
-5.32705
1.46495
0.52902
2.36514
2.64888
-0.365639
0.377449
1.67316
1.0623
-3.81147
0.841774
1.42933
-3.01484
-3.2217
3.81921
-4.89489
-2.02437
3.92414
3.70935
6.6043
-1.33682
-3.32723
6.00502
6.1498
5.43565
-0.661529
-6.83314
0.756553
0.236669
5.13432
0.307551
-4.4146
-4.22137
1.05433
-1.80949
-1.68897
-2.10451
5.0116
5.39247
-3.66258
-0.379681
1.9567
1.72069
-4.10362
-5.81259
1.44764
-0.31225
2.03063
3.62344
0.687638
-3.25728
1.19579
2.33663
0.090619
-0.932762
2.75484
0.925944
-4.84088
-3.24959
0.225259
-1.33267
-2.22428
2.93627
2.90542
0.71723
1.11814
2.70543
-2.06487
-4.47858
-3.70641
-3.86381
-0.348095
4.49669
0.441193
-2.25011
1.94183
-0.427904
3.92455
1.4122
-0.997922
-2.82309
6.71558
0.297219
-3.70835
-3.85793
3.76362
3.02753
0.958193
-3.26474
1.03484
-1.03582
0.731294
1.61156
-5.46034
4.51331
4.47093
1.83443
-2.85167
-2.3632
-1.51898
3.02896
-3.65095
-3.66184
2.17124
1.47864
-1.2031
-2.02851
2.04356
-0.0587402
-0.84312
-0.665511
-2.87028
0.112803
2.62452
1.25639
1.97806
-3.94492
-3.39091
0.128518
3.12918
3.83044
-2.04225
-4.23647
0.451056
-4.14896
0.0853283
4.32914
2.35005
-1.474
3.71752
-1.32586
-0.0935272
-1.51315
-5.68824
1.7143
4.88696
4.63389
1.59088
-5.62446
-3.55733
6.23078
-2.75318
-4.49981
2.6169
2.21994
-0.218722
2.60556
-0.819528
5.5116
-3.05761
0.018605
-1.59821
-2.73902
-1.74145
0.551801
0.387772
2.16004
-5.00855
-2.10814
-0.190158
-0.757612
1.11791
2.1672
-4.13715
-5.98563
2.43945
1.01988
4.01118
4.67011
0.911546
-2.9711
1.68253
0.915487
-6.63137
0.201364
-0.0121669
-0.0568787
-0.0183165
0.136884
1.47774
1.63406
3.92965
-1.9156
-1.32967
2.10128
-2.90285
-1.15439
-2.93884
2.53547
1.97955
0.689412
-1.12223
-1.36704
-1.91641
-2.03223
-2.35615
0.746612
4.52293
2.90598
0.285326
-3.39301
0.114806
1.07961
-1.85383
-0.769094
-0.22401
1.98074
-0.126292
-1.45128
-6.09468
-0.696514
6.59146
8.45475
2.35555
-3.56617
-8.38671
-2.33951
-5.36066
-2.42658
2.76941
0.804237
-1.24958
-0.25378
-3.48005
0.313389
-6.33282
4.3375
-5.1576
1.84494
5.46817
1.93568
4.01487
-5.2417
-13.5636
-2.52818
8.26018
4.52452
2.73083
-4.5543
-4.70564
4.93623
3.57676
-0.586006
-2.24389
-0.446386
5.7371
1.99995
0.0281829
3.18338
1.65353
2.98456
2.26904
-1.9658
2.87104
5.79258
0.412962
-7.15155
-3.97324
1.31654
1.76798
3.97642
-0.382234
-0.566318
-1.61719
0.15983
7.57579
3.16342
7.38584
-3.2999
-3.63468
6.8733
-0.939833
5.47223
0.652892
1.76155
-8.88019
-1.24247
-1.23309
2.52113
5.3192
4.05012
-0.241881
1.37084
-0.66786
-2.23225
-0.456685
0.1123
-2.18309
-4.85207
-1.73712
0.334238
-0.336038
-2.22802
0.149833
-4.05638
-5.63562
0.491989
-1.32269
2.34418
-2.58959
5.44931
0.877652
0.962364
-1.27989
1.34282
7.13452
1.10707
-4.96588
-6.55146
-2.34601
-1.11133
4.02804
6.083
0.152693
-5.81821
-0.565415
-0.816455
-4.29711
-1.47804
2.69838
2.96869
-3.75835
-1.96515
-2.81139
8.95421
0.486815
-4.37372
-4.97481
-8.9169
-3.08504
3.07582
2.61857
1.38114
2.09223
1.25869
0.629119
-0.732286
2.52901
0.842045
-5.68255
0.568141
-0.143864
8.27902
-2.10267
-0.0935127
5.82223
0.282495
0.262349
2.53195
-3.76774
-1.90937
-2.8896
1.63748
1.31957
0.295367
2.26451
3.06286
-1.15905
4.01549
2.30628
-3.31006
-1.7665
0.961328
-8.98946
-1.55975
10.2764
1.75702
-0.731234
4.51767
5.03438
-1.05157
-1.21361
4.30631
3.3452
1.80233
1.17304
2.1705
5.72724
4.06314
-3.31233
-4.68407
-8.78989
-1.04595
1.44931
-3.88393
2.77635
4.20089
-4.41809
0.510619
-3.40755
4.78487
1.53426
-1.25964
-7.85057
-4.9849
1.44914
-1.73509
-9.15461
-7.83776
-0.982068
3.59829
1.94133
-4.38724
-2.08647
-0.871338
-0.24825
-2.53785
-5.53659
-1.81272
2.3459
-0.189145
-0.538376
1.38322
2.72112
6.63491
-1.8904
-1.56074
8.27575
-2.478
-0.743042
-1.40928
1.24079
7.47455
-3.32319
-10.6608
-1.41176
8.50982
5.10787
-3.36512
0.0759124
6.12715
-0.509303
2.19686
-0.124849
-3.82243
-5.76438
5.70844
4.43249
3.80142
-1.80616
0.198302
-2.98983
7.56669
6.36798
3.49281
7.02346
0.817395
-2.49086
-0.0891286
5.88044
2.04473
-0.703862
-6.6697
-1.28537
1.42997
3.43218
8.11618
-4.59367
-2.33512
3.19186
-1.34368
-5.60138
0.316455
-4.38453
-14.6789
1.2836
1.18321
0.540038
-3.3531
-6.56906
-0.796497
-1.86585
4.03251
-10.8301
5.53822
-6.35184
7.85206
-4.05811
-1.2479
0.228085
5.08572
5.83709
0.218061
-2.60362
0.364049
-0.0256695
5.84619
-0.257212
-1.20607
-1.68264
-0.00846535
-1.1403
8.53798
5.95527
-7.03441
-2.02325
-6.96061
6.0131
-3.75173
-0.875146
0.535603
3.34555
2.39702
-4.71204
-7.24912
3.96665
0.826919
1.61228
-2.01718
2.64315
-5.20375
-4.41277
-5.89719
4.1
3.86139
6.20099
-2.16294
6.79405
0.0829114
-1.73015
6.87578
-5.82537
2.27762
3.40379
-1.90345
1.06199
-6.59954
4.78476
-5.77881
0.689424
2.43173
5.01524
2.42333
-3.34153
4.89955
-3.31223
-3.54831
-3.40655
-0.286502
-5.16592
1.39524
1.7652
-3.10334
-3.46119
3.52996
-2.95749
7.25479
-3.95455
0.782733
-0.801156
-2.3465
-0.659168
4.51919
6.18577
1.91736
1.04443
2.38266
4.41858
-1.51247
0.0429443
-4.28973
-1.55653
1.45282
0.599501
-3.976
-4.42894
7.92019
4.92083
-6.97924
1.97366
-6.12109
4.90314
0.94459
-1.92714
0.477946
-8.85687
8.26732
-11.0267
-2.0291
3.81878
-2.43599
-1.92526
8.82207
-1.89033
-1.46882
0.464788
3.76175
-5.32142
-3.45803
0.473274
1.34627
-1.69074
-0.902567
3.11615
-8.19889
-0.466062
2.08409
0.357521
1.61135
2.66135
-2.78113
1.32204
-6.52148
-0.678827
-2.40221
1.97352
-0.630966
2.31875
-1.04854
-5.14675
-4.59496
2.34726
-1.5042
-2.55457
-3.27206
1.67264
-0.81414
7.20219
4.6793
-0.187177
-6.41718
2.3773
2.69437
-1.62763
2.77899
2.11309
0.491497
-1.33258
-2.6303
3.83987
4.9877
-5.77383
-4.62393
1.10558
2.39202
-5.07072
1.34055
9.53298
5.04158
3.11553
2.82643
0.811982
4.69866
-3.59931
0.816784
-2.38296
2.32678
-8.25242
-3.01205
-0.960254
4.36621
4.08138
0.0338271
0.905108
4.81949
3.91154
4.03477
0.753579
-4.53179
-3.86125
1.19612
-0.647664
-8.51945
-1.86513
2.84952
-1.09192
-4.56008
3.89459
3.31996
0.30992
-1.29413
-0.306104
-1.20281
-2.77752
5.38841
-2.33131
0.0342365
-0.584783
6.08662
-2.67785
4.1956
5.81485
3.24076
-5.53944
-1.70336
4.2299
-10.6878
0.137358
1.41623
-0.912491
-4.80082
-0.169523
-3.34903
-0.232093
6.21794
4.22972
3.25331
0.313939
2.64914
7.79874
-1.47191
-12.731
-2.68222
3.10152
1.49458
2.31431
-0.857189
2.87139
5.10667
3.39895
-4.18091
-1.11355
2.62896
5.48416
-0.979437
-1.79258
0.745267
-3.25876
-4.26904
4.33311
0.709703
-2.36402
5.93467
1.92453
-1.69172
-3.48114
-1.9092
-1.35673
3.19862
5.84316
2.43119
-11.115
1.2709
4.27638
-4.37916
-2.71992
5.36049
3.78784
1.98907
-1.20995
-1.14699
-0.886931
0.769111
-5.30297
-7.22798
-0.0515892
1.67347
3.33945
2.23435
-3.95577
0.00748629
2.29564
-3.23745
6.50433
2.23946
4.11267
3.16359
5.7308
-1.95252
0.592711
1.45109
-0.497569
-3.00419
-3.31078
-2.36454
1.80396
4.85275
0.138591
-5.75161
1.80694
2.72762
4.37702
-2.25479
-3.60591
-3.30415
-3.6789
0.13803
4.34366
5.44761
-6.2939
-0.78756
-3.21437
-2.81679
-2.52321
-6.3701
0.382641
5.24974
4.9991
2.96649
0.459445
0.125974
-1.72214
-2.60859
-4.04776
-3.48869
-5.25961
-0.104537
4.59812
1.67693
0.559532
-3.82341
5.20293
-0.493664
1.29702
-1.55424
5.28974
5.64465
3.2931
-2.4842
-0.487396
0.0308758
2.05089
3.07938
0.517163
-3.46959
-4.44602
-0.293712
0.493434
4.45449
-2.51695
-4.67907
-3.8593
-2.50583
-4.43534
2.68986
0.831031
1.53811
-2.92142
1.73367
-2.32581
-3.09778
4.4737
3.53478
-1.51569
1.38319
2.28648
2.62682
-0.290329
-5.59964
-5.70223
-1.42215
-0.567702
1.68843
1.64617
1.22894
-0.983087
-2.16317
-2.69998
1.34424
-0.390974
1.22037
0.0712071
-5.78523
-10.4074
-3.92308
-1.0542
-0.486772
0.871543
-4.45538
-5.24016
-1.27105
-2.76837
1.11519
4.03021
-3.79996
-3.5585
-0.788614
-2.91714
-7.78786
0.350126
2.3737
-1.61497
1.20085
-0.283379
0.0895087
0.435378
-4.28169
3.07976
-2.47548
-2.09387
2.18711
2.92369
2.90239
0.247416
3.16552
-1.42335
-1.48938
1.85085
4.96486
5.2429
4.16856
5.0101
-1.03295
-2.48271
1.11232
-1.46472
3.55183
-4.48337
0.461762
-1.48724
-4.08792
-6.46578
-3.6695
3.20542
5.07685
2.16381
-0.803051
0.981695
-0.657837
-2.49522
-0.326865
1.0712
-1.52071
-1.18599
-6.96551
-1.62647
-4.24898
4.2092
1.59664
-1.89842
1.2048
0.692308
1.11493
-1.64744
-0.580726
2.64184
-0.869668
-3.01349
0.691414
4.3555
3.68113
-2.28114
-1.0048
-3.49667
-3.47252
-0.618908
1.35099
0.0418813
-2.79439
4.14431
0.0337529
-0.372478
1.351
-3.54543
-0.107749
1.63199
-7.98308
-0.657109
4.36714
2.27952
0.48076
1.50574
0.631399
1.49477
-1.23047
-0.68797
-0.545732
2.56226
3.55879
3.54188
1.34473
1.89238
-2.14522
0.993796
1.66064
6.7738
2.65654
-1.48312
-2.81369
1.39824
0.161622
-2.60179
5.35077
3.69123
5.32135
-1.30672
-0.489867
3.44551
2.69118
-0.247548
-2.63488
-3.83135
-3.37145
-0.288963
-1.57095
-1.16873
1.93371
3.37488
-1.15322
1.70569
-5.76745
-8.89912
-1.39474
2.01204
-3.4283
-4.77465
5.19386
9.48511
6.11631
6.42598
6.8242
-0.800838
-3.09299
4.17768
0.74912
3.379
1.48476
1.29282
3.3958
-3.97321
-3.03268
-2.58476
4.17102
4.34426
-0.814193
-3.73052
-2.24658
4.19016
-3.53643
-5.62617
0.378969
10.8058
-1.04996
0.841948
1.57781
1.40303
1.50588
0.117562
1.82831
1.25063
0.347561
-0.831459
-2.61535
1.66966
-2.37767
-0.189702
2.10624
-1.66621
-8.20417
-6.89042
-1.07044
-1.02385
3.408
2.23869
-1.82454
-4.03936
-2.49042
-3.19446
-1.46899
-3.02676
-2.2227
0.785009
-0.234158
0.50745
-2.4854
-1.55802
1.245
-1.04327
-8.52869
-1.46355
-0.288229
0.831103
-1.57783
-2.15838
-1.82822
4.21565
-1.28582
-3.46873
-4.32563
6.23375
1.64211
-6.8964
-1.92063
0.634962
-1.64585
1.04492
-0.939505
-3.19344
-3.45226
-7.54975
0.331781
-1.20481
1.74159
1.46638
2.75191
1.59789
-0.613235
0.00713594
2.09437
0.608245
-0.421629
-0.160073
0.98389
-1.68652
-2.47304
-3.18025
-1.55733
-2.10952
-2.56906
-0.162648
-0.622758
-2.44811
0.209864
0.706355
1.51994
2.85156
-7.03995
3.21665
-1.92639
-6.00819
-2.22002
1.27166
-2.66109
0.569325
4.60277
0.325857
-5.44481
-2.93097
2.93538
-4.58017
-2.70208
-0.949965
-3.14733
-3.10194
1.80178
2.02002
3.31216
0.898067
9.06724
3.26423
2.60999
-3.16993
2.53947
2.20799
-5.97944
1.86992
0.729392
-0.0361052
-1.70107
0.87929
-2.00683
-1.29859
-0.494365
1.35525
5.32267
0.583262
-1.56583
-0.924963
3.87713
2.03559
-3.50955
-4.35787
4.03061
9.15826
5.88701
8.09466
4.80636
1.70828
0.714329
5.73257
-5.15272
-4.883
13.505
3.93352
-3.71554
-2.8788
3.35737
-0.586951
-4.5639
0.906177
2.13408
-0.26141
-0.087475
-0.444299
0.713386
-1.53291
-0.272987
-1.5443
2.85411
3.65412
2.40379
-3.19865
0.752019
-0.750319
0.746095
3.26602
-1.601
-2.29583
-5.30804
-0.253612
-0.217877
1.18295
0.918738
-0.256519
-2.22757
1.06165
4.87724
2.3069
-3.50764
-2.32595
6.13049
-2.13468
-2.02305
8.78787
1.44802
1.24726
5.35819
3.78588
-1.81156
-9.92988
-7.15377
1.84096
-1.68572
-5.56099
2.35742
-4.07646
-3.25848
2.11174
1.65482
1.20659
2.20879
-1.30496
-0.222383
-2.49479
1.04689
5.41286
3.55761
-0.908645
-0.600846
1.20403
0.661597
-1.04749
-1.81081
1.56676
4.25509
-3.1512
0.837009
2.834
4.00031
0.250519
-3.59228
-5.19619
-0.925481
0.163987
-1.32025
4.95893
-2.23966
-3.93656
-1.10477
-1.78693
-3.10412
-1.15048
-1.25433
-2.61595
-1.66748
-2.25258
-6.11888
-3.86238
-3.28941
0.632856
-0.632961
-2.06492
2.57053
-3.24903
2.99412
-4.73596
2.79527
4.16781
3.2318
3.56461
1.36688
1.05533
1.71998
-2.55075
-1.29869
-2.27427
-1.12808
-0.185076
1.89826
-4.48938
-3.02264
-3.03104
-1.29077
-1.38775
3.44699
4.58688
2.82579
-1.46669
-3.55618
-3.73317
-5.79028
-4.20523
-0.516517
3.61075
-7.08579
0.682234
-1.34892
-6.40405
-3.54524
6.87924
0.312385
6.14265
2.67033
-2.90447
-1.75573
4.19833
1.07845
1.0883
0.940895
-2.73116
-1.25879
0.374927
7.07982
0.127717
-0.681604
6.21545
1.56419
-2.32449
-5.94302
-5.65146
-3.59324
-1.97924
-0.0291653
-0.250609
-1.27995
3.07763
-1.06084
-5.10043
-3.23105
1.15363
-0.73488
0.155023
1.79587
-1.73445
-3.63774
-3.01392
-1.93236
0.571569
-3.60033
-0.375778
3.86141
-0.212754
-1.31874
-2.91577
2.08454
5.41191
-4.89864
-0.247085
8.5471
-10.1489
2.25578
5.89176
-0.597605
1.07928
-2.12317
-2.8617
0.535883
1.78048
0.344721
-4.65644
-0.0165836
5.84659
-0.887193
-1.99068
2.32866
2.33738
-1.42013
-0.0487637
2.44257
2.91083
4.01512
6.55661
5.99373
3.00874
-3.22944
-4.2498
-5.96067
0.376282
6.0827
7.09864
4.32
-4.03406
2.35888
6.20841
8.82563
4.24445
0.854146
5.09754
3.58582
2.40237
1.60003
-8.23897
-6.3782
2.10544
-0.278485
1.34055
2.75073
1.50268
-4.38261
-2.40752
-1.73758
2.75157
7.71107
2.22951
-8.40017
3.92476
-1.22142
-5.1498
-4.27605
1.61878
7.81489
1.0533
-5.59677
-4.09976
-4.52401
-2.25816
1.68035
5.32136
3.61547
1.40335
0.144494
-2.19154
-0.312787
-1.15491
-3.56431
-1.69612
1.76468
2.14491
1.42233
-0.814733
0.133626
2.23703
5.68843
-1.34049
0.806235
1.30118
-1.15356
1.61507
-0.182565
-1.81857
-1.84436
1.34277
4.14533
-0.0735996
4.06042
0.38321
4.76232
2.27245
-2.61771
-1.2101
1.04305
-3.32625
-4.75919
-0.853069
4.91873
2.5555
-1.98283
-4.9121
4.04728
8.36349
0.245279
-3.44748
-0.534707
0.344688
-1.52955
0.377275
-0.101927
-0.18807
0.823512
-1.32327
1.47281
1.56077
4.2164
0.795174
-0.881461
-4.50831
-1.35655
-2.1274
-1.84903
1.3631
-0.986089
-2.52949
-1.71432
-6.87678
-0.360116
1.27591
-0.489078
5.45013
6.95077
-4.93168
-12.4619
-5.56245
0.332922
5.47178
1.10199
0.00598355
-4.98009
-0.627243
8.89135
0.587096
-5.39132
-1.41406
1.78692
7.04684
3.83701
-6.83523
-5.63556
4.2788
-1.49271
-3.00147
-2.94297
-1.735
0.451691
-7.40272
-5.85075
-2.36443
-1.88535
1.21297
3.49552
2.81706
8.88512
3.1104
2.06739
-3.22535
-1.38605
-0.82179
0.461833
-1.29013
-3.6421
0.897047
-5.4064
-3.35234
3.18949
0.471738
-2.4684
3.92084
1.89082
-1.60493
-0.990835
-3.50103
-0.328301
-3.06756
-2.73663
-4.48333
-3.34128
-4.802
6.5619
0.671818
-5.2065
-2.83627
-0.568586
2.39859
2.63974
4.47384
-1.00963
-0.685657
0.486343
-4.94895
-0.332843
-0.547801
-2.72352
-1.94067
-3.98057
-1.42033
1.16711
2.11837
-0.941021
3.64979
-2.87326
-7.25028
3.38963
-1.64031
-1.79011
3.46287
3.77473
-0.99546
0.19127
5.3042
1.353
5.48169
1.20856
-3.15612
-2.95237
-1.21598
1.7728
0.370388
2.34426
-0.837995
1.92705
-2.31006
1.75115
6.09152
-1.84708
-0.65088
4.74679
2.18841
-7.35754
-3.25092
-3.82737
-1.17186
-1.95159
4.20193
8.04853
0.899507
0.973214
-4.31429
-2.13171
2.82332
2.08546
5.17466
-0.31322
-3.05158
0.353778
4.17674
-4.87952
1.08089
4.66226
-7.32656
4.29869
-7.22209
-3.14373
3.2766
3.9989
-0.0669411
0.715334
3.8251
0.0233927
0.58974
0.779364
-2.55726
-4.16359
2.89662
3.57773
0.921509
-2.69891
-5.84134
-0.205328
5.70461
4.37909
-0.251819
-6.95349
1.23842
4.85331
2.10235
2.16712
-1.46058
-2.76179
1.76287
-1.59688
0.339036
3.13322
5.80987
-4.46074
-4.08516
-2.69143
6.31221
7.04139
3.52265
-0.491107
-3.72318
-3.23218
-0.447713
-5.18848
-3.81584
5.04903
-2.9892
4.44096
-3.6151
-1.18933
-0.054146
0.0383048
0.765875
0.61894
-2.55721
0.312541
-1.5143
-2.99431
-1.28886
2.32533
-1.64624
3.69904
-0.712648
6.40371
0.694222
2.78953
-3.01109
-4.71797
0.13511
4.56373
-1.67021
-5.78209
-5.0779
-2.99099
1.24212
5.52126
3.41283
-4.66864
-1.77902
0.482222
4.31278
-3.72096
-6.97319
0.433772
0.136603
7.39505
1.09412
-4.8487
-3.01299
2.69757
1.45484
0.0325341
-1.58853
-5.01139
-4.54037
1.91588
-3.81066
0.635545
1.44592
1.94793
1.02146
-1.09691
-1.44976
3.47759
4.50716
1.52109
-4.44881
-0.602977
-2.51553
-4.33971
-1.38133
5.01412
5.53537
1.61409
1.90634
-2.72459
-2.83357
1.89653
-0.943066
1.73226
4.56909
-0.966818
2.75658
5.21362
3.57854
-0.133131
-0.453965
0.611101
3.11359
1.60433
-0.877592
2.12993
-0.638847
-0.98709
-1.23935
0.56352
-1.19194
0.960166
-2.33957
0.468701
3.32043
-0.611401
4.0182
8.27383
-2.56671
1.08994
0.124927
-0.985167
-0.309882
3.46606
-0.0971354
-2.66136
0.614415
6.54142
4.3009
-3.59833
-1.5555
-1.89738
-3.72404
-6.99858
-3.3465
5.42038
-2.33807
0.871308
3.22674
1.3791
-0.365812
1.03198
1.54892
-0.26764
-0.620311
-6.87808
-3.137
0.513914
-4.34873
-6.99368
-2.47069
4.56466
-6.07151
4.82854
-0.198873
-5.04555
-3.34574
3.10685
-0.722662
1.38116
-5.0756
8.11019
3.21924
-3.80648
10.0295
7.49602
-5.30715
1.12858
2.91291
0.167145
1.13799
-0.954242
-2.31186
-2.23275
-5.86517
-2.6999
-1.5096
0.776441
3.61498
10.524
2.15392
-5.50972
-4.28273
2.01217
-1.63517
-5.93249
5.74383
3.10946
-5.58073
-0.614878
2.56779
1.54905
-4.26859
6.64141
3.64015
0.463424
-0.552131
0.4762
0.615961
5.4243
-2.34934
0.990137
-0.0264236
-1.98744
2.7662
2.5962
-0.767251
0.888302
-0.79736
-3.52827
8.43833
2.26811
-5.16667
-5.37157
-10.217
0.778852
3.93081
0.0935999
-2.62482
-0.415099
4.4506
-4.56019
-1.94956
2.46422
4.46097
-0.0984486
-2.81535
3.81913
-0.796142
-4.03106
-5.47906
3.30269
6.50818
-1.40001
-3.20274
2.99811
-1.61651
-1.70856
4.39919
2.93817
-5.07028
-2.44027
1.03974
6.38408
-1.87164
-1.21084
-0.0461248
0.997907
5.44878
4.05949
-0.332409
-0.675703
4.56396
3.07977
-2.67676
1.20338
3.04674
-7.136
5.28293
4.58193
-1.01498
-7.93538
-3.29507
-3.80009
4.77161
-1.55243
-0.570079
1.45822
4.53431
-2.79642
-3.38852
1.80927
3.13524
-1.1447
-2.68557
-1.86376
0.917866
2.42977
2.81703
0.968167
-0.195816
0.246233
1.87273
1.3462
3.96248
-0.262869
-4.89564
-7.88524
3.91094
5.56106
0.849399
-0.937658
-2.32375
0.50541
-0.794732
-6.15494
5.599
0.8303
-1.16851
-0.077539
6.26232
3.33414
-8.60659
0.415887
2.72017
-5.37931
-1.57016
0.212162
1.0441
4.93433
10.38
0.204841
6.02981
-3.05082
0.513445
-1.44057
0.893459
1.14845
-0.705694
-0.2323
9.10967
7.98293
-4.3519
-6.69418
-2.90276
-3.31955
-1.69575
-2.52281
-1.16233
0.834294
-0.387468
-3.54561
-1.51963
2.43457
3.8535
6.71296
1.70357
2.17234
2.67325
-0.92118
-0.843627
-1.25081
-4.9493
-2.97373
-1.20483
-2.52842
-2.44372
-2.60865
-3.00635
-2.33238
-3.57191
-3.24111
-2.161
0.717522
-4.80313
-3.6857
-8.21686
2.74191
2.59045
11.3513
-0.71664
-0.00385584
-1.79937
3.30242
2.63988
3.915
0.130276
-3.24873
0.543033
4.17663
1.19088
2.32714
-1.37018
-4.33069
-3.00239
-0.917824
0.943845
0.488391
-2.57418
-4.58903
-0.528249
4.87969
2.3224
-3.69083
0.24275
0.517291
-2.98273
-2.14709
3.34762
1.183
1.52368
2.9724
-0.382974
-2.80788
-2.4136
-2.36912
2.95211
-2.09956
1.22222
1.50619
2.45011
5.27228
-2.63699
3.27569
-2.23577
3.02183
-7.97045
2.20827
-6.89436
2.48891
1.69521
3.79853
-1.5509
1.14739
-1.49237
-3.89742
1.15
-3.684
-5.59047
4.89694
9.31026
0.946124
1.20792
2.52293
-1.4788
0.399242
0.310051
-0.154178
3.52955
0.132104
1.57664
-2.93508
1.21785
-1.26656
-1.61893
1.37521
4.36682
0.515909
-3.06409
4.80752
6.191
1.37169
-5.19051
0.329343
2.25552
9.67902
-1.0246
11.206
1.5261
-3.62573
4.8937
-0.442212
4.44086
-2.35939
0.89883
-2.09457
2.53547
-3.25658
3.78929
-0.92769
-3.29899
-5.28343
-0.368377
-2.70504
-2.62176
-4.44669
-6.53936
-4.4731
0.903147
5.97487
0.507948
-0.395478
1.00327
-2.86629
-5.24543
-4.42172
0.816263
1.41078
0.666478
0.409335
-2.66298
1.60528
0.445092
-1.57799
0.922743
1.04358
-1.5674
-4.11307
4.05069
-0.069059
0.20466
0.64547
3.18763
5.5167
-1.07729
1.72963
-6.12274
7.67345
2.40151
-6.42465
3.99642
0.445744
-0.922133
-0.0389267
-2.16433
-6.13738
2.02857
0.249165
-2.51145
-3.72927
-1.17634
-0.246498
-1.1894
-0.53498
1.24337
-2.4051
-1.85326
-4.07607
-2.7591
-1.25565
-0.0414748
3.10798
-1.21182
-1.50026
2.57322
2.06888
-4.16274
-1.52195
-3.32222
2.42647
3.84514
3.90084
4.5932
2.66089
0.943925
-5.1163
0.102173
2.11257
-0.376406
-2.6816
2.60429
-2.46812
1.18599
-17.1467
6.53612
-10.447
-0.369948
1.67941
-1.46069
-0.687943
-3.90448
-2.7925
3.95494
-7.66992
-5.62879
2.69326
-0.230328
1.05973
-1.1164
-0.248861
-1.7801
-0.210135
5.51992
8.16095
7.33414
-0.967518
0.185938
-1.27267
-0.455025
0.468418
-4.95612
-0.448025
5.29639
7.98562
1.79439
1.66876
-0.794467
5.82704
6.83766
2.20215
-2.31886
-1.61673
-2.7749
0.581782
1.99913
4.42675
2.58472
-6.56119
-2.99676
-1.94489
-1.78447
3.10709
6.84818
-9.84982
1.62735
-1.10565
-3.38503
-0.980087
3.40168
2.29321
0.691514
-1.23148
-6.78463
0.804458
4.25948
0.271143
1.06248
-0.0200144
-1.34292
0.392121
1.70862
5.02793
2.06326
2.43087
-5.8801
-9.86984
-8.6712
-2.36054
-1.13287
6.07271
5.40645
-0.699071
-3.73893
-7.52093
-3.70944
3.23978
1.7153
-1.58359
-3.72501
-4.50085
-0.60398
-0.206081
0.466384
4.55036
-3.2575
-5.67211
-2.31847
0.993651
-5.76535
6.0264
-7.63786
12.4988
-0.67616
1.68488
10.9473
-1.51769
6.63235
-4.34876
-2.72659
6.36941
1.3585
-0.17265
7.96645
2.52019
-2.5455
-0.897096
-1.97745
-1.41573
-1.31829
-1.74923
-5.34937
-3.56384
-1.74223
-0.386844
-2.05034
1.87503
7.03619
4.54619
9.10248
-3.13332
-1.55884
-5.81117
-3.58679
2.73678
-0.115775
-5.25259
-4.96563
-0.111533
-1.30549
-3.95159
0.178013
2.56092
1.13761
6.15954
0.37281
-0.0672053
0.605742
-1.48343
1.29776
-0.0748631
-1.00815
-3.88218
-3.15514
-2.92774
-1.52786
-0.553314
-5.58076
4.29993
2.70124
-2.45637
-0.0686015
1.55036
-0.822701
-0.691254
-1.30786
-1.17979
2.0149
4.15383
2.79301
3.2362
2.48532
0.158131
-1.91994
-1.39405
-5.82105
-5.08119
1.32532
-0.485478
-2.23361
-0.776963
-1.32101
5.17268
1.21405
6.25822
-1.72355
2.49713
-1.51935
0.0365216
-0.843938
1.92133
1.06883
6.08347
-2.30816
4.30898
6.54822
0.308852
-0.504121
-2.35427
-6.97341
1.24654
5.83074
0.222632
0.477018
1.99792
2.03894
2.82037
4.05744
3.36522
-4.66608
-3.7205
2.2484
1.4366
0.126971
-1.39086
1.42517
3.4378
4.06904
2.78224
5.89625
3.15949
3.62787
4.47122
1.74791
1.02461
3.31618
0.711267
-0.223622
1.46708
-1.56861
-1.59793
7.10872
6.74139
-0.994509
4.61027
4.07931
-1.53162
0.0340315
-1.17481
-1.79603
-3.28943
-2.87469
-4.67393
1.88445
0.897708
-0.297814
5.51546
5.18459
4.594
-2.77456
-1.98963
2.03318
-3.58075
2.70049
4.4573
-5.98565
3.44789
-3.84128
-3.02733
1.70868
2.63681
-2.17258
-2.1855
0.302081
0.0399096
-1.64531
0.621168
-0.508953
-0.99865
-2.2003
-1.76546
-0.0507667
-0.816501
0.607075
-0.549588
-0.070139
1.61639
-3.34822
-5.75745
-1.4164
0.493223
-2.03769
2.07941
-1.1411
0.648873
-0.031705
1.96395
0.500561
2.00812
-2.60419
-7.46854
-4.0103
-3.71962
-10.1848
-5.69132
-0.158775
-1.05596
-4.62451
0.245885
-4.82323
6.56565
-1.10947
-3.39339
-6.66721
-0.419378
-1.71935
-1.34134
-4.09667
-2.31338
-5.0342
2.52039
1.30207
1.01034
-1.1664
-2.88749
-3.90605
-2.43048
-0.159678
-1.51667
2.36028
0.103917
-5.53452
-4.74505
0.314397
0.816498
-1.93479
-1.00596
-2.4225
-0.639585
4.31944
2.77065
1.24767
-0.0939402
-2.02353
1.50658
2.90434
5.98059
5.31993
2.40647
4.24892
3.85371
7.45028
4.22738
-2.56305
-6.40272
-3.12132
9.25691
-0.33332
3.53652
-1.65726
-6.00529
2.1011
-3.08628
-1.95102
4.14784
0.0552378
0.871709
0.562183
-1.57578
-0.0769142
1.27274
5.88099
0.498744
0.870836
-0.454271
2.4534
3.21472
3.48796
-0.0510495
-2.65787
-4.11684
1.11667
1.39209
-2.17897
-2.87022
-0.166589
2.44269
1.99498
1.65184
-0.490861
-0.121483
-1.0853
5.64814
0.161401
6.78991
-2.54131
0.530439
4.81014
-2.59277
8.85066
-1.72507
1.76497
9.70214
2.9884
-0.993869
0.117505
-3.37644
1.66816
-1.49962
-1.41998
10.2394
-1.87085
-4.67861
2.99196
3.2837
1.11144
6.06013
-0.2528
-3.55535
1.16282
4.8624
4.98248
1.50982
-1.39298
-4.11911
-3.14377
-4.41462
3.25765
-1.4045
5.48747
-1.26632
-2.68415
-3.50041
-4.70065
-1.32364
-0.405401
0.871223
-0.745554
-2.89233
1.73957
2.11723
-7.0288
2.10173
-3.7728
1.37772
-0.766712
-1.88045
-6.77537
-4.49007
-1.46302
-4.64514
-3.54032
-3.47791
-2.86598
-3.60747
5.39509
3.04115
3.96455
3.03115
3.39916
-4.31148
-3.0012
-2.88805
3.30462
4.85485
5.19528
0.421055
-2.3683
0.138866
2.75499
2.02314
-1.04106
-1.57804
-1.6849
-4.03437
0.758052
2.13998
2.25112
1.93732
-2.40828
-3.98837
-1.04548
-3.33112
-1.37697
1.21007
-0.250303
-1.40567
-1.29252
-4.97827
-8.4962
1.48141
-1.79206
-0.592054
-5.26194
-1.83068
3.6164
5.77781
2.28006
