7.01064
13.4218
17.4039
12.268
5.86127
4.37817
-0.00186989
-2.63354
-4.45835
-5.2606
-6.1565
-10.8967
-13.6384
-22.2079
-17.2051
-17.4505
-20.6931
-24.4854
-21.7547
-23.3248
-24.5717
-14.7674
-14.6818
-15.3597
-13.0509
-4.7216
-0.575236
-0.161352
-3.1504
-7.48798
-13.3793
-14.6656
-12.8336
-15.8539
-16.7358
-14.8145
-21.7714
-22.7344
-26.8559
-17.3327
-7.9612
0.626624
4.77469
9.72724
11.2817
3.24049
-2.99408
-4.31694
11.3885
23.9566
34.0968
19.4762
12.0604
7.17295
10.9325
7.08962
-2.29419
-2.15641
-11.9035
-6.95301
-12.824
-19.0493
-17.3281
-13.8213
-15.6452
-27.1147
-33.0283
-36.5473
-31.472
-20.9062
-22.0683
-22.909
-24.1873
-12.106
-4.46744
2.17951
-0.962636
-11.4856
-18.6559
-19.1259
-14.5823
-12.0131
-20.4102
-19.7684
-29.1662
-33.2821
-41.9565
-32.0617
-12.3496
3.08027
12.5252
17.9015
24.1264
13.5229
-7.57366
-10.2023
13.6967
33.5173
31.2192
19.4363
14.0691
20.3449
20.5362
14.6289
2.91206
7.04094
0.589653
5.03397
-5.40977
1.12626
0.367912
4.48451
-3.61254
-22.8852
-29.7337
-25.123
-24.3202
-21.5196
-13.2963
-13.2661
-7.1841
-6.35136
-6.94895
0.341288
7.00802
0.10862
-1.0966
2.27907
5.6617
5.7495
1.47601
-9.40075
-13.9298
-22.41
-24.0006
-26.7753
-12.7532
0.00567337
16.7005
23.0203
24.042
16.7374
-4.35114
-11.0064
16.7838
36.3871
31.4666
25.6831
37.5154
37.9318
33.0953
19.073
13.6401
7.67741
11.9948
11.23
3.9085
19.3519
18.877
16.656
2.40526
-8.38334
-16.8099
-18.8836
-18.0591
-15.7556
-12.0341
-10.2128
-0.386076
0.961656
5.55472
11.0615
16.2337
16.0085
17.4219
19.0858
26.6104
24.1703
19.467
5.70855
1.31796
-2.67534
-6.83952
-11.801
-3.18337
1.11753
11.4018
23.4499
21.0885
13.8152
0.29433
-6.14787
18.8204
34.4001
29.043
30.2426
37.0998
40.7459
29.6451
28.4533
29.37
21.6191
22.5546
22.9272
19.8627
25.4885
18.7846
10.9727
2.29477
-1.246
-2.22274
-8.5436
1.45082
2.93553
2.64923
-4.74749
6.12529
10.4776
15.532
21.3604
24.3248
27.8549
27.8311
29.8238
40.0951
45.6499
36.5235
23.7806
6.31032
0.783415
-6.05792
-9.63253
-3.41134
6.45992
10.1134
18.8082
19.1213
15.5952
-0.159258
-4.02113
14.0624
23.6582
18.9744
31.388
32.8387
28.1833
22.1422
18.9098
8.45399
5.56967
9.27128
8.53408
16.1527
19.3143
19.1574
9.06694
4.18318
4.58908
7.16195
8.80387
8.75415
11.9536
5.58442
-1.78219
7.60292
15.1193
22.592
29.6681
33.5555
31.4591
30.1883
21.311
19.7605
29.3191
21.6672
11.2234
5.67017
4.31308
-6.98177
-14.6909
-20.0178
-7.09227
3.37154
12.6455
12.2878
9.2622
-1.32814
-3.78269
3.94133
5.13042
12.684
19.5405
16.9268
6.80146
-1.7373
-13.0271
-20.427
-25.4292
-28.6243
-27.675
-25.1617
-16.8144
-7.51413
-11.1553
-14.9897
-10.6028
-2.08511
5.85615
7.93246
10.3408
17.5253
14.1095
11.1915
21.1226
27.7217
29.4647
30.2231
22.8672
11.6065
-1.28621
-10.6935
-0.551515
7.85722
10.1974
6.25122
2.25131
-7.47967
-21.869
-35.1111
-33.4479
-28.709
-7.29138
8.85582
0.864824
-9.47764
-5.43976
-4.53059
-8.8666
-18.5518
-25.2256
-40.2148
-44.2045
-35.3719
-19.8073
-18.2609
-29.2864
-34.8301
-34.7466
-34.4537
-33.7287
-31.5918
-36.4001
-38.1834
-32.6479
-17.5765
0.25391
7.68048
11.6078
16.5245
15.126
10.2415
10.649
18.472
19.2673
15.3855
5.77366
-2.09181
-8.30063
-10.5898
1.64936
9.09561
13.3623
14.4407
5.90986
0.733051
-9.16455
-28.149
-38.7699
-38.926
-35.0009
-16.5854
-2.55978
-7.77209
-3.93873
-22.8933
-47.1592
-57.6953
-68.6192
-62.0078
-29.7288
13.9292
31.7845
40.9341
37.6508
27.0311
22.3682
16.7538
-1.6321
-24.8018
-37.226
-45.3873
-41.3288
-28.1418
-12.2983
-3.23803
9.95756
12.6764
7.73319
4.9848
8.54833
2.41622
5.82004
16.1883
17.7893
16.6511
16.3176
23.4005
34.7511
43.3226
47.0556
49.2092
48.3966
38.1077
14.8268
-3.01715
-24.8861
-38.8707
-44.3047
-39.6173
-20.9651
-9.61454
-4.4829
-37.3428
-70.5048
-74.4548
-73.3011
-43.9154
5.97719
49.4047
70.4068
77.5131
69.6333
47.9314
34.9834
28.7736
21.4325
10.4984
-5.63747
-15.0038
-18.5558
-18.6315
-9.24696
-4.9848
2.34679
7.54748
3.47892
4.62335
5.13929
0.595821
11.2525
32.7341
34.8515
36.9623
31.5988
34.948
38.1403
36.1836
31.7254
19.6323
9.67504
-0.0653875
-11.4943
-27.4365
-46.1673
-49.6794
-54.6803
-46.271
-41.9259
-33.5927
-12.6978
-43.6764
-87.795
-91.6009
-44.486
14.6204
53.0835
80.4176
73.6188
51.9376
29.5863
12.24
6.76328
6.75838
0.321851
-6.82248
-9.56485
-12.731
-13.5614
-5.66247
0.0448301
3.32128
9.04635
7.32668
6.21576
7.11296
3.6771
-2.1291
2.79442
28.5544
33.6411
42.5673
27.4348
5.89689
1.61207
-22.9031
-49.4037
-64.7344
-68.1056
-67.7689
-60.8219
-49.4808
-50.705
-52.5557
-53.3683
-45.9353
-35.8748
-34.9249
-22.2175
-61.3454
-112.915
-70.553
7.2759
56.7565
77.5321
97.8357
89.9549
51.5653
15.6009
-10.0714
-18.0919
-19.037
-16.2972
-18.2445
-12.0655
-19.0393
-29.5361
-25.8256
-7.21878
6.89795
9.53906
3.20079
0.132066
-2.50961
-3.39069
-4.3424
9.96068
15.7205
21.4053
18.5841
4.26504
-15.2555
-47.7033
-79.5853
-88.6951
-97.2862
-99.6373
-91.228
-85.3871
-57.0398
-29.0311
-8.8527
7.47727
6.62733
-2.37438
-24.7723
-20.2028
-65.0204
-110.288
-53.0259
29.3233
73.3977
103.461
118.393
107.303
65.3164
35.6417
10.7613
0.623326
-5.7958
-5.40318
2.06881
10.7817
13.6951
-3.2779
-21.7552
-14.3962
5.51127
19.3745
18.1684
14.0943
11.855
4.49853
3.97814
17.925
5.42377
5.6337
29.8835
14.5995
-5.33813
-29.0077
-58.7572
-65.7201
-64.9738
-65.9197
-70.3497
-62.8669
-42.1493
-15.3776
29.0441
66.7526
63.7239
45.3798
-1.01102
-14.6499
-67.7195
-89.7366
-37.8036
19.5955
66.1456
86.3935
91.8952
81.5959
68.9732
52.5288
41.4127
39.8639
26.4188
13.0807
7.68837
27.5874
50.6186
43.4011
10.9611
-10.7165
-8.7747
8.79922
29.4601
24.838
14.9951
0.772869
1.56753
15.7025
12.45
25.2403
35.5623
34.9637
20.4519
-7.86319
-15.3532
-24.5643
-30.9149
-50.1694
-73.1193
-63.7404
-39.159
-26.8493
18.5302
62.5827
84.4826
72.477
24.7883
-2.20043
-65.8349
-76.5051
-26.3816
13.6819
36.7623
43.5436
58.2112
45.0873
14.9577
-3.03569
-14.8923
-19.9305
-13.6794
7.77781
8.88177
14.3762
48.2106
65.0743
39.6304
3.7703
0.667125
14.1272
28.7489
29.8847
15.1831
7.73805
4.55675
12.9074
10.2263
27.4283
43.1648
32.7216
33.5932
16.1891
-12.2748
-39.7586
-53.6925
-66.4709
-83.3401
-75.9356
-62.0577
-49.1949
-10.7211
25.5605
69.2263
71.5718
39.2346
10.4402
-51.3503
-56.8564
-12.825
6.23864
7.84707
16.4227
9.23275
-24.2934
-62.0938
-49.7302
-27.0882
-20.7918
2.19853
-3.09603
-5.8278
22.0595
32.5683
41.6964
45.0731
8.48446
-2.89525
7.15222
27.0403
33.4898
23.2222
16.0595
-4.93808
-4.68319
8.04925
20.6007
29.6893
34.9036
12.4711
4.2615
21.2627
-25.0584
-37.1389
-79.5708
-77.4107
-61.6059
-50.3112
-56.3824
-37.704
-1.68139
38.8445
53.2884
48.8306
13.8915
-45.7578
-44.2873
-14.0513
-4.29885
-14.3509
-31.3732
-46.8282
-43.1124
-38.6096
-30.7223
-12.5772
-16.1157
11.7456
10.3155
-11.8343
0.817204
17.0398
14.6233
26.1377
7.14817
3.51067
20.3115
27.9228
18.8583
10.9983
9.86622
-9.202
0.469115
0.713052
1.07753
12.8632
9.03962
20.1529
47.9106
45.0584
19.8798
-17.3454
-19.9239
-23.8382
-40.3082
-30.3322
-34.919
-40.1693
-8.52072
19.4369
40.1783
46.6092
21.5572
-43.3449
-53.1958
-20.3895
-15.1091
-42.689
-64.6651
-59.2942
-29.6823
-11.5432
-37.7977
-31.7515
-12.3128
-2.62245
6.67278
12.344
11.8468
1.51386
-2.96036
15.9474
4.01589
7.78493
21.3953
14.3514
10.5485
9.6404
2.42891
4.63923
11.1
0.916512
-3.18219
21.6651
35.9757
33.5163
21.9811
14.3671
34.0917
24.046
19.8636
4.05221
-12.3416
-31.9909
-31.4053
-8.25068
6.67959
21.6633
39.6918
34.112
28.2956
-31.3139
-51.7565
-16.99
-17.1415
-34.4691
-45.7183
-55.6963
-59.9502
-46.9813
-44.2609
-45.7929
-32.5761
-21.5409
-5.46193
5.94479
18.5868
21.2362
13.9191
12.8409
-0.166534
5.31542
16.2863
12.7965
8.36121
7.02086
-7.69235
-1.86468
5.66207
10.735
3.0426
18.8422
27.5379
10.0506
-9.78104
-10.8901
-20.2325
-22.1341
-35.0389
-39.8184
-48.2857
-43.918
-16.4366
14.3334
42.8874
41.0206
45.3037
51.014
37.7543
-29.917
-46.9698
-8.69101
-6.56717
-12.2128
-28.8208
-35.5795
-53.2178
-64.8973
-68.7159
-64.2933
-47.1324
-30.8211
-8.80715
12.9402
25.0248
27.1527
18.2687
12.5021
-14.0791
4.94468
7.57739
9.30159
9.93767
12.0261
-8.38553
-8.34869
1.66105
0.197903
10.7402
14.2578
19.4718
20.9867
6.32844
-12.6002
-33.7118
-51.1057
-62.8947
-60.804
-50.0865
-29.9438
2.88658
17.2653
44.8353
59.2209
61.309
69.0404
41.0827
-32.4649
-36.9697
-7.33347
2.15981
5.32219
-0.57516
-7.45402
-15.0422
-13.0475
-8.87618
-2.8768
3.11239
11.2757
19.8825
28.8858
24.9723
14.1853
8.4639
-7.50948
-13.0047
7.31464
9.22331
15.0561
16.421
10.0935
-3.65834
-5.47714
1.99915
-3.70459
-8.62428
11.9507
15.0961
23.7172
28.7107
26.1052
19.1264
7.01563
-2.11245
-4.48239
-1.05852
11.1977
20.7324
29.4573
47.2108
63.2874
63.8953
65.756
33.8553
-18.5621
-37.1065
-11.2843
2.59926
4.93114
3.63264
1.21808
4.72609
15.4698
22.1125
24.9641
24.0764
23.1431
16.4584
11.2392
4.67625
9.08791
-1.47772
-12.8465
4.13375
4.56416
13.021
24.1731
22.0211
12.9888
-2.23652
-1.65229
5.34996
-2.89945
-11.7814
-2.95298
-0.293587
-2.44898
10.2806
27.3261
36.6661
33.5372
35.5367
29.1846
24.0893
18.1407
19.202
21.5676
41.743
51.8313
44.945
50.4754
25.4751
-9.44012
-32.1115
-6.34478
-3.01301
-10.0574
-12.3216
-17.7619
-16.1567
-9.10391
-1.46539
0.879038
0.6751
-2.15082
-9.32395
-5.8891
0.489357
5.87568
-5.51846
-5.84251
1.85494
5.16828
18.5028
29.6921
30.4491
21.5406
4.74732
-3.78483
4.99717
-3.45424
-7.60452
-4.05575
2.59968
-10.613
-17.8129
-13.0552
-7.97761
-5.71485
-3.26353
-0.825184
-2.94248
-2.13948
-6.30294
3.62307
32.3229
36.3804
30.9855
39.0034
24.9276
1.36368
-16.0409
-3.74072
0.357521
-10.2593
-18.0165
-26.9959
-25.0139
-22.6967
-19.8626
-13.5307
-19.3824
-17.8784
-11.2182
-2.32514
-3.25834
-4.47923
-4.00048
2.25897
3.23511
7.78902
20.4665
31.2909
32.7349
26.6574
9.11548
-1.12407
-1.3715
2.93893
1.10044
5.03132
10.5773
3.40422
-9.27345
-14.2033
-25.7043
-29.6632
-30.8206
-25.57
-19.0966
-19.9513
-16.6383
1.6354
17.338
9.88396
23.9805
30.8442
24.6118
16.298
-1.18887
3.86676
3.89588
-1.86371
-12.1119
-17.0517
-23.6748
-25.3675
-23.4598
-22.2398
-17.2053
-13.4789
-7.24989
-10.3956
-7.01957
-2.28326
10.2392
8.27157
5.38277
12.0534
24.1071
35.8804
37.7884
34.6064
19.0231
2.10511
-0.772693
0.671342
6.53959
12.3943
10.2489
11.956
3.97462
-2.07944
-9.58712
-18.6033
-18.9913
-14.9658
-11.2563
-20.6889
-20.1464
-10.338
0.152183
4.71216
20.9269
36.5241
24.0563
19.0403
17.9279
9.30965
2.16554
-8.70581
-3.19728
-8.4598
-16.3868
-21.5427
-20.7049
-19.913
-17.8898
-19.5177
-18.961
-6.45775
2.86798
17.7479
11.3451
-2.03422
3.96546
15.2582
25.8945
37.5603
40.131
37.9355
24.5997
8.56138
-0.688825
-6.42976
5.08965
18.0268
16.1213
7.79429
1.73317
4.49693
3.87927
-1.23593
-5.14887
-7.71338
-10.7717
-14.5228
-11.8874
-16.0303
-14.9338
7.94888
28.1737
49.4205
23.4614
21.8751
33.5328
12.4578
4.00812
-3.37572
-18.399
-21.289
-24.745
-28.0427
-28.0661
-28.1989
-23.281
-15.751
-6.06726
7.95129
27.8867
24.5023
1.64864
-7.53293
4.03791
12.5116
29.264
37.191
39.5262
42.8317
27.9261
6.53775
-4.47108
-13.5708
-1.57382
14.891
24.3168
10.2025
0.281449
-3.61658
0.865854
-2.11555
-5.51475
-7.24263
-14.1681
-23.6267
-31.028
-22.8051
-7.75877
10.6121
36.2846
40.6848
25.5282
20.9257
38.4658
11.5357
6.71427
8.30203
5.99829
-8.42984
-15.8659
-22.8423
-17.9952
-17.3535
-19.5704
-13.81
13.1246
41.1746
46.6528
4.36528
-15.8066
-4.97223
2.03207
7.25968
16.7569
20.6695
31.2511
28.9352
-1.23294
-15.5722
-12.9905
-15.3085
-6.32891
3.05971
30.6501
21.3343
6.80954
-6.78557
-5.85337
3.67223
3.63982
4.11994
-0.919829
-6.50585
-15.6306
-15.5444
-11.1672
9.22232
29.6325
35.7417
21.7678
26.0379
38.7633
17.9981
-2.17188
-5.21909
0.916785
-1.64701
-3.04536
-4.67862
-6.18053
0.881069
16.7612
28.9368
51.9025
63.0008
15.3583
-28.4544
-19.9949
-5.67812
-10.0726
-5.00833
-7.24733
3.39118
16.516
11.0615
-21.5609
-27.8275
-25.791
-20.0623
-11.2423
-19.5041
6.64066
34.3522
20.3852
5.62363
0.426263
-0.971637
-0.299143
5.666
2.27776
-2.92094
-5.44633
-7.35881
-5.72156
5.31008
8.84188
24.5367
19.5637
29.4677
46.3166
21.6682
4.52059
-8.53837
-13.2963
-10.0343
-2.88187
2.16536
6.84041
6.81579
8.92269
21.894
52.0473
38.2923
-23.4209
-46.3211
-29.4153
-30.59
-37.5912
-23.5421
-10.5303
-3.91449
6.38003
3.87343
-17.8472
-33.4355
-43.7623
-43.5432
-20.7031
-32.9882
-32.7341
20.4159
35.7307
20.8472
1.80279
-9.92047
-9.49548
-3.45336
-3.03488
-7.64652
-14.0765
-28.2879
-32.2122
-19.6434
10.1758
25.8151
18.2741
31.5044
47.0428
24.7881
4.965
-6.75519
-12.733
-15.424
-10.0691
-10.8129
-11.4322
-8.92913
10.0596
44.6371
54.2609
12.0689
-35.6708
-30.7624
-7.80991
-19.2255
-38.6913
-38.4717
-14.5906
-1.67216
0.708976
-5.06842
-11.5692
-33.0709
-44.2568
-34.1617
-20.4339
-22.1088
-44.447
-3.68873
23.8098
26.6595
9.94028
-9.01762
-16.5388
-22.8324
-24.441
-29.3086
-35.3737
-38.4305
-26.2582
-9.04299
12.3954
24.8539
19.093
33.9809
52.7595
14.8527
1.31178
-8.92138
-17.164
-14.5847
-8.7604
-7.83293
-9.973
-0.216937
28.9873
54.5637
36.6631
-20.486
-32.2862
18.0117
53.9109
56.8521
41.7066
12.179
0.939312
5.47279
-1.55315
-3.05282
4.84283
7.94449
37.282
75.3789
63.0066
21.1607
-19.2485
-21.3879
7.76653
25.0912
17.2642
-8.68603
-20.2398
-27.6089
-26.5872
-35.0263
-39.9525
-37.9656
-22.2314
-6.73164
9.05996
21.1937
17.1345
37.3718
53.6782
24.1918
3.16949
-10.5597
-21.6575
-17.7563
-14.3948
-18.0586
-8.6258
11.656
40.9301
44.2859
-1.77053
-41.9007
-17.4114
40.139
65.408
43.6133
17.3656
14.4895
9.42474
6.73516
4.02092
-3.63402
-6.36697
-2.42482
32.2319
57.5554
77.7324
60.1902
20.3947
-10.6976
-12.5875
3.98986
16.2663
1.00739
-19.1575
-27.0349
-32.5706
-37.0716
-40.9634
-33.2629
-22.6112
-10.129
9.48983
16.1723
17.2863
33.7424
65.8089
35.5998
7.3856
-9.34161
-17.2944
-17.1719
-18.5901
-19.2855
-1.68889
20.3913
28.0444
-1.7757
-44.8216
-42.1187
-12.636
34.6049
64.9616
32.9502
-0.173659
-12.2562
4.50169
14.5322
10.0197
-0.988817
-1.74793
-15.9877
-12.3499
19.1381
60.118
61.1768
32.8766
-3.47496
-26.0579
-18.5076
-7.78039
-6.57567
-18.5786
-25.3277
-33.5142
-38.2075
-36.258
-34.4295
-23.9609
-8.00607
4.47071
13.2478
17.1596
38.9878
70.3178
47.9496
15.2534
-6.54953
-17.3313
-21.2524
-22.4845
-14.878
4.06657
14.4342
-5.95748
-49.059
-51.1902
-28.3408
4.41971
34.2392
43.2044
31.0561
25.3719
16.712
11.6144
10.1036
14.6807
26.3524
23.7968
9.10562
2.85529
20.2532
45.5039
45.1905
33.1161
11.7621
-17.3136
-30.4105
-28.427
-18.0631
-23.2744
-28.7594
-31.4478
-36.9699
-34.5863
-28.4671
-20.5724
-8.84321
-2.22097
12.0752
21.5799
25.6667
57.1744
49.32
18.7307
-5.38063
-17.7393
-21.2836
-20.9053
-10.7411
-3.70228
-14.6063
-45.6735
-51.9951
-35.6123
-5.61723
27.4602
49.451
50.3842
39.5456
28.0503
28.4391
20.7061
15.8449
7.3675
9.78505
5.49896
3.10474
8.2508
26.2142
33.4588
37.1747
33.7934
18.6785
-1.89492
-22.5787
-35.4363
-42.285
-30.0355
-36.9404
-36.0972
-36.1976
-34.3662
-27.2667
-18.8797
-9.66636
-7.33241
10.7489
21.1426
16.2435
49.2441
51.9749
19.1082
-3.54024
-15.2905
-21.6625
-23.2779
-19.5203
-31.5661
-40.6535
-45.8096
-28.876
-11.0119
11.5236
28.6196
29.8007
26.7403
15.5874
13.51
12.3574
9.5436
10.1232
0.0275963
1.55624
2.25337
5.0267
4.423
9.60175
14.0794
18.4667
23.4581
19.7841
10.0002
-8.00545
-29.2434
-40.8694
-42.351
-37.408
-38.5665
-35.7951
-29.4975
-23.702
-16.7037
-9.32292
-11.7758
21.9363
22.1114
11.7774
40.8005
55.7891
35.4517
6.92543
-8.32254
-19.1495
-24.4741
-36.5339
-44.9569
-38.4515
-28.7592
-16.7425
-0.0789981
14.1297
14.243
10.6832
2.9729
-2.00772
-7.06999
-1.95919
-12.4137
-17.2444
-14.2007
1.54711
-0.6277
-7.80841
-10.7434
-12.5906
-9.94372
-4.1604
0.644625
4.58175
5.34021
-6.80314
-18.5907
-33.6749
-36.3582
-35.4598
-36.4391
-30.0092
-29.6983
-24.6567
-21.9911
-16.4984
-9.59472
24.7779
19.642
6.56752
20.7982
54.1197
48.2237
18.942
0.539389
-15.0054
-21.1898
-33.1408
-30.0756
-17.1095
-8.59014
0.945683
4.64383
2.04523
-4.32986
-11.8657
-26.1221
-25.9572
-21.002
-18.0479
-27.6344
-25.3402
-18.8299
-10.3717
-7.96526
-14.4886
-15.0091
-24.8144
-25.1543
-22.9597
-22.3014
-17.3366
-11.7173
-12.6353
-8.11372
-20.9407
-18.5494
-11.3306
-18.9947
-19.9134
-19.9949
-21.8807
-25.9225
-25.035
-6.14772
23.3829
9.86318
5.71669
15.545
46.3827
51.3758
26.0731
8.20725
-4.41156
-10.5675
-16.3255
-9.2408
3.1309
8.17198
7.86587
4.15397
-0.856315
-2.25838
-11.01
-12.9627
-17.6888
-17.2937
-12.5036
-11.3352
-10.6507
2.94395
12.2594
8.17905
-1.98937
-8.33361
-9.10314
-17.0695
-20.0367
-18.9716
-17.4896
-10.5878
-7.45395
2.90599
2.8152
0.317796
3.06321
-5.01786
-7.58282
-12.8073
-18.9827
-21.2629
-20.7264
3.7121
24.1641
-2.11532
10.9732
9.32611
40.4215
61.0996
33.286
17.0388
3.06438
4.07819
0.795678
14.6623
23.8231
20.5946
19.8658
21.1843
16.72
12.4922
13.9863
10.0838
-2.23265
8.88057
16.4104
19.3461
17.9007
22.0695
18.6614
5.64786
-10.861
-11.9726
-12.6948
-17.7359
-19.708
-22.4852
-21.7874
-14.3143
-14.6839
-2.04344
11.5597
13.5764
19.2824
12.6876
15.3482
-3.52292
-14.619
-14.9474
-17.6485
13.5036
14.011
-11.169
23.8294
0.639154
18.8717
48.4733
36.3735
23.655
13.31
21.191
21.4998
34.8612
37.8209
27.3321
14.3968
5.66975
17.4905
14.1797
3.89046
12.3984
2.94134
3.70479
21.5306
41.3056
40.7238
26.9044
32.2271
31.182
18.5422
3.89174
-7.80313
-10.0721
-14.4692
-13.5203
-13.7894
-21.703
-34.1836
-27.1757
-4.35133
15.3134
27.9628
23.7228
19.2365
3.49974
-13.133
-18.0973
-11.085
13.8703
0.00421123
-15.5346
27.3207
-6.26078
-6.95778
21.369
38.6401
28.2548
17.2933
25.6069
28.66
33.7466
28.1512
8.2397
-15.8437
-36.1633
-26.272
-4.95144
-8.31484
-12.2189
-17.194
-14.3323
-16.4407
-5.13968
-3.39316
-10.7363
-8.96564
-4.89777
-9.50429
-17.7363
-27.2417
-30.8247
-27.6081
-27.4417
-34.3093
-47.2566
-52.7021
-47.3726
-22.1359
15.5303
27.7093
28.7315
19.0783
0.367678
-13.2813
-16.8784
2.24234
10.5735
-3.57386
-0.972539
35.407
-8.76658
-34.6877
-17.1969
34.5681
31.1049
23.9715
23.57
26.3797
22.0241
20.7505
-1.49986
-36.9672
-69.0388
-69.3145
-53.3678
-46.8001
-30.2882
-22.6679
-22.8733
-10.8291
8.19928
7.84366
-2.66629
-5.4068
1.85426
-1.74196
-19.4412
-5.79231
-17.1085
-19.618
-43.3581
-57.0354
-62.9477
-51.7182
-42.4987
-17.1377
9.37005
22.4905
30.5014
16.2502
-3.6148
-16.6882
-14.0057
0.304406
-4.95745
-8.07431
1.78218
41.8504
8.92935
-75.2283
-53.7022
16.7556
37.977
30.3658
24.9619
25.4537
20.1181
7.97923
-13.382
-34.9189
-49.6488
-57.7666
-52.7596
-33.9898
-16.7561
-14.8144
-5.45481
7.45871
18.8761
31.6015
24.0188
26.3393
37.239
31.9149
25.4243
23.0718
14.9874
-1.68637
-12.0937
-29.1312
-25.8767
-5.8113
-5.94186
-1.4708
8.92438
21.0441
23.0704
8.43346
-7.0402
-18.6713
-9.71682
0.360622
-7.36661
-3.96483
5.4792
41.0083
32.876
-92.5689
-84.0348
-23.1343
40.7479
36.7351
31.8867
25.6866
23.4485
5.39718
-8.27886
-24.6861
-20.1657
-16.4774
-9.55319
-4.90287
-6.06468
-10.3746
-15.2996
-12.8387
0.930004
5.91852
6.43063
6.7623
8.40237
8.86675
8.73942
-2.73339
-6.43691
-0.299571
2.69767
-1.14692
-0.572954
1.78116
-3.76991
4.41504
12.2442
15.4907
16.5403
1.90434
-18.2375
-18.6108
-21.0802
-6.97176
-7.56889
2.67611
2.42039
43.8805
47.6828
-73.6728
-108.382
-57.9999
25.7059
40.7285
34.704
27.9116
26.7047
10.0821
-3.73338
-10.3924
-12.3217
-2.49227
0.492232
3.64764
-1.65024
-7.39422
-6.65497
2.67289
11.1903
12.5497
7.49749
10.4076
14.6945
14.057
19.6323
10.0394
2.83748
-1.43181
-0.274727
-2.39925
1.41591
0.469241
-3.43257
1.01047
10.2896
15.9723
2.77872
-11.1213
-21.5616
-28.2029
-27.36
-12.617
-14.1663
0.247543
7.76587
19.8249
19.926
-59.9377
-120.848
-84.458
-16.7212
33.334
38.3832
31.4051
25.6908
14.2193
0.973373
-7.99439
-10.3891
-10.8368
-8.50887
-2.5096
2.90161
3.61377
7.52393
14.8396
20.354
26.9022
24.6571
26.9664
28.0951
30.0199
20.6148
10.1027
-0.397772
-4.15482
-8.54513
-9.34932
-3.60417
-0.0251108
-0.00576802
-0.228833
3.11839
10.6216
-5.81717
-14.2297
-22.8736
-36.4678
-18.9256
-19.4508
-23.8787
-8.69011
25.0254
-24.7819
-16.3502
-40.2914
-100.787
-114.104
-57.134
11.4993
36.9247
33.1925
17.8582
9.73513
5.41162
3.36634
-2.42669
-8.64405
-16.6308
-15.845
-7.37373
0.131199
7.57271
10.8728
13.4296
15.537
19.3495
17.0198
14.8704
8.31638
1.65212
0.0736681
-6.61353
-4.21505
-3.89041
-6.42014
-5.94306
-4.19898
0.526203
3.57215
1.64328
5.45205
-6.46023
-12.4239
-21.8264
-26.2454
-7.57042
-23.5189
-33.4446
-5.8787
34.9953
-44.2153
-37.472
-8.37387
-32.3087
-78.1972
-67.4043
-6.57493
24.5077
14.608
6.28694
6.08886
3.44489
5.24107
1.09982
-7.9544
-17.4441
-23.2918
-19.0426
-9.06258
-2.18093
5.18786
10.1818
10.2319
13.6029
11.9749
7.63303
3.74681
-4.1044
-2.46395
-3.07362
-5.82828
-4.63703
-4.77136
-2.36349
-1.51913
3.04304
5.27588
3.06354
3.83685
0.345658
-5.08716
-18.7664
-1.43958
-5.13614
-14.9753
-33.1688
14.9525
39.9949
-36.0852
-20.6867
38.5116
76.6116
26.904
-16.1427
-30.3786
-8.13485
-2.72818
2.1304
-0.203042
4.28104
6.94495
1.54918
-8.94192
-13.373
-17.0306
-23.9624
-22.7371
-18.5806
-11.7037
-12.1801
-8.89488
-9.06119
-8.92781
-9.14799
-7.00314
-9.45282
-10.3476
-11.0827
-7.2159
-4.8337
-2.55927
3.77028
4.02989
8.86555
7.405
8.64673
11.6641
7.03293
-0.929187
2.31122
8.57218
-6.45618
-5.16578
-7.25387
37.4047
30.8839
-11.1803
-14.6558
24.8863
119.668
114.654
23.4702
-36.0791
-33.3161
-19.0633
1.8014
4.7166
7.37547
4.21898
2.04454
-6.41372
-18.9563
-20.5567
-22.1719
-22.8442
-17.3275
-10.1016
-3.75657
5.40133
5.41433
4.91187
5.36227
5.21057
0.904251
1.13766
-0.42712
2.8122
2.49935
4.36478
7.40465
9.00974
3.31452
6.78998
12.1813
28.1389
16.1503
12.701
13.9195
10.3163
-0.274418
-18.4718
-13.1667
28.3439
17.0425
-8.16335
-21.375
2.46498
120.963
135.973
41.038
-11.1837
-26.1614
-22.7644
1.45724
4.62048
9.57919
5.96744
1.63124
-2.85698
-13.9028
-19.3181
-19.1513
-12.8679
-8.19665
-4.91824
-2.09001
2.22572
6.97686
10.0238
8.82577
6.18882
4.39173
2.08518
3.92551
2.64657
4.96399
5.78429
9.08114
5.52102
3.65382
8.06499
25.4377
38.0024
35.3628
22.8444
10.2083
9.30177
11.3863
-13.2591
-33.4332
0.17679
24.2945
3.90698
-26.7309
-50.3227
79.7138
123.032
53.3675
4.51241
-4.04944
-13.4575
-0.148489
2.95701
10.5097
9.89872
4.75105
3.28029
-4.47423
-10.6994
-15.6884
-14.8932
-12.6859
-9.73804
-7.09638
-3.30679
-1.31318
0.590647
0.936475
-1.85712
-6.35805
-7.50781
-3.56392
0.31273
3.73882
7.96849
4.59605
4.57298
7.25905
26.6279
34.9866
51.7057
45.0043
25.7724
11.4356
14.1692
11.62
-13.5063
-47.0794
-23.1513
8.29514
43.5075
-18.1174
-83.8767
7.03465
79.804
71.754
27.5656
-2.61007
-8.84636
2.04289
2.37435
8.12365
13.4613
8.45848
6.58847
-0.15576
-8.03851
-10.1581
-16.3791
-22.3051
-14.733
-12.2148
-8.67115
-5.13862
-11.3081
-12.1348
-10.6733
-8.59784
-11.7567
-7.80484
-4.81898
5.94477
3.67303
4.61438
10.9077
24.4095
34.9408
46.1084
58.1287
43.6558
14.6231
16.2781
19.2367
-6.33766
-13.8155
-49.1006
-29.2619
-0.618465
78.8355
27.7314
-95.4007
-44.7789
51.7745
85.1978
51.9603
-9.47898
-25.3852
-5.90171
3.3191
7.66026
8.49631
9.53834
8.24283
1.09006
-7.78309
-14.9565
-15.4886
-19.698
-17.1773
-20.9482
-17.3428
-16.9063
-19.4352
-15.0849
-15.1915
-19.7638
-11.7644
-11.3572
0.388164
1.18215
3.62732
6.96426
18.9432
26.2094
39.1931
57.3641
58.4385
28.5137
-2.28844
5.04951
2.34635
-9.02727
-3.06151
-24.4684
-41.7023
-16.0936
102.574
64.6515
-96.6037
-84.2858
13.4841
55.4944
46.5132
-15.5652
-40.1964
-27.6279
-5.69221
4.27196
10.423
10.4324
4.7997
-3.95236
-10.7537
-20.2263
-26.9345
-31.8163
-29.586
-31.7841
-28.2679
-29.9169
-27.461
-27.058
-24.5347
-22.9889
-11.4927
-4.05339
4.01931
0.341864
2.80715
14.0102
26.3777
33.0017
50.9678
55.5039
37.4278
5.20848
-20.9415
-31.1388
-22.3843
1.84486
23.2456
28.1506
-1.36934
-3.58691
111.206
86.4249
-106.037
-118.109
-39.7226
11.5815
33.2767
-5.86717
-52.6496
-47.5353
-20.4991
-6.85109
3.16548
11.9987
8.38722
3.95884
-6.46591
-18.6701
-32.2787
-36.2164
-41.6093
-36.37
-35.1539
-35.7002
-33.8522
-31.2432
-29.7928
-20.7322
-3.77582
3.92358
6.79416
8.76398
7.2477
22.8216
26.2336
38.5439
46.5816
35.7819
14.9223
-12.0441
-44.1491
-56.4511
-48.1449
-1.78905
45.6913
42.1937
18.8385
3.04255
105.622
98.4027
-106.499
-159.699
-75.0247
-16.119
18.4553
4.16126
-51.1555
-68.0712
-41.0363
-26.7936
-12.0679
1.20593
2.02226
2.94836
-2.0591
-8.48753
-19.0024
-21.1179
-28.2275
-25.9664
-27.522
-28.0625
-28.8594
-30.2375
-22.0571
-5.55759
-2.12046
0.162703
7.73712
8.52619
14.2768
21.8704
31.3104
34.4997
26.5328
11.9794
-9.14828
-30.729
-58.2598
-65.1282
-43.2012
14.9018
65.8947
43.5885
10.3013
1.98639
56.3243
49.1642
-70.0054
-95.2013
-48.1338
-10.0652
8.05792
1.10631
-25.2432
-38.0979
-35.708
-24.1168
-15.9202
-7.66043
-3.09349
-3.00611
-0.550293
-7.60646
-8.79759
-10.4471
-12.0429
-13.4005
-17.543
-18.5651
-18.8114
-19.865
-11.5467
-6.53135
-2.46263
-1.044
2.0441
8.82562
6.78358
13.8159
16.2593
15.357
5.70018
-8.28066
-18.3929
-30.475
-36.5076
-29.5488
-14.7744
11.9438
33.9022
26.6728
7.89886
-5.56037
