-1.63086
3.46667
5.47212
2.17172
2.05184
-2.42723
-1.7938
0.39408
2.15624
-1.87889
2.85412
1.13545
-0.902413
-0.624006
3.03862
-2.14813
1.13057
6.19206
5.78688
1.95436
-0.195114
1.7831
0.305434
-5.20545
-1.34316
1.6563
4.44427
2.08137
2.8065
3.75517
-0.524213
-0.862419
1.67085
-1.2712
-2.50988
-2.69874
-2.29753
-2.97138
1.16676
3.30506
-2.30499
-1.95094
3.26165
1.8903
0.342669
0.262401
0.139016
-1.27907
-0.202169
1.90617
1.38101
0.599332
-0.536126
-5.76995
-5.22575
0.284351
-0.422504
0.277206
5.59753
4.80806
-5.6343
-4.4061
5.97035
-1.55724
-5.20018
-0.483251
-2.29037
1.42064
-0.532235
1.49925
-1.33425
-0.851003
-2.84799
-1.51556
6.43311
1.62697
-1.55928
0.0961692
-2.11542
-2.61927
7.12379
2.51261
-3.66787
-2.2614
3.3795
-4.69969
-1.43856
5.23715
-2.31838
-1.96306
-0.168305
1.24354
0.0800013
0.978054
-0.788993
-0.0897842
0.169487
-2.04591
-5.44675
1.83552
-0.78677
-3.9496
2.00046
0.212147
1.45182
-1.52511
-1.9385
-0.26915
-5.69391
-2.03184
3.44861
-0.417519
-3.17556
-1.79561
-5.44337
3.35471
1.55633
3.34593
-1.2382
0.146907
3.71209
-2.66108
-1.301
-4.63466
-1.64805
-0.34213
1.66671
-0.734368
2.57275
4.96899
-3.61505
-4.55634
2.67316
-3.01885
0.373376
0.636531
1.95386
-2.52448
-2.97215
1.53077
1.03752
-2.20687
-1.24422
-1.69124
1.86345
-1.00899
-2.89084
2.94605
0.330267
0.51654
3.11477
0.880056
-0.74962
-2.17823
-3.69677
5.84551
3.8168
-1.60558
2.7605
1.88539
-0.929632
1.39679
0.12882
8.77895
-1.41467
-1.03638
-2.2792
-3.0594
0.354843
-5.95643
-1.84824
-1.65216
1.40853
1.39152
2.62969
-4.59515
1.28962
5.44401
3.27417
-2.66147
-0.421852
0.548175
2.14995
2.71034
4.7645
1.65652
2.7646
-0.849052
1.06279
-0.656301
-1.35756
-1.58794
1.01798
2.06039
-0.220533
-3.52189
3.61757
2.61624
-0.946378
-1.31002
2.41075
-3.51385
-2.41065
5.56097
-0.345803
-4.2538
2.43275
0.0884843
-6.16488
-1.50377
-2.7326
0.0880281
-4.69219
-1.69591
2.22019
-3.7302
3.93978
0.127888
1.16602
1.0025
4.99798
-1.40725
3.11093
-4.60799
-5.37276
0.853459
0.805873
-1.0839
-4.81765
1.22814
1.36628
0.227209
-1.13332
-0.0202023
-0.408356
-2.82347
-2.98339
3.20203
-0.579001
-0.552949
1.47075
-1.47567
-3.87387
9.07811
1.55671
2.2114
2.3734
-2.25319
-1.71235
-0.68546
-2.37178
0.930351
2.82016
-0.720356
-0.0101689
0.614779
-0.28428
1.4303
-0.0782684
2.03145
-4.77544
-1.73844
4.31297
-0.764085
3.26859
0.857197
-1.57068
-1.86415
0.760729
-1.41507
-2.03708
-3.67236
0.0770362
4.98309
3.68302
3.76404
-0.817315
-1.14156
0.67424
-1.49797
-4.02902
-1.66594
2.83831
3.83139
-1.14343
2.42232
0.651423
-2.06759
1.4371
1.71035
-3.24263
5.87797
-2.64539
-5.59782
0.624499
1.5764
1.84211
1.66677
0.664682
-1.90634
0.800908
-0.413625
-1.94202
-2.16531
4.86285
3.3164
3.59789
0.427545
-2.08683
-2.55321
1.73022
5.36862
5.23334
5.74325
0.996497
0.0990697
-1.24003
0.285841
-0.847941
-4.71274
0.60157
5.48881
-2.25179
-0.635028
-0.480016
-1.07712
1.38736
4.99148
3.65114
0.735214
-4.48731
-1.40648
3.27821
0.794625
1.94729
-2.24565
0.742507
-3.98326
-2.7291
-1.46717
-1.67651
1.87556
0.532287
-4.51455
-0.312712
1.45211
3.99038
-0.433241
-2.25251
-0.874563
-3.8659
-0.789932
-0.232094
-6.70168
2.23622
0.555517
-1.27094
2.58227
4.41411
1.80737
-1.11922
0.146596
-2.08979
2.16856
-1.78333
-0.795915
2.48386
3.05503
-3.19784
-0.780368
-1.39088
-2.13509
-0.455798
-3.03843
-2.6316
-2.11468
0.502109
0.829916
-2.67073
0.0772534
3.58653
3.78943
1.14385
-0.348663
0.0590214
-5.76573
-1.82799
7.72807
3.65537
-0.271765
-2.60139
-4.64521
-1.85373
3.86546
2.24823
1.43097
-0.488861
-3.3809
-0.746782
5.38668
6.44128
-1.68762
-2.7578
1.423
-6.83907
1.4423
-1.79768
-5.38717
-4.21251
-0.782916
-2.0871
1.02202
-1.77306
-1.02662
3.93151
2.92938
-0.453754
1.73289
-0.214346
-2.56521
4.25333
9.40703
1.67596
0.915366
-3.49355
0.583001
2.74916
0.267747
1.91224
-4.54884
-4.41192
-1.19548
0.876501
3.79567
3.84385
-3.79941
-5.25368
3.29349
4.94592
1.17245
-0.524436
0.454363
-6.05119
-2.71266
2.45506
3.97766
1.9988
-6.21233
-5.5886
-2.91585
3.18519
2.56906
-2.66469
0.733882
1.87876
-1.78397
4.67193
2.65139
1.36675
0.644794
-0.426719
1.12599
-3.05417
1.9325
-5.66314
-3.02235
-3.26021
-6.46951
0.811417
2.45968
0.432847
-1.31774
-5.97516
0.280042
1.67138
0.354032
4.01429
2.83534
-8.39743
-2.44276
-0.152841
-0.723194
-7.38115
3.20137
7.84674
-1.30503
-1.92421
-2.79721
-2.88208
0.313032
2.29277
-0.626274
0.495446
4.71728
5.19041
1.37857
4.29719
-0.444015
1.24667
1.85887
0.217016
1.11216
1.17295
-2.21574
-2.42866
-4.95442
0.40753
1.64677
-4.18737
3.15424
1.42906
-1.98684
0.911643
1.82233
1.5683
-2.97757
3.46159
4.00392
-0.796066
-1.50755
2.06761
2.51664
0.813033
-0.406751
-5.42948
-0.251574
-0.136201
-4.09681
-1.13615
-0.367938
-1.31536
0.0936412
-2.1689
-3.24737
3.35884
2.77997
1.34211
-0.188382
-0.186688
-0.221797
-0.384935
-5.20392
-3.08026
-2.28152
2.58515
1.16962
-1.0791
-1.55378
-0.235054
1.0175
-2.04555
0.798699
-2.95576
-3.11351
0.00230689
-2.04177
-4.1759
1.77859
0.477223
0.35851
0.414367
0.806633
-0.801393
-2.12219
-2.6402
1.58944
0.493504
1.22928
-0.62366
-1.07079
-2.81427
2.54389
2.06938
-5.82365
0.0736643
3.44288
3.09977
5.65069
2.09792
1.87143
-5.03638
-0.954843
1.92137
-2.76645
-2.23216
2.08122
1.42856
-1.48825
-0.523651
4.37843
1.99164
1.34559
-6.51356
-1.77129
-1.55864
-2.02764
2.57343
4.70772
3.68417
1.24299
3.84175
1.98087
0.21671
-2.1003
3.96356
2.14469
-1.11741
-1.71252
4.16548
0.238045
-2.79751
0.171777
-2.06981
0.953612
1.76009
2.58013
0.0334501
-4.41856
-4.31363
-2.72405
4.20835
4.44545
-2.4266
9.65743
-6.66861
-3.93761
2.54216
1.01226
1.73097
0.490142
-1.64925
-2.19465
2.97569
0.028797
1.84916
-0.186883
-3.29002
-7.46187
-5.75756
2.94468
1.34226
-0.662692
-1.50321
-3.33499
4.38917
-1.49176
-2.44082
-4.37218
-0.429635
-4.5232
2.20605
0.335775
5.17899
-3.9588
-1.9581
4.62961
-0.837654
-3.02955
0.951231
-0.813976
-3.59346
3.42729
1.38773
1.61994
-0.965235
-4.24276
4.94625
6.18246
4.08355
-6.67276
-6.24028
5.59585
-4.97352
-3.11105
1.00818
-0.245102
3.38676
2.4714
2.28937
-1.83141
-6.40351
3.52731
-0.866703
2.95323
-6.85186
7.04311
5.186
4.91562
5.69587
0.942449
2.66733
-3.99627
-2.2035
-0.256299
1.3809
-2.39644
3.39397
0.258316
0.257301
2.37276
-3.09177
-0.641292
-1.7453
-0.275095
0.359911
-1.78593
4.76623
3.33229
1.49808
-7.41462
5.93343
-1.19562
3.62487
-3.27335
5.07489
-4.54105
-1.49382
0.801905
-1.32727
5.48651
1.63268
0.00151171
0.548818
1.80156
2.1275
3.07905
-4.38222
4.28562
-0.162173
-1.74931
1.39729
-1.39209
1.71743
-4.55652
-2.95515
4.09984
-1.94775
1.72365
7.84089
-1.83577
1.34862
4.59402
2.80486
-1.51133
0.113612
2.88698
3.67782
-2.34241
-2.56187
-1.32596
-8.38232
-0.316698
4.3661
-4.40733
-0.44529
1.29261
-5.03024
1.35073
1.82823
-4.59281
1.26648
-2.1058
-2.01957
3.07537
-6.05944
-0.102979
-0.386081
3.28843
4.31183
-3.01822
-1.16911
-4.94082
-3.92026
-4.48667
5.70426
-0.478862
-0.936764
-3.19199
1.31313
3.52831
-1.36595
0.590641
5.38517
-4.2029
0.951328
-0.0869198
-0.00412851
-3.81062
-0.494586
-4.27562
-4.69332
-2.85782
-1.7064
0.924085
0.193146
-7.62725
-1.75468
2.41128
-4.59638
3.36797
-1.33583
5.47251
-2.49494
2.89146
0.764616
-2.29674
-2.64167
0.575638
6.78876
-2.2508
-3.03831
0.069637
0.930137
0.0854828
0.596725
2.18291
5.19171
-1.23912
-3.15434
4.16807
3.98922
2.09383
-1.69219
-2.49608
-7.32761
5.96354
2.85956
-3.29518
-3.22746
2.20894
-3.72526
1.87388
2.64573
5.10264
-0.225278
1.30676
2.96311
-0.530434
-6.13491
2.42108
2.65777
4.39356
-2.39472
-3.04196
3.98871
-2.52887
-0.635016
0.492979
-4.36765
2.47198
-6.19385
4.64883
-1.37623
-0.703677
4.02182
1.68715
1.49536
-5.79097
0.0753369
4.54914
1.05391
-0.45331
-2.13735
-2.28361
1.26678
1.02537
2.40492
3.02756
-3.79443
2.90352
2.96791
-3.49801
2.48582
5.25516
0.417784
-4.73207
-1.77273
3.07869
-1.09937
1.80972
-1.09792
-0.533129
-1.54627
3.54597
-0.564991
1.83094
-1.67401
2.15397
0.489116
1.24992
-1.17313
1.38592
-0.561087
1.10783
3.57528
-1.25017
-0.905487
3.65584
-2.07637
-2.63302
-2.99173
2.91274
4.23073
-3.9944
-0.902252
4.31007
1.5192
0.288665
2.94923
3.19854
1.12113
-0.204193
1.45809
2.02797
-0.648413
-3.68192
-1.63551
2.19578
1.80042
-0.834395
-3.10179
2.60039
-0.527246
-0.743535
0.738681
-0.625959
-1.01415
-0.482513
-2.95985
-2.03324
-0.164991
-3.79414
-5.14785
1.52445
-2.03743
1.26692
1.6169
-3.65792
3.27357
-2.78723
3.66427
-0.279041
2.26553
-3.38389
1.85648
0.329406
-0.748681
0.706242
0.409112
0.704077
1.68137
1.57272
1.54646
2.78582
-2.99626
-0.367295
-0.79856
-0.274694
-1.23315
0.757451
2.45994
-0.651141
-7.85323
-3.85441
3.20148
5.95241
7.4613
4.10337
-1.7037
-5.54419
-3.87665
-1.5158
-3.44715
-3.90905
-0.345476
2.28
3.43616
2.18091
-0.665526
2.23956
-4.07025
-0.32345
-2.89035
4.19391
1.80692
-2.74152
2.93375
-6.02236
3.59641
-0.956334
-3.91878
1.29021
-0.233841
0.435534
0.720949
2.34792
3.48047
-0.0911608
-1.63634
-0.680482
-1.90738
0.437752
-8.74865
-5.6808
1.5009
-0.983965
-1.96329
2.74853
0.258557
-0.750025
-2.31623
-1.57731
-2.13983
0.10354
0.76192
-2.14222
-3.77049
0.898106
1.57335
2.97548
1.95514
0.710524
2.48701
4.20757
2.85117
0.15228
1.99572
5.11734
-1.01333
-1.21247
-0.686642
5.37149
-1.21841
-6.3125
1.6332
1.34673
-2.18225
1.41751
-4.8789
-4.68857
1.46051
-1.11358
-3.42926
-0.884878
3.26396
3.68598
3.44078
2.47114
0.0533018
-2.64855
-2.58615
3.89572
2.58428
-0.951814
1.78503
1.84055
-3.14636
-0.184897
2.28733
-1.11438
1.80994
4.37194
-0.365659
-6.17988
-5.36489
-3.19219
-0.966422
1.52009
-0.823614
-2.50277
-1.71032
0.362958
1.67623
-2.30028
-0.814939
6.38024
-1.68789
2.62458
2.65054
4.39042
-1.21947
-0.860672
0.868875
3.08689
2.29579
-0.318871
-0.94393
-3.12255
-3.56417
1.60822
5.02944
2.40843
0.150211
-2.8856
-4.67784
-1.96055
2.90297
4.0357
-0.133952
0.694753
1.73396
-2.55896
7.41305
-1.70764
2.38947
-5.95554
-1.892
1.4064
-0.900544
2.62193
-1.46672
0.1131
1.31079
-2.84792
1.38162
-2.03318
-3.51555
-6.52351
-2.81228
3.42771
1.66949
-3.867
1.63956
3.40484
-1.29511
0.955744
-1.24818
-0.889165
-3.52185
-3.09113
1.08342
0.473751
3.04111
-4.05121
2.9609
2.2018
2.63
-2.11749
2.36761
3.7589
0.967003
0.459102
-3.613
-1.26432
-0.980156
2.8179
3.11346
1.22485
-2.96674
2.53257
-2.23759
-0.192
0.031016
-0.376501
-0.353149
-0.566973
-0.72591
2.1735
1.28793
-1.06802
1.70979
4.07552
0.488463
3.63888
0.774738
-4.65041
-2.46754
-0.689631
2.55119
-2.92858
4.79686
-0.202438
3.75785
1.33675
3.00977
-1.41744
-2.78854
-1.06086
0.398978
0.565079
-1.31576
1.0042
2.85729
1.78051
5.23807
1.37593
0.162964
-0.685481
0.844442
0.604268
-2.08758
-2.31548
-1.47354
-3.47184
-2.94959
-3.41516
0.918697
3.94844
-2.03722
-0.173014
0.0472574
4.729
1.20507
-0.540176
-1.40322
2.03607
-1.52387
1.2841
3.2164
4.08923
1.2913
0.419478
2.49808
-1.54193
-6.60399
-4.27468
-1.71153
-1.15055
-1.30963
-0.803788
0.181765
-1.80734
2.5157
-2.15313
-2.53155
6.23979
3.38168
-0.0333088
-3.41156
-1.78852
2.38058
1.52966
6.14282
-1.73184
3.3461
4.84375
2.86963
2.83915
-0.651964
1.87405
1.75967
1.23138
-2.30139
5.24515
0.0555479
1.45258
-4.54878
-0.0953403
-2.7341
1.60512
-6.11781
0.817963
0.809018
7.84009
3.05364
1.40246
2.72201
0.921867
-1.71812
-4.24313
-1.64508
1.81125
-2.61563
-3.78586
2.14821
-1.19162
-1.74005
-0.625463
-2.92083
-3.31759
3.65443
0.917853
-2.77023
5.49926
-1.46717
-3.46252
0.0618481
-2.19343
2.24109
2.60917
1.62242
-0.883211
-1.36368
-3.20133
-1.9548
-6.87095
-7.44958
-0.0338821
2.4425
2.73518
4.90997
-0.0131876
0.800181
6.06746
-3.8964
-2.63005
2.9065
-2.9305
-4.22909
0.180711
-1.78986
-0.497764
-3.59344
-4.87048
-1.76413
-1.70488
-3.50584
-1.02633
6.62612
4.57243
-6.44272
1.05151
0.886111
-2.14462
4.13077
3.68716
2.58538
-3.74213
2.06059
-2.1078
-1.10279
2.65145
0.0971237
-2.45497
-3.94179
-3.2186
1.15364
-1.91918
-7.50719
-3.84183
4.37941
1.65149
-0.0329963
1.60998
-0.612076
-1.08579
-1.6475
-1.69093
-1.38867
0.837844
-1.5844
0.0694683
-2.09239
-0.739418
1.83259
0.309702
-3.81074
1.48019
2.57218
3.14592
3.82277
-1.47828
-0.235884
4.77366
2.5311
1.02345
2.22916
2.78177
1.66848
2.8067
-3.08491
-0.733912
4.37628
-0.830581
0.207558
2.07934
5.28807
-3.06681
-4.46752
-6.06214
3.16818
2.81514
-2.10566
-7.21859
-1.14773
-0.813061
-3.52675
-6.66185
-5.55178
0.717621
1.66471
-0.835869
-3.70673
-5.31616
-3.65128
-0.705388
-2.16949
0.538097
-0.265736
0.812084
0.472807
0.456533
1.49816
1.85249
-0.701374
1.15019
5.49754
-0.775165
-1.65793
3.08172
5.62148
5.24319
2.11365
-1.43805
1.49948
0.4342
3.54065
2.7056
-1.53575
1.09462
-3.20202
0.493979
-2.01799
-6.09892
-0.186681
0.0851079
-0.251132
2.7446
-3.34393
-1.44331
6.08616
-1.04179
1.28191
5.91992
-3.55585
1.47568
3.25544
-1.2265
3.38576
2.45511
-2.8756
-1.20565
-0.990921
-2.13295
-2.55037
-0.131921
0.75029
-2.84498
-3.2916
-0.501225
-3.1266
5.06657
0.0319584
0.740729
-0.951399
-4.58661
-1.73083
-0.84543
-2.97393
-3.51729
-4.01546
0.519295
1.71576
1.64659
1.60705
2.66578
-0.40415
-2.35037
-8.3018
3.46536
4.78522
2.52262
-1.38268
0.405583
9.9747
4.39374
0.40739
0.317725
-1.67666
0.903196
1.55417
5.34864
-0.00287198
-2.24996
6.55635
3.61822
1.6752
-0.963941
-0.162614
-1.20265
1.4242
3.37657
2.49385
5.20935
1.76882
-2.17539
-3.07208
0.164286
-5.34926
1.26281
-3.88395
3.82945
0.735615
-1.65971
-3.11436
1.68424
1.98209
-1.5676
-3.62347
-0.0181191
-2.65191
-3.09495
-1.37571
2.56985
2.00908
8.38269
1.05416
-0.71599
-7.87747
3.08181
1.36022
-5.1649
1.21187
-3.11709
-0.247298
2.44007
-2.4483
0.730212
-1.86026
-2.36486
-4.31978
0.378864
1.65323
4.47148
3.29475
-2.37577
-0.406037
1.3128
2.73277
-0.0225166
1.1416
1.70916
0.380529
-1.78359
-1.35573
-0.251222
-3.8639
-4.80842
-1.3207
1.61841
1.76944
2.71021
-2.49487
-2.36417
-0.448114
-3.30084
-2.18482
1.06954
-2.98388
-2.6215
-1.01732
-2.2167
-2.02468
-0.00942977
-1.73556
0.519348
0.399928
3.11373
1.8066
-8.34936
-5.45854
0.785942
-2.79844
1.35293
-0.695644
5.80672
0.784185
-7.06397
-2.439
1.26379
-3.79857
0.973748
1.78093
-1.64027
-1.49138
2.15045
3.07177
-0.163869
-0.131354
-1.88708
0.348176
1.50789
1.44304
-4.96161
4.7502
-1.78101
0.111102
-2.19388
1.20406
1.6105
1.95625
-0.0233653
-3.6639
-1.36236
4.36681
0.089302
-2.96249
-2.11672
0.186324
-2.58881
-1.2585
0.741616
1.62751
2.76429
-3.45549
-5.68197
2.818
2.19033
1.02943
4.59773
2.22837
0.0538504
-2.81764
0.938913
-0.739519
2.63405
4.15302
0.476182
1.33881
-1.90957
4.22941
-2.05218
-6.18679
-3.32821
0.0182204
-0.926395
-1.80824
-0.589051
1.53839
2.84408
2.24656
-3.90249
9.89429
4.59061
3.9631
-2.25748
-0.34232
-1.5763
2.79419
2.47784
5.1636
2.18198
1.73284
1.35373
1.14439
0.477737
4.54792
-2.0794
0.504582
2.62932
-0.373146
0.0104693
2.60054
-6.19873
-0.270407
2.98047
-2.42844
-1.59155
1.88172
6.311
1.67236
-2.40319
6.22663
3.20166
1.08473
2.13368
4.6634
-2.19998
-3.20855
1.97623
-0.916417
-6.1377
-0.432354
1.773
0.191023
-2.44255
-0.769699
3.16279
-1.25863
2.7064
1.85474
-3.79755
2.2717
-0.785042
-1.06423
-0.256373
2.16669
0.566853
-0.038518
-4.54855
4.2696
4.4751
2.73339
0.774384
-0.99027
-3.61317
-0.117392
-3.41297
-0.556766
5.19232
2.56276
-2.94134
0.718546
-0.973545
-1.43226
-2.27815
-3.40366
-0.580716
-2.59094
-1.31179
1.44908
-1.03506
-3.60249
0.245232
1.33246
1.28862
1.46968
-0.83965
3.60877
-1.16893
-0.900116
-0.337696
1.68049
-2.13896
-0.493649
3.70923
-0.759165
2.1491
-3.33477
-2.01487
1.84084
1.47629
-2.08365
1.73618
1.85964
-2.93928
-5.2386
-0.661235
1.67602
-1.56927
0.884543
-0.862213
-3.46631
-6.75872
-3.49502
-1.48012
0.985379
0.0980444
-4.95251
-0.978621
0.788614
-4.32839
3.7712
4.77155
3.13283
1.21309
4.21572
-5.13623
-4.27937
-0.631092
-0.513043
-1.8849
-0.906036
-0.854346
-0.295405
0.41059
-0.866548
0.422462
2.74914
-0.174751
-0.845335
-3.08248
-0.716748
0.900296
1.47288
-0.698136
1.07049
0.497841
5.23353
6.26616
-0.65652
1.83498
1.86696
-3.7204
-0.484064
2.46536
-3.39464
-2.32644
-1.12148
4.49611
2.14568
2.08163
2.95161
-0.530112
4.44949
-2.55023
-4.79833
-2.89745
-0.929794
3.79105
3.20407
1.55125
-1.33834
0.81021
1.29053
-3.15918
0.778274
2.40561
1.35925
-5.39374
0.0450482
1.12466
-2.49626
3.21094
0.363308
1.90828
3.85236
1.95635
1.61923
-1.3822
0.781602
-1.0268
4.44689
-7.65358
3.02643
-7.02985
-1.25902
-0.278309
-1.04748
0.812893
1.71628
-0.135693
1.36991
-1.59271
-1.98121
1.32066
0.514133
2.64045
1.6338
0.812157
3.17488
4.37793
3.8597
-2.01362
-0.448391
-2.37908
-1.2722
-5.20646
0.115844
3.9074
4.092
-1.31385
-2.2718
-4.1639
6.11771
5.37921
3.50883
2.22661
0.657244
1.6033
-1.27235
-2.49689
0.2521
-3.75685
-3.94226
0.238416
-0.770241
-0.0168126
-3.8328
-2.86493
3.84507
4.04975
5.5816
-2.83944
-0.0365044
-7.0743
-3.67169
-1.83123
4.95632
1.08651
2.46549
1.68755
5.72049
1.60263
-1.38141
-4.17576
-4.81287
2.89172
-1.18053
0.586586
2.28482
-0.0520209
1.40981
-1.05935
5.61171
-3.27499
-1.16523
-0.393577
-2.64994
-4.17148
0.579404
-3.25261
1.14727
-0.389768
-2.77556
3.80217
-1.13933
-2.62319
-5.35587
-4.90406
-0.0612718
-0.452768
-6.51403
1.82676
-0.170229
1.80414
-3.02619
-0.277791
-2.66448
9.3036
-5.84826
-2.04461
8.56785
-4.50251
-2.8602
-1.83588
0.839488
-0.445079
0.320703
6.18903
3.05216
-8.62248
5.65709
-0.341962
-8.56202
-4.09534
-2.96328
0.643339
0.307849
2.78279
0.787906
-2.10427
1.51776
2.94351
-0.386825
-2.0056
5.17434
1.12146
0.956477
-2.53269
2.90801
-6.20567
-1.70346
6.49014
-0.972156
1.16547
-2.42643
8.41307
1.8343
-0.215341
0.600827
1.48068
-0.587183
-0.112695
0.647189
2.34357
-2.09797
2.2051
0.838927
0.273915
1.15115
-2.91387
2.3634
-1.77173
0.941722
-5.81297
-6.89885
0.407288
1.43307
-2.49219
3.13323
3.73999
-0.884384
10.0293
4.12749
-0.841719
-4.47086
2.85269
-1.81235
1.27432
0.816765
-4.37603
-4.11811
1.49619
4.42881
1.91364
-0.869266
-2.50028
-4.37256
-3.27963
-0.161048
-1.00699
-2.58135
2.36445
3.10784
1.1313
-1.29369
-2.45626
1.9753
2.66104
1.84996
-0.586534
-1.10044
-0.92442
-5.02554
-4.18684
5.84057
6.13575
-1.08893
-3.11764
-1.49988
-1.76461
-3.1379
-3.2591
-0.682819
-0.904578
-2.34113
-4.75521
0.0929315
-1.14154
-1.48522
0.00383839
2.79384
5.63612
-1.69176
-6.24169
0.618875
7.58894
-0.895269
-2.0146
-1.35577
-1.42972
2.07162
3.91161
-1.06017
-3.01282
-2.68943
1.9634
4.14996
-5.07696
2.86003
-1.93612
2.25614
-2.48647
-0.515818
1.10317
1.2439
5.45502
-0.747771
2.69966
0.466284
-1.81174
-1.97691
-1.02442
2.04776
-5.6528
-6.25503
-4.81647
3.93392
3.82539
0.330556
1.43815
4.33325
4.70167
1.73114
-1.31087
-2.83785
2.45475
0.156673
-0.176795
-1.66664
-4.08884
3.17354
4.98408
-2.89665
3.67125
-2.238
0.065011
-0.374806
-0.00714261
-4.01536
1.68596
0.393284
-0.903007
-2.36454
-2.43729
-2.15237
4.48729
2.22743
-2.58374
-4.52749
0.832826
0.811916
3.16183
-3.12469
0.775013
-1.55178
0.854186
-1.05613
7.63743
-2.79771
3.70741
-6.14554
-3.44623
2.54057
7.23357
5.72895
1.24825
-0.680002
1.20795
4.63272
5.6983
5.65855
5.04899
1.65012
1.57426
0.41142
1.31819
-1.16775
0.738767
3.33447
-0.885803
-0.845513
-3.09678
-3.30701
1.9099
5.43584
-0.305595
-0.97732
-1.51075
7.19613
-1.22716
-3.83911
-0.875093
-2.87713
-2.38176
-3.09108
-2.01103
-2.19824
-1.14972
0.948555
3.78962
-1.03156
0.5128
-1.67644
-2.08154
-4.2335
5.02963
-4.91459
12.9155
-0.428887
4.4767
7.74233
3.59826
-4.36728
-0.442659
-1.33329
-5.00501
-4.75188
-0.411939
-2.6722
-3.98368
2.93513
2.65763
-0.415951
7.66685
-0.110588
-2.80769
-0.849745
-3.03081
4.53807
1.05806
-2.7213
-5.11555
-0.216042
-1.33268
0.391785
1.0778
0.834814
6.65228
-0.341135
-5.01382
1.05394
7.58166
5.26909
0.47491
-0.636106
-1.33196
0.175187
2.47461
0.126262
0.716214
5.0608
-1.27942
-0.349584
4.65677
-4.81286
-10.9285
-0.656403
-3.42562
-4.55303
-0.568308
-4.85469
-6.28521
1.85073
2.56286
-4.69701
-2.72618
-4.31091
1.53572
-0.940004
-3.88564
-5.99412
-1.4908
-1.05483
0.152732
1.29529
-2.42559
-1.93441
-0.501318
-1.42825
0.664722
3.42318
1.08508
-2.03746
0.37953
4.20756
1.02035
1.19932
2.25471
-2.15714
-5.11679
-5.13379
4.17547
-1.83156
-1.10167
1.65552
-3.7585
-1.15234
-1.43522
5.9105
-3.81769
-0.471932
-4.7788
5.27126
0.770244
-1.94183
0.879033
-3.99592
0.22273
-1.98207
-0.973168
2.75545
1.81982
1.91429
-0.401156
-1.46294
0.675556
0.153291
0.458488
-5.84255
-0.114862
2.8678
1.91364
-0.509718
-1.75323
-3.36276
-4.42483
-4.38553
4.8674
4.16068
1.3298
-2.29849
-0.910304
-0.276869
4.16055
0.418867
0.868118
-2.29089
1.32393
1.83043
3.22588
-1.50079
-4.87226
1.5558
-1.51033
-6.16769
0.0837864
2.10824
2.03344
-7.98387
4.57747
-3.66309
7.19943
-0.0811875
4.80611
4.62102
2.07977
-4.09462
6.29136
-1.78573
0.878635
1.94898
0.730782
0.284409
3.56066
1.90107
0.150029
-1.52759
0.882342
0.0191851
-4.50366
-2.76942
3.9508
1.91384
-0.578122
-3.16159
-2.88725
0.307608
0.946486
1.49587
1.15395
2.73111
1.07982
2.31534
-0.926764
-0.445376
7.77854
10.1613
-0.493175
-0.777242
-0.549335
0.126078
-1.04908
-2.28433
1.1416
2.69575
1.45759
1.87545
4.61623
-5.12573
-1.41657
-1.84517
3.85087
-3.45311
1.41597
-2.98764
0.580793
-0.742214
4.32365
1.10012
3.19871
-1.20701
3.01855
-0.964209
1.66158
-0.864561
-0.12959
-1.0759
-3.88244
-2.02598
-2.50463
-2.54382
-2.23694
-3.46249
-0.115978
-3.09312
0.452175
3.97679
-0.0435665
-1.05599
-0.146156
-1.04411
-3.55124
-2.93747
1.40439
3.19541
1.6689
2.39707
0.309478
1.10031
-2.76871
-2.60675
1.41724
-0.392642
-2.78087
1.58453
1.93811
-1.32501
6.46927
1.42861
-6.60894
-3.80887
3.93148
1.4455
1.73824
-3.20639
2.82568
-3.29271
-0.929318
-0.708694
-1.01987
-2.06599
1.60555
-0.460742
2.15062
2.13865
6.81876
6.08124
2.73242
-3.6753
-3.11673
-2.75021
3.99497
2.94897
4.76945
6.80437
2.81649
2.01415
-0.403959
-0.5491
-1.30413
-2.84033
0.562133
-2.01534
0.04918
3.16742
2.15492
4.53977
-3.49283
3.65121
2.60391
-2.63748
3.49575
-4.26182
-1.96174
1.7397
-5.2903
2.07391
3.98768
6.06504
-5.8232
-0.537455
5.72881
0.981966
2.06684
2.26467
-2.62312
-4.82366
-2.90087
0.555998
0.485669
-4.0892
-5.53624
-0.219354
0.974163
4.81976
3.16353
-4.80215
-2.50658
-1.0952
-1.69335
-3.84904
-2.90259
0.0298076
0.525623
-1.94752
-3.27995
-3.86433
-2.81576
0.220212
-0.834115
1.44569
1.49676
-2.66393
0.481129
5.41074
-2.04916
2.70872
0.847397
3.9834
2.42861
-1.3898
8.03957
-2.43988
2.16172
-8.94622
5.4161
-3.02253
-2.88437
4.05988
-9.65869
-0.0693257
-3.08528
3.01231
4.61352
1.36344
0.839494
0.391302
0.321919
-2.62394
-4.57266
-4.96483
-0.765769
1.79624
1.65925
-1.75229
1.91467
2.39194
0.209523
-2.00932
-0.464033
0.573678
4.2837
3.01807
-0.379293
1.52455
-3.73056
2.11713
1.7544
-1.45721
-0.553776
-3.03591
3.15507
0.55844
-2.33587
-0.0822014
-0.23095
0.0929346
-1.83925
2.28022
-10.5
1.48481
-0.939114
1.00666
-2.29781
-0.345231
3.57754
3.84281
-4.18082
-0.143267
-1.04752
-4.01388
1.46427
3.87301
1.73431
2.70668
0.230503
2.64637
-0.771101
-0.306213
2.24361
2.88007
0.168742
2.55306
0.70232
-1.89241
-2.90485
-1.02319
2.14106
1.54968
-0.77445
-2.25817
-1.26977
3.69306
3.17778
4.4685
1.77792
-2.46358
1.94426
3.15833
-3.42838
-5.66568
4.19118
-0.399139
0.0358256
-4.06629
0.430584
-2.82779
3.31381
0.759854
-2.00791
0.577956
-3.06248
0.99553
-4.86659
4.44288
2.41182
-0.948659
5.00185
0.159346
-2.36186
-1.71354
-0.534607
1.36397
1.75515
0.0280097
2.13523
3.7681
0.339919
1.50869
-1.02931
-1.03652
-1.36914
1.10577
-4.224
-4.5204
4.13415
0.981003
-3.08687
-7.18635
-4.33712
-1.32108
-2.03008
0.447706
-2.9652
-3.18533
2.9732
2.26785
-3.49849
-5.20107
-4.77584
-1.87208
3.03416
2.31508
-6.1301
3.77062
0.0128399
0.76758
2.45873
2.25784
5.68731
-4.56581
-2.30554
-4.1724
-1.18716
-4.07889
-2.15483
9.70246
-0.777504
2.47286
-9.93844
-1.61526
1.71452
3.54492
-0.397143
3.56235
1.48209
5.04733
0.182539
-4.20975
3.27742
3.28694
2.80088
1.46649
0.117191
-1.19876
-2.94754
-0.970571
-1.55324
2.33777
-1.36068
0.745451
-0.00462863
0.284898
0.836479
-0.114503
2.96494
-4.6989
0.202627
1.78988
-1.94083
3.33891
3.30275
5.24231
-1.75771
-2.25132
-2.82968
-0.224832
-6.74979
3.17973
3.60029
-1.30923
-0.193577
2.50269
-7.62023
3.28651
-0.509175
-0.529937
-2.13244
-0.996937
-0.906931
-0.547985
-2.74317
2.53015
-7.40506
0.116397
-1.78807
2.01752
0.74199
0.152278
5.70427
0.940963
1.22351
2.51428
4.53102
4.51467
1.91387
2.88425
-1.3241
-5.26909
-1.28536
0.00339166
1.05615
4.95566
2.67885
0.961084
4.90189
-1.2825
-2.04191
-2.11271
-1.56595
-0.877752
1.70461
-2.04143
3.67308
-1.93291
3.91705
-1.39227
0.673409
0.520906
4.36573
7.45396
2.10547
1.06906
-0.439784
-2.87453
1.97148
2.42551
0.0803696
-2.75938
-3.80914
5.46387
0.67045
-1.69503
1.28112
1.37037
-1.9233
-3.04034
-3.37542
-1.79839
-1.70105
-1.84888
0.368167
-0.505656
-2.98068
-2.20843
-5.30478
-2.69561
0.486757
-1.55667
0.527165
1.51169
1.97189
-2.28659
2.17376
0.468252
-2.85631
2.08635
-0.0868022
-6.99451
1.15491
2.96401
1.79918
3.65213
1.34188
-0.106367
1.99045
0.354592
1.18664
1.03584
0.508692
-1.1496
1.48131
-0.603112
-3.13533
0.4137
2.64602
-2.90372
-5.99647
0.678185
0.367221
-1.13741
3.65745
1.82362
-2.25777
-0.304536
-3.40848
-2.42356
-1.71891
-0.621112
-7.07131
-3.72959
-1.77057
-1.06281
3.4834
1.09855
-0.842917
0.360304
1.07652
-3.59482
-0.0511458
3.55125
-2.7242
0.930596
1.94108
-1.41095
2.27905
0.362822
0.169614
1.70207
-4.47985
1.0751
-6.94024
2.80523
-0.104901
-4.08832
-3.80434
-5.82655
-1.31026
-2.94418
-0.299902
3.9645
1.80713
0.583874
-1.54315
-1.21186
-1.67501
-2.49504
2.76011
0.791213
6.32926
4.37937
2.06558
2.61668
-2.40884
0.145964
4.94425
6.58873
4.20397
4.03955
2.87844
3.95266
0.873507
-0.497155
1.75359
1.70023
-0.730705
-6.69458
1.94307
0.685418
-2.04599
1.75635
-0.335024
-2.31656
-0.0942486
2.3321
0.477228
0.213557
-3.30863
