-2.03777
-1.62539
1.62544
4.35991
1.79834
-0.242904
2.02457
1.88455
0.316115
-1.92054
2.87136
2.35002
-0.0272412
2.79477
2.05802
-1.95498
-3.1459
1.21811
-0.216718
1.45694
1.82991
0.19248
-1.01775
1.42466
-2.39513
-1.87389
-1.01185
-1.2669
-2.37802
-0.759279
0.680071
1.60075
1.64046
0.426205
0.685789
0.247251
-0.0416286
-0.382808
0.441618
-0.753584
0.344042
-1.11334
0.695677
4.01266
1.67908
0.643167
2.83561
0.862751
-4.08255
-1.97988
-0.630688
0.774167
-0.919922
0.21698
-4.4572
2.34685
-0.00819927
-2.03043
-1.12407
0.781375
-3.75419
1.47582
-1.69913
-0.0761035
-4.65118
-2.41557
-1.47054
-1.0145
0.40763
-0.0181109
-0.006061
-2.46438
-4.02246
-1.52077
1.31025
-1.43909
-4.79185
0.370572
1.64462
0.373088
1.75142
2.26056
4.38776
3.92705
-2.39252
0.0505124
3.31524
0.631364
-1.02087
-2.21014
0.540155
-1.42407
1.39824
-0.0741819
3.37126
-0.74796
-1.29036
-0.180453
0.829172
1.19488
-4.98363
-1.28028
-1.39704
5.35467
3.09839
-2.62875
1.95641
2.77812
-0.890617
2.39427
-2.1921
5.60456
6.27773
-0.0307533
-0.971929
-0.0511564
-0.389645
2.47337
2.80751
1.93405
2.79869
4.03674
1.76133
-0.173326
-2.2624
-0.71356
-3.42778
-1.11534
-1.20018
-2.21382
-3.25708
0.311687
-4.93384
-1.05057
3.13534
0.571504
0.370019
-4.44179
2.23727
-1.40215
-3.03336
-0.68274
2.16677
-0.356866
1.04608
0.061981
-1.13931
-0.783832
-0.401572
4.29633
1.24031
1.34431
0.213557
-3.86725
0.0110612
-0.453911
-1.73046
2.35161
-0.172769
1.11932
2.19322
-2.98868
-1.63048
-1.37932
-1.88948
2.74015
2.86668
1.73622
2.82082
2.58069
3.27734
0.607864
0.468506
-1.86042
-0.963163
1.14534
0.529299
-2.29085
-2.65528
-0.0823713
-2.43952
-2.57437
1.23455
-2.42825
0.504169
0.498642
1.63144
-1.93322
-1.65906
-1.30932
1.28394
-3.16583
0.702208
3.53013
2.50457
-1.39758
1.94021
0.243163
0.0529657
-1.12645
-2.28865
-2.19657
-1.10022
-1.9775
1.3824
0.437479
0.229668
-2.33038
-4.35859
-0.950529
-0.635382
-0.00548078
2.02284
-2.31547
1.09866
1.70121
-1.64874
-3.48626
-0.788013
2.14084
-0.730439
0.156396
-0.49164
3.70802
0.493688
4.09965
1.72928
2.71919
1.03459
-1.25624
5.72787
-1.89852
1.29033
2.23181
0.697819
3.26538
-0.171757
0.0258435
0.574775
-3.01247
-0.25536
1.67799
-2.13934
-0.109499
-1.8931
-2.56875
3.0325
1.58819
-1.49458
-3.38295
4.29087
3.76443
-1.24052
-0.663589
-4.22003
1.98524
2.3206
1.71296
1.03114
-1.69757
0.412832
2.68632
-1.40265
-4.19688
-2.54928
-1.41385
-0.360993
1.15949
3.89456
0.338899
0.176658
-1.08683
-3.72411
-4.34858
-4.50881
2.63592
2.73788
-5.29045
0.9896
2.27493
-2.28666
-0.28135
-1.8904
0.751536
-1.05814
1.86091
3.70466
-3.12779
-3.66851
1.02615
1.05076
0.232673
-0.359553
1.14662
-0.544327
-0.961019
-1.30054
-3.69389
0.157553
-1.10045
-0.487365
4.63616
0.12695
-2.72856
0.543673
4.05946
-0.494135
1.42864
0.353078
3.40814
3.94445
-4.1929
-1.69602
-1.98642
0.791491
1.19673
1.98971
1.69764
-1.77195
0.821339
6.41575
-2.23415
-4.27571
2.57945
3.61046
1.65198
-3.78801
-0.898546
0.23525
1.6255
-0.351859
-4.1067
-4.55681
1.95682
6.37133
-2.59322
-2.68106
2.95591
1.99537
-0.783628
1.23383
1.04383
0.704659
6.80108
1.01569
-2.30648
-3.31167
-2.6993
3.30955
4.34908
-0.522775
-1.11297
-2.12463
-1.07847
-1.22617
-0.723181
-0.668789
-3.6758
0.734404
-1.26105
0.568306
1.0451
0.174397
-0.759854
-1.10823
-0.587651
-1.67347
-1.36541
-1.26184
2.71833
-0.912822
-1.64828
-1.05819
-0.856076
3.49123
0.250865
0.740609
-2.42465
0.701832
1.94533
1.36054
-2.61167
1.36471
-3.758
-2.82329
-3.6866
-3.4181
-1.43982
1.68122
-1.67712
-0.143342
-3.23457
-0.622301
2.11174
0.638201
-2.3162
0.758932
1.36596
-3.45194
-0.141946
3.23863
3.68991
3.19931
0.314911
0.024956
-0.636385
2.52922
-0.586722
-0.387463
2.08439
-4.98864
-3.36686
3.72437
1.29308
-0.639974
-2.2275
0.168159
1.90562
2.22748
1.16784
-2.36839
-3.08804
1.08595
1.0162
0.495176
-1.58988
-2.39778
1.74928
3.95503
1.96128
-0.473766
-3.16418
-2.4814
1.98004
5.03653
-5.25958
-2.18596
3.97029
4.51994
-0.662574
-2.03015
-1.62051
-1.0235
-2.63359
2.17156
-0.581087
-1.85586
-3.09436
3.89137
-3.15383
-1.83352
1.81252
-0.816446
1.66431
-1.93515
1.89837
-0.613848
-0.590852
-0.57242
-3.79402
6.07472
-2.36066
1.14408
1.01255
-0.143276
0.12205
-2.178
0.456496
0.31893
2.45083
1.39198
-5.24588
0.701484
-0.223555
1.5958
-0.681344
-0.3969
-1.76992
-2.18824
-0.982422
-1.81296
4.06339
-1.37442
-3.77965
-0.508359
2.37613
0.832123
0.936598
2.16589
0.100648
-0.514958
-1.00801
1.79074
-0.0750564
-0.335961
2.10069
4.67574
-0.0193592
-4.53818
-0.843284
-1.02144
0.660999
-0.265547
-3.07675
1.79375
3.57989
1.59079
-3.20268
0.580221
0.637675
2.09346
-0.975776
-3.76975
0.711269
1.26251
0.105022
2.16896
1.71557
1.5977
-0.201175
-2.23446
-2.68054
2.39682
0.996568
-1.58824
-0.335675
-0.640863
1.38469
0.425098
0.591631
3.06364
-0.251338
-1.03677
-1.08665
-5.44368
1.74502
2.21911
-0.443079
-3.79423
-0.876161
1.92025
3.84754
1.3228
-2.31647
-0.440893
-0.771891
0.589346
-0.432724
-1.84653
-3.14923
-0.983573
-3.15721
-1.21061
2.93865
1.1731
-0.126451
0.569804
-1.2817
-0.545639
1.08066
-0.590129
-2.24402
-1.65089
0.389529
0.26325
-0.464826
2.93153
2.57202
-0.584038
-0.236596
-0.854106
0.522137
1.01914
-0.383632
1.92635
-0.238223
-3.5155
-1.72816
0.906986
-2.28499
3.13835
3.76032
-2.35025
-1.8652
1.59237
1.98046
1.17752
0.371276
-2.37085
-0.202738
-3.9417
-5.57641
0.332884
2.07342
1.81768
1.07095
4.95242
-4.14248
0.45402
-1.82749
-0.739666
2.4103
1.02884
1.08376
-1.12756
-2.66568
1.63977
-0.683525
-2.88062
4.31357
1.80704
-2.69545
-0.553755
0.428574
-3.22386
-3.55141
-0.552161
-2.87722
-5.61042
4.48275
3.98324
-2.50092
1.63807
0.23286
-4.3779
-1.04314
2.5131
-0.126779
-1.48441
0.360843
-2.32989
3.71325
0.538295
-1.71949
-3.16054
0.686344
1.12648
1.22483
3.31484
2.04506
1.90788
3.97617
-2.90816
-1.82334
3.95293
1.34023
-1.98224
-1.09468
-0.376182
0.695155
1.39468
-0.614546
-0.0292244
1.67651
-0.29191
0.906996
2.13051
-2.08971
0.57946
-1.02372
1.94163
0.0707921
0.306868
2.58172
0.071985
7.98331
-2.55643
-1.10164
1.86253
-0.768294
-0.911473
0.196159
3.50634
-4.22583
1.17912
-0.734004
0.937386
0.562153
1.18243
-2.44809
-3.33892
2.07081
4.1464
-2.32143
2.47463
-0.70157
0.969199
-3.36847
-2.55837
-1.16944
-0.944637
4.33276
-0.90249
0.412209
1.15524
0.571482
-1.57025
-0.356785
3.62285
-1.82881
6.36449
1.01274
-4.58834
-1.65045
-0.198572
2.23509
0.210286
-0.511173
1.80139
-0.393756
-2.87076
-0.792773
-0.941345
-3.30131
5.52333
-4.53594
1.53839
1.56336
-1.14178
0.0237744
2.64013
0.300418
3.36865
-1.10554
-2.62227
-0.0223473
3.1931
-1.28604
0.623004
1.05542
2.4279
-0.452366
-3.44931
-1.64167
-0.113096
2.58402
2.28458
-0.261406
-2.08255
-0.535569
0.599385
4.68206
2.58932
1.93548
0.720442
1.44341
-0.81537
-5.33478
4.56302
-1.40882
-2.17833
2.71441
-0.587113
5.32293
-4.31989
-3.53585
5.29669
1.08907
1.25935
-3.63622
1.12138
-2.60241
0.621755
3.40588
-3.54211
-1.89211
1.96384
2.91221
3.71291
0.504118
0.708427
-2.95005
2.12296
-0.76506
-1.76415
-0.0714393
2.38922
2.43832
-6.39509
2.26641
1.70231
1.75692
2.8691
-2.17185
0.0770748
0.154268
2.32624
-3.46289
-3.36484
-2.70041
-1.31771
1.03791
-2.9524
-2.25603
0.606256
-2.21305
-2.3675
-0.481955
-3.51453
-1.96746
5.31292
-4.81613
6.21139
-6.03511
-4.27035
0.37622
-1.35522
1.0803
1.59959
-2.22288
2.069
4.21041
0.983378
-2.78072
3.224
0.483753
2.5127
-0.064836
-3.36536
-1.90864
1.09723
-1.16316
-2.64563
2.06086
0.0655333
-3.19503
-3.33486
3.89459
3.08302
-4.38726
-1.66669
-0.486681
-2.21444
2.33596
1.82543
3.90506
-1.26083
-1.62354
-0.321397
-0.227707
-1.40827
3.64598
2.43179
-0.657242
0.770391
6.81082
2.07433
-1.70952
-0.190979
-1.04518
-1.70573
1.84579
2.69322
-4.99574
3.52476
1.90908
-4.64486
1.82754
7.74862
-2.99943
0.52284
-4.25176
0.37927
-2.31064
-2.13559
-2.02218
1.87488
-2.30481
-2.13316
1.08565
-3.30411
-1.1619
5.87772
-3.11872
2.28739
-2.70486
0.545306
1.32876
-0.736878
2.14712
-1.72622
-0.334866
-0.533856
1.86241
-1.86083
-0.45669
-0.23094
0.608632
-0.205004
1.4961
0.143478
-2.02224
-1.07838
3.49688
2.03877
-0.57058
-4.24529
0.905309
4.02594
0.356821
-0.877348
-6.12298
-4.70459
4.72713
1.08965
0.47928
-2.52838
-0.220811
-2.7911
-1.76042
-0.188993
-3.4849
-0.741919
-0.492768
3.3487
-0.912719
0.072457
-1.5089
5.15107
2.73746
2.54647
0.213623
1.90016
-0.787914
1.61205
2.7541
0.3781
-1.32573
-0.857061
-0.872471
1.79549
-0.20975
1.59254
-1.05321
-2.09006
0.497204
1.75139
2.89627
2.24712
-3.22379
1.62245
-0.974636
-1.46433
1.3446
-3.10065
-2.8747
-2.29791
-1.30309
-0.189021
0.927031
-2.50984
0.256571
-2.33635
-0.371969
-1.5387
5.48061
1.87038
0.0631752
1.54822
-1.58074
0.209686
0.498119
2.57001
-0.695308
-0.184168
2.13916
2.19416
0.223324
-1.31296
-2.78206
-4.46725
-1.05652
0.653695
0.893447
0.654912
-3.15142
-0.0104688
-2.39364
1.0729
1.08656
2.18166
-1.52005
-1.46886
-0.681546
0.717895
-1.76259
1.14461
-2.58344
0.124997
-1.40625
-2.20689
-0.271597
-2.47254
0.907687
3.80698
3.89861
1.09609
0.603479
0.988596
0.137725
-2.40894
-2.62968
-2.00579
-1.45227
0.976269
1.40669
1.85249
1.74025
-1.04328
-0.20978
-1.01326
-1.20022
0.108034
-1.10451
2.95171
2.41906
0.891962
2.77844
-0.794033
0.173989
0.730179
1.6304
-0.0239599
0.481683
-0.582824
-0.485457
-1.73113
3.06552
-1.25599
0.390903
0.347792
-0.721959
3.00654
0.277229
-1.27261
0.38311
-1.49794
4.43135
2.39075
0.00517636
-1.37763
0.0735301
-2.28539
1.15065
-0.343977
4.50088
1.47526
-0.497106
-1.84035
-4.27535
1.01733
2.24981
-2.17748
-0.985865
1.02886
1.89361
-1.45636
-0.678187
-1.83445
-0.732097
-1.4787
-1.54643
-3.0683
0.916513
-0.140176
-0.68095
-3.17695
-3.9264
-2.70162
1.53747
5.63849
-2.92196
-3.52517
4.08512
-2.54849
2.5405
-1.58211
1.0376
-0.34152
-0.0562564
1.62211
0.257446
-2.07951
0.100827
1.06252
0.0422269
0.238172
-1.20726
1.21949
2.17242
2.67234
0.203764
-2.5496
-2.58409
-1.62663
1.44755
1.57363
0.839074
0.242069
3.61057
-2.41602
2.90847
-1.72281
-0.832169
-0.607697
0.935334
-0.620009
2.57201
0.594992
-3.21079
-3.23105
0.867541
-1.26772
2.12123
0.78366
0.435388
1.6456
-0.162002
-1.81438
-2.26554
1.46153
1.26617
0.757597
1.04211
1.12776
2.32852
-0.784308
0.0458958
2.19134
-1.97564
-1.99239
-0.870305
2.19
0.531993
-0.725916
0.569493
-3.09372
-2.24501
-2.50724
1.63931
1.84172
0.464985
2.67234
1.62864
-1.03965
0.356176
3.77076
0.611318
0.351104
-0.202764
-0.141185
-4.22896
2.38074
1.41322
-1.39387
1.8496
-0.608927
1.57634
-0.0764884
0.342149
-0.576412
-1.06722
-0.42565
0.938773
1.85907
-2.36216
-5.42585
-0.695119
1.00258
-0.0134455
-1.86515
-0.621237
4.51545
1.99695
0.66632
0.841512
0.458945
-1.9595
-2.48474
1.31977
1.69487
2.80849
-1.72016
0.0691884
3.93722
0.65218
1.0395
-0.795159
-1.77836
0.0890343
1.7072
0.28113
-3.23453
-2.25792
0.442902
-0.511178
2.02135
-0.0438026
1.89047
-0.984554
-0.244284
-0.683231
-2.63014
-0.58366
-3.17661
1.44057
3.33134
3.55158
5.35827
-0.99014
-0.289047
1.52845
1.19697
0.705732
-3.52935
3.30532
-0.608211
-0.0420312
-4.78254
-2.58393
1.76611
-0.478192
-0.193897
-0.692518
0.243772
-0.993412
2.5773
1.49412
-0.119122
-2.21059
1.19802
-0.441261
3.02274
3.89405
-0.189923
-1.88528
-3.31687
0.353853
3.1739
0.321506
-2.9482
-4.04927
-3.8978
0.858301
-1.57674
-2.87417
0.435636
-3.33178
-0.81302
0.0983694
-0.631557
0.0356908
-1.67441
1.54721
1.86082
-0.183024
0.3674
0.133208
-1.71518
-0.498545
-0.198437
0.750523
-2.11511
1.69133
0.550169
0.565985
-2.30496
-1.91216
1.27239
-1.76255
-0.176442
-1.09145
-4.0635
3.09128
3.26921
3.04711
-0.866731
0.267316
-2.22575
-1.83435
-0.0823484
1.88547
2.32454
0.605447
-1.75296
1.25153
1.97147
2.53019
-2.15282
-2.02202
2.29356
0.209785
2.79163
-1.84395
-3.37874
0.314884
-4.67554
0.772846
4.10534
5.2517
0.301677
-2.30266
-1.01849
3.07964
-0.451524
-0.366599
0.591349
-2.02775
3.13832
0.495403
1.31877
3.99664
1.29446
-0.0268494
3.55019
1.49639
-2.96568
1.11613
-1.27091
-0.327488
0.508637
-7.78267
1.37558
3.83114
1.12861
3.08724
2.01462
0.747318
-3.54625
-2.12765
-0.463264
0.0502606
-1.18133
-2.23893
-1.21392
-2.27264
-3.09296
-2.22338
-0.430568
2.36126
4.79782
-2.50148
-1.7058
0.546628
0.586178
-2.27611
2.5719
0.146515
-1.48823
-0.744679
-2.05948
-0.556967
-1.8333
-1.42238
1.12055
-1.8248
1.97451
-2.54793
2.22552
-0.689491
-1.50645
-4.94186
3.71944
0.514995
-2.88825
5.35013
-3.07503
4.4973
6.96113
-5.32646
1.80187
-1.91712
-3.5574
0.573172
-2.39536
2.48352
-1.16931
2.08746
-2.9572
-2.08372
-2.42365
-0.337494
1.49846
1.88393
2.13721
4.53083
0.67409
-0.161128
2.08654
0.382564
-3.60971
0.740295
2.47967
-2.87302
4.11401
-1.93233
2.63158
0.630013
-0.107956
1.45466
2.86901
-1.44719
-3.07635
2.26579
2.89367
2.37176
-0.202625
0.610146
1.67401
3.0238
-2.06405
2.41312
-2.52847
-3.15256
-1.44876
3.89521
0.0523072
1.01138
-0.779383
-1.31414
-4.70175
-2.88006
-4.37547
-1.21243
-1.14038
-1.07126
-2.33203
-1.85952
4.51654
-1.49532
1.96327
2.28627
-0.968571
0.0834344
-3.44237
1.51576
-1.70606
-1.62942
-2.73412
4.37456
3.19241
-1.91707
0.811614
3.13201
1.09765
-2.15771
-0.52262
-1.04567
-0.62585
-1.63747
0.321668
0.0599685
-0.361994
0.458942
-1.42293
-0.933021
0.823157
1.24696
-2.69632
-0.638997
0.16189
2.30762
3.91098
-0.194271
-7.50541
2.78734
0.521019
2.7777
2.09489
2.82864
3.39702
-0.581673
-1.3071
0.893941
2.28435
-5.16163
-1.00104
1.56729
2.20078
1.53604
-1.60108
-2.1955
-0.285685
0.0409694
1.30993
2.98198
-0.34241
6.3194
0.895978
-0.203508
-1.79145
2.73932
1.16796
-1.72513
0.134864
0.0519516
-1.43951
-1.24539
-0.766184
-4.87303
0.1847
-0.747968
-0.0709491
2.06347
4.80298
-2.44427
0.976947
-0.423801
-1.35468
2.97381
3.47453
-2.36446
-0.841727
0.430285
-1.92505
0.276163
-1.12563
-1.13664
2.4787
-0.442515
-4.04393
1.43747
4.07245
1.57582
-1.6809
1.16058
-1.39642
0.427054
0.241133
0.0706173
-1.53317
-0.484266
2.1157
-0.367321
-3.2818
4.96656
-0.553533
1.16454
-1.26927
-0.517089
0.115196
-4.43114
2.64253
-0.914493
-2.45834
1.108
0.0442948
-2.90612
2.33219
2.41618
2.75185
-2.27271
1.16794
-0.581211
-0.616216
0.880692
2.72385
-1.86791
-4.15652
-4.67796
2.04427
5.41466
-0.467782
-1.54848
1.74962
-2.20023
-2.02261
-2.93819
3.27372
1.10949
-1.68549
0.543984
-3.25059
3.87079
0.934139
-0.201609
1.93918
1.31788
0.0841713
1.42558
2.58677
2.61838
-0.584563
4.3898
-0.0874681
2.08239
-1.58091
-1.43147
-0.302158
-2.91046
-0.444117
2.22122
-0.948613
0.278394
-1.61156
0.701972
-2.24255
1.23689
1.12995
2.65232
-2.07588
-3.96159
1.11138
0.831961
-3.74932
1.6295
1.63595
-2.74157
-0.0574497
-2.74036
-2.55231
3.05248
1.43541
2.11898
1.50826
1.81633
2.25533
2.44639
0.253568
-3.70807
-2.73151
1.15803
-1.68964
1.32163
-0.53891
-1.34813
-1.7408
0.887827
1.78608
-0.391988
-4.44113
1.72944
-0.9641
3.30359
0.113815
1.93976
-0.860856
-1.23869
-2.08953
-1.58964
-1.47147
-1.65823
-0.906814
1.89656
-3.98299
1.23208
-1.96778
1.47907
1.11618
0.673759
0.0664364
1.25754
0.335601
-1.06993
1.72826
1.88787
-1.06562
-0.166921
-0.153183
-0.73147
-1.44441
-3.00112
-2.02221
4.34247
2.2051
0.527436
-0.095799
-1.13757
-0.743349
0.818909
0.638441
-1.42036
-1.20873
1.16226
-0.835859
-1.67942
1.09151
-1.76871
-1.03295
-1.9274
-0.677513
-4.81856
0.189852
2.47292
0.320125
1.09585
-0.283473
0.700609
3.10169
1.22695
4.1343
-1.92994
-3.5389
-4.61246
0.756626
-0.795394
-1.21434
-3.21286
-1.39059
-1.54382
-2.88035
-0.748331
2.18304
0.0239796
2.298
-1.09921
-1.00337
-2.78517
1.12766
0.411741
-1.60554
0.0252537
-2.83949
-2.98899
-1.17145
-0.160283
-3.20574
3.23449
0.373089
0.135273
-0.958236
0.208004
-0.692633
-0.4781
-0.287882
-0.958249
0.333959
-5.93354
3.26802
-2.07523
-1.26304
2.15461
0.239409
0.529964
-0.531553
1.10174
3.36204
0.323733
2.42737
-0.890458
0.447754
-5.4606
3.59771
1.5622
-0.460805
-0.103939
3.60678
3.17487
4.6842
2.59574
2.69941
1.80413
1.05397
2.13386
1.29566
1.55857
3.30838
-0.14466
2.29153
2.57967
-0.520997
0.58991
0.862267
-1.24954
-3.07108
2.1889
-0.366443
-2.86772
2.14086
1.6201
2.02435
-0.168412
-1.12457
2.15194
-1.42735
-0.757709
3.32558
0.151492
-0.066597
1.41947
-0.908822
1.34892
-0.718226
4.06812
-2.98903
-3.39552
-2.07236
2.10469
-0.56718
0.646903
4.29057
-0.201414
-1.83778
0.353668
0.535887
-1.86037
-0.710039
-3.90359
-4.02312
-3.08788
-1.26191
0.559763
1.43137
-1.74049
-2.23239
-2.61262
-0.429986
1.05724
-2.65729
2.43217
1.3163
-0.617519
0.318023
2.7532
-0.291052
-0.936345
1.59531
-1.03713
1.06526
-1.15532
3.06762
3.56098
2.98156
4.12041
-0.252291
3.1009
-2.08426
0.845938
1.35327
-3.27473
0.497623
2.33281
-5.48745
3.10525
2.34837
-3.14217
-4.06558
2.60867
-0.853951
0.581016
-4.00978
1.98801
-1.79727
-2.67737
-0.636502
1.96493
0.303952
3.79118
2.8609
-1.29075
-0.478812
-0.909836
-2.37739
1.6479
2.02648
-2.44591
-2.14027
0.140528
2.06821
0.782704
2.054
3.35581
-3.20315
-2.51836
2.1015
-1.3186
1.82314
-0.756605
-1.77331
-3.02111
0.79032
-1.97176
-3.86387
1.5008
1.51209
1.24399
-1.00724
-2.6004
0.315486
2.146
-1.13905
7.31909
3.25294
-2.56276
-3.35533
1.28472
0.244657
4.59526
-0.68329
-1.69476
-2.97697
5.69031
-1.57012
1.74412
-0.464168
-1.5417
1.5974
1.98607
0.306834
-1.54231
-4.34299
1.24706
0.288284
2.52364
-0.817737
-5.62203
1.27538
2.32272
-1.74787
-1.59455
-1.07425
0.839884
4.30711
2.62742
1.0606
0.0592577
-0.163482
-1.27895
-0.876252
-3.57416
-0.731886
-3.76024
0.611053
2.15285
-3.94342
1.60823
1.17782
0.477723
-2.20944
2.10554
1.55294
0.761093
2.85847
-0.446116
0.951518
2.45401
1.46062
-2.08961
-0.571514
-0.635595
0.105075
-1.64898
-2.31303
-0.234883
-0.65882
-0.0661372
0.971128
6.49703
5.66189
-3.17047
-3.00484
2.79259
0.361367
1.11216
-1.42044
-2.09485
1.90481
-1.64767
0.955295
-2.38155
3.60097
-1.55503
-1.88645
-0.623891
-0.268963
0.306748
3.56841
2.63067
2.16861
-5.06452
-0.88427
0.320895
-1.75594
-6.15744e-05
2.72671
-0.340513
-4.86476
-2.70495
-1.76882
-3.65354
1.74035
-4.15987
0.292742
0.661635
-3.3744
-0.709342
1.73706
4.65311
0.908061
-6.73453
-1.99805
4.41191
-2.53501
4.87008
-4.99825
-2.84078
-2.28393
-2.72568
-2.0849
-4.16452
-1.23088
4.40696
4.44433
0.0510395
2.12571
1.39299
-0.165564
-1.35835
-0.716787
-0.593717
1.07739
-1.15363
2.19002
2.56756
0.919609
5.75242
1.65232
2.48031
-0.581598
-0.00914171
-1.25658
-1.77189
0.845135
1.69312
-2.65178
-1.75469
2.70607
-1.30543
0.947877
-1.67274
-3.30628
3.76222
2.896
-3.22246
1.06666
1.17102
0.201952
0.309126
1.70671
0.0333536
-4.85356
5.88945
-1.91136
4.42127
-0.110142
4.45931
4.80772
-1.47977
-3.0014
-1.66088
-4.06397
0.512985
0.321203
2.94549
-2.45588
-1.77948
-0.83237
-0.464801
1.43676
0.0442656
2.7042
3.08787
-8.52086
-6.83641
-0.137442
3.97467
2.09681
-0.384937
-0.692074
1.4469
0.604315
-0.690658
1.11031
0.992195
1.62533
0.902942
0.00782179
2.05427
-1.58715
-0.634323
-1.91178
1.29353
0.181462
1.59406
-3.0758
-4.83279
0.972361
-0.510226
-1.41967
1.30754
1.59281
-1.24337
-1.08299
-2.94137
-3.29254
-3.19459
3.16575
1.64835
3.51539
-0.150739
-1.08308
0.299154
-0.879781
0.55661
-1.64852
-0.619088
0.269349
0.0755472
-3.64223
0.571586
4.33884
4.81227
-2.39965
-0.547058
-0.756623
-2.51307
0.59894
0.435565
1.77939
-4.59295
3.49428
1.45244
-0.701765
-1.51536
0.417355
2.19345
3.97261
-0.219768
-1.6245
1.57897
0.471219
-0.974349
1.97857
-0.729118
-1.60464
-0.437175
4.62713
2.86901
-2.58467
1.05233
1.15148
1.91595
1.42963
1.28793
-2.22699
0.377583
-3.71865
-2.58864
0.00462671
0.523311
-2.22222
-0.0444364
-0.2623
-2.74926
-2.07709
-0.468831
-7.5386
-2.31288
-2.19775
1.64109
-0.69068
-1.38937
0.0155315
-0.392944
1.5395
0.156724
1.14349
-1.21043
1.45055
-1.75012
-4.19002
1.05767
0.416542
-1.99728
1.55718
3.10832
-1.06236
-3.12479
-1.77311
3.4256
3.75525
1.7218
-0.0113092
-1.36799
-1.66415
-1.78832
-1.67436
-3.50096
1.22774
-2.64281
-1.01178
0.793692
-2.10639
-1.25234
-2.62243
3.03571
0.726682
-2.89242
-2.8028
1.01978
0.981854
-1.23543
-4.31808
2.91838
0.741039
2.39417
-2.78313
-0.695047
3.85248
2.96744
-2.41796
3.00911
1.41585
0.62209
3.55126
0.701463
1.10606
0.245229
-1.10199
1.33196
0.64773
-1.25312
1.8518
-0.297938
2.15644
1.67531
1.51042
-0.733979
-1.35312
1.95832
1.03661
-0.344485
-4.8457
1.47098
3.90537
1.60539
-3.08078
-3.88626
0.88401
3.563
3.42712
2.83932
-2.56711
0.631967
1.7582
1.68801
2.10987
2.19226
2.99888
-0.611277
0.0713679
3.55217
0.256943
2.71682
-0.457913
4.64478
-2.03806
-2.11469
-3.12399
5.76071
-1.54168
-2.66267
1.65905
-1.64046
2.13057
2.64638
1.82293
0.346024
-2.10142
-1.33444
3.53814
0.143021
-3.18702
-4.06093
-0.679743
-1.05544
-2.15836
0.885115
0.971851
1.92871
-2.46772
-1.16867
-2.01257
3.75537
-1.16375
2.03104
1.50948
1.88353
1.50643
0.582679
-2.07884
-3.05159
1.84804
2.8609
1.4685
2.42003
-0.38186
0.191478
3.48275
-2.8977
-0.695045
1.22234
-2.13854
-1.52153
-7.12837
2.73133
1.65469
-2.96256
-3.6954
1.62105
1.18977
-2.23284
-1.73679
0.467536
-1.837
-2.35619
-0.609826
-1.9382
0.960653
2.66269
-0.748429
0.667693
-1.05247
0.869315
0.983897
-0.0750466
0.716608
4.69177
0.955198
0.70577
-1.85989
-3.91681
1.42012
2.89324
2.54998
1.41693
-1.80468
-1.61098
-2.8463
-0.456264
1.00441
-0.0392646
-0.54534
-0.000218768
-0.493909
-1.03624
0.620442
-6.45943
0.686597
0.301067
-1.27988
1.53189
8.68801
-2.15139
2.18518
0.426026
4.48642
-1.25322
2.40139
-1.65073
-2.12392
-3.991
-1.58259
1.2215
2.07723
-0.302942
-1.01063
0.666988
1.37495
0.459576
-2.33971
-0.0847038
0.333023
-1.92627
-2.54093
0.412943
-3.63586
2.77913
0.721612
-3.20499
-0.790292
0.837323
1.61335
-0.962232
-4.6544
-3.12333
0.257334
2.12501
-1.95986
-3.4563
-3.61466
-1.4115
1.43239
3.90088
0.422662
5.61856
-1.70338
2.28399
1.75465
-0.436638
1.49513
0.990163
-3.40454
2.05151
-1.01235
-1.94042
-1.55211
-2.50503
1.78227
1.65772
0.296016
-0.641868
2.02941
0.316894
-2.50525
-0.039553
-2.23281
1.56151
-0.275824
0.294326
2.89677
1.03911
-0.6301
4.59689
-0.871613
0.59587
-0.773923
-3.16459
-3.82239
-2.84059
-0.644849
-2.66369
-2.68075
2.95344
4.09588
2.79072
0.295345
-0.113056
-1.10457
2.33457
0.582297
1.10581
-4.27387
1.92872
-1.86364
-3.24392
-0.296308
1.0114
-5.21063
-2.01205
1.19647
-2.49651
-2.1072
-0.392256
-2.1065
3.15687
0.556301
1.70961
0.220542
-2.02228
2.71687
-0.0431653
-2.67559
-1.67711
0.135229
0.0344297
-1.27468
0.537184
1.84054
-1.24813
-1.94527
0.413326
-0.754735
1.75892
1.70799
0.984323
-1.19611
3.19573
2.80686
-1.99619
1.9914
3.57689
-1.94654
1.3809
2.55
0.178546
-2.14045
3.80598
-3.32404
1.74688
-0.534093
3.71371
4.02537
-0.324925
0.484747
-4.77601
-1.30938
2.43303
-1.44911
-0.107054
-0.282918
5.85878
-2.98851
3.55471
0.640562
-3.64463
-0.300294
-4.12292
-1.79774
-0.777018
-3.25809
-0.918686
-1.26042
0.03819
1.30077
1.42075
1.10897
-0.282763
1.16779
-1.64723
-1.52544
-0.407561
1.70857
0.6744
-0.28525
2.98038
4.47756
3.36497
3.9263
-0.369669
-4.42686
-1.32746
3.14769
0.854682
-0.542677
-2.69548
1.75279
2.66395
-5.56172
-2.1947
-0.0764739
-1.26324
0.242842
0.998487
1.95677
2.09781
-2.07574
2.51421
2.57525
-0.207065
-3.61276
-1.10917
1.88496
1.41612
0.00214417
-0.807534
-0.979262
-0.609374
1.02779
-0.894317
-1.98265
-3.6502
1.30569
3.6879
2.41261
-0.822891
0.516816
1.27819
-1.36083
-1.09697
-0.0598489
-1.47277
-2.37949
-0.0326982
1.882
0.88614
0.782168
-4.67966
-3.12406
-2.79333
2.23703
0.0967789
-2.6794
-4.33345
0.0429395
3.38561
0.440196
-2.6123
-0.21326
0.22262
0.897701
-0.112948
2.24381
-5.52032
2.766
0.195356
-3.92058
-1.75655
2.00771
2.63464
-4.9655
2.51837
0.788244
-1.17913
0.862205
3.04217
2.63935
1.10492
1.79809
-3.35528
-1.31788
-3.30651
-3.06255
1.91484
3.36008
3.46714
0.462914
2.42539
3.73868
-0.905838
-1.03089
-0.229573
-2.09231
0.389798
1.10241
-1.62632
-1.37273
2.51257
4.43379
0.34272
0.61986
-2.73654
0.145754
0.567652
-0.412606
-1.66486
0.151732
3.21311
-0.955026
0.671682
-1.81126
4.26552
1.41265
-3.00701
4.07905
-1.11819
1.47971
1.02145
-0.194144
-1.92566
0.981131
-2.1285
-0.759284
1.65828
-1.94808
1.87511
3.39586
-0.822472
-1.26406
1.12438
-3.49394
0.567733
1.05408
-1.81523
-1.8135
-0.612236
-1.92158
-1.14275
-0.447737
-3.74129
-1.26152
-3.67349
-2.1286
-2.87162
0.759805
1.87862
2.31944
-0.0941847
0.347723
2.72103
-1.82541
-1.01193
1.9985
5.5223
0.973645
-1.12424
-1.71391
0.722869
1.55779
-4.12724
-0.541718
-2.1554
-0.586888
2.07397
-1.72043
-0.0961855
1.04437
3.67464
-2.87973
-0.343287
-0.580742
-2.58941
-0.837932
-0.986825
0.70595
3.13938
0.482292
-0.906741
-2.31232
-1.30985
-2.23462
-4.13833
-0.992269
-2.78524
1.15408
2.23803
5.54323
0.502421
-0.357931
-0.505824
1.56281
0.706425
0.921221
0.451556
-0.207788
-0.778894
3.63802
2.96118
-5.00689
3.38196
-0.251742
0.890381
-5.42188
4.60437
-1.75255
3.92551
1.47553
2.43016
-2.99199
3.32497
-0.12219
-0.73924
2.197
1.26237
-2.2149
-0.0196015
0.83885
-0.598265
-2.0329
1.36898
-0.0142519
0.645746
0.354498
-2.50031
2.26027
1.89871
3.52999
1.80405
2.79865
1.05988
3.20846
1.71673
1.51656
-0.539228
-1.71607
1.2641
3.20785
1.39995
-1.99539
2.71102
-0.783553
-2.92562
-0.266654
-1.49446
-0.0699727
-0.351452
0.0754245
-2.08867
1.02182
-2.49373
-2.07555
-1.15414
-1.16886
-3.23294
-0.205086
3.56023
1.33476
-1.99314
2.74198
-1.42781
0.423034
0.0803721
-2.50557
1.72709
-4.27219
1.88147
3.61723
-1.29082
1.4513
2.98216
-2.10636
1.6815
-0.0126849
-0.492357
-1.32055
0.50962
-0.0304702
-0.417786
-0.904113
1.25774
-2.33266
0.128144
-3.30495
-0.0678335
4.15565
-0.740761
-2.95293
-3.07295
3.66345
0.303045
-2.65634
-1.77692
0.343417
2.31054
-1.47735
-1.52389
2.26805
-2.18876
1.3143
-0.164151
3.31634
0.423999
-4.3065
-4.20649
2.61051
-0.871275
-1.06165
-2.97843
-1.16458
0.668621
0.657944
1.11795
2.2713
1.9663
0.584759
1.0711
-2.82983
-4.70083
2.10246
2.49576
0.105543
-2.66393
-0.0499483
-0.474794
-1.54757
-4.16614
-1.58757
2.01133
-0.187555
1.0818
-0.43091
1.49995
2.56363
-0.870807
-1.29949
1.96198
3.76878
-1.63478
-3.52349
0.470833
0.177493
-2.48432
1.1876
3.07562
0.121624
-2.4132
4.15859
0.221713
-1.25765
-1.54622
