-1.38596
-1.68214
1.81992
1.01281
-2.6587
-2.12102
0.21626
0.0620408
1.13785
-0.573411
-4.42711
-0.459378
-1.47223
1.61768
3.33267
-0.0659254
1.54082
-0.894236
-1.69583
-2.51055
-0.514834
-1.71858
0.563116
-1.83241
2.8795
0.593725
1.36267
0.764482
0.0431592
-0.15763
3.89522
0.760602
-0.052265
-0.956967
0.669185
0.589439
0.355806
0.685974
1.52057
0.271051
-1.81888
0.118107
1.20239
-0.976206
-1.47311
1.32617
-0.300445
3.16064
0.727127
-3.3527
3.34037
3.84365
-0.266106
2.95099
-1.63866
-0.350924
1.03896
-1.73107
-0.283078
0.496456
-1.54717
-1.05433
0.41717
-1.33943
3.18901
1.12572
-3.86194
0.328701
2.06514
-1.19713
3.94302
-2.60718
1.18527
0.632897
-1.54498
0.387536
-0.0936209
-0.978395
1.30115
-2.04356
-0.564508
-1.31635
5.51021
-0.214124
0.339249
-0.442624
-0.792061
0.910274
-0.646156
-0.798336
-0.872961
1.20623
0.281818
-1.50315
0.534376
2.83223
-0.607559
-0.410776
3.34351
-0.462749
0.791528
0.419992
-2.90991
0.185204
3.53387
0.114038
1.02959
-1.17111
1.67955
0.663359
0.583141
-0.414923
2.49637
0.0832312
1.23833
1.31539
1.69831
-1.91996
-2.09667
-1.38837
-0.350978
-1.08421
1.6287
2.11216
-1.00179
0.193218
-3.88935
-2.80062
1.92931
-2.82344
1.05878
-0.380312
-1.98246
-1.69084
-1.65136
1.29617
-0.84037
0.353911
0.563354
0.453483
0.0378035
-0.967344
-5.63435
0.9802
-2.4662
-0.467522
-0.79568
-1.9102
-0.16071
-0.457427
0.145259
2.98369
1.54003
1.61984
-0.126537
-1.82211
-0.0514317
0.0013593
-2.7001
-3.75142
0.676639
0.155108
2.34774
-0.64002
2.60617
-0.267107
-1.1269
-0.805483
-1.9223
0.147342
3.2439
2.03599
-2.53886
-2.22544
-3.03658
4.66664
2.23193
-0.830329
2.29746
-2.36823
0.459443
-1.89704
-0.744318
1.92006
-1.09312
-0.729995
-1.19907
1.12949
0.537322
-0.537649
-1.46035
3.51033
0.056447
-2.35525
0.582121
-3.40013
1.86511
-1.58434
0.183854
0.0323045
-1.14732
-1.84424
-3.58559
2.15634
1.52748
-1.50901
3.61446
-0.924842
-1.37999
-2.85822
-1.00275
0.641875
1.38054
2.25936
-1.90847
1.42563
-2.00695
-2.36012
-1.89466
-0.331326
-0.909394
2.62611
2.46636
3.30355
-0.968209
-2.38891
0.758936
2.2723
4.48838
1.42266
-1.92906
0.896434
2.23313
-0.907047
2.01906
-0.338984
-0.890427
0.415005
-1.60976
3.11715
3.05456
0.930282
4.46769
-2.7867
1.36653
-1.83947
-0.157716
0.258293
-0.503855
-1.65597
-1.4309
2.55915
3.20946
0.767469
-0.131355
-1.0862
-0.624568
0.43837
-0.0767476
-0.80546
-2.72204
-1.55976
1.24835
3.37813
0.660488
0.686717
-4.12328
0.374523
0.720978
3.06272
-2.32999
-2.25781
0.487615
-2.3957
1.12129
-0.765185
1.35912
-0.85919
-2.91476
0.625277
0.731643
0.319814
3.32933
-1.40065
-3.16873
1.5063
1.72743
0.897042
0.63399
-5.11824
3.54352
-0.747697
0.936908
1.62157
0.182119
-1.19671
0.656692
1.81339
-2.33279
-2.44957
1.3914
3.10904
-0.777699
-1.10461
-0.473341
3.89214
1.21811
0.290449
0.606671
-0.403377
-1.53418
1.19425
1.14404
5.26022
-0.0645783
-2.98219
0.255021
0.0534929
1.17818
0.0553492
-0.586299
-1.09388
1.29219
0.88418
-4.74169
-0.265534
3.8849
-0.570498
1.27476
-3.44223
-0.340511
0.197662
2.00907
2.49095
0.366527
-3.35037
0.581344
-3.75363
-1.29743
3.19097
1.64452
-0.64771
-0.132012
1.07014
1.89744
0.808548
-2.51936
1.91993
1.36229
1.21823
0.800061
-6.22579
-0.92202
-0.560332
0.627014
1.67032
-4.94287
-1.07305
-0.722388
-1.67289
1.07041
1.47248
-0.705146
0.598022
0.736696
-0.976597
1.28136
1.46549
-0.101605
-0.884615
-0.64752
2.7804
-0.728509
-1.00623
-0.0816417
1.70956
-1.89138
1.45645
1.3948
-1.54937
-2.8556
2.70354
2.22774
-0.532941
0.816357
-0.267302
-4.27868
-2.88257
0.863161
1.81363
-6.36962
-1.58744
-2.45954
1.19355
0.533682
-0.422108
0.741943
-1.16329
1.89711
0.563177
0.0293437
1.13032
0.543179
-2.85434
-0.551195
3.05859
0.378463
-1.90262
-1.44927
0.823537
-0.042395
-0.931963
-3.14533
-1.25771
1.68178
-2.90149
-1.55784
-1.63326
-1.18313
-1.95693
1.89499
3.69756
0.204553
-3.19767
0.0646546
0.721013
2.42074
0.0108153
-1.16338
0.788773
-0.873546
-1.50914
2.75774
3.6058
-1.53046
-0.524581
2.27586
0.224231
0.0755212
0.912342
1.80054
5.31808
-1.42893
-2.19825
0.564628
1.298
-2.00362
0.149732
-0.363427
0.596909
-3.79342
-2.29449
-0.675943
2.78534
-1.78708
-4.68559
-0.21786
1.79713
-0.302795
-0.294086
4.55634
2.624
2.41658
-0.497792
-0.123386
2.24965
3.6846
-0.407615
-3.75149
-2.27468
2.52339
1.4456
0.837669
-0.438249
0.766395
0.295364
1.17855
0.631469
1.42383
-0.324765
1.64093
-3.62677
2.05148
-0.978297
0.662503
-3.1325
0.13405
-0.246568
-0.584545
0.57659
-0.215981
0.27467
1.80468
1.8289
-3.22925
-1.09904
1.52812
1.37483
-1.20763
-1.75489
7.73469
3.35823
1.51731
2.37975
-1.09712
-0.452297
1.07655
0.672348
-0.0770798
1.78678
-4.55953
-0.0463999
-2.06676
0.327076
2.14338
1.36958
1.2775
-4.72445
-3.20246
1.33113
1.13076
2.07768
-2.38132
-3.11692
0.251113
-1.02648
-1.51867
-0.28721
-0.923913
2.73511
-3.37214
1.6605
-1.57722
1.94874
-1.41179
0.0933298
3.09054
-0.63849
-3.17312
-0.312341
-0.197378
-3.63368
-2.18215
0.30348
-0.583088
3.32152
-0.243621
-0.90737
0.0934483
-3.21842
-3.71024
-0.597407
1.66771
2.2271
-0.439986
-2.96356
-2.39584
0.49188
-1.51736
1.63679
-0.00384694
0.874958
0.0977976
-1.58988
0.973337
3.6468
-0.485259
2.089
-1.35367
2.36023
-0.282804
-1.14912
2.54034
-0.739845
-0.365405
-0.188105
0.0214192
0.265586
0.394048
0.212598
1.11303
1.75633
-0.857951
-2.34483
-0.176516
3.41568
0.72113
-1.25297
-1.61672
3.35448
-0.9707
1.29702
4.28598
1.65868
-2.09556
-0.719294
-2.10748
-0.852885
-0.142812
-0.346701
-2.57795
1.28079
2.53639
-0.291218
1.37045
-0.479711
-0.598634
0.50311
-1.3386
0.95803
-1.43349
-0.539962
1.30053
0.922913
-0.998659
-0.0362972
-0.172856
0.400285
1.19574
0.543896
-3.04658
0.312344
0.0885891
-0.658094
-1.47358
0.935226
-0.795197
0.695655
-1.00546
-0.445248
-0.848426
0.225638
0.500622
-1.96334
-0.0228077
-1.32931
1.85742
1.90192
0.776052
0.175406
2.12724
1.87508
-2.73405
1.40252
-0.636384
0.746354
1.28835
-1.89086
-2.01854
-1.33841
2.08287
-0.405294
1.21969
-0.818001
-1.42331
0.599843
0.552674
0.447683
-1.52744
0.583812
-0.786217
-1.70648
-3.05692
1.59528
-3.11067
-0.502492
-0.67075
-4.10261
1.1135
1.32405
0.737074
-0.654224
1.24914
0.904849
-2.55849
0.824488
0.0671242
0.627703
1.5045
2.46143
1.52414
-6.64661
0.0352641
5.89134
0.657246
0.790851
1.81967
-0.614958
-4.12071
0.0875835
1.01754
1.23658
3.68093
0.634519
2.43984
-1.4467
1.75037
0.716661
-0.830694
-1.36535
1.36502
0.258294
-3.18677
1.25021
2.08566
0.874949
-2.4004
0.723459
-0.598386
-2.15126
0.812426
1.72987
1.43788
2.20691
1.00704
0.430046
1.37753
-0.0933501
2.72334
0.805683
-0.698946
-2.82044
0.0440062
4.2882
0.561186
-2.21806
-0.55451
1.79852
1.49631
1.46607
-2.80692
-1.45969
0.33993
2.45995
-4.37634
-3.07872
-1.63861
-1.81064
0.186513
-0.213389
-2.65579
0.40078
2.94117
-2.25707
1.99022
-0.63092
-4.09812
-2.79141
0.336095
1.54266
-3.29332
0.953854
1.11952
0.84197
-1.50934
3.65184
1.27579
-0.881653
-1.07269
-1.19444
0.0831492
3.65275
-5.61203
-1.12745
4.50021
-1.28114
-2.24716
-2.33862
-0.373205
-1.08425
1.36024
0.358449
-2.21261
0.927071
2.00976
-0.971422
2.35086
-2.28699
3.57423
-0.746267
0.321716
1.13113
0.239834
0.236744
3.33213
-3.64226
2.24084
2.04267
-0.581173
-0.211847
2.21385
-2.47286
0.0598163
-0.746938
-0.0293459
-1.53685
0.836406
0.401002
1.6054
-4.4816
0.393684
-0.124675
-0.254124
-1.893
0.362682
0.899174
-1.7967
-1.9885
3.03125
2.32182
-4.67792
0.579789
3.92569
-3.13117
-3.62698
0.0381965
1.65363
4.13753
0.0857016
0.423872
2.12866
-5.56815
2.12579
-0.536503
-0.877764
1.26438
0.0516315
-1.08148
-1.51725
-1.65082
1.75857
-3.70273
2.88787
-0.075171
0.664046
-1.34097
-1.67805
-1.64784
2.71377
1.74752
-3.46187
-2.48676
-0.355885
-2.52709
-1.71226
1.40693
3.70267
-1.22765
-0.132742
-0.984329
-2.71849
-0.813446
1.15567
-0.665864
3.50349
-1.27455
0.0388609
3.91461
-1.74421
-3.60379
3.34831
1.63211
0.981683
1.74774
0.923603
-0.652012
-1.92169
2.42181
-0.0213851
-0.485057
4.01901
-0.733528
-5.05037
-0.670206
3.50891
0.486067
0.0773915
4.53951
0.632358
1.76379
-2.71306
0.129954
0.950574
-3.27737
0.654998
-2.00887
1.81561
2.6866
1.46352
3.18007
3.14964
1.9075
1.61865
-0.456339
1.39967
0.775832
1.6382
1.34426
-0.00281018
4.3571
-0.931957
-2.09554
-3.84125
3.43627
2.65809
-0.536493
2.60545
-4.75961
-0.559681
0.384263
1.45048
0.287844
0.213873
-1.21946
-1.51382
0.835114
1.2758
1.43509
0.8771
-0.611172
-4.70202
-3.96359
-0.272718
2.61027
2.83186
1.77545
-1.91456
-2.69542
-0.017168
-0.963568
1.88545
-3.17694
1.56367
-3.46072
0.565268
-2.00332
-1.12099
3.22767
2.1362
-0.0385723
2.95483
-4.14189
0.51064
-1.48808
-1.51139
-1.34594
-3.26912
0.540396
1.85538
-0.0400327
0.631031
-0.989637
-0.582358
-0.565692
-3.50471
-2.98193
1.32407
-1.82137
-1.62188
1.41258
-2.26578
-2.80995
-0.640669
-0.872743
0.133055
-0.791043
0.763757
2.5966
-0.362359
-1.12648
-0.905929
-0.32983
1.93892
1.40173
-0.482723
-1.48247
-0.962122
-1.29001
-0.45286
1.02654
1.15026
-2.6408
-1.19575
0.519318
-1.96716
-1.70883
-2.59059
-2.05811
2.85021
-1.80239
1.09412
1.00489
-0.973309
-2.79973
-0.562749
-0.0534452
0.391729
0.414656
-0.161171
0.59709
1.44921
3.23542
1.46253
-0.960138
-0.0145816
-2.77212
1.80673
0.747633
-0.883845
5.38628
-0.245964
0.464549
-2.99608
-0.646949
-0.362314
-1.2845
0.968066
-0.54547
1.65315
1.97229
-1.98684
-1.5278
-1.43069
4.1829
0.465789
-4.31653
2.26465
0.768305
3.12184
0.425934
0.160815
3.39353
-2.00371
-1.98347
0.0650742
-1.20139
-1.16685
-1.33622
-3.00508
-1.69702
1.5423
-1.51954
-2.33653
1.1021
1.47552
1.40608
0.611211
-0.548852
0.299549
-0.500763
-0.816367
2.18025
-1.95176
-1.09905
0.780647
0.874834
-0.217357
4.99337
-0.734586
-0.401898
-2.35689
-0.894305
-2.54437
-2.48493
1.0299
3.67698
1.88637
3.47109
1.76196
-1.17702
0.576687
1.1942
-2.32421
-1.18137
3.59705
-2.09221
2.37016
-2.36753
0.765965
4.04572
-1.45001
-1.89305
0.16832
-0.450247
-2.16238
1.52655
-0.679069
-2.16353
-2.06325
2.91591
3.56226
1.75172
-1.29561
-0.0434558
-1.77852
-1.41235
0.990798
-0.273972
0.599854
1.62898
0.979918
0.692437
0.188637
0.0619278
-1.92653
-1.09193
1.81089
1.71956
2.27774
2.395
-1.81007
-1.63587
-1.96256
-1.39792
-2.83995
-0.752546
-0.873227
-1.82472
1.92625
1.40358
0.300144
1.18979
-1.68954
-1.33872
0.632675
2.27085
-1.25383
-0.923836
-2.97757
1.0174
1.14102
1.92868
0.49207
0.200076
2.21802
1.89314
1.90592
-3.63481
0.812087
3.42164
2.31025
0.679502
-2.88647
1.55641
2.06077
3.95657
1.02433
-2.42814
1.60171
-0.299023
0.278509
-0.169511
-1.24467
1.57246
-1.48312
-0.23962
0.925211
1.42629
0.134226
-1.28696
-1.54932
0.124945
2.26341
1.92929
-1.37682
-2.04058
0.596014
0.611722
-2.23527
-0.418011
-1.35057
0.909698
-1.45745
0.797136
-1.15576
0.545546
0.329934
1.29372
0.491353
0.547976
2.41909
-0.913343
1.04069
-0.465118
1.88744
2.22811
1.05157
-0.0649823
-1.86553
-1.85396
-1.08714
-0.847546
-0.92667
0.405017
-2.29774
-1.12815
1.10714
-0.683905
0.0847114
0.221892
-1.65904
1.40044
-3.03907
-0.783059
-1.73633
-1.76306
-0.0036549
2.16722
2.26059
1.80511
2.10111
1.42429
-0.218335
-1.29792
-1.60303
-1.09933
1.44568
0.326907
0.778222
0.433391
-1.16501
0.170465
-1.32309
-1.16698
0.612206
1.25571
-2.18683
-1.14763
1.09606
0.545832
0.827464
0.891351
-2.98286
-3.79234
-2.68979
0.961838
1.47695
-1.93362
0.576333
-0.85579
1.51018
2.85837
2.13013
0.631366
0.23562
-2.65145
3.41114
-2.21673
-2.8864
-4.03818
0.791818
3.11087
0.579648
0.0155746
-1.04618
-1.84129
-1.27395
-1.55915
2.58567
2.16841
1.58008
-0.804913
-2.42965
3.17414
0.621656
2.58329
-1.62996
-1.44057
0.541345
-0.287793
-0.960694
-3.69802
0.309687
2.94781
-1.06207
-0.195134
-0.325557
-2.76833
-3.51449
4.37031
0.997891
-1.01596
-0.50485
0.180805
-0.0511663
-1.49753
0.350193
3.5477
-1.60656
-0.524121
-0.423772
1.79584
-0.646531
0.0655158
0.306694
-2.15318
2.06653
-1.47727
-2.67177
1.25138
-2.49266
1.45294
2.08999
1.94107
-0.779876
-3.29236
-0.208798
0.201478
-0.00323488
0.769908
1.45105
1.17739
-0.321337
3.42648
2.95356
0.885585
3.03709
-0.216859
-0.70724
3.24516
0.426148
1.65764
-0.841016
1.57774
0.860879
-1.11362
-2.48021
1.03102
1.57461
-0.162319
-0.281914
1.36546
0.448666
-0.387993
-1.06921
1.78396
-1.48298
-0.397515
4.33678
-2.02918
2.90671
2.68373
-0.207805
-0.841357
2.09405
-1.58282
0.858957
1.90639
1.86529
1.2274
-3.38366
-2.30329
-3.02364
-2.35082
1.37041
2.4795
1.63239
-0.740009
-0.810613
-0.283608
3.3141
1.48438
-0.31691
-2.50766
2.33771
0.335986
-2.60836
0.773354
-4.34087
1.86218
-1.99796
-1.30041
-3.56824
-3.26731
-0.863791
0.401737
-1.96258
-3.42699
-0.190777
4.23178
1.54548
-0.449137
-1.5227
0.124061
0.616225
0.312059
-0.747383
-1.44324
-2.5159
-0.617346
-1.11286
-2.08678
0.1733
-0.973505
-0.371671
1.59821
-1.83152
1.70527
-0.419018
3.79718
2.20862
-3.06972
-0.805518
-1.65759
-0.718386
-2.7381
0.45344
-4.63861
-2.70015
-3.47597
2.31041
-4.35926
3.43887
1.61792
1.16977
2.5548
-1.63787
0.252904
0.407969
0.915435
2.64557
0.978163
4.32464
2.74597
-0.666654
-1.63438
0.0398054
-0.125884
-2.28533
-1.52256
-0.808534
-0.0773259
0.739649
2.94549
-1.77429
-2.14491
-2.11565
-2.35478
0.837489
-0.767546
0.413459
0.00929598
0.283978
-0.363174
1.92479
0.542693
2.09595
2.95309
-1.21659
0.440127
2.38247
0.717883
-0.714349
1.93207
-0.114397
-1.04884
-2.458
0.700395
-0.323209
-1.87223
-0.26321
-0.749189
-3.3529
-1.89517
0.851004
1.04043
0.678743
0.838347
1.5949
-1.46366
-0.201222
-0.665879
1.5584
-0.121762
1.33721
-2.5094
-1.54408
0.585683
0.660965
0.850789
-0.066212
-1.27345
-0.601224
-3.13956
-2.8077
0.148469
0.68743
1.101
1.64227
1.61738
1.14368
0.00408928
-0.770362
0.357603
0.0679476
0.276098
-0.666966
-0.449917
-0.0627705
-1.67854
-3.59305
1.8791
0.248604
1.797
1.27021
2.7224
-1.90383
-0.134566
-0.478307
-0.411217
2.42008
0.886006
1.46897
3.7749
-4.30211
-0.210613
2.53621
-2.31142
1.00456
-1.95966
3.37423
-0.383722
1.83443
0.663784
1.1333
0.301603
0.650052
2.47031
-1.55612
0.240409
1.09651
-2.55971
-0.408001
0.255056
3.94665
0.63706
-0.965496
2.79881
0.375476
0.146225
-1.44111
-2.20753
-0.784678
-0.119381
1.02362
5.00295
3.42849
-4.11917
1.1057
0.146602
-1.15739
-2.25609
0.611778
0.423036
0.358824
-0.769563
-0.898319
1.1339
1.73636
-3.04616
1.36767
0.67649
0.808277
0.856538
-0.797063
-3.24735
1.87438
1.61977
0.904778
-0.0307192
-1.45502
-0.8588
1.58357
0.421663
-0.927696
-1.19097
-2.2314
1.74511
-1.36249
-4.06146
2.77443
3.35001
1.37907
2.18151
-1.65605
1.4331
-3.36302
0.977339
1.54394
0.859967
1.32591
4.19843
-0.787597
0.464635
0.960474
1.39171
-1.18356
-2.52679
0.251678
-2.51471
-0.860594
-2.672
-0.062472
-0.189352
-1.15533
-0.775928
-1.64087
2.98112
-0.982635
-1.76897
-4.63392
2.51911
-3.17727
1.28435
2.16634
-0.995371
-3.90517
0.291788
-0.130821
-0.191486
-0.188421
-1.26636
-1.39641
-1.15807
0.518916
-1.783
-0.753989
0.314512
3.05849
0.507085
-0.110725
3.33927
-0.480482
0.480074
-2.63565
-1.30223
2.53946
1.68439
-2.76194
-2.14421
-0.179487
0.339631
3.06248
0.471297
-2.87962
-0.26573
3.48519
-0.883366
-0.111118
1.92402
1.49882
0.0171493
1.17514
2.41254
-2.46452
1.99419
1.03388
0.67541
2.89689
0.276436
-2.08446
0.634168
-0.538871
1.10546
-2.48055
-0.772739
1.81078
-2.82121
0.0780491
-1.86579
-1.93191
0.471273
1.65735
0.803503
-0.693601
0.50668
0.313339
-2.32725
-1.04736
-3.18818
-1.64492
0.570978
-4.00202
0.486127
0.556509
0.0506582
-2.27286
-2.64654
-0.678254
1.43484
2.16363
-2.76855
0.382991
2.91873
0.415718
1.5196
-0.964633
0.981228
1.03819
-1.53519
0.719263
-2.40204
-1.84375
1.58728
2.27736
-2.64217
-3.8616
-1.91786
-0.581498
0.0401646
2.35263
-0.122105
0.853088
1.71875
-0.383042
0.941084
1.04663
0.994094
3.2882
0.96946
4.82336
0.923833
-1.81406
-0.823837
-2.79255
-1.43113
0.854354
-2.85122
2.56201
-0.368753
0.57406
1.14563
0.384027
0.384941
-1.14504
-0.497874
-1.4403
1.42643
-0.724921
0.731457
0.965908
0.290704
0.131363
-2.19002
-1.82107
0.754716
1.20465
-0.0277313
3.67138
1.39045
0.74773
1.25731
0.224223
1.08015
2.80616
1.88073
-1.18681
2.58653
0.686979
0.561098
1.74362
1.36123
-0.242497
-1.96971
-0.0471505
-0.0971584
1.66106
0.44709
2.4486
0.921013
-2.41287
-1.35066
0.773507
0.510566
0.397924
1.03464
0.413366
-0.629795
5.31029
-1.56149
0.884887
1.16075
-1.00868
0.00839716
-2.12067
2.11019
-0.683787
0.0485631
-0.385877
-0.198951
0.746507
1.31116
1.1923
0.841511
3.52189
-2.49258
0.0227876
-2.90767
-0.453475
5.97029
-2.07222
-1.60185
-1.33243
1.12183
-3.51873
-2.64549
-1.05915
-2.71373
-3.93642
-0.0656064
-2.06349
-0.103564
0.563419
-1.2251
-0.208908
-1.08586
1.28029
0.10761
-0.884988
-1.57428
2.24903
2.21996
1.45295
2.62156
1.30493
0.655103
1.51393
-1.9381
-2.17786
-2.72723
2.1972
-1.41405
-0.177982
1.19331
-0.972692
-1.35294
2.3236
-3.72719
-0.889339
-1.13616
-0.987119
-0.336187
-3.10453
-0.112418
-0.365681
-1.35086
-0.0718706
-0.831061
0.810049
1.11224
-0.51677
1.3044
-0.225381
0.668783
3.56547
3.63022
-0.0479915
2.28595
2.08304
-2.40033
-1.84822
-0.573398
1.57024
-2.5978
1.12165
0.299642
-1.21669
0.635608
-0.25548
-2.58986
-2.77543
-2.61546
0.261
-0.764653
1.98256
-0.979418
1.74549
-0.696772
0.504289
-1.15815
1.3165
1.11732
0.180642
0.803338
0.867822
-1.32094
0.7341
-5.22157
-0.0399737
2.87911
-1.59986
1.11098
-4.56572
-0.518939
-0.466708
0.748709
1.66505
0.17916
0.00143257
1.35322
-0.214966
0.197818
1.503
-1.27934
1.16425
4.1728
-2.08001
-2.37687
0.915825
2.03814
0.430167
-0.102057
-2.22167
0.238223
0.253944
0.711079
0.131832
1.7924
2.95704
0.936163
-1.44391
0.024342
-0.316298
-3.81911
4.50039
0.585593
-0.742413
-0.890418
-2.03905
-0.124818
0.660076
2.25155
-1.39292
-0.968334
1.64335
3.3643
-1.71787
1.63214
0.866802
2.08858
-1.11667
-4.20168
-2.18889
6.66766
-3.89259
-3.22945
2.33243
0.211433
1.42721
1.39931
-0.955172
-3.94257
-0.108184
3.30552
-0.763113
-0.321822
1.87548
-2.5764
-0.94683
0.86752
-3.01393
1.61287
0.260115
0.0621774
0.893345
-1.26498
-0.192653
-0.0341768
-1.90724
-1.70301
-1.52498
-0.831923
4.10382
0.11036
-1.26326
-0.406727
-0.126617
2.56353
-3.38412
0.104925
0.648974
-0.152533
-2.01244
1.0577
-2.62525
0.917131
6.18596
-3.22159
-2.27993
1.42499
3.09114
1.26917
-2.17259
-1.87542
-0.437781
2.40238
-0.448432
0.46984
-2.35364
1.56022
2.0302
-0.118592
-1.43914
-0.84793
2.51123
-1.24795
-0.766626
1.55351
-1.579
-0.753369
0.506577
-0.838051
-1.35032
-0.670146
-0.727479
-4.65658
2.50559
2.60199
-1.49337
-1.91117
-0.599547
-0.352386
-0.698264
-1.99117
1.03449
2.50784
-2.19
0.304531
0.403935
-1.155
-0.213137
1.21875
-2.64636
1.11015
2.89921
-0.882056
0.432042
-2.92966
0.762451
-1.93618
1.89812
-1.70852
0.232087
2.95941
-2.16376
0.949474
-1.22403
0.187272
0.514202
0.123556
1.00154
-3.07102
0.564271
0.393827
-0.152931
2.22414
0.145146
3.02478
-0.0889935
2.25801
-0.610946
-0.606043
1.75197
-0.391245
-2.08867
-0.77505
2.0522
-1.02076
0.0613947
-0.288489
0.185921
0.468239
-0.933332
-0.502782
-0.201919
2.81201
-1.99212
0.869257
1.63051
-0.219944
1.24892
-1.70872
0.00596468
-2.316
3.63257
-2.93037
-0.106645
-1.01391
1.17244
1.55499
-1.47392
2.49759
-0.627567
-2.50904
3.33738
1.88101
0.390444
-2.47419
-1.74337
3.65443
0.762399
-0.485605
3.67738
1.13642
0.588705
1.63
-1.92532
2.58843
-0.701162
0.522373
2.27155
3.1126
2.28489
0.744041
0.57846
1.59846
1.00652
0.821527
1.6208
4.02754
0.21139
0.0938785
-3.74392
1.49764
-1.79641
0.970344
2.68243
-2.02634
-1.74923
0.508041
3.01192
0.755049
2.38136
-0.932561
0.352739
-2.24048
1.70443
-0.611984
1.48465
-1.31986
-1.06521
-3.2803
2.21921
2.68634
-0.701087
-1.79748
-3.00382
0.618788
-1.76025
-2.16644
-1.33946
-1.30097
0.0514492
-0.883601
-2.4793
-1.20236
-1.22078
-1.95435
2.39568
0.349819
0.293376
-2.27816
-0.162257
-2.07626
4.82429
0.685337
-2.94731
1.59853
2.84195
1.5914
0.27992
0.515876
-2.53095
-0.221963
1.85184
2.64157
-2.64508
-2.07526
2.03555
-0.37499
-2.6367
-2.64606
-0.310316
2.57223
1.04079
-0.0503858
3.50133
0.613018
-3.83691
0.637312
1.39328
1.0862
-2.40786
-2.7754
2.55505
1.70366
-0.164895
0.449798
-1.71291
-1.94972
0.727785
-0.934833
-0.55762
-0.971374
3.03916
-4.25318
-2.01447
-0.158386
2.15013
-0.224475
-0.747963
-0.236829
0.150461
-1.66593
-1.97017
1.80707
0.339748
-1.69564
-1.83296
2.30495
1.21317
-0.524896
-0.712131
1.49145
1.82511
0.269103
0.74981
1.47687
-1.07484
-0.833243
-0.580463
-0.991829
-1.88706
1.05064
5.32617
-3.07263
-1.68039
3.22337
0.326697
-0.107329
0.328147
-1.49701
-0.163141
1.39696
0.127682
1.54659
-2.74472
-1.96377
-0.682216
1.6154
3.15024
-1.95063
2.22328
-0.526079
0.00209836
0.117647
-3.87082
3.31699
0.723624
4.0209
-0.846364
-0.580161
-3.42648
2.66334
-3.09534
-1.9388
2.31521
1.1036
-2.1674
-1.17312
3.67859
1.14181
-1.52493
-0.819263
-0.4798
-3.06236
1.86917
1.22496
-2.43095
0.938946
1.16276
0.894264
0.66292
0.0536277
-2.44539
-1.95347
-1.47327
1.13154
2.24075
0.119479
-1.70761
-2.35689
-0.240331
1.18641
1.46868
-2.00377
-1.14472
1.7678
0.756845
0.0205042
0.32141
0.216597
0.0666267
0.974827
2.71329
-3.44755
-1.09899
-2.49154
1.60543
-6.05643
0.565162
2.56377
-2.03586
-1.24409
-0.0465061
-0.11348
-2.27832
-1.27114
2.82132
-0.554448
-0.384615
-0.300087
0.735942
-1.02944
-0.800438
0.080625
1.73709
0.462551
0.0877681
0.454716
-0.746408
-2.82346
0.252844
0.27213
3.14457
2.01837
0.546088
-1.52261
-0.884688
-0.16807
1.42775
0.511608
1.28444
-1.40332
-0.78708
-1.2994
-1.57364
-1.67754
-2.78969
2.14213
-0.811537
-2.32573
-0.0658891
0.718324
0.82134
-0.635864
-0.803777
0.92971
1.99016
0.0575408
0.260046
0.837184
-2.1646
0.417657
0.287175
1.62721
0.283893
-0.0287178
-0.308063
-0.597179
-0.19379
-0.797997
1.77008
1.15224
-0.37368
-1.04026
0.673068
2.02188
0.158662
0.613067
1.20164
-1.30381
0.589754
0.352742
-1.6516
-0.146336
1.05875
0.368234
-1.30181
-1.07863
0.5227
-2.60776
1.84165
-1.35422
1.54786
1.12639
1.07725
1.83059
-1.12462
1.81637
-2.37579
2.22857
-0.598308
2.72584
-3.52216
-0.51315
-0.238792
-0.688394
0.619697
0.903008
1.33837
-1.58561
-1.45781
0.781735
0.720929
2.56348
-2.19166
-1.78199
-1.83833
0.424481
0.014945
0.701755
0.539997
-3.45897
-1.82058
-1.43064
1.66494
1.99826
-0.00292037
0.106038
-1.45234
1.36796
-0.243185
-1.63675
0.56986
1.10837
-0.565476
1.24459
2.26125
0.534144
-0.0418247
-2.35487
1.06028
3.00793
0.977864
-2.93256
2.74411
-2.8045
-0.235533
-0.913024
0.254019
-2.22854
3.79298
0.453246
2.32716
-1.54644
1.5012
2.70231
0.560398
-1.65229
2.09422
3.64645
-0.575512
-0.893009
1.17992
0.168024
1.1962
1.47014
-0.397529
1.5761
0.859466
1.05041
-1.75818
1.31083
1.87852
0.223982
-0.15024
-1.2966
-0.5949
0.344247
1.72948
-0.402461
-2.13606
1.18718
-0.238323
-1.48273
-0.156892
2.33487
-1.55371
1.00783
-2.42663
2.33723
-2.34169
-1.11095
-0.358934
2.54296
1.41372
-0.62587
-2.56113
1.22748
-2.56074
1.24416
-3.15662
1.48706
-0.418558
2.53344
-1.83911
0.155968
3.04306
1.39781
-2.49773
-0.621853
-3.54333
-4.54098
1.04483
-0.114846
-2.94359
1.15007
-2.34134
-3.92315
-0.572041
-0.568015
1.84522
1.77786
2.83381
-1.93739
-2.21462
-1.83223
1.48243
4.18256
-2.80321
-1.27081
-0.797184
1.06403
-0.290906
-1.28335
2.08475
1.74768
-4.17755
-1.00978
-0.586413
4.29655
-1.31075
-0.373632
0.917172
-0.348719
3.98804
-1.61739
0.247989
-0.44474
0.187722
1.03232
-2.48937
-1.43039
-1.6858
-2.73758
-4.90401
-2.27034
-2.03488
-0.7648
-0.272309
-0.351063
1.19858
0.407347
0.859584
0.146223
3.186
-0.571557
-0.210891
-1.33031
0.128875
0.761934
3.00594
1.25328
-2.3187
-0.197655
-1.12924
0.293771
-1.09072
0.235504
2.10089
1.26273
-2.33505
1.48065
1.58456
-2.30231
-0.656255
2.14705
-1.43829
-2.25211
-1.56025
0.939066
1.19189
2.16611
-1.60637
3.53591
0.860762
-0.0459368
-0.212054
2.12103
-0.547849
2.78142
2.2054
-1.64626
-2.24294
2.39039
-0.541366
2.31043
0.369688
-1.00808
1.68318
-1.96501
2.36661
1.96759
1.10227
0.541652
3.40563
-4.27514
-2.18527
-0.431736
0.0870625
2.42385
1.04256
-1.3451
4.04393
0.235562
0.478044
-0.749065
1.60697
-1.55129
-1.29735
1.66884
-1.96701
-0.561671
1.85241
-1.37362
2.15332
1.75241
0.22407
0.256987
-1.74393
-1.40287
-1.6745
-2.53644
-0.26802
-2.42076
-0.822865
-0.159445
0.94605
0.000915034
0.280032
1.45499
-2.6149
1.04317
4.09293
2.12882
-2.51766
-0.925879
2.73957
-1.60751
-0.881151
-0.848286
-3.29878
0.597718
5.5707
-0.900673
-0.282153
0.991006
-3.43391
-3.09928
0.159513
-0.0290491
4.29059
-3.42334
-3.74038
0.0147567
0.398801
-2.13956
1.87717
4.01975
-1.54778
2.25402
0.100902
-2.73436
0.176582
0.252335
-0.345732
-0.453195
1.56994
-2.43817
2.8948
-3.27519
4.26144
0.574385
1.12627
-0.0606426
-0.406819
0.973729
-0.288091
0.438543
-0.318046
-0.808115
5.37881
5.719
-0.74156
-1.57064
-2.9906
-3.6566
-2.67436
-0.086217
-0.754164
1.55955
0.246523
-0.982507
0.884474
2.90749
-0.0266082
-1.17749
2.63627
2.46639
2.84346
-0.411072
-1.2391
1.21352
0.093575
-2.77257
-0.562829
1.58508
0.282832
-0.121235
-1.47055
2.46409
1.76605
-2.76326
1.46193
0.391517
-0.575464
1.60439
1.83238
2.40557
-1.53566
1.26647
0.905863
3.08712
-1.1436
1.89083
-1.12091
1.47967
0.306837
-0.289868
1.36566
-2.00194
3.25771
-0.658162
-0.158912
1.98254
3.69124
1.35028
-0.289927
-0.816242
-1.07214
0.235534
2.08523
-2.29002
-0.993445
-1.21967
-0.549252
0.0707364
0.173565
-0.376169
-0.0979458
1.82531
2.20123
-0.89107
-0.495257
0.220214
-0.198371
-2.04661
3.87082
-1.28545
-1.33005
2.57717
-0.140334
-1.61344
0.371515
-3.05694
-2.28672
1.27805
-3.11377
0.699944
-0.606625
0.430411
-1.00813
1.35137
-4.08927
1.44056
0.581557
-3.00844
0.573842
-2.61198
-3.83974
-2.05677
1.12218
3.29923
2.31937
1.62742
-1.78994
-4.30676
-0.40229
1.63891
2.88358
-0.552627
1.68578
-0.626886
0.209389
0.658813
-3.16174
-0.37912
0.169224
-0.722678
0.0827135
-0.874824
-1.17181
-0.61764
1.57428
-2.23506
-1.26116
-1.40347
1.03315
-1.93449
0.199738
-1.52361
0.0781994
4.14734
-2.92375
1.25123
2.52772
-0.294565
-2.37749
-3.51928
-4.3547
1.97264
0.452902
0.580243
0.434926
-2.33862
-0.329234
-0.447921
-0.307948
-2.81988
-2.19749
-0.0903809
1.0237
1.27741
0.598268
-1.5627
0.205025
-1.05869
-2.16585
-2.17193
2.83429
1.16194
-1.62708
0.588427
1.41937
1.78962
1.3864
-1.83574
-1.12522
1.24393
2.89693
-0.208401
0.638648
-1.06055
2.43366
2.0201
1.3965
-1.5829
0.698396
2.40334
