-0.850704
-2.22876
1.1769
3.15479
-2.09117
-0.545522
-2.28072
0.0228668
0.351577
1.96339
1.09241
-0.194798
4.26928
-0.395299
-1.59334
2.01859
1.1465
0.608372
0.690768
3.61438
-0.761423
-0.801736
0.109099
2.89181
3.05561
0.00109893
-1.5635
0.745835
-1.11831
-1.67542
-0.684925
0.716172
0.869908
1.14822
2.32509
0.574806
-1.77115
-2.83824
0.487506
0.422425
0.544775
1.57764
1.07715
1.51094
1.22347
1.56867
-0.154257
0.786335
0.630797
-0.312237
2.40252
0.642951
-0.355386
0.289298
-2.02046
1.53298
-1.57589
-4.67545
1.0867
-0.306247
1.48489
-0.661705
-4.5452
-1.94817
-2.41697
0.443966
-0.584106
3.12637
1.63882
-2.36
-0.315377
-0.477528
-1.00143
0.0698556
-1.63171
-1.52184
0.606051
-0.227096
-1.52536
1.0198
-0.346229
0.653726
2.15868
-0.54304
0.126645
-0.738559
1.34946
0.436117
-0.206233
0.192107
0.245048
-2.03409
-0.4533
-0.88501
-2.80191
-0.455434
0.779612
-2.60928
2.76872
-1.39019
-3.36431
1.29123
2.38801
3.6644
-1.76412
2.4442
0.0525278
-1.3398
-3.04408
0.0146919
0.996422
1.30208
0.878898
1.36094
-2.21573
0.678008
-1.74447
-0.39606
-0.51114
-0.367277
-2.37963
1.32072
-0.648553
3.04613
2.6043
1.82874
-0.662027
-1.19819
-1.07485
-1.36208
-1.13956
0.449094
-1.7228
-0.260176
2.40581
-2.15313
-1.7577
-0.327504
-1.44217
-1.89993
0.604554
-0.958095
1.20008
2.27197
-0.414484
-0.397912
0.800348
-0.26132
-0.162993
3.04316
-1.0603
-1.46579
-2.06728
2.12356
-3.80508
3.16456
-1.2432
1.84909
0.117483
1.52736
-2.65236
1.35402
0.649374
2.41761
-0.520161
1.56388
-1.5572
0.337443
0.330692
1.86774
-2.97442
-0.415827
0.313469
1.61861
-0.692739
-0.331967
1.26896
-2.60591
-1.12978
3.07174
-0.438457
-0.731863
2.38481
-0.407228
0.977164
-0.388887
-0.952013
0.32712
2.03803
-0.337414
1.30447
2.69146
0.842268
0.885034
-0.013594
0.74181
-1.10368
-0.168074
-1.54061
0.305386
1.0264
6.7624
-0.790677
-2.99798
0.128105
-0.0288283
0.839499
0.735756
1.73044
-2.1705
1.32462
-2.93126
1.38162
1.31675
-0.351454
0.0513019
0.297468
2.45439
-2.39288
-2.80879
-1.70887
2.05514
-0.312175
1.15096
1.97026
1.26271
0.392489
-0.0170204
-1.99906
0.842773
2.23982
0.815094
-2.49172
-2.17805
1.97644
0.608539
1.86411
-0.605476
0.256109
0.147334
1.57156
1.38331
-2.31555
-0.6011
0.474128
0.730672
-0.244068
3.36352
-1.52781
-0.388376
-3.14026
0.647353
0.97982
-3.15314
-1.58614
0.511487
3.17336
-0.404086
-2.01105
0.292799
1.05526
-0.989897
0.775277
-1.12526
0.744537
0.789957
0.508935
-1.51254
1.22775
0.263434
-2.26189
-3.24673
-0.520694
-0.369808
1.69382
-2.3422
0.211411
0.218322
-0.597225
0.0661799
0.171454
2.63206
1.28516
-0.699612
-0.251803
-1.48935
-2.73988
-1.49884
-1.44185
-1.48216
-1.54243
-0.550297
-2.10868
0.613201
0.969235
1.46505
-1.04622
1.37617
-0.21276
-1.36088
-0.100813
-0.331787
-0.230225
4.19565
1.7741
2.20336
-0.129234
0.543798
-0.746681
0.246181
0.0910766
1.14505
-0.324397
-0.607274
1.00598
1.40539
-0.649338
0.201196
0.0438325
0.853908
2.34863
-1.52601
-3.04068
1.42835
0.777911
3.15751
-1.69565
-1.10692
-0.860345
-0.697406
-2.39094
0.725341
0.947738
-0.603968
-0.284808
-1.33434
-2.18921
0.411389
-0.342441
1.58098
-1.61387
0.117716
0.412514
-0.329248
0.752963
0.409944
1.12745
-0.304765
-0.490616
-1.40236
1.83493
-0.494094
-3.64807
2.66482
-2.89774
-5.36924
-4.68909
-0.981107
-1.3609
1.58569
0.379755
-1.75833
0.00237427
2.53655
0.102211
2.68929
0.131525
-2.13602
2.26686
3.52246
0.369111
-1.18094
-3.59196
-1.02455
1.01754
1.03041
3.08577
2.37293
0.539792
-2.58691
-1.20245
2.79117
1.1758
-1.00545
1.79027
1.52884
2.20298
-0.256057
-2.00235
-1.41967
-4.25141
-1.00731
-0.0938543
0.713005
3.01598
-0.406196
2.01235
1.70159
-1.20797
-1.35805
-3.13084
-0.910824
4.37556
-2.00675
-0.182794
0.757599
3.60854
1.09018
-0.998005
0.241089
-1.85988
3.85665
-3.5446
-4.0639
0.599293
0.526537
0.386304
-1.85807
-0.713254
-0.303216
0.39366
0.413249
0.63121
-3.0398
-2.70102
1.31395
-0.284165
-1.9885
1.99903
-0.163586
-0.0475161
-0.0185217
1.5855
-1.56778
1.60082
1.22848
-0.492422
2.92774
1.97145
0.0587184
-1.18254
1.10913
-1.82918
-1.01128
-0.413907
-0.88303
-2.49949
-0.837413
4.99111
-2.22082
0.617407
3.5245
1.24383
1.471
1.64132
-0.943067
-2.5092
-0.266911
-0.383687
2.59692
0.237694
0.223174
4.69526
-3.75882
-0.256299
0.277753
0.930967
4.52901
1.03754
-1.6256
0.309696
2.76392
0.0960673
0.820972
0.345927
-3.02921
4.32574
-1.78377
-1.34054
0.21493
0.957973
1.72986
0.102552
0.465754
1.54178
-4.64316
-1.88391
0.768484
3.0776
-0.83173
-0.822926
1.56742
1.185
2.13041
-0.991679
-2.8404
3.50708
-1.12249
-0.0760196
1.78029
-0.29821
2.58486
-3.6959
-1.52581
-0.818908
2.176
-1.22724
-1.1384
-2.27284
1.5439
0.203437
-0.349839
-0.278199
-0.449786
-0.827407
-1.02407
-0.661429
1.2876
-5.4563
-1.24187
0.348812
0.0267185
0.40841
-0.134637
-2.29972
2.18766
-1.07803
1.96787
-3.9903
-0.597344
0.670485
1.67495
1.72706
0.396134
-0.46049
2.34419
-1.69876
-0.0107913
-0.755089
-1.70987
-0.672325
-1.43306
0.59809
-2.77809
-0.369081
-3.92609
1.97489
-1.70393
-0.177313
-0.60122
2.35955
0.716211
1.21022
2.55261
-0.0751031
-1.09995
-2.79349
0.500741
-1.50911
2.23386
2.59459
-2.09322
-2.36518
1.33751
2.62895
-0.730293
0.569596
4.34088
-1.31434
0.292514
1.1388
-0.193689
-0.597572
0.792358
-0.983606
1.01137
-3.10688
-0.230121
-0.0103354
-0.0266435
-1.81902
0.356488
2.00561
-2.0302
-2.66154
1.4484
-0.373922
-3.08304
-0.276142
3.89701
2.22348
1.36376
2.534
1.56414
1.26086
0.218867
-0.478789
-2.60523
-1.03006
0.466262
-0.514665
-1.49296
0.360867
-0.0984702
1.97303
2.64662
-1.9825
-1.24273
2.21964
-2.2789
3.49025
2.26022
-1.83444
-0.574281
1.84979
-0.773659
-2.11747
2.211
-3.08482
0.672436
-0.0249709
1.72484
0.263353
-3.03397
0.275575
1.6824
-2.36254
2.53461
0.0478734
-0.761556
1.30482
-0.46387
-1.51432
0.372428
-0.903318
-0.276257
-0.142957
0.268068
-0.312631
0.189608
-1.07179
-0.995325
-1.08505
2.5515
1.99337
0.996167
-0.256359
0.846521
-2.85446
-3.6976
3.41234
0.0098173
1.803
-1.37806
-1.1509
-1.80387
-1.41049
-0.00648353
1.94602
-1.17655
-1.82556
2.04536
2.68191
-2.2725
-0.567486
0.0682007
0.260091
0.188376
2.10431
-1.45778
0.844415
0.0971716
-0.709495
-2.22605
-0.864871
1.45809
0.467181
-0.860144
2.5329
3.5508
0.716473
-0.348625
-0.601379
0.239828
-2.27101
-0.315393
-2.50035
4.07556
-3.71455
3.64892
-0.383617
0.10015
-0.588371
-0.630222
0.986847
0.516445
2.76157
1.59878
2.78078
-5.18345
-0.668417
1.19348
3.945
-2.52021
-0.902533
0.982468
3.46718
0.0632839
-0.681717
-2.04444
-0.654317
3.40331
-2.95018
-0.496075
-1.62228
-3.65331
1.9821
-2.808
0.764892
3.86596
-0.622511
0.0367037
0.742207
0.646951
-1.45021
-1.36009
-0.327569
2.2233
0.952581
0.315511
2.64364
0.124117
-1.71709
1.45907
1.22714
-0.933603
1.45063
-1.96592
0.983177
-0.0857033
0.54614
0.290084
0.250018
-1.2967
-2.24008
-2.19217
1.76711
-0.0652689
0.217986
-0.576134
-0.179025
-0.158602
-1.99565
-0.702894
-0.580819
-1.44823
-1.53341
2.36501
-1.03843
-0.878763
-2.28397
2.30529
1.62044
2.75149
2.025
-3.93145
-3.83768
-0.681579
2.39084
3.76464
0.411
-3.4237
-1.53897
0.217406
-0.0727153
0.659164
-1.54542
-0.877396
0.641349
1.82041
2.0066
-2.18857
-0.615895
-1.76091
0.097383
-1.7256
1.38988
0.588993
-2.66968
-0.911897
2.88218
0.235776
1.26903
1.47593
1.18491
-0.437911
0.538162
1.60701
0.347622
-3.2138
2.38644
-0.0602815
-0.130651
0.847087
1.19104
-4.40082
0.624625
2.63646
-0.765401
2.74841
-0.737167
-2.0163
0.352162
-0.0313818
4.96598
0.591952
0.504612
0.691854
1.18464
-0.969636
0.356187
-0.0767424
-2.92505
2.48143
0.0532702
-0.118288
1.64931
-2.93084
1.49464
0.325029
3.21954
2.15207
-2.65121
-1.4224
-1.41016
2.3006
-3.59048
0.843601
0.0760615
-2.56862
0.756349
-1.08851
-0.876642
-1.92339
-1.84128
-1.42128
0.925673
0.981038
-3.8776
1.87508
0.308285
-0.62822
0.864246
0.915634
-1.30653
-2.13289
-0.386215
3.0452
0.891694
1.72922
1.93662
-2.55496
0.0692241
-1.17651
-0.910863
-1.44048
0.711356
-2.35989
-0.857975
0.532796
2.85592
0.121808
-0.769379
-1.05547
-1.29466
2.92745
0.234242
-3.15606
-2.253
1.15648
0.84694
2.49249
-0.291924
1.1722
-1.55808
-1.43167
0.775497
1.86376
1.49218
-2.22014
-0.580947
-0.752424
0.0442831
0.688446
-0.684055
0.293662
0.992587
0.520083
0.105173
0.258411
-1.89993
-1.52847
3.57766
-0.479393
-3.30466
1.36694
-0.141507
-6.14082
1.01957
-1.43459
0.444511
0.659338
0.50372
-2.22151
0.856599
1.47516
1.87271
-1.34388
0.657322
-2.3805
-2.43131
-0.316577
1.78694
1.69966
-1.70798
0.363605
0.826263
0.155038
0.697476
-0.570616
0.828804
2.58105
2.89244
-0.425504
-1.77263
-0.663555
2.27191
-0.160233
2.51939
-0.281801
-2.12778
-0.111635
-1.3105
-5.12761
2.4811
4.29626
0.552481
-0.750853
-1.40973
-1.46585
0.0353094
1.69156
1.77535
1.18413
-1.83623
-0.0616973
3.11595
1.04751
-0.834894
-0.890281
-0.321041
1.43698
-0.23416
-1.18963
0.839205
-1.11302
3.86247
-0.190355
-2.73342
-0.425732
-1.38625
0.705579
0.875203
-1.18265
-1.62412
0.862968
2.09304
1.3028
-1.97891
-1.80518
1.06623
1.70801
-2.95986
-0.281621
-0.29421
1.33633
2.48622
-0.189994
2.44252
-1.36145
3.24159
-1.85974
-2.44622
-2.08023
0.128519
-2.10373
-2.14366
2.09144
-0.155805
0.659485
1.75909
2.07106
-1.34294
-3.37039
-0.898706
1.54703
0.187012
-1.58958
1.23001
2.80985
-1.15735
-1.74173
-1.20216
1.04842
1.34785
0.731573
0.117549
-0.118623
-0.304306
-0.630268
-1.65309
0.0349849
-0.432912
0.796731
2.70925
1.25711
-1.83701
-1.16194
0.190174
0.520701
-0.277132
-0.382207
-1.18577
-0.924207
-0.702031
2.03774
0.893199
-1.80252
2.77894
-0.41641
-2.05716
1.14879
2.30403
0.947325
-0.457103
-1.72187
-0.459661
-0.237179
0.451351
0.796714
-0.90375
-1.76386
-0.422036
2.18294
-1.72445
0.531499
0.243438
1.29746
-1.62315
-0.970118
2.44421
0.70586
-0.949402
-0.319559
-0.265432
1.44291
1.56995
2.84777
-2.21672
-3.95129
-1.78483
-2.18105
-0.515258
0.938126
-2.44337
0.816396
-0.914863
-0.699551
1.27683
1.87313
-0.899205
-1.22441
-2.70947
-1.67667
1.23555
-1.22388
-0.600461
2.44611
-2.78508
1.63909
3.5915
0.170282
2.77258
1.79297
-2.61902
-0.5037
1.62859
2.92046
1.6948
0.340002
2.60421
-0.146175
-0.698719
-0.214258
-2.74764
-1.56271
0.67275
-0.243257
2.08592
-1.58706
-0.754876
-3.36658
-0.952233
2.06369
2.25634
-0.973727
-3.24115
-2.16656
-2.03624
0.530615
-2.30186
-0.256612
0.360581
1.61999
-1.36448
-1.97633
1.33503
0.598761
1.42939
2.02806
-0.827428
-1.34171
-2.13559
-2.03851
-3.08179
2.58627
2.85016
-1.27961
0.189453
1.91903
0.108341
1.18439
-1.73149
-1.51871
-2.21677
-2.82383
1.7063
-2.89024
1.62228
1.61393
-0.507957
-0.847804
-2.80633
-1.37196
1.72409
1.78591
1.3388
-0.834576
0.14216
-1.29469
1.66527
4.29627
0.940191
2.05963
3.14928
-0.0811649
0.799229
0.693551
1.62873
-0.983021
0.827625
-1.42263
1.53696
-0.856403
1.19814
1.33729
-0.200367
0.485077
-0.164403
-0.367727
-1.43949
-0.577139
1.03272
2.71534
1.37023
0.171885
-0.498654
1.51181
-2.40707
0.662714
1.59645
-0.498394
0.0231108
-3.08367
-2.96103
0.846353
0.184994
0.282817
1.38533
-1.22503
-2.49231
1.42112
2.67034
-1.63527
0.0897321
-2.76153
2.26115
2.62764
1.69997
-1.2599
-2.44408
0.0634258
-1.85741
-1.75496
-2.70559
0.164736
5.5603
0.431384
0.818493
-0.0899443
1.39092
-2.92082
-1.32202
-0.682505
1.41387
-0.58441
-0.417472
1.04255
0.850626
-2.06424
1.29322
3.21862
-1.60096
1.29905
-0.877674
0.607423
-2.0026
3.01247
-0.0648045
-0.874467
0.231338
-3.7204
1.37416
2.21547
-2.23574
0.513492
-1.24968
-4.46233
-0.743498
1.19992
0.452467
0.875029
2.5617
0.530976
-1.27516
-3.32457
-0.423082
-1.17841
1.81027
-0.215004
1.14695
1.5115
0.102649
-0.735656
2.44084
-1.89731
-3.40625
-1.62016
1.94375
1.98855
-0.627784
-0.948114
0.842777
0.246345
-0.943331
3.07784
1.48727
-1.09634
-1.05705
-1.01
-0.421433
-1.52665
0.23583
-1.85384
-2.79632
1.14649
-0.220362
-0.21958
-0.444898
-1.21356
2.32514
1.27367
1.35383
0.570801
-5.50838
4.16794
0.114229
1.40798
-2.39919
-3.8935
-2.04393
3.53707
-3.87606
-0.604938
-2.17179
0.743188
1.70511
1.38348
-0.62572
1.28075
-1.73166
-1.10943
-0.904779
0.725956
0.656444
3.53102
0.32106
0.0893772
-2.91318
-0.116816
0.585636
0.789584
0.0380154
2.18664
-0.212005
0.510137
1.52204
-1.93332
-1.48201
-0.137446
-1.03673
0.807724
-1.67431
-0.438227
0.347758
0.124021
1.90309
2.3248
0.254397
-1.22878
0.56324
-2.2378
1.37363
4.73286
-0.850759
1.01606
-3.52323
-1.07244
0.99482
2.97823
-0.603575
-0.0164721
0.242831
-0.67468
0.403709
-0.843516
-1.48196
1.24862
-3.35344
0.565373
-2.00802
1.74549
-0.514666
1.14655
-2.01897
-0.875794
1.27481
2.04698
-2.49294
0.786199
-1.75752
-0.684335
-3.00185
-1.17308
3.62472
-2.67409
1.49089
4.05432
-3.2251
-2.73775
0.546391
1.45424
2.65858
3.40795
2.69186
-2.44689
-0.333133
1.19779
-0.315658
-0.682644
0.292299
3.91179
0.203238
-1.28988
-1.97025
-0.00327012
0.927476
0.11502
-1.22804
1.11989
0.441387
-0.075945
1.26056
-0.752092
0.582152
-1.02951
-0.61002
0.465204
-3.24285
2.98226
0.482409
-0.133505
-3.17548
1.17965
3.27715
-1.47918
-5.66979
-1.4876
1.70805
2.12274
-2.67919
-2.24134
1.36838
-0.689678
1.09601
5.03751
0.491019
0.65886
0.323065
0.664262
-2.39659
1.42875
-0.341981
-2.21008
-1.52002
4.0446
3.02118
-1.18879
2.18587
3.01124
2.36357
-0.850998
-0.487433
-1.57951
1.17101
-1.74616
0.669593
-0.426529
-0.744077
-0.180601
-2.04015
-0.511899
2.78264
-2.05467
2.51833
1.33837
-0.313343
1.17759
-3.43913
2.38314
0.967242
-2.51499
-0.150752
0.176947
3.07147
-1.231
2.31543
1.32967
0.455502
1.89926
-2.57188
0.47556
-1.66768
-1.13968
-1.53711
-0.970711
2.28436
-1.70516
1.63754
0.355752
0.388678
-0.641539
-0.690582
3.5095
1.97546
-0.458112
-1.98396
1.95946
1.31807
-0.856264
-0.0737974
0.0732681
-1.6174
0.246451
1.04446
-0.103912
1.28501
-0.430588
-2.3093
0.446787
1.99646
-1.57009
2.55914
-0.347749
-1.18282
-1.46919
2.12431
-1.73212
0.769569
0.336122
-1.52938
1.47087
-0.452619
-1.53076
0.111543
0.495475
-1.05344
3.74976
-2.5375
2.26925
0.405048
-1.55332
-1.83792
-4.6301
-0.553308
-0.884794
0.864656
-0.343974
0.987015
0.0817624
-2.90662
0.263585
0.289352
-2.38022
-0.885852
1.37141
0.52814
0.144182
2.79436
1.20881
0.85667
4.15438
3.38743
0.0415803
-0.720137
-0.269262
-0.322901
1.48468
-0.488191
-1.10383
2.50973
0.270122
-1.43797
1.96395
-1.93696
-0.671423
0.683333
2.13054
1.40783
-0.804728
0.317896
0.86991
-1.42708
-2.98442
2.22921
-1.67755
1.72048
1.36205
-0.241427
-0.685499
3.28797
-0.108148
1.52791
0.701518
1.04164
-1.19795
-0.999771
-1.78816
-2.03456
0.0238627
0.208653
-2.23366
-2.22249
-0.908938
0.628122
1.8963
3.06991
-2.96389
-1.52601
0.216693
-0.234609
0.0114762
2.56281
3.35327
1.42951
-1.06679
-1.17662
0.94827
-0.500927
-2.64996
-1.77535
-0.556641
0.126747
-1.08542
-2.39254
-0.813494
1.10965
-2.18455
-1.09688
-0.0595092
0.117699
4.18519
2.46956
-0.950282
1.20319
0.579713
-1.848
-0.447345
3.25133
1.27292
0.401754
0.468727
-1.87262
0.796003
-1.09435
-0.850812
-1.94207
1.90638
-0.0983227
-0.830631
1.45631
1.48676
-2.31155
-2.9293
0.838686
-2.24952
0.497771
-1.88168
-3.82726
0.889172
4.11531
1.50551
-0.129463
-0.863341
-2.12319
-0.692236
0.975004
0.928324
-1.47311
-1.7479
-0.63407
-1.60279
1.18385
-0.687059
-1.08274
5.11552
-2.34183
-0.492847
-3.36895
-2.12178
-0.734777
0.624113
3.17255
1.60145
-0.210293
-0.2481
0.962038
0.815595
-1.29782
-0.742298
-1.34226
0.425642
-0.619723
-0.0732377
-0.300269
0.658745
-1.43041
-0.476986
-1.24839
1.46534
0.978209
0.0235727
1.54865
0.0769619
0.578097
0.944979
-1.76786
-0.546833
-0.154551
-1.62798
-0.306964
-0.0243503
-0.714842
2.58976
0.81857
1.2459
-1.08101
4.65029
0.340004
1.93325
1.70801
1.63351
0.487994
-0.765648
-0.241931
1.12043
1.67396
4.29584
0.26623
-1.42457
-0.11449
1.79259
1.67763
1.44673
-3.45218
-0.949423
-2.85236
2.3198
1.14123
0.602925
0.914448
0.446075
-0.878454
1.65185
1.34393
1.22583
0.0876138
-1.54622
3.18037
0.867087
-1.46295
0.516161
0.81266
-0.126102
-3.06513
-3.53298
-0.900402
1.94894
0.655465
2.01879
-1.30401
1.12111
-0.801565
0.997677
-1.07041
2.04158
1.3127
-0.538326
-1.87236
1.6679
-1.80568
-0.288252
-0.275307
2.34628
0.567009
-2.52895
-1.6658
-1.89689
-3.05002
-3.57715
-1.36594
-2.9876
-0.880701
1.07359
-4.14301
-1.00008
2.55683
-3.22829
1.34815
-1.15881
0.690765
0.541796
2.94366
-0.551322
-2.77223
-1.014
-0.272518
0.979856
-1.10258
0.508656
-1.65729
1.08094
-3.44309
-1.62698
-3.39225
1.48515
-1.43586
1.0639
-1.66102
0.910919
-1.15231
-0.737375
-2.03026
-1.91471
-1.27626
-1.68997
-2.05445
-0.279966
1.84143
-1.90381
-0.121991
1.81422
3.02863
-0.337773
-1.01477
-1.68116
3.24864
2.19391
-2.07328
-0.243678
4.57783
1.92452
2.42227
-0.0056867
2.28469
0.101146
0.805683
-1.93881
0.827952
2.66768
1.70092
-0.0571651
0.431156
2.60384
-2.32238
-0.861622
2.86348
2.44437
0.930484
2.53288
-0.0399525
0.382876
-0.550396
0.908265
-1.26964
0.233879
0.168654
2.35351
-0.278444
1.23784
-0.935612
0.272502
1.90749
2.55348
-0.649506
-1.12987
-0.219939
-0.430814
2.04584
-2.98176
-1.01944
-4.54648
0.751724
0.258835
1.66968
1.42575
-1.9663
0.117712
0.755533
0.121274
0.661639
-0.143633
0.607807
1.31898
1.2291
0.594555
-2.82161
-1.39887
1.70775
-1.38192
-1.32439
2.01252
-1.10345
-5.08527
-1.3131
-0.519309
-0.0113342
1.35676
4.49785
1.96032
0.209765
-1.96923
-1.43395
-2.35347
0.806645
1.24679
0.015272
-1.20396
0.257558
0.299327
3.68365
-2.1213
-4.18507
1.85992
1.96824
0.0838737
4.18182
-0.831574
0.498679
0.674545
1.21373
1.17186
-0.774318
0.251347
2.40602
-1.58933
-1.83045
-2.20337
1.64286
-0.201706
-0.185361
-1.14848
1.02038
1.73143
-2.04382
-2.04039
-0.106286
-0.0324645
1.64767
-2.74428
2.88939
1.70395
-2.24037
-0.441353
-2.271
-0.44111
1.49603
-1.22229
-0.461678
0.848472
0.0871088
-1.09095
-0.214675
0.510295
2.30988
-3.31951
-1.08387
4.99903
-0.175124
0.780643
-1.74828
0.0326523
-3.59557
-0.704774
1.91276
-0.676407
-0.862188
-1.57844
0.43102
-1.84025
0.710175
2.23233
-2.78953
2.84174
1.93392
-3.51955
1.31185
2.68991
-0.890629
-3.42081
0.833846
1.63171
-1.26332
-0.654897
-0.533273
4.39941
1.15896
-1.62577
-2.45424
1.60438
-2.18138
1.48738
-0.053912
-2.54742
0.00807851
-1.47225
2.36353
0.0707712
0.318363
-0.92808
-4.31884
3.27836
-1.31587
-1.63535
2.84637
0.176569
1.67024
-1.91332
-2.82628
1.67182
2.15256
1.05861
3.86982
-1.56842
-0.857514
1.6076
1.76625
-1.21948
0.6037
-0.63933
1.61087
-1.30066
1.14321
-1.6071
-0.782636
-2.14869
-1.15344
-0.290908
-1.45971
-0.770876
-0.842548
-0.562878
1.66196
-0.195654
-3.80499
3.79021
0.660641
1.99084
3.20069
1.434
0.87536
0.364784
-0.659841
0.74337
-0.869784
0.0614271
0.257531
1.23901
-0.145338
2.34531
-0.921918
-0.700596
-1.48332
-1.79044
-0.00353197
1.25563
-0.425743
4.05371
-2.3105
-1.8558
-2.10771
-0.121272
-0.336071
-1.81408
1.90511
0.658936
0.594891
-2.90985
1.35377
-0.522881
0.48531
0.577662
1.37874
-1.31468
2.13224
1.81609
-2.4806
0.511988
-0.680371
-0.424623
1.54709
-1.2961
-0.0332561
-0.915414
1.99417
-3.59812
-0.997298
1.47492
-0.937047
1.04972
-2.84215
-1.97462
0.329604
1.30765
-2.1195
0.686093
1.37813
1.1266
-1.49786
2.32516
-2.26221
1.89881
3.9884
-1.51605
-3.53239
2.14508
2.93491
-0.243532
-1.68373
-1.3913
1.56639
-0.382149
-2.8093
1.11994
0.33545
0.0633602
-2.44189
2.5053
0.87922
-3.66942
-0.382594
-0.712686
4.32205
1.00379
-0.201981
0.194922
-0.336211
-1.43082
0.0586975
-1.08846
3.74548
-1.41452
-1.30978
2.5705
0.670555
-2.39102
-0.941983
3.21269
-1.72629
-1.2031
0.705868
-1.03393
2.11522
-1.53833
-0.199219
-1.84253
1.36538
-1.10964
0.346678
1.7287
0.520605
-3.84544
0.522676
2.34349
-0.217981
-0.604052
-1.82281
1.27111
0.342506
-1.25265
-0.559047
3.0087
0.585363
-1.14603
-1.22669
1.2418
-0.984947
0.308544
0.330113
-0.618418
-3.35708
1.94683
0.339926
-0.108848
1.18931
0.39518
-1.02672
1.98124
-3.01201
0.600411
0.612159
-2.53169
0.880517
3.16857
1.68462
0.0485811
2.95331
3.29407
4.64292
-3.33672
0.816974
2.01934
-0.40156
-0.039216
-2.46551
-0.030635
2.12932
1.88848
-1.17995
2.88503
-2.13011
-1.91547
-1.454
2.24836
2.93676
3.21101
-2.11417
-0.0754576
-0.727434
-0.0716084
-0.528874
-0.610685
-1.22427
0.808208
0.728203
-0.728436
1.30023
-1.1253
-0.161184
-1.43778
-3.09243
0.717875
-0.998517
2.30488
-2.54605
-1.77998
0.735943
2.65168
3.14287
-0.22689
-1.92381
0.338389
-2.47312
0.138088
2.5663
2.78248
3.07605
-1.18329
-0.87126
3.05845
4.03249
1.20425
-3.97448
0.959168
1.51785
-2.67177
-0.830475
1.11836
-0.36177
-0.407231
-1.31001
0.252812
0.780606
1.46498
0.0439821
-4.18593
0.706932
2.48876
-1.00129
0.772566
1.67038
-1.36834
-0.453968
-0.998163
-0.635654
-1.05375
1.59512
1.15229
-0.813807
0.81796
-3.94724
-0.686535
0.341463
0.114043
-0.166839
-4.1924
-1.28371
0.62959
0.587405
-0.799239
-2.00921
2.75532
-2.22581
-0.841809
0.949995
-2.75947
-4.19085
0.0686227
-1.21087
-2.7423
1.10042
1.54128
-1.11117
-1.44022
-1.18705
-2.3248
-1.39185
-1.91574
-0.163022
0.282773
3.93144
-0.0144761
0.165653
2.62463
4.61345
-0.3871
-2.20728
1.23745
2.13207
-1.17325
-0.393511
-3.28568
-0.368885
-1.62385
-1.10205
1.13835
2.42407
-0.857886
-1.43769
3.23119
0.299438
3.65979
1.83693
-3.71352
-1.02858
-1.56024
1.936
-1.09307
3.17728
-2.1067
-1.35025
-4.4777
-0.831849
-1.82522
-0.564439
-1.8602
-0.563007
0.416122
-0.290669
0.196766
1.9452
-0.0193597
1.19414
2.52103
-2.07703
-1.52435
-1.12717
0.00172353
3.32419
0.763753
1.00159
-2.00993
-0.414224
-2.77371
0.0757816
0.400545
2.35897
0.311423
0.30624
0.17545
1.2547
0.511662
-0.681522
-0.737976
2.28694
-2.64074
0.254317
3.29872
-1.5891
-1.97034
0.649221
4.48032
0.693071
-0.228867
-1.6599
-0.373105
0.879632
0.498217
-1.78505
-0.187943
0.680447
1.26295
2.01844
3.14084
1.75019
-0.610079
0.331126
0.285946
0.626913
-1.13443
-2.59532
0.083064
-0.727163
0.652028
2.93449
1.01391
1.01265
-0.81155
1.99595
1.61301
-0.178278
-0.394542
-1.51021
-2.54628
0.267337
2.18294
0.911933
1.75818
0.194411
-1.21871
-1.2431
1.29509
-0.437361
4.05472
-3.85084
-2.02372
-0.356575
-1.55238
-1.80655
0.832975
-1.65821
1.10197
2.21562
-2.00056
1.43188
1.70978
0.732854
-0.169138
0.191131
-0.17393
1.14874
1.98848
-1.59998
-1.93921
-3.22463
1.68648
-0.109541
1.58806
-0.00352152
1.99583
-0.270557
-0.729962
-1.7132
-0.716182
-0.414618
-3.20555
-2.13356
0.609377
1.21468
-0.678878
-0.894069
0.484511
2.24676
2.13244
-1.59099
-0.405915
1.59829
0.925234
-0.772406
2.00901
0.289807
1.56894
0.0913766
0.377869
-0.0339171
1.48802
-0.738614
0.407658
2.81672
-1.1907
0.441146
1.50874
-2.44688
-0.440334
-1.21069
-1.02147
-1.3889
-0.862632
1.25009
4.10219
-1.21151
-0.165864
0.228099
2.03099
-1.74987
0.36245
2.09256
-1.43293
-0.165894
3.14803
1.88692
-0.291588
-0.83132
1.43428
1.21022
0.801297
4.0248
-1.64475
-1.62529
-1.14006
-1.93878
-1.32255
-0.894517
-2.56698
1.611
-0.237459
-1.13281
-0.868784
0.196094
-0.896823
2.42718
1.82157
-0.827487
3.0561
-0.0456524
-0.749019
-0.523067
-0.996785
-2.50531
3.57398
0.519455
-2.10152
0.0466843
1.4501
-0.912002
-1.292
1.43755
2.73366
-2.32281
2.16749
0.734446
0.102072
-0.494776
-0.623023
0.0686283
-0.909249
-2.45309
0.528583
0.647698
-0.352481
-2.45537
0.859365
-0.789792
-2.70497
-2.19801
-0.453278
1.67609
3.07529
-1.05707
0.748346
1.28048
-0.545324
0.598931
-1.07527
-2.24944
-2.36079
-0.83858
1.43483
-3.02519
0.331069
0.115288
-0.137805
-0.956043
3.2631
-0.694424
1.27147
1.00038
-4.69915
-0.0218694
-1.01132
-2.30424
3.6517
1.8749
-1.00244
1.35345
-2.50945
-1.39195
-0.0832777
-0.66769
-4.1093
-0.751216
0.779815
0.761831
1.72582
2.33983
-0.643458
-1.58791
-0.0120441
0.0295506
2.35104
1.4106
-0.473197
2.22067
2.53536
0.548277
-1.79663
0.0877419
0.587714
0.859109
-2.25436
-0.930109
1.94509
-1.68709
-0.739419
1.71141
-2.46205
-3.06197
0.908476
-1.68727
-1.34177
-1.95177
-1.75423
2.35851
0.756103
1.09334
-1.46967
2.19848
1.03112
1.14198
0.885275
0.310463
-0.662169
4.55697
0.0707608
-1.37397
-1.73719
0.179992
-3.22775
0.343235
2.23271
2.10248
-0.274992
-0.431018
-2.20858
-1.38312
-3.17234
-1.44986
2.04094
0.135832
1.38901
1.2566
-0.828622
-2.15203
-2.45507
1.54846
2.23587
-0.432919
-2.286
1.02092
2.82486
-2.49738
0.589675
2.43073
-1.03656
1.94085
-2.10606
1.57335
-0.577863
2.32178
-1.23984
-1.42824
-1.33938
-1.03143
3.93702
0.209579
-0.199582
-0.179766
1.97186
-1.99279
-0.326746
1.2506
0.905506
-1.05489
-2.0894
-0.914141
1.99636
1.41777
-0.00386797
1.81689
-0.0249
-1.28213
0.693222
3.86898
1.90113
0.0162588
-0.275883
-0.424766
0.831463
-1.32311
-2.3098
-2.32821
2.95736
1.32802
1.81984
0.875243
0.792932
2.2053
-0.354593
0.399456
3.06988
1.32889
4.25183
-1.00311
3.0401
-2.0011
0.707162
-0.193157
-0.0316459
1.19898
2.36029
-1.22686
-1.25066
-1.99682
3.79806
-2.1286
-1.62671
0.0365349
1.38611
-0.821446
-3.44898
0.351078
-0.435559
1.15512
-1.10567
-0.772401
0.0274991
-0.365896
-2.87427
-2.09529
1.36877
1.38926
-1.55561
0.509799
-2.13927
1.61467
-1.04087
2.53584
2.32738
-1.74386
-0.209373
-0.655646
-0.168805
-0.0707338
3.2256
0.453121
-1.53685
0.174179
0.138815
-2.13277
-0.0829984
-0.231277
2.24023
-0.114679
0.498497
-0.34717
1.33331
-2.28912
-0.926684
1.58656
-1.5655
0.829641
-1.48894
-0.580896
-2.12174
0.34181
0.291528
-0.911187
-1.5057
-1.32776
1.77774
3.03693
-0.882809
-2.28783
-2.02336
-1.94375
2.56326
-1.75016
1.87499
1.29865
-3.27561
3.12821
-1.14335
-3.15955
1.09948
1.2309
0.774708
-2.53964
2.23065
3.99944
0.0573362
0.554029
0.230339
-1.84438
-0.194869
-1.89327
-2.00042
-0.92156
0.0398022
-2.70716
-3.0084
0.417341
-0.597699
0.686375
-0.958386
-0.164123
-0.869313
-0.567775
1.05767
-1.7564
-0.987079
-0.0929266
1.06634
-0.614038
-0.151883
1.08456
-2.2553
1.68435
0.615706
-0.77134
0.965275
-2.27288
-2.59649
4.28387
1.99887
0.317324
0.251305
-0.510423
-0.139266
-0.446591
0.0569413
-0.251084
-1.72031
-0.559538
0.217727
-3.7908
-1.49305
-1.39442
-1.46742
-0.507928
2.03682
-1.69323
0.117059
0.225602
0.435915
-0.722046
0.900177
1.3026
1.77334
2.64339
-0.505923
1.09064
-0.665843
1.1563
-0.393419
1.54074
1.57667
1.06908
2.66533
-1.37407
0.901975
1.16489
0.677112
-0.00643504
2.81674
-1.35739
-0.928301
-1.24414
0.5871
0.675114
1.89031
2.84414
0.783139
0.383679
-1.25896
0.256161
0.656416
-1.40771
1.14289
0.681849
0.955619
0.558148
-0.569832
-2.18309
-1.62979
-0.229805
-0.203722
2.04998
0.273404
0.331777
1.94757
-0.224337
3.38287
-1.00212
-1.49132
0.633202
-3.53916
-1.04611
-0.197005
0.34552
-1.90012
