-1.41264
-1.58565
-0.573827
1.98348
1.05032
-0.116567
0.657367
0.532586
-2.97551
-0.717325
1.91442
-1.17408
-2.09187
-0.18599
0.220287
1.2782
2.94652
-1.44901
1.41982
1.89898
-0.398394
-1.00375
1.40646
0.545823
2.13524
0.594202
1.40624
2.03048
0.174847
-1.40155
-1.76501
0.609794
-1.14724
0.373814
0.876714
0.953499
-0.988453
1.36442
1.93441
-0.369738
0.117178
-0.135207
0.826071
0.55616
0.622519
-1.51509
1.06679
0.945075
-1.11055
-0.801348
-0.857146
0.802144
-0.465225
-0.517906
-0.705047
1.79168
-1.32853
1.35853
1.18094
-2.36361
0.428316
1.92562
2.73473
-1.13418
1.3934
-1.14632
0.866171
-0.0537309
-1.13149
-1.56297
-1.26724
-0.305044
1.36358
-1.60433
0.217652
0.83928
-1.01981
-1.82349
-0.150614
2.63396
-1.42326
0.290518
1.13769
-0.590047
-2.15545
-0.335691
2.54099
0.664297
-2.26
1.63578
-1.68378
-1.16843
0.654882
-0.681201
-0.100889
0.31242
-0.102188
1.49962
0.0964796
-1.27031
3.19382
-1.17547
-2.62968
1.44649
0.496057
0.602256
-1.04649
-0.917652
1.65545
-1.91288
0.0458666
0.211299
-2.13736
-0.694618
0.691403
1.48682
-1.11834
-1.92859
2.56183
-1.51054
0.677137
-0.471986
-1.14679
0.35724
0.00419878
0.819609
1.66897
1.36752
0.0146157
-0.0510093
-0.200445
-2.73467
-1.699
0.455796
1.2847
-2.47436
-4.28767
3.89658
0.3043
1.73611
0.983852
-0.641157
-0.630321
-0.224816
1.54272
0.546307
-2.25866
0.249752
1.06199
-0.143366
1.54604
3.16748
0.333268
-0.211082
-4.01596
-2.23784
-0.287617
0.173822
0.268637
-0.204023
-1.34013
-0.683418
-0.352337
-0.683003
-0.397652
0.251711
-0.323216
0.253996
-2.79818
-0.00709219
1.8523
-0.486577
-0.34938
2.80365
0.886388
-0.302434
3.66487
-0.966896
2.28326
-0.591783
-0.358989
3.22202
2.6066
1.96968
-0.149384
-1.96281
-1.72235
-1.50613
-0.515725
0.328422
-1.15896
0.36668
-2.22901
0.792736
-2.27696
1.57533
1.55637
-2.34281
-2.97455
0.569424
-0.0337683
1.85941
2.1098
3.31364
2.1225
3.55961
-2.37723
0.539451
0.00364163
-1.28296
-0.0962296
-0.386726
-0.335701
1.24552
-0.482442
2.51332
-0.410349
-1.92849
-0.0151138
-1.5603
-0.331171
-0.636188
1.50265
-2.66651
-3.34425
-2.52512
1.77278
-2.08455
0.0598962
0.561319
-0.713703
-1.13001
-1.51991
2.27704
-0.190153
-1.38651
-0.553478
-1.52221
1.51387
0.261506
2.47573
0.0308312
-0.605906
-0.265875
-1.59168
-1.20524
-1.13128
-1.54046
-2.82477
-2.91537
-1.69475
0.46479
2.31853
-0.947419
-2.85496
1.144
-1.46078
2.58416
0.28698
-2.05455
1.20533
1.52476
-1.05751
-1.60156
-1.63609
0.232094
4.02288
-0.39615
-1.07426
0.388525
1.81965
0.207984
-0.142282
0.928392
2.13179
-0.814659
0.762863
0.901872
-3.46491
-1.38203
-1.58071
2.4907
3.80626
1.26273
0.278459
-1.49516
0.122127
-2.78322
3.06544
-2.26532
1.69845
1.32869
2.86666
3.86272
-2.27439
-1.60672
1.68803
1.22323
2.04829
0.191175
-0.838023
3.42241
-1.37893
-2.52629
2.70719
0.00424802
2.07074
1.91242
-0.130918
-1.24441
-0.512949
-1.06309
0.718595
-0.426898
-1.33284
-2.24276
3.38202
-0.383372
0.389058
0.0322071
-0.57651
0.178251
-0.715736
-1.03657
-0.255685
3.69749
-2.86421
-1.57634
2.5916
2.68744
0.207514
-1.20035
0.429928
-0.745053
4.15891
0.0413196
2.27949
-0.0425727
-1.43561
-0.848392
2.92751
0.0129162
1.20568
0.85145
-0.650312
-2.41955
0.779456
-1.25609
2.63816
0.993862
-0.129975
-1.9735
-0.318579
-2.91743
-1.6055
1.72865
-3.11651
0.496273
-0.461574
1.51006
1.28708
1.83617
-0.845789
-0.332225
0.992871
-0.9278
-2.34519
-1.55867
1.41425
0.558296
-1.57443
-1.85567
0.268054
4.49912
-2.15375
-1.4248
0.307517
-1.84971
-0.216083
-0.156407
-4.031
-5.11585
2.94507
-0.52807
-0.350756
1.11248
-2.98395
-0.256056
-0.831008
-1.90706
-1.55647
-2.41308
2.00462
3.24713
-0.965394
-2.68615
-0.0142224
0.646113
0.0447381
-0.574909
3.93221
-0.134233
-1.21229
-0.326183
-1.93208
-0.278423
1.5639
4.56514
-0.010752
-1.40069
-1.14592
0.834239
1.66384
0.0309461
-1.05303
1.42225
3.39498
0.210708
-1.99829
-1.1215
1.00081
-1.96554
1.32211
1.9391
1.45439
-1.71343
-1.00124
0.659101
2.2357
1.63938
2.61879
-0.939128
-0.579412
0.737635
-0.853446
-0.666519
1.43069
-2.52938
3.23471
0.719322
2.0189
-1.89522
-0.0634501
0.0162732
2.65603
3.95333
-0.335828
-2.44946
0.242254
-0.0833839
-0.556097
-0.0336532
1.79088
-1.25054
-0.472211
2.9484
-0.713514
-0.226314
-0.170019
-3.53816
-0.272312
1.39886
-2.49485
-0.671621
-1.83661
1.11716
2.57267
-1.0964
-2.43711
0.578122
1.06642
0.435545
-1.11391
-1.24306
0.438024
2.29395
-1.40836
1.55317
1.14031
-1.20925
-0.459799
1.43879
-0.765379
3.30917
-2.57823
-3.216
2.21363
-0.604743
1.41225
-0.092253
1.04563
0.328268
-1.68658
-1.54787
-1.61522
-2.60735
-2.36502
0.492693
1.61269
0.424339
0.0455712
-0.0471349
-0.8385
-1.98569
2.93348
0.158567
0.323747
0.266682
-0.00476877
1.55019
0.405821
-2.39868
1.63309
3.16169
-1.15327
-4.24573
-0.965621
3.89549
-1.56479
-1.21047
2.07117
-0.385136
-2.80908
0.167252
1.22069
-0.846996
-0.698366
-1.10473
-0.287725
-2.20458
0.469727
-0.235984
2.98252
-3.52963
0.256799
-0.745685
-0.085085
0.16556
0.701189
-0.0557533
-1.22756
0.233019
1.73426
1.33275
0.820374
-0.439823
0.319541
3.09827
3.7164
-3.00629
-0.706374
-2.07053
-1.59074
-2.33087
-0.87663
-0.925527
0.362961
0.696766
0.58384
0.363612
1.0255
-1.37896
-0.661992
0.682373
2.71496
0.820807
-0.816396
-1.96251
0.333378
0.863826
-0.229554
1.22258
2.0288
-0.151441
1.07569
0.555167
1.64734
-1.6161
2.33513
-1.13951
0.846425
0.976771
-1.24765
1.63956
-1.44158
-2.11061
1.38626
1.8544
-0.0306969
-0.481943
-1.00059
-1.55404
0.406632
-1.48113
-1.50084
-0.505717
-0.36331
1.10423
1.1686
2.9611
1.46632
-0.499883
-0.0890019
2.42163
-1.47985
-0.926672
-0.599222
-0.430591
1.11851
-0.458197
0.742844
0.506883
-0.902612
-0.778447
0.418022
0.944599
-0.00195851
-0.163479
-0.843852
-0.862644
-2.18114
-0.576206
-1.22264
-3.5854
0.962834
0.296865
0.450571
-1.7334
-1.08052
3.93192
-0.496884
-1.35835
-1.40292
2.06341
0.0762447
-1.73817
0.464029
0.58238
-0.531215
1.36275
4.48369
1.70663
-1.28562
1.43993
0.65174
0.525066
-1.89084
-1.69481
0.0591075
-0.246152
-3.4327
0.0846228
2.64662
3.23706
0.750002
-2.87327
-0.78414
-1.77843
-1.69316
2.22199
-2.07934
0.579308
-0.609827
2.22178
-1.33929
1.87679
-0.221716
0.144483
1.50648
0.68707
0.437248
-0.0937201
-1.50599
0.336923
-0.431227
-1.41025
-3.03968
1.3613
1.52321
-2.11171
0.94204
-1.57274
-1.10366
0.15357
-1.62193
-0.278136
4.50365
-3.33705
-2.74231
-1.1902
-2.45053
-1.44199
2.09822
-2.84638
-0.278788
2.98758
3.08429
-0.0191006
-3.32297
-0.0634314
-0.125393
0.591851
0.137911
3.20937
-0.322067
-0.567591
2.30568
0.846037
0.268342
-0.605002
-0.671991
-0.711333
3.34053
-0.784559
-0.105719
-0.264014
0.77191
-1.76558
-0.0982465
0.786985
-0.706213
1.08875
-0.621508
1.3341
2.2253
2.14422
-0.0498082
-0.309462
0.941581
0.68559
0.925226
0.251788
-1.41126
-0.646834
-0.520312
0.955245
2.6022
1.45974
0.415027
-0.502427
1.26562
2.14781
-0.813311
0.31653
-1.20427
-0.332839
-2.40282
-0.391502
-1.03997
-0.244689
-0.796686
-1.39089
0.790471
-0.353462
1.08476
-1.47499
0.147399
2.11104
-0.560017
-0.0192423
0.540129
1.66026
-1.97825
0.748042
0.985651
-1.65853
-2.16476
1.2492
2.49456
2.49567
-2.39687
0.31993
-2.32412
1.10158
1.51039
-0.853443
-2.23934
-0.969142
-0.178477
0.347515
2.95884
-1.39054
0.282227
2.50301
-1.71855
-1.58861
-1.34312
-0.55599
0.466857
1.21322
-0.79706
0.91745
0.177359
0.341917
1.23264
1.04531
-1.33789
-0.119239
2.94891
-3.40788
-0.479489
1.79624
0.414997
-0.509509
1.64341
1.30849
-2.57983
1.73002
-2.05909
-1.78914
-0.0388882
-1.59415
3.2881
0.306429
0.866627
0.167761
-1.87014
-3.18594
-0.650355
0.0907223
-1.97486
2.30697
0.446612
0.0755586
1.6452
1.63566
-1.46892
-0.83217
-0.830211
1.59699
-1.22139
0.527982
-0.0917814
2.16445
-0.432874
-1.00248
0.211841
1.51404
-2.49537
1.32576
0.605271
2.666
-0.00871
2.10505
1.2713
-0.30143
0.0893814
-1.4037
1.79862
-1.30033
-1.11856
0.260929
-0.528912
2.26733
-0.710094
-1.00338
-0.848901
0.658847
3.76702
-1.80048
2.52071
0.940786
-3.51903
-1.61641
0.325928
1.95377
2.16457
0.0586773
-2.59926
0.927741
-0.682295
1.20168
-0.672176
-3.23394
0.290507
2.61075
0.439252
-3.34362
2.77734
1.20497
1.18579
-1.15753
0.482753
-1.51523
-1.94278
-0.852478
-0.0812804
2.70868
2.44176
-1.35633
-0.875536
3.82378
-2.85069
-2.03887
1.47995
0.787077
-1.16674
-2.15804
1.7354
5.49387
-0.914503
-1.81632
-1.07725
4.37196
-3.35239
0.429346
1.45598
-1.13043
-0.683921
-0.287012
1.20521
0.301746
0.907948
0.21141
2.28464
-2.27141
4.1972
0.237146
-0.0242952
1.78836
1.42379
-5.16774
1.15815
0.822651
-1.15465
-0.935563
0.340957
2.73209
2.0742
0.320069
3.35764
-0.805995
0.550504
0.0638188
-3.18242
-4.01593
3.40033
-0.115825
-0.743872
1.90618
-1.80103
-3.03081
-1.5398
-1.49668
-0.445251
1.18494
-0.224546
-2.26113
-1.86389
1.29997
-0.926801
1.1857
0.546539
0.755968
0.0534576
-2.86698
-3.49957
2.42563
2.90165
0.297446
-0.0077887
0.315074
-0.656703
0.467991
-0.156905
0.728608
0.883006
0.0284076
-1.57541
-0.250954
-0.543556
-1.40895
0.78954
-0.342535
0.485213
1.18015
0.045295
0.345988
-2.08885
0.170484
0.738973
-0.280324
-0.865637
-3.43564
1.66168
1.35675
-0.828811
-0.811013
0.130787
-0.625905
-0.0555335
-0.902674
-0.632762
-2.31958
-0.420833
2.90313
1.43973
-0.662456
-1.15779
1.11158
-0.570765
0.352864
1.27172
1.73936
-3.45669
0.967424
-0.37063
-3.085
-0.815233
-2.63953
-1.34814
0.494238
-0.924908
1.33505
1.50535
-1.05432
1.66529
-0.424391
1.41839
-1.05818
-2.33654
-0.722728
-0.0725148
-2.52902
-1.13041
1.4602
1.00606
-1.59652
1.20959
0.0927025
1.66816
-1.35612
-2.06481
1.03195
-1.56777
-0.823927
0.113811
-1.30902
0.358324
0.980628
2.07359
0.355314
0.566455
-1.54054
0.805032
0.321384
0.378564
-1.463
0.188282
2.34424
-1.40303
2.9492
0.743682
0.456579
-1.13868
1.16204
-3.29121
2.26777
-3.4381
0.595582
2.10256
1.03308
-0.0127543
1.17149
2.69215
0.33228
0.0352037
-0.410263
1.89017
-2.31764
0.58824
1.76447
1.2188
0.355584
1.31089
-0.705977
-0.558451
0.182784
-0.93645
3.07709
0.762544
-1.39394
-0.842197
2.11062
-0.695895
1.3955
-1.10474
2.50937
-1.41487
0.969665
2.23248
0.698459
-0.490501
-0.246923
-0.57044
-2.08389
-3.46666
-0.811374
-0.573157
0.906366
-3.06277
0.354649
2.55998
1.7036
-1.2256
2.98288
0.546155
-0.592594
-1.6118
-0.819568
2.23787
-0.877045
-1.3578
-0.429172
2.27687
-0.390818
-0.426692
2.0934
1.36171
2.81056
-0.289834
-0.653306
-2.57911
-1.123
0.350028
0.360798
-1.07936
2.43869
-0.471483
-0.0917726
-1.57752
1.23959
-0.0753086
-0.892766
1.50738
0.531921
0.386577
-2.8415
-1.9949
-0.85949
-1.64562
0.840762
1.71623
2.00603
0.712194
-1.45073
1.28913
-0.603846
-3.59552
1.51002
-0.632848
2.1205
0.292678
-0.944424
1.54328
2.4897
-1.80629
-2.00465
-0.955503
-4.45514
-1.86657
2.00738
0.793356
-1.52678
0.516012
0.656528
1.78935
-0.342829
-1.03078
0.490331
-0.71695
1.15319
0.418531
0.107504
0.0298872
0.797039
-1.18771
-0.653132
2.28087
1.64738
0.484009
-0.157353
-0.394906
-0.716997
0.0469013
-0.365561
-2.95423
1.01533
1.3229
-0.702358
-0.997281
0.970474
1.01493
0.760175
0.918269
-0.16886
1.42602
1.61793
-2.89258
0.98023
-0.514056
1.17194
0.83871
-0.349356
-1.13383
-0.780586
4.67833
-0.17798
0.381396
0.381895
-2.02199
-1.37438
-0.45417
-0.0410227
-0.806466
1.10664
0.547642
-1.06985
0.0324525
2.8507
-3.57041
-1.76675
0.31117
0.420102
0.75729
-0.0219769
0.778112
1.7196
0.204219
0.017261
0.581484
-0.71469
-0.571849
-0.0887601
-0.167352
0.30147
-1.23245
-2.95179
-2.37625
1.2339
1.6907
0.933263
0.572038
-1.44279
0.711679
1.20756
-2.41488
-2.73106
-2.93543
2.35001
0.300414
-2.46777
0.613849
2.32847
0.338441
-1.23089
0.863187
0.410825
0.203547
-2.37605
-2.50488
-1.14763
-3.31417
1.69242
-0.191375
-0.801085
-1.63901
2.90626
-1.70005
0.953891
-0.777659
0.532071
4.7226
0.137127
-2.07876
-1.53631
-1.00708
-0.859491
0.0713006
-0.178482
3.17281
0.760609
0.835983
0.578218
-0.885913
1.09484
-0.600053
-1.3932
1.79318
1.79188
-0.827007
-1.42672
1.10284
2.67133
-3.45925
1.62674
-1.27668
-0.789381
2.36427
-4.18057
-0.432068
1.84249
-0.649476
-0.904486
-0.11788
-0.854928
-0.0302178
-0.120648
2.08327
-4.00388
-0.983136
0.497754
-0.819221
2.06591
-0.0475996
-1.71523
0.560106
0.906914
1.38377
-3.97832
1.80769
-0.122701
-3.56389
-0.84915
0.135791
-1.17783
3.0149
-2.47557
1.01444
1.50011
-0.438709
-0.0649365
0.198071
2.52182
0.681322
-0.239854
-2.04887
0.0338852
-0.868654
-0.87266
0.253252
-1.53375
0.511559
1.54604
1.26125
-0.301482
-0.624165
-0.0306676
-1.0961
0.251464
-0.487698
-0.269265
1.68732
0.796298
-2.29908
1.98108
2.36076
-2.04633
-0.77368
-1.9112
-0.231885
1.67355
-2.15339
-0.943167
-0.718055
-2.11314
0.0590548
-2.54166
0.680746
-0.847234
-0.982208
5.43074
3.4369
-1.20487
2.87593
1.15807
-1.08306
0.0617326
1.84384
1.72387
-2.65214
-1.54975
-0.258737
2.59065
1.42596
0.987938
-0.690815
1.14216
-0.340554
1.10787
1.1768
1.17508
0.561668
-0.896088
1.18753
-0.422555
1.66943
1.19318
-3.30498
-2.32803
-0.29883
3.21226
-0.707871
2.57688
1.67216
-0.915375
1.02265
-0.079142
0.194867
2.58572
-0.826068
2.11017
0.247887
1.6129
-0.224289
-0.502596
-1.9701
0.134452
0.234419
-0.781421
-0.31239
-1.74179
-1.4712
1.61215
-4.21428
-0.580523
-3.20771
-1.40677
0.222103
-1.17078
-0.543186
0.272048
1.00007
0.304515
2.01051
2.39782
0.0982093
0.322774
1.51676
1.25149
2.14021
-2.18629
2.97991
-2.26103
-0.271682
-0.515473
-0.643319
0.59072
-3.28538
-2.26992
-4.08206
-1.48248
1.76277
1.57278
1.60206
0.645147
-1.36254
0.552796
-0.167792
-0.31451
-0.84287
2.39971
-1.14935
1.75245
1.15079
0.552118
-1.93482
1.11882
-2.93961
0.400543
-0.626576
-0.188715
-0.343783
-1.06673
-0.904604
-0.184996
0.979481
3.02229
0.581664
-1.76377
1.5071
1.40524
-0.308877
-1.52874
0.796628
-2.0083
-0.687119
-0.838034
2.33302
-0.537331
1.84099
0.281356
0.359856
0.969183
-2.08071
0.153688
-1.05531
2.62088
2.45383
0.307553
-3.08601
-1.21486
0.158551
0.268441
-0.333186
1.39571
2.382
0.357763
-2.53069
1.02695
3.76659
0.90841
0.650294
-0.127356
1.34583
0.631758
-1.67737
0.400448
0.768516
1.61203
1.55641
0.849966
0.993036
-0.176035
1.91287
2.99563
-0.180836
-0.00856661
-0.448689
1.91616
-2.7637
-1.61404
2.15843
-0.486511
-1.69976
0.436724
-3.0477
-0.103545
-0.302635
0.0893065
-0.733928
1.06817
-2.10121
1.47409
1.88069
0.983308
-1.13069
-2.17468
-0.549891
-2.54403
3.31946
-0.850655
-2.44975
-0.817068
-1.41625
1.73243
-2.94833
1.75924
-2.06309
-0.941988
-1.51822
-4.55065
-0.0443987
0.983897
-2.88079
3.49742
-2.07546
0.297448
1.85281
-0.856659
0.0441538
2.56202
2.23725
-0.0725989
-1.02797
0.154
-5.72392
-1.11593
0.280593
2.02739
2.65285
-3.49819
-2.25927
-1.1464
1.07977
0.890104
-0.718881
-0.118541
-0.712391
1.35237
1.95785
1.12443
0.441234
1.96123
-1.75757
0.415979
1.85446
0.104398
1.48106
2.13354
-1.75478
1.3325
0.264134
0.423601
-2.44928
2.07273
1.44994
1.566
-1.27717
1.58482
-0.631291
-0.0483204
-0.653206
1.73938
-4.35574
-1.16637
-0.219031
-3.22053
-0.934664
1.1414
-0.704739
-1.41494
0.438485
-1.1285
-1.11803
0.831592
-0.210354
1.5032
-0.147245
-1.04287
1.0479
-2.65154
0.916665
0.17984
-0.898953
-0.335536
1.04691
0.955925
2.03218
-1.10846
1.75685
1.4612
0.980057
2.61991
-0.483105
-3.4736
-0.216858
-1.09653
3.20197
-0.568553
0.426973
2.32388
1.1732
-2.37555
1.06109
-0.98576
-2.48233
0.956235
-0.274004
0.684239
1.41022
0.389327
1.06916
0.534103
-1.1317
0.745347
-0.536359
0.811445
1.35003
-2.44229
1.13637
-1.89116
1.66092
-0.0152009
2.28408
0.00782866
0.250634
0.593565
2.09183
1.48527
0.655612
-0.136638
-0.307148
-1.87139
-0.0937034
-0.415804
-0.352469
-0.815739
0.368452
0.926176
2.8492
0.313874
-0.0454882
-2.02108
-0.140165
-1.41193
-2.64238
0.532802
-0.544917
-4.0203
-2.85417
0.0556051
0.0892434
3.84996
-1.01994
1.33942
0.68426
-0.955834
1.53442
-0.399559
3.10998
0.833039
-1.63255
0.370234
1.49026
-0.472144
0.120037
-1.37506
-1.09371
2.79698
1.13315
0.00446718
-0.0869472
-2.16022
-1.20373
0.0886459
0.500698
6.33963
1.28893
0.206463
-1.00803
-0.0585981
3.16233
1.00936
-0.0359495
0.578016
-1.97321
-0.456803
1.42753
-3.5818
0.0626448
0.983652
-0.504051
-1.10597
-0.99382
1.56105
0.817258
0.561486
1.34949
0.290106
-2.48493
0.46813
-2.62319
1.71023
2.93128
-4.01153
-0.871762
-0.711289
-1.23924
-1.28053
1.7822
2.25593
0.276372
0.69479
-0.911556
1.97295
-2.24518
1.39957
-0.160862
-0.869039
0.456344
0.671239
-0.998093
-1.22848
-0.591826
-0.664297
-1.18708
-2.35414
0.0229973
0.351255
0.00835795
-1.94956
-0.36744
1.5857
-3.34984
-1.70682
0.486071
1.50872
1.25177
1.37051
0.794119
3.69213
0.860187
0.574582
0.173406
1.88745
1.2843
-1.38804
-1.43073
3.21683
-0.0589367
-0.929972
2.24753
2.70647
-0.172713
-1.20771
-4.33469
-0.178241
-1.19896
-2.33108
0.0800342
-0.123121
0.720463
0.0569
0.131524
0.842703
-1.55745
-0.501086
-1.70915
-0.59686
0.267693
-1.53936
-0.373646
-2.24962
0.669323
-0.535838
1.98322
0.209688
-1.31725
0.801694
-1.14384
0.339232
-2.90074
-2.85649
2.73769
1.1306
-1.07666
-1.32203
-0.174181
-0.972342
1.9299
0.184533
-0.653627
1.27933
1.1293
1.00445
-0.496353
-1.96799
-2.57534
-0.86579
1.52717
-1.20448
3.3785
-0.724605
-1.17412
2.00864
1.23239
-0.335161
0.553532
0.760311
-2.15943
0.088487
-1.47012
-1.04703
-1.93263
1.78173
-0.647486
-0.247479
0.899369
-1.95859
-1.9378
2.60389
-0.472443
0.808112
3.22325
0.757485
-0.826264
-1.66229
-1.44535
0.431265
2.58074
1.3956
0.403813
-0.191508
-2.93508
0.623605
-0.864568
-4.29883
-0.815301
-0.456513
0.425142
0.53233
-1.45909
-0.509537
-1.50871
-0.699775
0.924214
1.63297
-0.596181
0.0384845
1.392
0.330553
-1.9941
0.523749
4.4731
0.233604
-1.94933
-1.65302
2.17853
0.412177
-2.2517
0.919012
1.32663
-1.5695
0.716172
-0.132987
1.40817
1.93855
-5.11344
0.844538
1.25177
-0.127021
1.42194
0.14532
1.13007
-0.844684
-1.84027
-0.496663
0.694662
-1.5128
0.352973
-2.37857
-1.28903
0.950938
1.293
-0.0651764
0.614628
1.42015
1.32446
-4.45053
-4.45611
2.48625
1.55161
2.29913
0.258608
-0.832162
-3.34719
3.57204
1.99834
-2.1391
-2.25863
-1.07826
0.765594
-0.527897
0.603926
1.5978
-0.403308
0.0720114
-0.482202
1.0178
1.16065
1.29969
0.616864
-0.559886
2.52805
1.80413
3.39803
-1.42021
-0.291787
0.495623
-2.85709
-1.08449
0.716391
0.0593291
-1.18403
-2.03115
2.35971
-1.56269
-0.684482
0.102496
1.54843
3.00927
-3.13426
-0.463065
0.477257
0.324957
-0.0442973
1.10146
0.809015
-3.50868
-1.32275
0.413002
4.66926
-0.878832
1.64573
-0.905072
0.513785
0.733257
0.68262
-0.721644
-1.25124
0.259871
0.44132
2.03673
0.380072
-2.15246
0.904968
1.0886
-0.792228
0.174807
0.734474
-0.749954
-1.34347
-0.776723
1.341
-0.907135
-2.44848
-0.285062
-1.87571
-0.513009
-0.283851
1.60489
-0.886242
0.0538274
1.38893
0.258319
-1.3377
0.419241
2.00916
-2.16174
-2.51277
2.64937
-1.95186
-1.79076
-0.210879
-0.0540167
-0.66307
-1.02322
0.648841
-0.393364
0.196807
1.73787
-1.63368
0.293135
-2.19409
0.823517
0.493495
2.03982
-2.80016
3.95581
-1.97
-0.607741
0.574383
-1.43777
0.917723
0.0926951
1.7889
0.368078
1.75004
1.41748
0.198898
-1.27096
0.0634834
0.265516
-0.403345
1.21433
2.38072
0.107503
0.594992
0.738884
1.88277
1.94442
0.769717
-0.361765
2.14342
-0.768817
0.623233
-0.785465
1.23513
2.86916
-3.50087
2.63885
-2.80837
1.95935
0.682599
-1.53241
-1.32951
0.683285
0.783945
-0.144896
1.39048
2.2838
-1.32836
-2.39708
-0.740932
2.77285
-2.89445
0.113407
-0.121915
2.49495
-0.41272
-4.21999
2.20401
-0.0495213
0.672805
-0.772894
1.61842
1.65326
0.670274
-1.17388
1.59376
0.433575
-0.512351
1.16178
-0.473468
-0.329794
0.132239
-1.44481
-0.872876
-0.314178
-0.0673049
-0.128263
0.581495
-2.02591
0.0963467
2.87163
-3.05079
-1.05706
2.76552
0.742184
2.82793
-0.517999
-6.35243
2.39825
3.2709
-3.22042
-2.32554
2.96554
1.68083
-1.23223
-0.238507
-0.529853
-0.645769
4.28765
0.339258
-2.04499
-0.73232
1.33592
-2.89375
0.721658
-3.4582
-0.0283769
-2.04925
-0.159182
-0.918179
-3.86514
1.0148
-1.69912
-1.94419
-1.21423
0.97053
1.28409
-4.2049
1.15374
2.15487
-1.34134
0.0152242
-0.297269
-0.212228
0.947671
-0.136453
-1.19668
0.181246
-0.373969
-1.37955
-2.31903
-1.43299
-0.627359
0.303282
-2.1193
-0.00274719
-0.482214
2.44513
-1.17214
-1.80534
-1.58268
1.39533
0.499263
0.465221
2.47819
-4.23312
-0.349084
-0.27465
0.821313
0.441153
2.87943
-1.83904
1.51069
0.0240028
2.27936
-0.513907
2.51574
-1.08393
0.545596
0.367459
0.472005
2.26325
2.26438
-3.40555
1.57237
1.0009
-3.2028
0.584898
-0.745653
-2.79089
-1.64918
0.0864648
-1.62386
-1.26621
3.66095
2.41354
1.72182
-0.0395393
-0.925213
4.5255
3.70306
-2.24464
-0.00454775
-1.3063
2.47868
-0.187432
0.415759
2.71746
-2.79514
-0.780525
0.886117
2.2566
-1.30624
-1.95599
1.41179
1.54176
0.576262
-0.641899
-3.12555
-0.220341
1.27627
0.682948
-0.220245
-2.16489
-2.45379
0.255033
-1.83653
2.38863
0.802064
-2.20596
-2.26967
3.1736
-1.09158
-0.147342
2.05249
-0.622113
-2.19861
-0.745006
-1.5464
0.0730249
-5.24872
3.1212
3.35672
-3.1904
-0.523029
-0.219818
1.91806
-0.618965
-1.70645
-1.17292
-0.251382
0.75484
-1.08431
-0.457462
1.92741
0.691505
-2.56633
-1.48264
2.69701
2.792
-0.457024
-2.57281
0.365511
0.369683
-1.30495
-0.727535
1.93779
4.1321
1.72388
-1.21308
-0.195123
1.22299
-0.743445
-0.807636
0.710812
-0.280929
-3.01835
0.445157
1.72317
0.485535
0.680046
0.0662505
3.20104
3.75116
1.2863
1.50651
2.75508
1.32333
-1.64809
-0.403366
-0.977495
-0.00671382
0.922922
-3.10785
-1.11755
-1.06925
0.693134
2.35026
2.24409
-3.33718
-1.55831
0.40841
0.135852
0.623933
-0.654402
-2.42346
0.606798
2.28408
-0.0548554
-1.68854
-1.23907
-2.45786
2.01416
0.951336
2.26764
0.529381
-0.161742
1.60674
0.0718148
2.1319
0.157139
0.11502
0.455913
-1.38451
3.30517
-1.39286
1.25688
-2.94867
-1.9004
-1.59076
-1.52531
0.556539
-1.84385
0.893019
0.616012
2.36602
2.01403
-0.951032
-4.23185
0.807264
2.92394
-2.69156
-2.47838
0.911829
1.79971
3.75814
-1.03502
-2.40492
0.804027
0.462434
-0.826334
0.640285
1.43715
-1.10786
-3.27595
0.662864
2.84927
0.536032
-3.59302
-1.50098
0.0726996
0.19969
-0.75289
-4.40239
-0.54741
0.246379
0.556989
2.3295
-0.257323
1.62147
-0.00791559
-0.0754346
1.31793
0.0910034
-0.683069
2.48064
-0.740967
-1.55647
-1.68891
-2.02046
-2.77658
-0.694654
0.849184
-0.570923
1.27926
-1.17572
-1.09364
0.739463
0.879457
-0.463989
1.0427
0.63044
1.61978
1.1579
1.90457
-2.77073
-3.14158
-3.3164
-0.373721
3.9201
1.37917
-0.303721
0.703595
4.4984
0.170248
-1.07045
0.0382429
-0.460642
-1.22563
-0.112038
-0.975696
0.289637
-0.670521
-2.19375
0.44084
-0.845607
-0.790973
-1.57013
2.55212
0.241088
-0.373371
-1.01647
-0.163136
-2.65891
3.70304
1.92508
3.22875
0.402471
1.54613
-1.44578
2.33814
-0.270586
-0.402182
-0.651934
1.18872
-0.588811
-0.464838
-0.450649
1.21847
0.0787572
-0.324978
-2.4752
2.47604
-0.148183
0.543656
1.09274
-0.682895
0.704523
0.131766
-2.81008
2.24161
1.13512
-1.33358
-0.0485027
-1.31024
-0.738729
-0.725533
-0.21557
1.15418
3.19244
1.29459
-0.355032
0.855844
3.13556
-2.28891
-0.0555233
-1.34538
0.0253021
0.207327
2.06298
-0.695867
-0.508137
0.0939473
-0.970562
0.260343
1.81821
2.40518
-0.14662
2.09903
-2.70521
-1.39329
0.213468
-0.78711
-0.158857
-3.06075
-1.03067
-2.17073
0.624139
0.201058
0.304214
1.72317
-0.217137
-2.8896
0.422752
-0.51985
-0.267897
0.716066
-2.20851
-0.716215
0.108675
0.814188
2.02319
1.54373
0.391651
0.699132
0.789888
-1.44404
-2.0804
0.559289
-0.896962
-0.323756
-1.93954
3.92624
1.44831
-0.698704
-0.531729
-4.04924
-0.414082
-2.74745
1.91366
-1.67059
-2.80369
-1.33749
-0.592705
-0.689645
-1.93759
0.0590896
-1.05407
-0.790404
1.14108
0.210307
0.894665
0.731209
2.57526
-0.373881
0.222592
1.49605
1.18761
1.54032
0.0768738
0.351498
2.02119
-0.644256
0.630213
-1.03018
1.06481
-4.76635
-1.84349
-3.06728
0.470677
0.720006
-0.774251
-1.64937
1.1279
-0.61186
-1.42283
-1.25713
1.54195
-1.63347
-0.589421
-1.30087
-3.62112
2.40102
0.662837
2.59937
-0.250568
3.37904
-1.07832
0.707009
3.09761
2.75721
-1.89827
-2.71302
-1.34274
-0.169455
2.92746
2.79077
2.65589
-0.675401
-1.28853
-0.588753
0.763245
0.82816
0.0273398
-0.804604
0.674407
-0.459546
2.01497
0.676585
0.653315
1.40128
2.43254
4.0434
-1.32003
-2.60544
-0.697529
-1.22223
-0.333404
-0.464896
-3.09773
-0.946942
1.01116
0.40038
1.84339
-1.18137
2.85388
-2.1131
-0.21304
-2.24069
-0.117688
0.0100065
1.06735
-2.67519
1.97811
-1.03834
0.111952
0.00607985
-0.373314
-2.22848
1.06273
3.01795
0.350941
-1.39516
0.383519
1.87098
-0.501281
-0.412995
-1.02601
0.881318
-1.69712
1.63214
1.45777
0.207269
2.01652
-1.63781
3.88804
1.38891
-1.9533
-2.30694
-2.96447
3.01606
0.0873419
-0.0600195
3.98784
-0.566487
0.0578158
-0.0584457
1.90659
-0.284413
0.500887
-0.293835
-1.843
2.03431
0.989814
-1.48798
2.02581
-2.77115
2.30645
-3.12174
-0.908377
0.721693
-1.23677
-1.29579
-0.7133
-1.24958
0.619903
-1.40993
0.24565
-2.76183
1.04751
-0.0171976
-0.162357
-1.65011
-1.84632
-0.0411822
2.56386
2.79337
0.678434
-2.88634
1.22032
3.36611
-1.35787
-4.26355
-1.80694
-0.163101
-2.15976
2.90901
-0.824942
-0.700753
1.43549
-0.94717
1.40824
-2.14904
-1.72461
1.46387
2.19339
-2.05722
-0.92616
-0.174876
-1.33379
0.764712
1.83605
1.59526
3.618
1.08168
4.12975
1.34234
-1.2243
0.562695
1.506
3.93403
0.306308
0.895863
-2.10588
2.14753
2.28345
0.287021
0.3428
1.7541
-1.49373
-2.36814
-0.0464155
-1.96582
-1.51779
-0.586901
-2.14315
-1.27933
-0.926864
1.25258
-1.98666
0.823936
2.04487
-1.9721
0.347299
0.989126
1.73926
-1.80763
-0.424462
-0.360078
2.21971
-1.67095
0.705083
2.68568
-1.84234
0.432281
0.429109
-1.12724
-0.832644
-1.52626
1.43901
-3.11102
0.86614
0.186498
-1.15345
0.920812
2.8742
-0.376413
-3.02426
-2.02539
1.56228
0.270628
1.16728
-0.646034
-2.54572
-0.206711
1.07069
-3.14798
-0.0414256
1.40786
2.21568
-0.771685
-1.1986
-1.76719
-0.731683
1.28545
0.2016
0.911132
1.15554
-1.35218
0.45247
1.20777
-0.53862
1.58804
-0.620632
0.104439
-0.726046
-1.41829
-1.40604
-0.355297
2.22958
-0.0835415
-0.641211
3.94087
0.825161
0.620636
-1.64638
-0.379135
0.217
-1.1995
-2.80519
1.69581
-2.2254
-2.13274
-2.61232
-0.106529
1.67036
-1.40271
-0.985809
-0.204429
0.77327
0.288317
-1.08293
2.85022
-0.931703
-1.06572
1.24862
0.484133
0.725065
2.76813
3.36071
1.60676
-1.41704
1.81539
1.6853
-0.946519
-0.649129
-1.81649
-0.308425
-0.518264
-0.0275706
-2.2108
-0.859996
0.589727
0.171473
1.00873
2.02684
-1.92679
1.06837
1.73184
-1.02125
-1.61871
1.91286
0.124686
0.992855
-0.444901
0.581793
0.464665
-1.51621
1.48299
-1.08454
3.29335
3.2203
0.329075
0.161559
1.91376
