-1455.92
478.474
-89.4381
-14.364
295.226
84.0466
307.956
-233.066
324.098
233.561
-263.647
-12.5824
-357.894
97.7851
441.84
367.714
-365.589
133.018
230.257
238.763
-150.954
76.2576
22.584
-128.216
-18.8908
-97.8755
-48.5226
294.097
-81.777
-310.15
50.3087
22.9913
146.486
-22.0178
-62.718
80.5586
-86.6643
-24.4552
53.2887
-64.2962
-110.475
-10.9081
-12.6406
-33.0365
-38.9671
44.4132
0.255109
-95.8689
-1.14641
58.3202
-66.22
18.2044
62.4838
7.75766
-3.59135
-99.0149
-25.9958
-33.8259
62.6138
-16.0378
-112.979
71.8208
43.7475
-137.144
87.9964
12.5909
-31.4219
-7.33266
42.8831
-2.32106
-10.1179
146.272
-88.9772
-28.3876
-52.8857
49.9801
78.0863
55.035
63.19
16.3088
83.6442
26.147
-16.7988
-101.365
-47.6
36.0017
-53.7476
-18.0483
6.80368
51.3974
-45.7636
49.9715
17.3161
-13.9035
19.3835
-7.99985
-1.03061
37.6423
-16.4218
-24.7588
-25.4788
46.8047
-28.1382
24.0477
-16.3642
28.8374
-121.802
-5.63202
62.8695
-7.65241
-52.3139
13.9852
-4.79623
50.3431
