-4273.6
463.382
593.104
145.533
51.1578
-169.509
304.453
-42.393
313.304
210.653
270.466
-246.655
-487.79
-247.906
-154.876
117.968
131.609
61.6985
-228.048
-53.977
59.4972
172.098
78.9937
-96.7569
273.406
-172.885
-74.1085
192.782
-4.337
-37.1294
148.159
79.5738
7.60249
-69.5914
83.635
16.9435
-12.7939
-48.6279
-112.475
-98.8792
-187.749
-170.454
-8.27833
36.1811
3.73417
-86.497
93.2085
209.56
46.3088
-52.3444
-15.6773
-44.3773
-50.2022
6.99666
-101.203
75.0648
-16.3667
-100.855
-89.6739
-44.7942
-34.6343
-49.6255
-194.311
-79.482
-13.5201
-20.4415
-269.573
13.224
97.6069
-37.9923
-49.7916
44.4231
-57.5166
-49.5941
11.1564
-63.3686
9.17592
12.7843
20.148
-19.41
23.8751
-51.1425
-44.0608
-58.3799
32.6778
88.6845
31.0089
-70.8361
17.439
31.0754
43.4789
-102.044
-3.18222
1.12753
30.0512
-32.3391
-47.4642
-17.8771
-41.022
-154.578
-27.3935
35.3038
34.7889
-31.8682
44.0866
62.6136
0.763346
89.0677
-50.0111
-28.7651
-37.0403
103.835
39.9028
71.9211
