1656.72
-135.738
113.554
2.9894
308.318
95.8093
49.4628
-116.07
-225.163
81.617
-128.916
-15.2131
-83.114
-48.8666
1.98981
-1.15681
24.0253
-69.5032
42.363
6.10711
133.459
-116.307
-135.503
-44.9858
-69.3876
37.8204
75.3801
14.507
-33.1727
-68.549
-26.2167
-59.6748
-54.1956
10.9823
-0.474754
-31.1945
71.5903
28.1874
-47.2727
68.0015
11.6879
38.6623
78.6502
-23.6585
-115.728
3.34636
-11.224
-26.8447
31.6377
-56.0132
23.007
-18.3206
57.7506
-12.8405
-20.5335
15.5736
-56.1047
31.9377
9.11695
-16.7225
3.12574
16.9718
18.1177
-53.6059
-45.7415
2.32309
15.1447
-12.084
-4.88375
-51.1621
8.7358
-5.22677
14.9119
-21.0686
-38.3115
-28.9897
6.78982
-5.14772
5.89118
-34.4104
4.93589
11.1983
-49.7641
-14.8993
25.3842
-0.529563
-27.992
-15.1474
19.3791
11.6493
-32.3511
29.783
18.1574
-5.24065
2.52033
-27.2231
-9.42178
13.147
-19.7646
-18.4245
-21.8261
11.7812
20.2419
25.5457
-3.87063
-18.3273
4.24454
23.102
-9.15535
18.472
11.6345
-1.39061
8.9269
21.7284
