-302.517
-47.1616
-16.7592
-97.6581
38.4316
-401.466
-163.057
321.427
94.9258
227.524
85.7022
-86.1901
39.1516
-61.2781
161.152
-386.404
107.257
-49.9239
45.6246
-43.3267
-149.647
-161.848
-151.928
-50.7206
-21.4427
193.369
-46.4544
-86.2198
91.3774
-196.002
196.447
-46.7082
171.445
25.829
31.292
-59.5023
71.8749
13.9501
147.77
183.593
-16.8155
-206.576
142.755
-0.704992
70.6041
16.1636
62.0833
18.0392
67.3953
-17.2292
-83.7982
-81.1576
-125.813
130.864
-82.7235
28.2322
-108.274
-51.7778
-14.6729
10.2041
38.3022
66.3154
41.1725
33.8268
59.4176
101.513
28.4341
-5.53968
141.118
-73.2082
121.404
-4.18114
-50.8406
-35.4382
-2.35299
-8.59428
69.9114
92.9749
45.3421
45.824
-101.908
82.9445
8.38372
-4.92703
-78.6812
45.0184
-79.0221
34.4491
110.542
-64.0304
-77.0723
6.14023
59.8646
32.1165
37.293
-74.4954
-55.2083
29.9032
-84.0957
-21.1948
43.7112
-94.9488
48.5442
-12.9518
44.345
59.1472
30.7612
-5.94353
2.76862
-24.6911
48.3172
-48.6553
-83.3379
96.2997
