2167.59
-329.087
150.19
311.664
309.245
-14.2579
-85.3704
-137.099
-93.7414
-54.6148
-239.852
-96.9715
27.3582
3.71761
-90.1827
-125.98
-12.6692
-21.2267
26.6277
42.5673
231.622
67.9177
44.4606
-35.9387
-13.7468
-38.3198
-21.5273
144.429
-13.5363
-68.4761
-36.796
8.42454
-98.7916
-19.4113
-36.6909
8.51592
76.5902
44.2447
4.05821
20.3017
21.5696
89.363
108.844
-41.8719
-23.6677
-24.4968
-71.6348
-101.049
21.4196
-40.8342
6.35089
-24.4538
-9.85284
-86.2636
-44.8607
22.0739
26.7746
-32.1368
-2.58839
14.6038
30.6332
29.3902
-11.4654
11.2663
-51.0041
23.7838
-11.3833
5.7194
44.5359
-1.11217
-18.3297
1.79753
1.62732
33.51
6.03255
-30.2421
23.9976
-28.7585
55.9808
17.71
-46.958
24.746
-26.9196
-19.0767
-24.2473
-53.2415
-13.6861
-26.4347
-5.96581
32.921
19.1218
10.683
-12.6005
-1.90254
-29.5556
-1.0055
-36.4343
27.3921
30.0617
31.2709
-5.22944
26.5788
1.29641
3.83068
-20.9022
18.5125
-29.9989
45.6157
6.41998
18.0767
23.0214
-10.2579
-4.79375
1.0609
