-548.282
351.583
410.612
-60.2002
-20.9871
254.122
-207.404
-199.339
-14.0988
-35.0773
72.56
-33.9514
30.5856
49.8334
77.3185
-56.952
-67.3684
-110.273
-85.0565
42.9648
-113.994
-60.781
-27.3398
12.8326
-65.3859
-17.5812
106.624
78.3073
25.4678
102.302
53.8168
37.0962
-7.36372
12.2805
57.4654
-58.784
55.9737
-63.9493
-64.8416
49.7862
-72.3833
-39.3782
43.374
24.4195
-28.3458
-54.4457
18.2313
20.8216
8.09196
-37.6692
-8.4955
-19.8196
-33.8697
2.19024
-29.099
77.8813
-6.9956
35.84
-9.2528
30.0272
12.1026
42.4144
4.68201
2.9027
-22.2666
4.14548
35.8845
2.47303
34.2792
-54.3905
-4.54236
-8.99251
1.93053
35.3957
24.1339
37.9404
-1.36012
3.57616
64.6583
2.8704
28.5844
-72.1176
-15.1416
-13.663
57.3412
-4.96137
3.16928
26.9647
14.0618
-33.0469
11.1574
-37.6083
20.4843
-14.6186
-2.47042
-16.0992
20.8248
17.245
14.4045
33.3012
12.349
-8.24955
1.54403
23.5362
-54.2458
20.1019
25.6414
-4.74504
-21.5295
13.3363
-2.61693
-14.2442
21.1154
12.0706
