1550.28
15.5188
232.102
32.7494
-163.925
-109.94
16.0804
233.483
97.9424
-122.163
62.7741
-63.5272
-132.397
-107.723
-148.314
17.9326
-27.9722
166.268
-37.7154
312.3
-197.463
-151.76
-22.513
-39.8431
-27.9527
-19.9359
101.464
-33.7795
-23.3745
-1.88823
39.9912
-27.1306
35.7869
-6.64056
-2.41621
-49.2078
6.61654
-30.4211
-38.3549
29.413
-10.4414
-53.881
-96.8557
6.05807
19.3416
-76.0026
-13.0334
2.65537
43.0794
-19.9102
13.0597
60.8674
-21.0913
-25.2168
22.8465
39.038
16.934
-23.8858
27.0488
-17.9536
9.82651
7.59164
-18.0739
22.7643
10.3842
22.7825
-25.7601
-17.7043
14.9774
17.6346
-38.2503
38.8255
-28.4449
28.2537
15.2352
2.92318
7.30999
10.4244
5.64325
3.77032
14.144
-14.8616
45.0823
-15.5411
32.7126
5.10254
-30.1739
-52.9747
-15.0288
-32.3611
2.14603
33.001
-12.1616
30.3555
2.12371
8.73313
2.02255
-10.383
24.2524
-22.4477
41.3896
2.22006
-35.1278
48.8636
29.4172
2.58209
-4.51491
3.17622
65.5563
47.1069
14.1042
-18.1765
9.67519
29.1313
