-337.096
165.451
390.08
179.226
331.783
-37.9868
8.65024
107.12
-304.976
-127.97
-35.2056
-74.1986
59.2247
-19.4835
20.5377
76.8716
32.9909
14.3984
-91.1428
39.7307
30.5869
-42.8333
65.1445
-100.55
-22.7284
-26.993
-1.15555
-48.4274
9.24439
77.9904
-39.1468
-9.50747
20.5728
2.332
-130.757
-50.7692
81.0859
-3.88983
-62.5658
-41.1567
65.0673
18.7203
29.4793
10.325
42.8409
15.8047
29.4862
8.33677
-3.02267
-0.144375
-10.5992
4.19485
55.7521
23.1216
-41.6134
-6.42609
-35.3764
-55.3193
-59.4479
0.424362
7.91675
29.121
-52.9163
18.9661
-5.5962
-1.87646
18.2032
-27.6092
-36.6316
-5.77731
37.3644
22.4386
17.1426
-12.5936
25.7754
-0.684426
10.8538
-4.28458
2.34285
-36.4641
23.2117
10.1427
-7.04973
-47.0883
-1.43221
-8.21388
23.0038
-0.559685
43.6563
26.1879
-5.55522
-7.91355
-19.5784
30.1447
21.3836
2.14535
-22.1318
-8.11434
-7.20647
-34.1849
53.8095
-7.1661
30.4736
-19.441
-1.46286
-4.21332
9.8654
1.99866
-37.1522
-56.6353
22.4865
12.0463
16.4367
4.74306
