1972.9
-54.4196
744.346
30.6488
159.489
150.926
-286.508
-52.9623
56.7417
85.7649
-85.9436
121.075
86.0681
-17.4144
62.8835
71.1636
49.2235
-21.6048
-32.956
-37.8245
40.3698
7.25202
-23.7293
54.3127
41.3437
-22.9675
-61.8611
-24.9556
4.45826
-18.3001
25.3222
-27.4872
2.10988
26.1241
-21.7888
-33.528
18.4251
34.377
46.9741
-20.7231
-4.64645
-39.4412
44.9441
22.2929
-42.736
2.17764
-52.2676
23.6854
-0.442848
20.9214
-15.8121
-2.00102
1.76796
4.41968
-31.4462
26.0628
9.63903
19.836
7.26756
-27.7842
-19.8634
15.6419
24.169
-5.1277
11.3176
-7.82597
1.96236
19.2047
32.6718
36.2452
-3.71122
11.0718
-54.195
0.573716
16.9091
-14.0699
-11.7621
-15.3234
-7.63472
60.0028
-10.4839
24.355
8.74797
-16.9919
2.9082
-16.144
26.0836
-2.53389
-35.2275
-8.04378
-40.9492
2.26073
31.2807
-18.6797
25.4333
-11.3897
1.61164
13.2361
21.4473
-0.650576
15.4651
-26.2721
-8.17029
8.74722
-11.6489
-27.2331
14.1059
19.6317
-28.1655
-3.87578
6.00017
-2.99352
10.8962
11.6483
