24.601
115.431
-279.468
34.0871
509.21
-16.5003
133.784
117.005
228.069
-117.7
3.56379
-128.542
-6.6901
14.4434
-27.3477
-1.52755
-42.9223
35.109
-39.3593
-103.239
44.9294
4.6795
74.1816
93.117
-121.682
-21.0882
45.0713
-65.1061
-45.1209
-4.56674
-78.6357
71.6281
161.804
99.5158
-61.7531
129.011
-101.095
-78.2789
28.472
-18.2756
-63.901
44.3332
25.959
-27.5736
-50.4522
21.511
22.6343
36.1819
-39.0392
-34.7132
-3.90608
-85.1832
38.2412
-29.8759
-0.37612
-24.5027
-38.6196
-38.5841
41.9428
-18.995
75.02
6.94238
39.2791
-12.1996
-15.5302
-49.2698
30.9558
-28.4073
-10.9757
14.8955
-6.95247
-14.2126
2.51195
-30.7217
1.16418
27.0676
-13.551
-28.8081
26.4017
-11.8968
-27.1956
6.03703
-0.211821
21.0224
15.8044
-25.5575
-20.1538
17.3209
28.7253
43.6188
18.6166
-28.6073
-2.80094
23.4834
34.3704
6.43629
12.979
-38.678
4.87026
11.4303
-4.19884
8.17446
11.2305
-37.5118
-16.8664
6.60018
-25.3807
0.572046
18.6332
-9.37769
8.39513
-0.789509
11.6527
14.224
