368.111
-31.0602
428.582
24.9448
2.61631
150.726
288.689
74.8933
58.3933
-98.9085
-119.202
-81.0793
66.2257
-204.779
223.801
151.942
130.334
65.9316
-138.861
136.185
-27.9185
23.4317
63.7289
26.7829
-257.887
-176.581
4.67901
54.2119
125.831
-51.458
93.9022
-147.188
-87.6268
89.3817
115.658
104.614
-86.0317
4.63571
-8.18016
112.271
73.4538
-38.4872
-37.1014
13.4099
56.282
-75.8948
118.028
14.2311
104.178
41.4592
-61.6169
133.393
6.05593
8.20249
50.5872
13.1998
-38.242
76.4062
-12.4846
27.9266
-69.0627
63.5984
-11.2675
33.642
-46.6234
-32.5299
-39.5185
-33.1499
-50.2164
58.7856
-8.70856
48.1638
-3.6044
-48.566
28.3676
-4.76805
-10.1491
18.1304
-16.5005
6.25452
-52.0175
-23.5157
10.0968
-79.6163
-47.6325
5.3842
45.1368
-1.46756
-76.7543
72.0757
35.179
79.4042
3.12297
-50.3503
14.4509
-0.125151
5.36963
-5.79557
43.7512
-4.79834
-4.51307
15.9437
-41.5731
-29.6143
-4.80007
68.3429
27.7755
44.1046
42.8836
21.794
35.6609
-43.0619
27.6433
-20.0437
