154.823
36.0608
200.156
170.436
23.6807
-79.6102
312.556
-153.28
107.18
291.478
183.111
11.6114
274.227
-176.286
42.4789
177.13
510.723
67.0349
5.10133
209.535
14.929
-42.719
182.782
130.687
-389.188
-29.0183
129.831
35.7102
20.7737
-136.57
67.5391
-67.2161
31.6555
25.9847
-87.867
-86.6886
10.0162
-20.8273
0.976813
92.8543
-109.033
-51.8387
-44.2926
5.6744
-39.0998
6.92584
17.9016
58.8467
-35.5417
63.0306
0.369891
-38.6034
1.51557
-42.7787
-26.9843
55.5799
-74.1759
5.11354
-23.9156
82.9929
70.2212
1.44765
-31.7743
72.4888
-60.8792
22.8199
42.7416
32.0376
-62.1334
-49.0267
-71.5632
34.1178
31.4438
-11.2736
-2.24613
10.0916
49.6126
13.8826
-72.1515
-55.2765
-24.0109
16.7981
4.73838
-62.7329
19.3891
-12.4326
-23.2494
-5.59401
12.4457
26.2764
41.3221
1.00838
-2.12638
35.0225
-33.7426
-9.10344
-58.6475
54.1075
-3.6726
41.5445
-25.0073
21.8192
-8.27029
-42.6386
-28.512
-19.7914
-17.9741
-24.1776
36.3064
-28.3304
-19.3487
-22.591
-10.9146
15.8662
