-584.205
-23.6044
144.459
145.337
96.5332
-132.994
-359.555
-392.736
198.278
-18.2632
30.1268
75.7414
-37.8588
-90.3179
-97.4233
47.5297
124.834
-25.6517
-49.2647
35.5372
9.00588
-10.6991
-86.1054
77.4067
5.40214
-17.9686
111.343
-83.7064
-110.911
-15.5754
22.261
153.754
21.4178
18.7537
-45.9087
14.5465
-2.3184
58.0316
144.885
134.165
9.29607
27.9505
42.4469
-74.1526
144.838
-73.1603
14.9935
-16.2969
-55.9544
-15.589
60.0393
81.5846
104.182
35.6538
-90.0764
-49.1624
14.4655
-61.0652
-5.69104
-20.3121
-79.3938
25.3543
-28.2455
-29.1274
4.79924
54.9254
113.894
-37.7607
-96.9684
30.2572
-17.0982
-8.75425
-30.7543
2.03286
4.90152
17.4832
22.196
49.8484
15.8941
12.1688
14.7024
-2.99306
-17.4933
41.1247
13.1336
-2.22113
-22.8889
5.09017
-30.7037
-0.631283
57.9246
-11.323
17.2247
63.4465
-15.6639
-62.3458
-38.9893
-1.50778
-33.0579
36.0953
53.4671
40.2406
48.3666
67.6072
-18.949
-42.3969
-50.6883
-4.89289
-7.70831
30.1713
8.78096
-18.1439
-1.3847
13.1244
