525.053
442.703
-458.603
-303.988
280.325
-6.0437
514.92
-569.329
227.3
181.375
26.1696
63.609
7.69962
-105.4
-285.265
-24.6034
262.71
-41.7016
29.1485
-34.0186
-121.836
3.81896
0.0473737
191.98
-93.4198
-146.124
223.416
47.9959
101.111
-4.99429
49.2375
-94.0945
96.4293
-65.2294
-152.727
73.0603
-85.2865
1.07858
65.0816
-15.9498
-115.43
-13.1543
-65.3177
-27.303
10.6602
14.3802
-65.885
117.534
-107.682
35.6985
64.8784
-17.2968
7.13444
50.6403
-24.8454
-73.1699
102.358
-54.9058
-18.5578
-73.2763
61.1257
-2.02455
-9.56938
16.3529
54.9096
34.3932
-24.745
-24.0706
-50.4034
5.54462
-48.7436
-66.4261
50.7027
24.9239
-62.7704
23.7154
-5.40067
37.1449
-24.6875
-4.22644
-25.4904
-30.5844
44.8094
-41.9193
-6.46743
21.8066
47.8739
34.5456
-15.4308
-7.75822
-40.9527
-63.3722
-8.60609
-6.79194
-6.2348
-42.136
13.8107
-14.1597
1.92695
16.4653
-24.8681
6.25827
-24.4258
-40.753
-51.0095
2.11897
76.0646
-23.5025
16.3586
-9.40969
-44.7134
23.8351
48.6369
-12.6503
