-1040.84
299.263
141.643
148.174
156.736
-172.587
36.5147
51.5056
75.767
209.9
109.155
-100.272
176.019
-149.978
29.689
-168.656
-123.906
-51.577
210.213
-85.9205
11.2279
-164.883
-27.3438
150.6
-118.769
12.137
18.6063
-1.80741
-18.3921
30.3654
-39.6717
-24.7237
24.4249
12.6354
-130.502
-90.6195
1.94024
48.9363
42.4416
55.2097
-62.0636
-75.8738
54.6848
35.6979
-114.357
45.428
-57.4785
2.45365
-14.1174
126.288
54.5125
-106.464
57.1544
18.7487
11.6841
71.1685
-0.0807055
25.7311
-16.6536
-26.6954
53.4704
11.3889
-8.28233
7.14218
67.6934
8.90439
-10.2587
-9.77328
7.15888
-92.0669
41.837
-30.45
-9.9602
-22.6939
6.14541
22.4387
-19.5855
46.6663
38.1037
-65.0976
45.2822
21.1335
66.7111
-32.0563
24.6902
41.0968
15.142
-64.635
-5.61348
6.36977
-3.34099
41.9462
42.7992
-54.7968
-12.1434
-24.316
9.33777
-39.7757
-57.9479
18.5297
-0.327055
59.3872
-14.214
-7.94067
7.85501
-8.38373
-20.0679
-8.82094
29.3026
-22.6895
-37.163
-42.7307
-18.6905
14.9104
