-755.73
254.625
64.8095
245.174
17.3186
76.0192
133.933
-149.369
214.857
-21.3887
207.921
-208.823
-128.023
-87.8526
-102.72
59.5436
-123.632
3.51401
195.994
131.045
-31.2421
11.4836
23.2869
34.176
25.9747
-23.005
14.1834
-18.5742
129.814
65.3222
-43.8604
-40.7104
-38.9021
-19.0246
-124.299
95.8741
8.02268
113.159
41.1392
-67.9796
122.982
14.1175
-101.264
63.906
-1.65861
1.55983
-7.54566
28.315
-44.6225
-113.855
14.6421
27.0762
-59.241
-20.6504
28.6822
42.5159
23.1724
26.5845
-36.3651
12.8094
39.4074
73.1356
7.34829
-30.0783
-1.76534
-48.0572
-65.4638
-37.2624
-79.7005
72.4787
-44.9609
-138.467
1.35919
-25.8249
-25.0088
33.5524
49.7283
-30.7355
46.6822
35.5447
55.7826
43.7157
14.4869
21.9163
-18.2338
-10.9767
15.0764
-24.5313
-22.2709
18.8257
19.1799
-57.9137
-59.5206
89.4941
-14.1029
7.14727
-21.1569
13.1295
-44.5039
-20.423
1.66089
93.2276
-8.53667
10.4546
4.8885
23.3331
15.2327
-18.6994
-24.9843
-0.0705991
36.6136
-0.908451
-28.9031
14.7723
