-51.8677
-109.805
59.6284
197.341
-115.994
428.627
176.776
-93.8223
77.2771
-186.185
-12.3796
-71.537
-74.9221
123.113
43.888
-33.1423
-78.7329
-37.163
173.788
47.4848
-51.8816
7.06701
101.136
-80.9069
-24.1136
88.7051
145.604
-111.09
-138.263
-111.157
-14.7847
-77.6233
-61.5052
-48.3758
41.2524
-73.4517
-21.7515
-27.3753
110.206
34.1598
-13.8015
-19.2509
-104.023
26.2366
53.6111
-40.4422
53.3554
-107.619
78.981
85.3279
-76.8418
41.4922
68.0458
45.7877
4.74275
27.1605
59.4473
11.16
21.8676
-48.532
-6.65799
-27.7465
18.9356
47.9191
-70.0891
27.2677
-38.2752
2.46831
-14.2961
-34.0685
-38.6631
35.1073
28.3099
26.2633
-58.1039
-2.12345
-36.521
30.3799
-3.95669
17.0386
49.5852
-25.392
-45.38
-17.1285
11.1899
39.7245
12.7664
19.6398
-18.9698
5.91154
-29.8687
31.9447
19.2199
19.8607
-17.2737
-22.2023
-41.5966
38.5607
-37.1685
-3.09049
-8.86824
-5.05376
12.5192
-14.6654
-38.2029
58.9473
17.1134
29.8544
-23.2041
7.77381
3.57955
13.6323
31.258
0.827248
