475.46
-436.477
-37.3859
-409.455
-240.592
-258.64
-44.7889
166.293
158.11
36.0716
-21.367
3.40433
-197.619
103.312
-45.7611
89.3613
-106.413
-78.6562
155.182
-55.5511
-45.3735
-155.906
-63.2681
-46.9984
-52.4516
42.1173
-11.3815
-56.5186
37.4899
62.6542
-116.933
-30.9733
61.8046
-18.1912
-8.03492
23.3067
53.8686
-38.0825
-38.8979
-9.39216
-15.9148
66.6431
-7.16089
30.7973
-39.745
32.134
-0.453862
54.1876
-6.26318
8.02985
-27.9291
-6.93074
21.6485
-43.4102
11.4938
65.8778
-54.6823
15.5214
53.201
4.72823
-11.3569
-60.9047
3.82558
17.345
-24.4122
60.7096
-27.3546
53.1545
-27.5229
10.4524
3.20617
-31.8622
6.42122
2.27992
4.0446
1.1837
34.9769
18.2238
-27.8634
31.2601
-9.02438
24.4695
31.8265
61.5774
-11.089
-3.15772
8.42423
38.4804
-15.0854
60.0621
26.9518
-26.1218
-0.149702
-3.71733
21.1783
67.6457
-18.0064
11.6079
-11.7841
20.1924
-20.8266
3.5553
26.7411
-23.748
14.8467
18.2642
-12.9276
-32.6071
-20.7694
-6.10236
1.51802
33.753
12.4544
0.389108
