324.025
-596.955
588.108
-206.587
52.2194
-6.59431
-122.945
101.565
223.697
148.41
60.0563
-89.4909
-25.0829
98.2167
100.772
5.13173
21.1897
189.044
36.1993
134.951
139.375
101.398
67.6999
-59.8613
-12.3442
18.6286
-28.7003
-68.3459
13.9043
-48.0798
27.6126
77.0685
0.509401
44.5159
9.89957
13.3879
-78.2892
-4.24355
22.4159
12.4872
11.9128
-11.194
-52.1772
13.6855
12.5706
-5.1035
-39.5199
-36.3763
40.6078
52.1676
-12.5377
87.355
0.911185
-25.9039
-3.29818
-52.5681
16.6712
7.87175
-35.5362
5.47927
-11.4171
-18.769
40.8177
14.5438
-28.1785
-23.2983
36.6443
-13.2403
-57.4111
5.58769
-33.9027
-8.92272
23.4458
-31.9303
-3.22748
11.766
-19.947
-37.759
3.10776
0.2542
-5.89419
-15.1507
8.13267
-3.10129
-32.9014
-51.533
-22.0089
27.2249
-36.749
3.01652
-33.7464
43.4305
-7.55332
13.9783
-9.61285
0.315427
2.20753
-8.72462
-16.3298
-8.44371
-6.96952
9.54385
37.4664
-9.07777
27.8609
24.9865
5.60434
-19.5564
17.1742
-5.55144
0.0403439
-15.8163
-23.9239
-0.56838
