598.743
-165.075
-92.0745
64.5964
-483.068
-163.839
46.3862
-279.61
-34.4983
10.7928
-126.016
51.793
84.8567
471.268
262.516
80.982
12.5804
-269.115
-81.274
-357.501
137.383
14.7124
-16.3595
-18.8653
-38.7856
-107.319
-95.3444
37.4684
88.6959
131.186
29.9389
-46.6077
-80.103
115.831
-4.05401
94.0588
-40.5407
24.1138
-24.1985
56.3834
15.3615
65.8022
-18.7952
33.361
35.5899
-53.4769
-49.1796
21.1578
-31.4637
-6.1396
100.631
-12.2642
-7.97532
16.0373
-68.8862
-23.4028
-62.8312
-36.5132
64.9095
-59.339
-11.3922
-18.7941
-86.0885
-58.6185
-3.46627
80.7418
50.9186
64.5694
-28.2697
13.5673
-11.1866
34.3572
-10.3235
49.4617
-13.1261
14.0512
-79.9397
-37.0477
-18.3098
-11.0725
2.15173
-34.8552
17.7658
-8.41088
-6.13214
43.5572
39.2628
35.9206
19.2809
33.2294
-13.9279
-55.5858
1.92625
-10.2944
-21.775
-1.08934
-14.5821
-5.76271
26.0822
-28.094
-48.3351
-43.3862
26.5134
29.1598
26.8178
-19.9261
27.0535
35.6247
-5.41916
-30.7406
19.9108
-7.42054
-10.7898
-56.8056
