165.482
-440.464
641.042
-671.175
68.7978
248.061
-120.437
261.437
42.501
176.375
44.5657
157.21
155.911
36.6925
66.3355
26.1353
59.0474
304.886
135.116
-95.6214
77.4186
-239.894
-35.4375
48.5368
-97.0147
-161.854
-13.2663
-224.469
107.833
-57.946
-35.3582
-2.34628
119.6
3.69512
-56.5589
-99.332
96.0658
30.681
-46.7546
93.3882
-53.0276
102.218
-59.3696
-56.2681
-67.6169
0.993794
56.717
-63.0567
45.0258
141.936
-37.0584
67.1098
-0.247063
-94.9877
-29.2705
-49.8775
34.7168
-46.4667
18.5044
64.7699
-20.8235
-6.55565
-46.8476
22.1604
-20.521
-7.69921
-0.0832797
-5.39302
22.5904
3.87762
-24.106
14.5857
-21.6879
49.4856
-18.4242
-67.1458
11.2503
-16.023
-60.2452
-11.887
-2.95798
55.3469
30.9681
12.6855
12.6126
13.8947
31.7224
25.4137
2.13915
-32.409
22.099
8.12452
-14.5137
-13.3113
-29.4374
-19.5121
12.114
-41.0398
-33.4848
-22.938
-4.09751
-0.306001
-4.66705
-46.225
-49.9342
18.5499
35.9851
-36.8331
4.90537
5.19201
-7.35345
19.5439
-20.1281
32.6657
