-954.682
-73.4343
-134.853
179.358
-18.3526
15.3649
-115.656
-92.7951
-399.61
-217.087
-161.198
-81.4689
-10.7437
108.094
-123.573
296.818
-48.871
43.2027
-56.5915
-49.0118
34.8489
164.717
-97.6715
-181.176
-39.4829
100.014
64.4547
-80.4705
-64.2743
77.2751
-134.703
-62.6332
30.3778
36.5844
36.2502
-31.6128
56.0432
-33.2211
-12.0418
24.1814
20.1125
3.82284
2.10243
-2.11506
-74.8783
-23.3851
82.4493
48.8361
-65.8505
57.9487
-5.42612
-1.16133
-70.3943
20.3184
30.7891
63.0561
11.187
-44.9413
-17.6318
-84.6348
45.5521
10.1997
-26.4831
-9.15547
6.00793
-13.0383
34.4377
18.7575
14.8197
-11.7867
-10.5886
29.2936
4.87287
-48.1373
37.6467
-41.4137
-14.6248
-29.8553
22.3055
-48.8581
-14.7904
-29.5242
-32.3768
-11.781
-41.3692
-0.718353
-3.22352
33.2851
-9.56422
32.3796
-30.1847
-29.733
27.5296
25.7477
-28.2857
-14.4599
19.6972
-5.38484
0.240415
12.9963
32.6695
38.8052
-3.69448
-20.9996
-48.0591
-11.3624
-18.5021
-36.0556
14.1703
-30.1558
-14.4494
-6.84499
3.70623
4.38841
