-725.05
7.56118
-53.2762
-56.8872
-185.779
-62.6134
-127.38
-237.851
234.21
421.507
182.078
-302.564
198.763
34.1329
15.73
-31.0903
84.5052
66.4963
-134.053
30.8665
120.707
193.798
45.5984
-55.7755
-30.8691
30.267
-38.9588
-92.545
52.9134
-1.93806
-30.1345
-42.812
23.1522
-123.047
68.7694
113.976
15.5204
-29.9732
112.655
-50.9521
-44.4207
97.5141
46.0881
-51.5961
-79.05
-94.5788
20.9514
-3.76621
17.8762
-26.9567
-42.68
41.9038
51.1531
-80.9078
38.1867
101.074
95.5882
64.5301
42.7745
101.48
-35.9899
3.23514
13.8834
18.6847
-106.245
-21.5577
-131.69
-92.4669
-21.6714
-79.2075
50.1039
-30.3118
-80.1045
-50.1858
-2.09079
-8.10114
-29.292
-47.9618
15.8123
35.1565
-35.5752
40.3994
73.2529
23.7985
44.0043
31.7349
-27.7721
-23.8704
-24.9686
-47.9328
-48.3639
-62.5448
61.8846
-55.0863
-53.4276
-26.7316
-15.2594
-21.1573
-15.7461
-37.2234
-91.6792
35.3673
-39.5151
13.9162
-52.0342
-44.8746
-47.0195
18.9351
-42.0607
-20.5309
-33.7071
-6.07644
-59.843
-32.5564
