-853.85
244.619
-379.032
-274.989
320.373
29.551
336.367
163.515
-35.1364
285.939
-230.114
-146.542
75.8135
-158.611
7.09139
197.642
-67.7709
-60.9138
29.376
-20.8161
-119.042
-41.0225
-74.0161
79.8935
139.051
-27.748
82.4996
5.46752
-60.8286
12.5185
26.1936
104.949
64.3089
-27.1523
-73.8655
71.4377
-73.0437
-15.6589
-2.88032
4.34672
-116.83
-142.118
-46.6587
45.0987
32.6339
8.17891
53.6552
-53.2435
-54.0734
24.7802
48.3653
-11.1512
23.1045
0.289373
-45.2205
83.0494
-9.44834
-66.9511
-83.6701
47.8615
90.3329
-53.7477
73.3257
-4.42879
39.598
11.6547
-95.4825
-21.1663
-41.1266
3.2854
-15.2402
-55.9688
15.3854
39.3416
30.1208
17.4315
-0.11226
23.7365
50.5515
-16.2179
12.5377
-45.9451
-34.7603
23.8575
-68.2742
-32.2297
18.5004
39.0215
56.5771
28.7417
13.2521
-19.6954
36.6855
-60.9133
-10.1558
15.203
7.76405
-31.66
-37.0508
-77.0551
-3.8421
64.5897
-1.89468
-34.7602
-13.0949
-75.1159
-5.29588
14.4716
-2.1188
39.0628
11.6237
-36.4541
17.5385
31.6788
