-549.402
-88.3872
-33.937
204.706
53.6409
127.669
126.29
232.032
-74.0323
-51.0922
1.46191
-146.882
20.6684
-86.8281
-55.2816
15.2624
80.5303
-82.2261
163.234
86.677
-99.2101
-142.357
-145.097
91.4758
113.992
47.3342
39.1904
-106.185
-162.181
54.2591
-65.1542
53.516
67.7074
-78.5183
-14.7998
19.9348
-27.5016
1.13317
82.8515
-41.1404
-60.8739
-12.3578
-25.543
23.7997
-55.5577
-133.706
49.0037
-9.45562
55.213
13.3492
72.4093
-88.9963
22.6224
66.4473
-78.487
0.715221
2.27473
-31.4291
-18.6021
6.32925
-52.053
-25.3593
-40.3976
67.61
-22.4376
84.0535
-24.1195
-25.316
-20.7464
51.5799
-54.8671
87.3984
15.6978
0.959534
-59.3732
25.703
-8.09015
-33.0922
-41.206
-90.3417
82.0696
15.0698
-40.0806
-58.4452
-23.0246
-9.02779
5.79323
-42.8903
-35.0974
-20.2364
-21.2739
95.7292
7.58632
29.6317
9.87435
-34.1508
-56.1321
-16.6696
10.7864
1.99777
-4.05385
62.2635
-0.504069
-32.8276
57.5875
15.6373
47.6737
18.293
71.6246
9.57892
18.1832
27.1931
78.1612
56.8794
