-458.054
-291.414
-203.905
26.5809
-281.926
-241.214
-96.7431
49.6332
-49.5087
77.7799
55.3496
-129.312
122.162
-132.262
-201.566
55.2566
2.54247
68.0428
133.958
166.322
-33.219
-258.462
100.64
27.0794
-239.153
91.0546
76.2238
-100.103
-82.7919
11.7942
-36.7052
-47.3219
-24.7926
-16.3837
-102.288
-7.10608
-168.693
-69.9633
0.42575
5.64388
60.9568
-22.3583
56.0928
-13.0948
-9.96871
5.36123
-65.4168
-79.9403
55.4127
114.839
-52.7615
-56.8245
-13.1892
-42.4799
11.2537
-44.8508
15.5
-44.0057
56.4524
12.3011
-46.5707
18.4833
-24.2299
91.6101
25.4789
51.7228
-88.929
37.3014
-3.85923
-5.32241
42.3528
55.7964
6.94943
44.7429
-24.0365
32.3152
-22.1678
-8.96523
-4.63024
-72.3999
11.5364
-18.6064
28.3176
-20.9185
30.4749
-14.2465
40.6135
30.6673
-18.3519
-30.7886
55.5986
37.6498
-32.9585
-19.5717
29.6475
3.43328
28.5097
5.12011
-7.08221
-44.774
-17.0227
-14.2948
-12.6781
-1.20877
55.0271
21.3478
7.69076
23.4139
25.373
-51.4077
-9.88537
4.27642
-18.7296
-30.0231
