1318.04
240.581
150.86
307.997
-134.859
29.7186
-32.2847
6.34516
138.984
109.756
-12.8412
-55.8494
79.9089
116.936
-11.806
61.2202
51.1356
-36.3954
188.789
-16.0715
17.4065
35.4316
94.8149
45.7324
6.80191
-26.7954
-33.8109
27.5391
58.7023
2.87034
-16.0374
14.0995
-42.3739
-19.762
-1.10652
-13.8539
-7.85284
-31.1833
-21.5019
63.1295
81.7938
-17.6853
37.094
34.2062
13.2979
22.6379
-59.5139
46.6608
-97.3231
-71.3499
-115.29
2.54934
0.987618
-27.5588
-0.226986
6.08593
107.559
-42.9074
-16.6452
3.90506
13.7958
11.9583
-44.7498
-7.65594
-0.442837
18.6156
-3.5128
-24.5232
-5.8465
-22.6392
49.4543
-13.4915
17.6982
-18.0518
28.1834
3.89676
3.05388
3.43171
-25.5317
42.7311
6.92689
-22.5713
4.69101
20.4324
4.6253
19.9598
-22.6377
29.3593
2.5672
-22.2142
-27.3158
-12.6134
24.1898
7.64871
-3.15303
17.9769
-21.6853
-6.18223
-28.3389
-10.9357
-18.6186
7.83731
4.42478
4.56221
-22.4557
7.21313
-29.185
36.5433
-56.8266
-6.98538
4.75551
-30.668
-20.6597
5.32616
