-657.379
-37.1835
-174.335
252.377
169.56
-210.278
-141.324
-50.1271
150.297
-105.458
-305.842
-70.7287
43.7652
34.4063
-43.8921
44.4023
63.1212
87.4578
-66.2881
60.8976
-7.79562
-137.488
33.0445
-53.9353
-12.4879
-9.61462
-131.672
18.5162
-48.8256
-8.35657
11.806
20.4278
-3.25015
-42.8615
18.9088
20.2753
-77.9403
21.736
-81.832
-67.5134
-0.658396
42.7711
-75.7391
-71.5781
36.4455
-109.043
34.9813
-47.3088
45.1001
99.2002
-45.8495
-124.361
24.4999
87.8884
-65.7233
-11.6437
-61.0145
-60.9345
67.4697
-3.66989
-36.037
-39.7767
17.1682
-23.3945
-67.696
-18.4515
46.1621
-14.6309
-10.2037
23.6626
-36.5387
21.6972
-8.88464
19.2506
-12.5504
-1.59294
34.2603
-43.9658
23.0564
28.851
-15.0824
-67.8387
12.7658
-42.7113
65.8414
14.2332
-10.6264
13.6692
37.7224
26.5744
42.2366
-13.1694
42.4199
5.10954
10.4532
21.8967
29.4994
5.47055
5.43477
10.0128
25.4561
-11.3847
17.3298
-45.0951
2.81581
-17.3007
60.5434
-15.47
48.8889
-52.4829
-12.5156
1.13887
9.05808
34.2595
