404.134
636.903
-121.917
265.007
-217.317
-177.472
-183.525
61.3405
51.9665
59.874
-216.806
54.6571
28.9946
129.501
-22.0782
-9.60328
37.661
52.3797
21.8635
64.6807
-54.6541
54.2953
11.3295
92.1893
-84.0233
-66.1028
102.046
-18.3496
-71.3734
-10.186
14.827
-9.58082
3.23853
-180.477
4.49176
-74.2581
-62.3789
-94.3472
-12.9339
78.5376
58.6921
3.94163
-55.0283
-48.9721
35.3066
35.0229
-37.8351
27.8302
-63.1454
-35.6168
13.6891
-71.8801
-32.2591
54.0404
-32.9912
27.2157
37.4311
-28.7176
-23.1845
36.0526
37.6742
44.3899
-54.1444
-127.325
-1.74828
-110.345
9.52298
-27.922
-41.1381
85.7501
90.692
-1.92176
14.8806
-22.2764
0.337941
11.5618
64.3489
-33.1548
-6.9022
22.618
-5.43922
-40.5262
21.1923
-16.6097
32.4988
-16.5917
3.01523
26.3491
34.9772
12.9534
11.1286
-28.7595
20.0646
46.6031
41.4208
-6.93621
29.4465
-23.6642
45.0164
17.1672
37.7547
-12.4422
-63.0155
-31.3975
16.9676
33.7126
27.1029
40.7863
-11.4425
1.3545
-37.1231
-7.23778
-30.4267
14.7467
