-459.605
299.73
-281.922
-172.151
-583.816
218.973
-307.568
-290.655
285.357
5.67782
-83.7693
-239.381
86.1181
-20.9041
-38.6629
-43.9782
-143.67
-100.452
-61.0437
-33.8235
125.364
-9.64979
153.839
-73.5562
-72.7094
126.324
-87.6094
-14.5523
82.8366
-36.687
50.1884
117.675
-11.3768
-39.1687
-11.7711
204.584
30.2973
19.6439
73.5878
-12.3045
85.5007
-33.7666
-37.1793
14.2858
76.8082
-3.99065
-115.952
-16.1742
-68.5496
-28.8517
33.4933
-30.0348
49.315
-69.8828
59.7377
1.29211
22.2191
-25.5866
31.8412
56.6948
-26.064
-21.4711
10.5307
-6.75961
-3.33857
66.794
-16.1872
-29.3322
-34.6774
-16.0857
-12.7699
-50.3534
11.5026
48.6872
2.44897
-37.898
42.1453
-5.20793
-15.0827
25.1442
-7.22821
-49.2168
-10.1783
64.9752
-12.4354
-22.0306
-53.3196
7.77389
-25.8317
-1.3911
-15.1845
20.3175
24.3838
22.6463
25.2593
-3.75181
-25.2356
-41.4836
3.13925
-3.50077
-30.5615
-25.8294
-35.7786
50.1637
-17.1315
-43.9514
21.3073
-16.855
15.5168
38.8845
-7.31505
-30.5942
-5.57348
-5.07731
