78.2583
-898.023
-42.3263
280.462
-153.302
-718.186
-289.228
-611.732
318.234
-35.9935
-36.2698
138.824
120.924
-278.547
-65.5861
-69.6645
504.541
1.09445
190.836
-165.042
-254.961
-26.482
65.0539
-208.459
27.0571
-210.714
-43.4253
-98.5856
60.331
-78.1901
-145.71
80.1261
-56.7757
-18.8144
7.96928
14.9898
115.857
-21.9333
-60.9939
-75.2732
-9.34707
132.784
-152.922
-198.448
112.58
13.3014
23.8623
-146.482
-76.4409
63.0838
119.87
97.4334
24.4601
-155.242
-91.0587
40.2328
44.2847
-58.4474
-69.4001
-79.6945
20.467
-147.655
148.54
-24.5372
-3.35927
-52.1485
4.89089
7.20376
-82.5597
26.0143
-7.08623
53.9579
3.04086
93.1358
-40.4877
63.0932
7.12045
-12.3133
-3.56102
44.5408
14.1641
22.798
55.1821
38.9463
-0.0512953
20.2244
-66.4938
5.68509
3.90937
-15.8942
-63.3973
33.2019
-73.3977
-13.3615
43.8801
98.9778
-19.2101
-21.2152
5.37573
112.205
-20.0602
-102.847
29.326
-15.3773
68.6779
113.722
31.3715
-4.45016
-73.1412
9.68848
9.10715
23.1009
4.98844
13.3022
