309.034
-785.819
-442.627
-30.3246
-329.397
-323.344
-509.423
-234.426
140.057
-1.79454
-248.085
-152.577
153.015
-64.0674
-3.02843
-170.193
57.0412
-165.359
195.607
50.0316
278.652
176.024
-69.1546
-255.973
-86.8509
-118.803
-14.4469
-132.605
-127.018
128.605
140.768
14.7326
-30.939
-44.4758
24.224
92.87
201.861
-99.5246
-86.3695
-127.467
-43.0047
101.499
15.4472
-16.7377
92.014
44.6005
-8.95327
-129.325
-64.7745
-111.804
-21.7485
23.9182
-39.7983
-60.4288
141.178
-94.4864
19.6895
-4.34397
-47.0904
57.721
30.2117
1.05268
-22.9578
1.30727
-2.2559
49.757
-1.95963
-54.3421
59.5132
15.2405
-6.6882
26.4489
-26.8985
60.3588
-18.1057
17.5036
-6.31967
-15.5431
30.2543
-74.3866
31.6398
55.1168
39.5064
-63.8785
-25.175
-13.4369
-105.151
-36.0824
-5.08216
32.7806
-9.29566
88.2797
53.2456
23.0038
71.3908
80.2854
7.92604
-6.24968
44.337
82.1796
-48.7213
-2.39029
26.1342
-28.0269
30.4142
-12.7763
-51.3074
-3.31727
15.8361
-43.399
-56.6566
42.1611
-40.3424
-6.19542
