225.18
-703.262
-648.33
373.806
-236.757
-345.171
-345.953
-442.004
-6.11384
-203.624
-120.712
-97.4924
122.106
49.632
70.3131
-255.185
5.68344
109.508
85.9532
-31.2512
-29.5762
116.619
205.954
-51.6564
-20.5415
-187.107
-172.157
-23.4975
-66.5719
-206.88
55.8423
16.584
-26.9025
-41.0163
70.4036
20.4907
78.4414
111.821
-76.6023
50.9558
-12.6091
-129.902
-48.3045
-32.1042
-69.1925
-19.6951
107.596
-106.077
-23.056
-52.57
-63.3274
-99.9775
-10.8225
25.7405
10.2055
-50.8081
-27.477
50.8361
-60.6475
-128.098
88.9771
51.8576
63.1552
41.623
67.0132
77.1224
-61.3358
-50.2121
-25.745
-51.9542
-67.4149
4.0799
3.71632
-103.802
76.7281
47.0675
-71.1143
-2.82175
-56.828
79.4482
89.2957
-8.84042
34.1467
-51.9209
97.0663
-22.1253
56.1842
25.68
19.6925
-1.63231
34.8049
28.6763
-5.53652
14.4459
14.0465
13.6973
5.39165
11.4586
-16.8326
111.17
-44.1004
-24.9474
9.81533
55.6211
1.90799
38.6817
-40.0238
-30.3326
79.5665
37.663
28.9719
25.3803
-20.1253
-58.811
