690.813
-408.805
-496.885
-445.874
-473.846
474.282
-599.691
-479.668
266.669
512.708
-65.7735
-487.44
166.743
141.559
122.149
274.588
-13.5437
-48.2569
-197.618
-87.5212
-54.5818
-7.22416
-20.2839
-202.245
137.88
105.473
-77.6223
-30.1381
15.1005
-58.3806
55.88
-51.2533
4.94204
-105.091
114.215
50.9685
29.3842
-147.281
34.6055
42.7226
-53.1858
16.2547
66.8128
62.3361
-206.821
-5.97089
51.1516
-21.431
22.5105
-75.3671
-66.5161
32.4693
15.8089
0.138273
72.0418
-81.7457
28.7832
-92.0326
47.2917
6.16756
149.827
10.1102
82.2885
18.9952
-53.1878
-88.0313
-52.0844
-54.9247
15.9591
13.2779
42.4386
13.4094
-9.24503
-45.8616
33.2085
-41.6663
34.2604
127.277
-119.734
-56.5874
49.9175
-10.0601
-34.985
98.4859
117.325
8.58641
-9.1617
27.3791
-65.9494
-16.2237
19.7203
65.6715
20.8555
16.508
-27.7325
-86.6288
-37.2995
-59.6332
29.7432
-118.427
-6.16756
-52.2879
1.55504
39.2561
56.3871
1.41586
63.4579
36.2296
-46.5941
-30.3054
21.7164
-19.9237
13.5614
47.9131
