620.44
975.39
-93.3174
364.114
-259.299
81.9776
-461.623
291.989
-131.655
-64.4014
-70.3698
-17.7555
-264.509
-61.9994
-6.69033
-33.7952
112.653
161.039
82.1384
-110.383
-208.48
80.0501
4.63108
-61.3119
43.2217
-26.9566
39.6663
48.555
25.8867
80.1674
79.8966
-89.5107
-72.742
16.7253
11.3076
62.3827
-123.487
4.21912
-25.6796
37.0052
-0.216693
-103.547
-60.5525
111.363
-16.0973
7.90809
-12.282
39.9468
-49.4552
46.0055
-77.6648
16.7793
99.1126
-28.7142
-33.0835
-14.4689
86.2467
71.0915
-32.3084
-21.4423
-43.1306
34.2753
0.715366
-31.4769
9.38073
-31.1418
42.2458
8.50948
-0.144295
2.55547
-5.79992
-19.6102
10.6957
16.8275
11.2162
41.4404
-38.6614
-5.22868
3.56738
-24.5252
38.3121
25.2121
0.365177
-1.35031
-66.1743
-26.9011
-61.2674
61.5553
9.93119
-37.3926
36.9286
-15.4983
44.8647
45.0872
-2.49308
-10.1543
17.5121
-11.6499
-14.3253
13.3079
-52.5582
-9.03669
12.5021
5.08278
-27.3642
13.4361
6.92857
38.0881
-5.73421
-12.2832
-28.0647
74.2641
16.0448
4.41444
