-141.828
464.31
-315.073
349.387
-94.1366
80.2958
-284.999
176.319
357.532
137.285
-66.9584
52.3877
-50.5582
-158.062
116.097
-84.9737
-24.7401
68.1317
-15.412
-26.1921
36.7286
-48.2411
73.7717
-109.804
-59.8305
20.7769
6.69992
60.9832
-10.0647
-31.799
52.9802
-108.229
-86.688
-10.6726
67.4447
-31.4725
13.4694
-7.32993
-92.6448
41.091
102.69
-42.3062
-26.4968
-31.9421
10.7083
134.449
-9.80714
-42.8431
-22.5731
-63.4977
54.1415
33.1695
56.0863
-78.4215
-16.1819
48.7768
146.85
20.8529
11.8703
18.4342
-38.9024
17.7075
18.9089
-34.9794
-29.3873
-20.9428
37.9929
4.11043
70.8524
-3.0278
51.6168
-18.8262
39.8576
-25.0382
20.2171
-44.0335
29.6614
47.0125
-7.35583
-36.2399
-35.2282
33.6525
34.2777
-35.3154
14.5956
-25.5485
28.371
-14.4319
10.9356
12.745
-14.547
22.4114
51.5601
-3.37872
9.64615
-10.1149
-1.35558
70.1639
23.2137
33.3749
25.549
14.3976
-66.5535
1.96425
-3.22953
-17.73
-0.877291
49.3226
-19.0489
19.0385
-24.7581
-11.6171
-21.1418
35.4778
