-331.819
-278.584
378.851
-65.5142
100.881
-15.6121
-434.177
-14.6319
394.804
188.352
-28.9993
-57.6946
37.7185
-181.792
63.9222
-65.7302
-16.0889
-159.398
79.7773
68.8411
-69.1918
265.234
13.5844
-97.3226
91.3327
22.0024
71.2188
39.7698
43.0907
95.1029
13.6233
28.2734
-61.8484
-55.4229
66.2656
22.2768
-27.0547
20.78
-20.6219
-10.4953
63.0906
7.01523
-1.4886
103.654
22.0667
125.141
-48.5211
0.051041
-6.03593
-98.2367
-55.1354
43.0148
-17.4908
-35.4021
56.4682
-24.8778
-49.0098
-17.738
76.363
64.2266
26.8556
-88.0164
3.38219
-34.8382
-25.3687
39.5532
13.1095
-5.70321
40.1556
-17.3822
14.7404
54.9131
-30.8922
-8.29729
-26.108
-26.2857
29.0456
42.7344
-45.0048
11.8612
49.8921
41.0132
48.2118
-11.0238
-17.2627
-29.0338
50.6157
-39.9097
20.4027
-9.38415
51.5351
-37.5074
-32.8865
33.0034
-33.8736
-34.1237
-24.9432
25.6855
76.151
-37.444
1.32605
-20.7594
44.2498
-28.8128
-24.8861
-74.7175
18.9999
-31.633
11.9595
12.2368
3.9194
28.9607
-16.924
13.6642
