1103.12
350.389
-293.839
271.775
50.9294
129.8
-303.218
-13.3345
135.741
135.897
164.019
-74.7896
134.169
-75.6917
-129.475
7.93993
-267.962
27.4399
-50.1168
-299.657
-43.251
-72.1538
68.6375
-63.1065
-118.651
-32.1524
130.475
79.489
-98.6461
1.57408
75.0072
-65.7434
-45.8461
-100.302
-25.0438
21.3131
-11.0418
-15.8177
-69.6729
54.7933
-20.0287
-35.7535
118.084
-36.5928
9.04798
-72.353
0.708625
-96.347
88.2376
-107.606
-56.9708
6.07399
59.814
-5.88714
30.7249
26.7831
11.0185
-44.9299
73.7441
-82.1873
34.9932
81.1927
44.7979
4.46892
-33.4934
21.6378
27.5079
-36.9041
-8.89533
22.9069
24.9832
2.58192
-29.9771
-73.5674
10.2195
-27.7573
-19.6612
-20.6156
20.4245
-12.9536
-75.2696
57.2955
12.2826
12.1836
19.9094
17.4583
12.5706
7.52863
-11.6176
-20.9824
1.08514
28.6749
-18.5756
36.0991
-7.96576
-0.489668
5.66157
25.921
10.4004
-39.8078
6.86159
10.6907
18.7178
-19.0545
-34.9586
15.4744
32.5728
29.0882
18.8945
11.3148
9.90624
4.50041
-56.9182
-3.41301
