-1388.13
196.642
-156.008
141.515
157.439
98.2728
-310.482
-216.738
-149.052
112.126
-88.212
-166.762
323.196
-234.954
1.03232
39.2689
-112.96
87.7206
105.018
-132.911
-103.741
-111.473
-149.673
38.3888
72.0642
169.69
9.50714
70.8166
54.4176
61.745
59.9139
-42.4193
-15.924
-69.6283
-64.8141
-71.1192
-0.992412
63.333
-209.406
29.824
-52.9639
-67.1533
72.4922
23.5769
-37.7188
1.63167
-33.5393
-78.8718
115.839
11.6873
3.68269
140.69
-7.05192
44.1683
105.872
-31.3292
15.1888
-0.598031
-4.62796
-181.126
-10.1561
-6.91844
-39.0843
43.0312
12.3324
35.5351
-11.5733
103.361
-6.71446
2.81659
26.8481
30.3674
45.8027
7.25306
24.5751
-14.5601
-44.743
-25.3455
-22.7301
23.1793
33.6291
-8.80893
48.0107
2.95275
24.9155
-34.4295
-45.6721
-17.3976
-12.6988
-8.39768
-9.47152
-0.536898
-26.0089
-28.6844
-13.6981
-20.5644
51.1548
53.2213
-10.7244
19.2135
-25.034
6.56449
31.7702
44.1179
18.8907
-15.4991
-47.3571
-40.6754
-11.6506
47.2727
-33.7636
-21.1309
14.7037
25.7215
