-983.392
81.9994
-328.725
863.85
300.409
333.488
-436.069
-311.634
341.348
580.43
290.541
-106.517
367.333
-61.7552
-120.656
91.1702
-293.239
18.3458
-29.17
-110.167
-121.04
51.7574
-124.186
-129.052
-68.4017
79.8461
67.249
168.302
77.6272
111.655
23.152
-159.062
-53.6568
17.9756
-12.8101
-83.1555
29.1493
52.4923
-98.8871
139.599
121.55
-57.4295
-6.89282
-220.912
167.253
99.8947
-20.0571
-144.805
-78.1867
-136.502
-89.7471
94.1961
15.8528
-86.6905
13.9891
34.2695
57.8654
-131.153
40.3952
2.9373
-4.34885
92.4069
5.01816
67.5472
-9.17419
46.2014
158.089
9.63158
27.3635
-78.5411
-58.1498
-22.9858
-58.9767
3.55167
0.45145
62.2968
27.4564
-23.2582
-45.9167
-47.1011
-47.7292
49.88
-6.22987
-78.9852
-15.5459
30.3521
83.0423
59.0099
-49.8609
5.34384
-17.5603
-19.4648
68.3526
41.2506
-31.7429
-4.67152
-28.7996
56.2113
-35.5035
24.6067
57.5137
70.6526
42.777
49.8503
-115.659
31.0183
-29.8083
-28.8129
-58.0689
6.94636
-11.4893
60.6942
-6.45986
67.545
