-709.376
162.639
8.33587
67.3792
117.633
-169.385
-16.346
92.6537
-109.071
45.932
-165.193
-12.2985
146.775
42.8071
-78.4079
94.7832
-116.646
26.1599
44.0418
-32.1434
20.404
20.4695
47.9872
40.6229
89.167
128.645
5.61551
153.981
25.8653
8.33732
4.31063
-112.716
-8.80441
99.6799
49.0445
-49.5007
-55.9292
-22.795
0.855638
45.0693
9.34651
-66.5954
-31.1545
0.61349
-6.05911
-1.60562
74.8188
-11.3775
-14.0445
-76.493
-5.18516
19.0811
-39.4914
-3.86542
7.2701
-13.9368
59.0047
-88.6303
-38.05
45.3462
47.6741
45.5304
71.8529
13.8199
-24.6515
65.8298
2.86894
22.1012
52.5344
-33.4276
-15.9603
-17.6694
-69.2985
-11.2016
5.25745
28.649
-1.40135
51.2253
7.89913
-57.7102
57.6802
-7.98318
-13.9708
-35.1341
-2.87017
-2.69785
22.8284
6.26947
-4.34628
38.1938
0.565044
9.34173
30.2322
-54.3293
-40.7158
41.4885
16.0163
14.9925
-23.7089
32.8787
-13.7077
25.2988
-7.03557
-3.05085
-7.37291
-24.703
-30.9807
2.38504
9.8044
20.8342
-10.7962
31.4987
-7.26459
29.7988
