-715.32
25.0745
-205.49
306.693
15.1755
-202.815
403.808
-399.292
-25.2818
8.54036
178.796
-173.405
-138.549
43.242
285.727
-139.574
213.987
19.8599
-150.817
87.0493
57.5236
1.71082
75.806
-5.5929
-57.485
-103.251
-45.681
141.371
-109.28
9.05269
-21.0456
-62.1358
-122.839
-2.07231
17.0294
57.1529
-99.94
40.7272
9.16332
-13.041
-22.454
-88.7239
4.22133
-42.0099
-90.4823
-116.992
44.3787
-91.884
-111.434
-52.5433
-112.492
70.707
-8.63362
-83.3066
112.964
-59.5408
-58.024
11.3436
-79.4754
-53.4698
-33.6629
-53.2425
42.6481
52.6394
-6.34271
20.7322
34.5533
-16.9444
-43.6983
19.2531
49.5596
45.9355
11.2585
-53.054
-38.6628
3.29783
72.8364
-43.0277
26.043
-21.8356
73.9471
9.65521
13.646
25.3975
-63.9138
68.0914
-7.9206
25.7506
1.04029
57.5212
70.3552
0.635573
10.5606
23.2741
74.5476
-20.5938
-47.8997
-34.4948
22.5654
-29.1622
1.77489
-26.0146
-1.62176
11.4977
69.1142
-35.6886
-42.4273
36.6908
7.46845
-11.1449
-51.6408
26.7088
41.9341
52.9701
