-1504.96
-24.1648
141.217
-71.9784
146.319
-279.505
431.344
235.409
257.736
18.8259
277.743
85.6721
-66.9469
-22.0348
-15.828
-163.025
-92.7172
88.6392
54.5873
-63.6012
111.96
176.699
-143.279
2.40522
-114.703
75.5955
-133.048
-54.3123
16.2251
23.6316
38.363
-83.6601
-55.5581
127.437
-107.087
37.4235
8.09933
6.02508
19.285
-92.6009
-42.9113
-73.9077
89.0642
-40.0604
13.2935
58.7009
-19.2389
47.8775
40.5935
47.9934
-26.3995
-10.75
-13.0395
-23.5359
-22.0648
5.6288
-22.6302
7.7688
-57.3088
-71.8256
-58.3095
-44.5236
9.57251
-4.09867
16.4964
-10.943
-22.283
-58.351
-49.9987
17.9297
-14.2868
26.5033
-25.7266
3.88385
44.9559
-62.5374
55.7153
78.5926
52.2779
1.29225
22.8477
-6.00477
52.8834
42.7737
-53.9317
-47.1216
90.0914
30.3633
1.84071
3.44732
42.232
-44.0702
-38.9502
8.08487
0.83656
-83.6681
-58.0117
-17.1569
42.2938
-0.678028
13.4685
-26.4114
27.9595
18.0721
-36.7202
8.07783
-22.7886
-22.7347
10.3675
53.8595
-25.3946
14.6041
-36.5233
-46.0646
