1320.2
-141.061
111.596
-192.229
203.435
-20.9641
51.2075
3.28533
-192.281
-11.1401
-48.0661
34.2505
-90.0621
40.0971
41.9701
80.0647
8.72825
-23.6929
-3.10988
47.8017
76.3111
-72.2667
-96.2422
-40.3138
-17.1684
45.0843
61.013
-21.9994
-19.7021
-48.1678
-20.602
-41.5939
-29.7945
35.4975
0.163439
5.48552
61.2814
0.125001
-30.4553
-12.729
-22.0289
14.7641
29.7738
19.73
-41.1184
12.7791
26.9498
-12.9211
29.3539
-74.3773
4.99862
-23.7174
13.8316
-12.0408
-1.45321
19.8312
-42.5511
-10.0803
-13.8728
-3.56336
-31.9309
10.3754
26.5033
-23.6982
-26.319
-17.9637
14.7387
-1.38527
-6.98657
-26.2571
-6.60751
-3.05327
3.14706
-16.608
-19.9372
-26.6105
16.6155
22.3163
-14.5618
-2.98394
7.22063
-5.04813
-46.3266
-26.0653
3.63348
2.34232
-13.3117
-9.38978
13.3616
15.367
-8.00969
11.3331
-15.6676
-15.0513
5.71412
-35.0687
-7.4322
9.00612
-12.1485
-15.3624
-12.2733
28.329
23.2859
31.3769
1.04892
-3.48193
13.6329
27.6994
-13.1406
19.9599
16.4853
-13.2739
16.1782
24.622
