1081.43
-279.16
-499.759
-646.336
378.422
-183.251
-260.086
129.661
209.933
-529.452
295.736
230.271
159.55
7.54757
-172.061
-3.68556
25.5827
-22.5803
-40.1083
-271.574
57.4864
3.30377
-59.5849
99.5238
-47.4138
44.9807
-42.062
53.6499
25.743
40.5942
-108.52
56.3219
-247.493
-23.4414
-49.1789
-131.24
168.728
-75.3568
-18.0436
17.1204
109.699
1.78088
-29.8552
-32.692
39.0979
-58.8098
-8.36984
49.6797
70.5443
31.9408
-35.1501
33.6422
-137.23
-68.6479
-43.3741
14.8796
-39.4736
25.0911
33.8272
100.805
39.2788
-86.2585
15.6794
-3.22521
38.707
-1.75164
-16.002
-23.3535
-3.57907
64.731
20.5357
-30.785
27.1962
-44.7551
83.452
-41.7933
0.814297
-40.3876
50.3952
-17.1739
63.0222
-35.1632
-10.8349
-29.2456
-86.0027
46.3369
-67.5758
-50.3478
-55.6583
24.0098
-2.10513
-50.4916
-7.09368
-77.8093
-31.2263
34.2099
3.68017
-19.0427
27.1903
40.1362
26.1108
-21.4377
-0.878458
26.8296
16.2079
-57.6295
-30.2777
56.0026
-75.2461
-37.7702
-51.5743
-13.4191
40.8349
-5.06487
