-433.16
435.576
437.354
-391.795
46.7175
-234.597
99.3743
23.2117
-227.23
-11.6575
-79.1371
64.4102
17.9149
-5.34349
32.1544
17.4018
-86.4158
-92.6756
-73.8467
46.7738
-8.70601
59.5175
64.3945
-77.1138
11.3966
7.54075
-2.36968
-41.4349
-47.2921
39.8307
-37.4131
-50.2711
55.9267
4.85539
-81.2076
35.0648
79.5328
6.73274
34.509
-54.4871
110.129
11.4073
-31.4572
-32.0774
-28.8128
56.9546
83.0021
-9.49566
-22.4259
-88.0422
41.0891
-4.49093
50.1163
54.226
-50.6061
47.5593
12.4229
5.51492
2.97665
51.3299
4.74215
57.4366
45.2827
13.969
37.1849
26.8387
5.79755
-29.0821
-31.1365
-16.5834
21.3378
-4.96524
18.2152
-9.55607
28.0346
-13.1804
11.3456
48.1367
10.3616
-40.5833
-15.7808
-21.4812
-46.0964
-4.83056
7.74535
-19.0003
28.2291
27.2671
-1.75188
7.931
-4.49015
-12.8809
22.3088
1.40237
15.5757
-3.88354
-28.2744
1.37656
4.74255
-17.5042
28.0066
-8.01176
-11.5677
4.14397
-23.3961
31.6074
-18.4447
-4.68741
27.6008
-50.3935
16.9737
-4.00307
34.1047
-12.1492
