1188.64
225.654
17.1254
236.425
232.828
172.742
71.0057
-45.3058
139.498
-267.723
203.026
79.4122
18.2089
-77.5935
-161.484
-39.2902
-212.122
75.3605
-22.1765
-81.8333
-27.4723
68.8318
263.143
69.5698
115.326
129.31
38.6417
-65.6362
-103.167
-66.1322
48.0212
-153.582
86.0426
-14.8844
-54.6962
109.926
-116.992
-30.4327
-49.6721
-77.9128
-5.22224
-11.5957
22.6127
-48.5036
73.1283
58.0226
34.2602
-41.3542
83.951
-11.3447
-25.8161
-57.871
25.9826
-120.302
-71.8643
-73.2756
-75.5285
-48.2663
73.1676
-49.142
-1.32835
52.1703
-45.7028
14.3074
-0.207742
-2.1486
9.5377
4.53099
-16.1611
-17.0945
-7.00935
-13.2183
36.3066
-22.5883
-1.41081
30.3837
-15.5298
4.4839
0.992069
-12.3196
2.94874
40.6717
-1.51396
46.2298
-30.0882
-1.13673
-1.85929
-1.54426
-20.4454
-30.7199
-12.7514
17.7597
-5.50447
8.42058
4.52404
-31.8029
11.755
5.80836
33.9805
-26.5812
-10.9385
-10.0741
-110.866
-35.4023
-0.944625
-9.66435
61.8335
-30.5763
45.1769
-3.12313
-36.9093
17.9874
-28.6034
4.83379
