-201.186
357.158
234.046
341.303
146.348
63.9484
-80.8159
67.9597
-57.7255
-461.773
-101.526
-97.1176
-251.868
-361.044
-147.187
70.4359
-97.0239
73.7132
75.8144
333.947
49.5474
-83.2049
-8.36072
-51.5112
-50.488
-102.118
66.6045
-52.2172
104.755
-26.717
71.0262
-84.3476
40.4535
83.1389
-29.9794
-6.96606
89.5575
38.226
-98.2864
18.5496
57.9077
14.4781
-24.1181
60.6508
62.6927
20.8007
-109.162
100.257
24.3733
-50.0499
60.9938
67.7526
-60.0431
29.5538
-81.7034
-46.3638
-24.1282
-55.8809
-15.0208
-17.2098
19.4522
31.3227
46.3668
33.078
25.8789
-29.4231
-25.5567
33.7431
-11.347
-50.6661
-127.085
11.1449
73.6255
-50.403
7.88988
7.65779
12.0951
-36.2836
-4.43545
17.5563
61.0402
-1.03134
24.5138
83.1246
-32.416
18.7768
-1.9324
-44.9695
24.9065
-14.2283
8.84843
34.2093
12.0376
14.0597
-52.1017
-9.18407
27.5144
-51.3269
-14.2941
11.1509
12.7317
17.7643
59.0501
10.7399
25.4802
-25.9209
1.17633
-46.0854
-1.73541
-94.2858
-26.4825
16.8229
-31.1502
-44.6258
