753.527
-259.352
588.09
-161.746
210.501
-31.2747
-223.338
-95.678
226.371
176.203
-66.3446
-41.7787
39.4415
87.3968
-133.156
18.7175
-118.911
-142.356
-104.247
43.6186
-156.513
33.5706
-114.788
-119.665
32.168
-81.0317
63.9366
-6.05083
-40.3242
159.239
4.05335
-95.0536
-85.8725
-12.6832
56.7617
20.5761
-30.2363
33.0725
-50.3843
-31.5781
-51.3244
-1.31401
29.0527
31.6759
-54.109
70.0264
55.8949
2.04005
20.5825
-54.9084
-9.89575
-60.1059
-36.5181
-22.012
27.9215
-30.7933
14.2606
16.2697
2.99399
20.1454
52.4326
16.5871
6.79686
-64.9795
-11.4011
-40.0889
-42.2957
-21.8918
3.16723
-3.89847
17.554
-11.4751
-0.769272
-81.9879
37.0412
6.72652
11.0793
-28.3981
-39.872
-29.2087
24.8533
-69.4941
26.3408
28.9292
-6.34167
3.11445
16.3695
29.0765
22.5685
23.3509
-4.16273
17.0668
-5.60321
9.36647
-10.8184
9.49017
11.719
9.02587
12.0732
-15.1034
5.98518
-56.9521
7.75287
9.00968
55.6419
6.2301
42.2146
15.2417
-11.506
15.2144
-9.28015
4.17878
-5.07308
6.37062
