372.909
95.4712
172.226
80.5422
188.856
-71.2709
-34.8355
-92.9716
-178.566
-146.245
-109.705
-6.47167
-38.69
157
-27.5085
14.2246
-46.8359
20.7564
-67.3085
51.4312
51.9928
0.0632524
-0.173044
-80.6394
32.8346
-46.3654
0.849023
-21.5122
-7.17402
33.063
-3.92871
15.7326
-30.5801
32.2243
-6.80353
1.21375
34.4986
17.1406
-28.6211
20.0934
-36.1068
-7.32609
-51.2114
35.9114
-20.5574
20.9631
30.1458
-68.8779
30.023
1.47482
-2.20052
6.66778
-8.43364
-3.88045
7.52965
-24.9143
1.7272
-53.1906
16.0685
-21.0029
-16.7778
-0.366731
-1.33299
14.4791
6.46018
5.71621
48.9518
1.08948
28.4578
-23.4536
-37.7167
26.9272
41.6842
5.59242
-7.17346
15.7046
10.7138
-13.9564
4.70618
-1.31472
-0.0705541
26.9402
16.7662
7.37174
0.325906
-16.9805
-13.3837
-8.59252
-9.34378
11.6794
23.2885
-11.4156
3.72697
8.12188
-7.19743
-19.4361
-28.5004
-23.0037
18.922
0.188737
-12.1836
15.3619
-2.70008
-9.36429
7.37222
-12.3723
-17.7112
-14.4325
-9.19524
-26.258
25.716
-5.34244
-9.96157
-8.93684
