-130.982
194.461
291.062
102.005
229.223
-77.7323
-143.435
-59.561
-126.723
-133.342
-91.236
-45.2469
-77.4747
90.9425
57.4187
10.8256
-42.0574
24.1336
-79.4442
25.857
-1.03706
-134.522
9.96208
-56.1814
24.9298
-45.3453
29.4021
-22.6541
24.3477
-2.9724
9.99178
52.8965
14.1555
19.5199
-54.4705
-89.6801
-13.2819
32.0447
-24.1526
53.8102
19.7274
-4.22899
-25.5231
-25.9069
-64.4786
3.97234
12.4802
29.3961
-3.47318
-1.9701
-15.6304
9.00084
33.8938
29.9837
-39.6258
37.281
-47.2337
-12.5408
15.3432
-12.2203
36.0252
22.0718
-28.3298
-12.5084
-20.629
-5.5339
28.8592
-1.04783
5.48045
0.801049
1.82022
-8.04443
1.26378
9.35643
-10.2269
-9.93755
3.68024
3.72988
10.6107
-27.7523
21.0232
12.0357
0.172149
-21.5691
19.6305
-11.325
9.8008
6.31973
15.4845
20.2161
4.84076
-31.6258
8.31462
-0.192211
5.67996
5.02449
18.6191
7.39218
23.0594
-16.1378
-8.64167
-6.53351
26.9362
-2.47216
-7.6193
-2.53725
-1.69758
12.2837
-17.5707
10.2536
7.44752
18.3363
6.04804
9.79827
