484.921
686.909
-11.8103
125.012
-328.228
-217.817
17.7329
-364.289
286.825
68.5534
-36.1155
36.8118
174.412
177.919
-52.9494
-18.3506
-44.8003
98.0007
86.6822
-12.9777
14.5798
84.9674
-0.600105
-39.9225
35.5708
168.528
-16.8895
-10.9212
14.9085
8.9754
-60.8372
68.7826
56.2412
12.2707
-11.4044
13.8523
-52.2837
28.064
71.1845
-45.7271
-17.3379
19.9064
-42.8567
-18.9821
-83.7435
-21.3961
-45.7873
14.2471
107.103
35.9367
29.9055
95.0427
8.62123
22.5855
11.1366
-5.92913
-0.0841651
66.6155
-23.0694
14.7582
-51.0871
37.2009
17.8338
-60.5326
28.7921
-61.8244
-3.23927
67.8303
-74.1956
-6.00865
23.3863
-26.3274
21.1741
-59.1534
-27.2001
1.55691
17.7579
31.9257
-7.42461
-36.3679
-24.4404
2.90163
30.878
11.106
-29.8767
-58.2869
-56.6017
-8.85154
-65.7205
-18.3647
24.2453
-34.914
17.7609
-13.0057
-20.0851
-26.2534
47.9092
38.7267
-3.97998
15.7149
17.025
-25.4576
38.95
-44.3846
16.0224
44.7743
0.422885
16.3371
-22.693
19.105
14.1941
-10.9023
-20.8901
-14.2701
