-1058.02
305.92
36.045
-156.32
26.0077
-271.113
-370.077
106.927
27.9145
-286.034
-429.394
223.916
-134.54
234.64
-215.408
60.1352
60.0067
-421.734
-83.8859
102.712
-191.75
-142.024
84.9496
-173.992
131.876
-76.5048
-147.022
17.4687
-56.2197
-4.79788
41.9283
117.486
30.9939
-30.8191
-54.7611
53.5441
40.9141
33.3011
-64.157
26.8079
181.261
21.0548
102.922
1.39817
-15.0052
-9.91569
12.8355
95.213
-45.6534
72.5336
-15.4012
23.1871
44.3384
-19.3577
29.4101
-64.2011
-4.80065
108.635
24.8187
4.51915
-22.0975
2.80991
142.866
70.1505
-59.3575
-55.8517
28.431
99.1385
-106.825
45.79
90.3377
-24.5554
-46.6078
-93.9092
-120.609
11.9307
-1.85382
-84.2354
3.41687
-5.42641
-116.085
20.8408
-26.0222
-119.396
96.7839
77.348
70.9339
-115.568
-39.1553
20.3149
59.0517
83.6271
-18.3407
21.7936
-37.9219
-21.9909
33.6585
-37.9071
1.92389
18.2333
-94.769
74.6891
-58.4772
-69.2164
-60.031
-77.8502
13.609
-14.0791
1.22695
75.0174
-47.5928
-30.1916
-41.4431
-92.6801
