-1084.82
-81.853
446.897
-276.946
156.625
-26.0403
-200.958
-0.639771
-245.406
-149.855
-39.8345
76.2033
-101.891
95.5265
96.7474
-61.8359
-114.539
44.5489
-4.31104
33.2524
-67.0937
58.8386
-50.1925
124.514
15.6461
45.0911
-38.8924
39.0978
19.6991
80.4709
-47.5795
-118.267
3.77815
-36.4924
-135.01
-3.97517
88.1131
-42.6451
-34.2609
-149.848
22.7855
-9.56097
-36.7925
75.7098
31.2097
-81.7301
31.9494
29.2089
-9.18229
-9.61571
-46.0879
-17.9713
53.9815
81.4397
53.7305
41.356
14.4317
-19.5793
-7.91563
-18.618
61.7174
-46.4568
-38.5235
57.7246
-34.5173
-24.6731
15.4892
30.3949
-1.68442
42.8808
-1.25614
27.3768
28.8556
-32.3509
7.27805
-18.9895
53.4372
11.4699
-51.134
34.6867
6.41007
3.91968
-28.4325
0.693269
42.1142
35.2816
-26.5552
-30.6692
-15.2467
-14.1732
44.0441
4.4125
26.9902
28.6155
-4.80656
-23.2824
-2.30589
-12.5718
24.3651
32.0049
-48.5229
16.4748
7.45111
36.678
-33.1819
-32.8493
36.8807
-6.32816
-11.8874
-9.94642
-21.9221
-12.5623
-5.21257
33.368
