-1051.35
349.84
494.15
-442.449
-87.2816
27.9875
-71.7186
224.035
67.1433
-198.063
-141.52
60.9235
87.697
-6.85806
6.70755
-171.219
3.91711
-37.8506
69.085
0.815832
-68.321
81.4537
118.308
-10.7304
-134.027
123.717
-57.4541
-98.1588
-44.1858
36.2684
-16.4493
3.44561
53.8126
-77.1011
119.072
10.8795
68.3751
77.3862
55.0603
-10.424
12.4834
14.1207
9.97144
-15.2237
4.77762
-40.4324
-58.2523
30.6354
-58.7373
15.7659
-65.9929
-33.5295
-34.1323
-7.17695
5.43185
103.901
14.2216
-5.91581
-12.3278
-39.0091
35.1133
4.81607
-57.597
-22.7929
37.1683
-55.5942
23.5248
-1.29114
-23.611
-95.3002
-11.4143
-22.2703
-13.3673
-23.2024
12.7811
-5.393
-109.614
103.91
-13.5185
53.9107
100.073
16.849
-47.8314
-54.9725
39.4522
6.49462
33.2919
-48.1041
-19.4003
-63.1449
-51.4703
-10.1949
23.2506
26.5249
-6.00065
-11.3726
20.4653
-42.6485
-60.5474
-64.016
-22.3703
19.1526
-20.0062
44.141
47.0792
-78.2221
8.05852
-8.71863
14.5527
-44.4385
-10.217
-27.8591
-20.0483
12.0982
