-714.867
353.86
-14.3426
-105.928
247.28
172.723
155.921
-286.754
-90.3552
-428.613
277.68
-27.428
34.5257
70.5089
-40.1861
44.8848
-37.2983
29.2637
15.697
-283.929
64.3696
-27.0894
-96.2621
-192.695
-58.8619
-85.5379
212.708
114.337
89.3565
-30.1654
-122.769
-95.3633
-6.44837
-39.5372
-69.6429
-18.9445
-17.1886
-63.3349
-95.4917
-13.971
-31.2433
101.652
34.9434
29.1327
-59.0408
22.2519
95.303
-142.352
-37.9601
-1.42903
-4.55802
-61.3151
-101.529
30.483
83.1234
-23.6722
-17.0649
24.0004
8.83969
39.22
20.6924
2.13181
-0.985242
-4.55252
-33.7988
16.9116
69.0997
-3.98188
-12.6835
-1.90731
-40.0088
24.9182
-10.792
7.97543
-29.0205
35.305
-32.5269
49.7342
-58.3666
7.80786
-20.8141
-32.5058
8.71132
-30.0098
3.03579
4.10393
28.2873
17.9263
36.5048
-6.33661
36.2335
-10.6326
-16.182
1.97733
41.0985
71.2172
-34.9607
-11.1875
28.5316
-36.0864
-24.481
0.30189
-33.0365
22.8825
19.9925
-4.06744
22.3029
-67.6505
-2.92453
59.9412
19.6663
-45.6078
19.2344
5.42756
