-533.044
311.722
2.03701
247.184
303.489
-194.214
-45.9082
-332.405
44.4723
404.937
131.187
-89.8325
-24.9463
-28.7976
-273.753
292.532
186.459
-220.73
5.47513
13.4028
79.0854
81.9301
-60.5464
-30.8362
135.127
73.0829
34.2111
67.0954
-28.9347
-41.9987
-76.6807
-61.8149
-16.9762
92.4828
-33.0263
63.0158
42.1486
-29.1219
3.60593
-14.5086
25.3523
93.6071
17.392
56.681
52.7036
-74.9443
65.0893
-63.7748
27.4738
29.8485
21.5752
-58.488
31.6501
-62.0249
-106.077
2.75548
-21.6409
-3.99806
-101.071
-0.381078
-46.799
18.4049
10.2739
34.3564
-25.5927
-20.2867
-80.2849
-4.26363
-7.14751
-8.49393
14.5148
17.3762
-29.3783
24.8185
-6.48238
-55.9996
38.5923
-61.3921
16.9222
-55.2026
41.1076
-13.5985
-5.55973
57.9617
48.8057
-67.9579
16.3998
15.4153
-11.3981
41.8805
54.6829
45.7726
-68.2751
-51.3339
-11.4732
28.9449
-34.4554
16.2424
-36.0755
11.0607
-54.6158
17.1011
38.2377
-40.5884
43.5024
14.66
-22.906
82.0123
-4.00405
1.74952
2.71278
4.52611
-35.3373
46.7654
