-1047.32
98.4905
-103.439
288.579
229.659
101.473
-163.748
55.701
244.339
-107.169
-95.9436
-234.444
22.6027
-26.0932
195.145
2.24836
-216.28
11.0284
-92.6783
53.3684
25.1175
-102.721
0.12472
98.4554
-71.3755
38.888
86.7822
69.4505
149.26
20.8558
1.29285
33.4682
-94.3613
-15.774
-22.1166
71.1926
-142.411
29.4034
17.9473
65.9962
-75.462
-8.13352
71.5527
17.3172
-8.18002
60.184
10.7795
68.4606
-29.6447
42.2741
101.643
-38.615
-33.0359
-21.5447
-33.6688
-53.2577
43.9579
-29.5278
-67.3887
-4.23192
-8.87263
44.065
55.853
44.2906
52.2416
55.9921
-134.518
8.97665
37.4722
-17.7684
147.789
19.132
-9.54423
14.3205
14.7444
-28.8774
-44.1246
72.6571
-23.3338
35.3652
37.658
-17.5831
-9.19676
30.4915
0.926413
39.3037
-2.25662
77.9126
24.906
-32.8668
23.3369
-28.1613
-9.13315
-29.2035
13.5886
2.88628
-38.69
4.8875
-24.7092
53.679
-30.8439
76.5247
57.1796
-23.8329
15.5029
-23.7123
44.7069
-16.7241
-30.5919
36.3431
-24.4288
23.2964
1.64852
-67.5028
