-114.417
348.987
-207.542
353.908
249.604
-257.559
91.0103
-135.855
-71.2813
-33.7065
-95.7021
89.5501
-99.7015
76.3193
-19.2693
-140.901
69.9799
-116.171
6.63869
-22.0973
100.323
5.30768
131.126
-43.6123
-39.7573
11.3153
-91.632
15.262
128.563
-243.611
44.8128
-66.8442
75.0797
0.563956
70.0651
27.1139
16.0905
-2.98975
-13.4804
-21.3253
67.7102
-37.0002
100.484
-23.7829
-16.2079
43.6809
54.2906
-22.2776
84.0151
-183.466
11.9299
47.1563
42.0691
-95.2468
-37.1346
55.8586
91.5701
-60.4263
24.3814
83.6684
20.6898
20.3813
-142.195
107.128
-27.4856
-94.4382
14.7356
24.5826
-23.5058
-46.3844
33.429
9.54142
-1.03151
56.1554
40.0049
49.9862
-7.63467
71.0177
9.66945
-20.5176
-9.47765
-40.0168
-13.134
-49.9276
-68.1593
-71.3872
-1.4104
-13.9107
49.5318
8.78621
32.4576
-13.0681
23.4975
1.61693
-7.51609
-21.4972
6.57217
-24.3926
-67.1004
6.03843
30.1226
-73.3778
-30.5887
-12.9996
-13.5608
-34.2038
-40.096
11.4227
-1.90799
-9.30927
32.4266
-27.6514
-42.5466
2.29916
