-55.7392
440.666
323.314
-321.564
-394.983
277.725
66.482
-218.97
478.53
246.916
16.0215
12.6621
122.544
217.528
-305.787
-60.5476
163.746
-67.0315
94.2969
197.672
159.223
124.684
1.01248
-0.188236
-142.104
-0.709183
-10.1819
-53.2168
-30.0784
12.532
-150.373
-21.561
38.9234
18.3075
22.1305
46.438
22.0352
-59.5881
164.079
-23.6848
-63.9806
41.6693
121.21
-20.8854
-25.7358
-113.086
0.952792
6.92525
92.6832
-14.3456
47.1566
68.9201
17.1903
-27.9611
-64.1154
-20.3793
-14.5141
5.95829
-93.0409
24.758
-13.7798
18.8754
-34.4385
-12.0235
-54.188
-44.6279
-3.80813
7.37098
-23.5418
-9.40721
-38.3128
24.7744
10.5076
9.78421
7.237
-6.01178
69.2255
43.333
3.47397
-83.0709
-36.5081
19.8801
-18.9919
-31.9473
-29.6689
-11.7585
-42.1044
10.3518
-3.69788
7.72036
-26.6388
104.951
18.9039
-1.79546
-29.8835
-32.2406
14.494
47.2528
-58.5919
7.15127
-8.35452
64.0498
13.4113
68.1874
24.4832
-5.00576
-27.1538
-46.979
34.9291
24.6422
-12.5891
8.71261
31.4882
27.7611
