303.181
98.0288
392.658
358.975
279.232
-448.571
51.5054
27.5213
-328.72
-169.141
124.14
-145.368
-36.0394
-70.6446
-114.052
113.85
16.9103
-116.028
25.3723
-51.5435
-56.563
6.76645
5.00555
-87.7886
114.895
26.0085
-48.1166
-152.254
-19.6607
-107.755
92.6321
-48.366
-214.811
-62.2842
53.2442
54.5153
33.9675
-22.7983
62.5396
26.8589
-242.383
-154.485
-133.062
25.7011
-102.085
32.875
62.0533
8.38016
-71.026
75.2926
52.5016
17.2949
-15.2412
-32.3377
266.438
-15.5169
-43.8186
-4.00493
38.12
-3.37674
-44.3769
-5.46072
33.8008
-10.8691
-20.0348
-25.6226
-70.0819
62.46
0.652362
86.5393
-67.623
67.5155
-4.3047
3.43931
-53.3347
-59.7979
20.1121
42.957
97.3565
38.0824
-10.4207
32.9541
11.4084
7.59089
-90.8312
-83.0958
55.9171
25.6202
-59.5298
-50.2258
-70.811
2.51891
82.3142
-27.3933
16.9976
14.9272
-36.7605
-11.8418
-51.2046
72.3985
-100.393
-41.0037
-51.828
6.2842
-8.01822
17.278
-73.4946
18.0479
-33.1667
-54.9408
-54.897
21.4915
-61.2441
-21.9678
