1191.01
-73.8804
365.643
89.3878
488.173
109.989
260.089
-235.991
183.914
171.251
7.87396
-6.13217
-22.3514
-146.5
-11.4761
41.146
324.17
-12.414
-240.773
-32.0811
21.8801
-178.309
-42.8992
143.594
-190.098
126.458
108.308
-198.323
-7.68886
-55.5219
-162.75
143.393
-310.543
85.6958
28.4396
-65.4497
44.9594
88.7928
-24.2069
-4.26569
134.135
-141.841
-135.39
-51.6082
106.472
-57.8421
-46.554
68.0379
-44.3156
79.9593
77.6472
43.7995
-45.7787
109.304
-124.668
-43.3279
28.6509
78.9374
-39.6822
40.4381
0.956176
-48.2505
-1.05356
52.4065
-1.67953
-44.9348
22.841
-12.9503
97.8763
73.9918
-78.1757
-115.801
42.1089
-20.0668
-24.9199
-71.066
-16.384
79.0611
-53.0518
9.02176
-32.2341
10.4415
37.7606
-14.7844
23.6741
-6.98972
78.7737
55.8243
63.0255
21.0582
65.0986
33.1778
23.9803
-33.6673
77.2774
4.47451
21.7818
-7.56096
35.8934
24.4237
-16.5374
4.976
71.3664
20.5819
-57.0246
42.6926
40.6621
21.215
-7.76905
17.0628
-34.671
41.7659
-7.03817
0.0820095
