1002.59
-44.0204
266.665
435.525
414.35
-357.551
201.821
-415.914
408.144
250.235
-91.1579
110.879
50.2264
-86.2418
98.1185
-108.476
259.704
-103.305
65.4331
3.92657
-104.866
-125.517
-117.929
123.379
-106.443
77.9988
33.5704
69.7266
162.242
-252.83
128.802
-91.2462
58.7001
112.204
-78.4116
-181.578
-32.9333
-6.00058
114.816
116.903
-8.73218
57.0441
-141.709
-153.519
28.7486
150.185
-63.97
-17.7972
-77.1197
155.944
135.645
-96.0019
61.9327
24.4715
70.3714
-41.3424
-9.0921
-32.1692
52.121
15.2539
-21.1922
58.9501
46.2222
-31.5111
-33.3258
89.7165
157.99
-46.4923
-118.754
10.617
-75.2774
28.3991
-22.4903
-93.1
53.0378
30.4781
72.8265
-13.92
-4.59702
-59.2652
52.7835
11.4296
-36.1139
31.3767
-1.6581
-45.7887
99.4334
-52.4353
83.3067
-16.4481
46.8816
-69.9104
65.1024
-76.0178
12.7333
68.0377
13.804
-84.0216
-43.8255
39.0386
12.4166
2.79177
-17.1259
-7.64241
-11.22
22.2533
67.5394
-25.9416
-21.9071
-21.1171
-9.24088
-2.73971
-34.8988
6.32913
