868.19
-103.559
369.73
220.283
4.63193
-233.672
324.109
-39.7306
-16.7941
-156.869
-63.3571
33.1796
19.4056
-310.774
-45.7836
23.9685
-92.3594
72.1085
-20.8063
73.855
-141.848
-172.113
-117.531
-95.7729
-93.1075
115.735
-43.6965
-45.2627
-102.953
42.4312
-150.937
53.0092
-30.3237
61.1636
57.4006
84.1756
-36.8262
-135.05
8.32006
-15.4353
27.1359
-18.3075
117.3
31.8271
-26.9859
-40.7096
-63.7096
56.3567
-78.5519
-16.8691
-55.9594
78.5634
36.3756
57.7793
-97.4218
-72.65
63.2638
-60.0657
-31.0649
-12.9816
-45.1838
-41.0991
-17.5433
-16.9636
82.6471
-15.6135
-17.4279
25.5533
4.72125
14.2665
-46.3438
-5.3114
105.311
-53.8412
-52.0728
-28.7665
26.1863
27.6351
12.602
-98.2427
1.59947
-45.5114
48.9903
-114.342
-6.73379
44.1769
11.7316
70.1369
35.0845
12.0174
53.0789
-63.6909
-12.8824
-26.1497
15.1723
-48.607
12.4467
-35.2967
6.31911
-52.5071
47.7841
-5.12463
-96.7273
21.027
-76.6837
13.7671
-8.74951
54.445
43.7286
64.4827
5.62864
84.4684
-37.1146
17.9945
