1079.91
-256.542
-259.784
-313.265
212.991
-225.843
141.445
112.799
65.9974
254.235
-203.334
15.1781
-274.404
0.115012
-111.902
62.9455
-9.72602
-29.3368
31.1247
-95.7803
149.309
-109.929
-87.1544
-36.0153
-13.1212
24.8573
65.3051
103.013
-29.3104
-64.1148
-96.4954
35.181
-31.7726
-18.8903
1.66735
-2.87492
91.4956
52.0896
12.8021
-49.0126
71.6779
7.04982
10.7108
9.11731
-46.3815
33.2233
-17.5823
-21.9737
67.797
22.2042
-18.2435
-14.6706
-42.8642
5.37291
-11.5629
6.9285
-26.8036
-5.5868
9.74139
-56.3607
22.4519
-18.1886
-27.1032
3.256
-44.2153
38.0261
-21.8674
-12.9215
-1.04036
43.1181
-10.2386
-17.611
17.7465
-8.37833
26.3645
29.2715
30.825
5.28084
8.81807
35.621
11.4951
9.40225
21.3197
20.6792
-8.53554
3.21497
4.08118
-32.6842
-14.4057
-49.3391
1.0947
-12.8297
9.98161
25.7145
16.9451
-4.9283
29.0979
-26.2093
1.69899
-17.0828
-29.9737
8.80625
-34.8096
5.27057
8.84643
19.2168
-25.5537
-14.1024
31.9811
19.6776
-2.74595
-20.6463
-2.16137
-24.9652
