-545.526
-256.005
150.679
-561.583
160.741
-401.891
-182.763
182.615
300.073
181.73
209.439
148.629
-45.9782
-118.118
142.992
95.0052
175.59
180.165
156.749
11.0642
30.1431
53.5994
-52.4671
-36.3879
36.4115
17.2937
108.583
-34.8185
-78.4487
-58.8551
41.7158
86.5885
126.737
125.452
-34.6035
-33.7232
-25.0818
-59.8815
-142.18
78.7014
-7.99032
73.0604
-55.2695
14.9351
29.7212
51.1137
61.6962
93.1587
3.01555
35.5939
-25.7887
54.9738
51.8834
52.7043
34.4304
-38.8554
-70.1209
-93.7486
14.2548
51.4491
-10.4344
-102.352
-11.6827
18.7667
-40.6067
-13.2818
-25.7976
-14.1123
-12.549
56.2905
39.6447
58.2892
43.696
-33.7833
3.9051
-44.2571
48.8932
61.967
61.33
38.5246
48.6972
10.5988
8.34302
-27.0369
-6.59515
20.6874
52.5722
60.9838
-23.7011
-0.452906
14.5501
19.4295
62.2922
33.8909
-60.109
26.4162
9.27731
-41.7991
22.504
3.75889
11.6443
17.4662
14.0693
-73.8403
-64.5475
-27.5229
11.6381
25.0345
30.7645
9.09967
7.51177
-4.09189
20.0322
17.9284
