1151.66
-513.102
499.167
64.2051
35.5317
-221.509
-90.4593
-75.7785
0.0473979
196.728
234.395
53.9661
42.8924
-210.257
87.6064
62.3667
170.538
124.751
-36.9262
-66.7884
28.84
143.76
-66.3665
-43.6054
-132.058
136.31
63.7202
7.29361
-38.0096
-25.0905
-78.0396
-23.4734
33.5369
95.6824
-91.0791
-78.9732
-47.7246
22.6241
-57.4167
-17.2655
19.8901
38.3084
-5.49749
-17.4259
1.54658
-60.3587
-22.0247
60.0359
11.3182
71.0043
-16.0285
-16.7017
-28.024
-10.046
24.5561
-34.6649
27.6388
-7.98238
0.572958
-10.9078
6.82492
-23.7601
30.224
2.95592
-9.76583
19.6369
38.0863
-18.8565
25.5915
2.64835
6.4096
14.3959
60.0051
-3.82496
26.8807
39.4574
0.583433
2.25884
-24.9356
56.1703
23.4892
33.3914
-34.0425
-20.9189
-20.2039
-5.70543
-3.89428
-2.01037
6.0146
-41.5619
4.95226
5.29907
-4.83195
27.267
4.66669
32.9052
1.56892
30.8204
33.1617
28.0715
11.375
-7.56992
-22.6153
-1.26461
-15.0835
3.22966
25.5938
26.6541
5.11665
-8.52739
-5.326
-0.662569
3.81006
10.5802
