474.587
-383.185
-128.788
-320.357
-153.768
-540.767
-86.3361
-53.8736
-101.836
43.0292
104.187
115.288
-234.797
-13.5004
64.01
87.709
-53.7668
-54.8162
53.7756
-81.7733
-60.6356
71.2302
-45.1293
41.4619
44.0363
54.4149
55.1444
55.1141
-63.3527
30.9157
-49.0037
112.948
39.8165
-24.9233
-19.9606
14.9058
-26.4152
13.445
46.1799
-31.7307
62.0759
1.84728
40.1889
40.8558
16.1598
-3.57071
62.3867
48.8753
35.3333
3.01697
31.2861
-55.9443
-14.6481
24.9371
-35.9391
41.6196
-15.9766
25.2944
-0.927818
17.1075
-16.4943
6.86224
13.5084
0.127283
25.7105
105.159
-40.8169
-18.7391
-5.09039
9.22889
-2.54494
-53.7871
29.1921
-36.0913
18.826
-14.6288
9.91918
24.1819
10.3006
-0.946391
14.3382
14.2561
3.57901
-32.7879
-0.0876522
-1.77611
-1.454
-31.6838
-32.8438
17.4426
34.4145
18.5525
-0.387981
0.593805
7.12082
-11.7803
11.758
0.10133
34.5217
5.95448
12.7763
16.1239
-29.9883
13.4519
3.62396
10.9718
8.44411
3.01817
14.8069
-11.4333
57.4895
17.529
24.552
-45.7408
