236.614
-250.265
176.575
338.054
180.972
163.196
326.151
132.622
-83.7236
-89.4763
-94.656
16.655
-22.0864
-83.4797
-22.4728
71.0301
76.7471
26.7327
-74.1107
-36.4488
-32.0955
76.3333
-158.373
-140.871
-53.4259
-7.58349
-36.941
-48.9045
-38.869
-20.3006
-95.8092
-15.7848
-25.0663
-95.5669
13.5485
-26.4978
77.4432
34.3427
61.7235
-22.4504
61.6752
-5.51278
59.9864
-30.4054
-65.9848
-20.1361
58.8852
-3.86771
-24.6488
8.03386
117.598
-24.2454
9.45785
-19.5243
10.7074
-15.4601
-47.9742
-7.98967
42.723
16.9145
40.7185
24.1763
11.5735
43.061
-64.5219
1.03369
34.5435
14.3856
49.715
-20.2136
66.5267
-21.8419
26.8994
-11.0849
-8.53201
-16.6075
36.335
49.946
-9.58641
-18.9041
21.5007
-29.3581
15.8895
8.71959
14.1854
-28.8681
-39.6151
14.3947
-30.652
-1.95786
-3.87213
-1.47183
16.2675
18.191
28.2809
-45.0178
26.1883
43.0984
-27.2265
8.19123
48.5055
-1.74104
5.15011
11.6946
-11.7673
11.623
-11.7107
0.830761
30.3969
16.4063
-14.7928
45.4094
19.088
-9.7111
