441.681
-692.404
271.958
-368.48
82.6157
110.799
98.139
223.839
123.553
3.58288
43.2701
-68.3088
-119.543
149.513
130.031
11.7831
114.305
119.381
51.6968
118.795
127.048
-24.6037
122.206
37.7876
-24.8497
99.0329
20.3308
-14.1566
-30.1208
-45.6134
-10.5039
88.8966
15.8996
-86.6557
-40.6223
122.424
38.9838
86.61
9.64883
40.3048
-53.7127
88.969
-36.1633
-24.9788
41.4149
55.3124
-42.4678
-18.6329
-5.61514
42.9093
-7.37636
39.6805
55.1281
16.8953
-3.14035
-12.646
38.556
11.7719
-3.94421
60.4571
0.00245409
33.7305
25.4353
-15.1351
5.98047
-5.31439
-59.0488
-1.77148
-27.5884
-15.5487
17.3272
73.7255
-38.7486
-60.467
-54.1649
-44.6492
-6.17212
48.3941
-38.6325
37.822
-20.5048
-32.9662
2.33162
-6.32923
-39.7071
-40.993
15.1066
-56.2395
-2.68165
21.8404
-11.1726
-27.1784
-3.98255
-13.3993
35.8367
-1.97571
3.13301
-40.749
0.550108
-24.0887
-12.9721
10.4743
-42.8925
-35.468
-40.3417
-1.39425
-6.97473
6.49451
16.2765
-1.46163
-26.2699
-3.95872
15.451
4.6781
