-595.536
72.113
806.371
-404.188
-160.195
271.709
-13.2675
19.482
-493.885
-127.181
3.85236
94.429
91.4498
24.7462
-10.5076
-128.852
66.064
407.327
-7.81988
-109.395
65.4905
-46.9265
-164.955
39.1001
184.768
-18.6534
-0.216391
-76.6646
-8.21733
-2.23112
52.8202
112.767
-92.7768
4.36515
-61.7737
175.065
-6.24905
-91.0932
91.0168
211.929
39.2732
-43.6536
73.494
63.8265
-39.5602
37.0681
36.6984
22.0872
-38.3802
17.5344
41.1061
-9.93949
47.0642
8.21804
27.5178
22.253
12.8414
45.237
15.2765
12.0483
7.91803
58.2049
-36.7772
68.81
6.3256
44.8422
24.9903
46.3405
-77.969
50.2738
-79.9408
-42.2596
20.5369
-15.9343
54.2138
1.83658
-8.48823
-81.1259
-23.6281
-4.45608
0.0292169
-48.5819
-31.3093
-38.3411
43.9047
-53.0358
-41.7546
6.45008
-2.08356
-35.4915
14.5287
-2.12343
14.698
-10.1774
90.453
-1.40438
-31.1842
-5.03949
-4.2296
61.3186
7.09623
11.1354
-26.9705
35.8577
11.0121
-30.9784
3.34825
38.8131
66.5654
-33.6399
-37.599
34.498
35.6235
-64.935
