382.418
-267.676
-71.4267
-17.1004
-102.304
-180.531
-5.90999
181.992
-136.97
70.0343
31.7016
108.363
73.4392
-79.1842
41.4026
46.324
-127.644
-82.3372
-47.9971
-91.4498
-8.17807
51.5652
-17.9303
-67.0731
-11.7652
-29.2982
61.4657
-106.85
19.7542
-61.4159
-120.572
21.4305
28.6572
-28.8051
-89.3132
-66.976
-66.7934
27.0593
52.6193
-16.1683
69.0903
33.379
-10.4487
52.9725
-57.8208
33.6274
50.752
62.5055
-15.494
21.8085
63.5246
44.7694
-48.7301
8.23714
-33.0119
47.9843
15.6444
69.6374
-2.49267
-26.8412
64.2269
74.8569
-46.5348
5.21472
46.055
42.5742
-13.6442
11.2614
25.1702
-15.5381
-13.3023
30.9746
-24.1431
-7.74915
40.5437
-19.3955
-38.1849
11.4094
21.2299
1.68273
-50.4027
25.7887
-6.06784
41.7969
-33.057
20.5557
-31.4323
-17.7088
-24.4805
-40.3793
-24.0563
48.902
26.2207
-9.38515
-39.3137
-2.18768
1.63091
-1.61484
-66.2181
-5.01368
-47.0892
-22.3442
-3.72309
25.9025
-11.4854
19.8497
5.84483
5.10436
16.7169
-38.4138
21.5437
-3.82796
-23.4245
-35.7327
