-829.786
69.8172
-181.057
-93.8164
105.393
2.1151
279.644
-256.248
-229.925
32.1171
-192.219
3.56068
-27.9799
-101.264
-118.3
179.847
49.6407
-159.846
189.359
-22.8723
50.8869
-45.9478
-72.587
-12.9486
186.321
11.4289
32.7296
145.944
16.5505
18.9705
-54.6909
-1.82231
-63.0371
-11.9012
-1.02057
-11.0437
1.19112
-17.2003
-38.062
57.3967
126.981
58.0995
-16.5917
-2.1112
3.68623
19.6367
-72.2464
2.25948
-41.9233
-15.5224
-82.6389
8.81925
6.13493
5.77888
65.6009
-45.5596
-20.1334
1.28922
11.389
7.27839
57.8934
47.096
4.8129
12.471
110.324
63.225
23.7008
6.36918
-15.1062
64.8542
-22.186
-56.0457
72.6107
-8.26224
35.7626
14.304
-4.58274
20.8305
16.538
29.4946
-64.49
9.52496
-30.5202
2.23264
12.3472
-13.8753
11.5952
-0.856512
-9.77304
27.9322
-46.7131
59.2138
-2.99668
-5.57606
-0.607314
12.5457
4.39971
27.8243
-3.19517
26.9019
60.5819
-55.035
3.61482
55.5474
-23.3853
23.9119
-25.523
-2.69923
28.8093
0.22535
-18.0098
-44.0927
2.31117
30.5626
