-1043.69
157.938
607.309
-199.006
-10.6084
98.588
0.338608
1.57897
-188.506
-83.3025
69.6119
-144.882
161.666
115.06
-13.8797
-47.7563
-110.989
436.571
155.237
-242.102
40.6261
9.9765
-256.858
-84.815
-64.7206
83.6818
-113.642
-100.905
111.952
16.2879
-44.7212
1.47448
67.7558
-58.622
61.7688
-70.9035
45.8355
-72.814
30.6111
23.1269
43.8323
53.3205
-13.833
-36.8622
-40.713
-64.4404
49.4756
-24.2313
-84.5928
42.1745
123.443
-93.2972
-87.1028
-33.6487
6.97713
-22.2134
46.5886
31.8372
35.8939
-37.4406
122.146
-17.7202
-22.5936
18.1582
-2.67754
-85.5215
44.5551
21.9077
23.7718
49.0511
8.11618
51.9377
6.22335
55.0252
-79.1422
-58.0248
-27.3531
37.2403
-0.592265
75.2109
48.0345
7.92379
2.03712
90.2901
-8.41883
45.0767
-25.2307
-9.13835
-55.6836
-57.0709
-2.38561
-2.15002
16.3005
18.9346
5.45506
0.58756
4.87837
-9.11877
51.8826
5.93583
-1.41694
66.0755
14.1052
-16.0271
-33.3005
-5.17943
26.8214
-32.2638
44.7861
-1.7565
41.2359
0.394601
20.0039
-44.0884
