-179.642
-201.021
-37.0688
65.0548
-114.152
-96.6404
-52.3999
4.25247
-110.09
175.037
343.947
-220.286
42.5066
16.0543
62.247
-23.8214
-152.299
-66.4652
32.4321
-35.6358
-127.533
-99.8224
-21.3539
165.844
-126.395
-61.9871
-59.7747
-44.7678
-74.6575
20.9546
-86.0611
-7.45555
41.8369
16.3064
-49.9208
-3.64998
-34.1029
64.0354
53.4816
-9.41112
25.1225
11.0311
-17.5414
26.713
-122.522
-32.8211
-56.7504
63.3679
-17.8322
53.3493
-35.1306
-12.2792
27.5363
-71.7543
48.3149
32.5514
-90.8944
67.329
57.1515
29.0774
-21.0709
24.4268
19.3814
-16.1201
45.9676
59.0737
-22.421
6.62726
69.3627
-26.1972
-39.0245
-35.6847
-3.50516
-12.1372
-22.7521
28.6221
3.28404
-11.8116
5.39391
30.3618
-30.857
-26.3396
-30.8202
5.23564
-24.2484
-12.8169
-0.375062
11.0397
-31.3344
-15.5411
-56.5019
-25.5723
31.1277
9.78215
-36.335
-16.4602
16.868
1.00704
-6.24884
-49.1487
-5.01308
-4.82404
17.321
-33.4479
-23.6626
-5.20784
25.5218
-20.9663
1.45995
23.4455
13.0605
3.54501
-34.8841
5.72475
