468.74
163.449
-22.879
68.7848
-98.5412
-100.181
-43.8682
126.764
-119.308
15.4303
-89.9673
42.2746
35.6026
196.957
-34.6804
162.841
23.6013
55.601
-28.471
16.4309
-32.9049
65.2039
-19.4462
37.6776
-11.1941
11.5527
65.9954
18.4127
-20.0857
-14.015
-85.307
29.536
6.58019
-13.1035
7.49257
8.43252
13.4045
-74.2663
50.3517
23.548
3.00571
-42.8425
20.911
12.997
25.3223
-0.202762
81.7478
32.8281
-31.1722
-40.5745
-53.3148
48.619
-56.2784
2.55912
18.9108
58.2061
41.8901
-40.5023
-41.8417
32.369
14.6503
30.8276
0.529589
2.73346
47.9448
20.0422
-4.25294
19.2479
23.3481
-16.4927
2.13349
55.794
22.7629
-6.02302
11.2415
3.18782
5.06978
-19.6939
31.9624
-7.30878
-13.6604
-1.75887
-13.608
-5.03336
-4.6563
5.26782
17.8758
-34.976
13.8745
-21.0541
8.78553
-15.6441
-1.73782
-29.5229
-17.1152
13.9481
-16.0077
12.092
45.4082
33.6203
-19.4237
-5.79197
3.96562
18.6637
9.23081
-12.2368
-1.70961
0.52493
15.4428
13.9266
7.76818
25.1822
12.1841
-9.00921
