-841.72
-175.19
123.991
-623.086
-280.826
48.6412
-107.455
6.81517
18.9673
-216.953
-365.207
134.53
-36.7432
-111.036
-1.63476
-141.287
55.8502
-334.657
19.1978
45.1195
-144.494
60.8698
-3.3753
-147.525
-50.8309
125.971
-32.3219
90.0124
-48.0496
50.4554
-34.5854
-27.8309
-14.2194
-75.2936
34.0517
49.7127
-24.4679
117.47
48.8524
-60.9159
-2.12649
81.5488
95.7232
-7.6028
5.80119
-60.0735
-70.0049
95.5331
16.4207
-86.277
32.2722
14.3692
112.079
117.425
12.1004
46.9774
-53.4823
-27.4241
71.0389
-28.9021
-70.6613
-21.421
74.3579
-11.8445
-25.1496
-95.9413
19.4398
32.0009
-10.8712
-90.5681
-27.2541
-4.02644
83.6671
4.06748
41.0179
95.3984
-11.6135
67.286
-8.19713
-13.8304
107.019
33.4121
-15.2213
-53.0673
6.39982
5.61706
-20.4142
25.4308
17.1651
-49.6822
60.4947
-23.348
-9.67171
43.2565
26.3108
-19.218
-56.0458
19.2794
41.4645
0.985744
-18.818
-10.5172
-15.2515
33.1543
-30.2419
21.0507
65.0282
-23.4006
44.8739
13.8042
-30.5105
45.6443
30.0286
-30.9854
