-1258.97
9.7639
-114.692
111.786
-9.38482
-120.57
183.691
147.595
-594.52
166.348
90.4001
-26.2878
267.781
-57.931
-178.156
189.797
-10.1886
-65.5089
66.7922
-40.1418
-104.89
-109.96
-46.5762
13.7629
-86.3067
-26.7338
19.9818
-12.6117
-29.925
133.407
25.9723
37.508
61.5965
-75.2038
-76.1768
55.9757
34.6336
45.7329
3.16111
-94.9261
72.49
18.2437
51.8577
-30.9347
-82.478
-74.5745
-16.4275
81.5803
-15.3332
-99.0536
15.8594
36.8332
57.7188
-62.1885
44.6654
-18.1744
-19.433
31.8156
36.7661
97.4808
-63.7979
-30.5664
110.047
-2.29322
65.8187
68.8224
27.9068
-31.4176
126.606
-15.4685
31.1622
-38.8367
-58.2807
57.8595
32.5018
-60.5283
62.0487
24.9535
-40.4885
-43.1292
37.8386
-6.54656
8.27351
14.6944
-62.7471
-16.9333
33.813
44.4194
12.1098
-16.9262
5.00653
-4.11733
10.5382
-48.663
32.2959
0.795698
31.8068
57.5536
-4.84659
-51.2986
51.5597
18.3681
30.863
19.4564
-30.0521
1.30299
18.5247
-9.8226
27.4034
-24.608
-24.9372
-26.7354
-38.8404
-8.49349
