-133.94
-197.546
-232.153
77.4142
-213.906
-145.932
-301.329
63.329
19.5034
-111.679
-26.4662
111.56
-227.831
-40.7138
-62.3218
-140.749
-219.904
165.728
-31.5618
165.07
-85.6112
-143.46
25.1929
-28.5577
-126.508
-82.8192
225.81
26.9417
6.73307
-56.4158
4.53379
-76.8878
50.5576
42.0703
-43.7516
28.2537
28.7515
21.9549
-44.934
-50.0481
41.4591
20.2152
-103.817
34.8452
96.6273
7.75736
-55.6747
112.647
31.8526
-11.2062
22.801
-46.3019
-25.811
23.9916
-36.6336
65.2849
31.7574
14.4779
109.407
53.3193
-8.73471
18.5087
-68.5679
-21.4337
40.7627
7.67749
-28.6329
25.046
76.3664
-67.8056
56.3032
93.3332
-42.1901
-2.12299
-39.032
-40.2832
-39.1623
13.0084
36.5223
48.2407
58.9736
-6.6917
-20.9361
-29.6134
-11.9702
34.9161
20.1519
-0.174232
-19.7284
54.9367
-19.4056
29.9823
-23.2897
-17.9545
2.41584
24.2319
-30.2083
1.06165
28.4531
20.2451
11.2871
21.1401
15.6744
-48.8478
-10.0843
24.639
45.0695
-6.52886
30.7205
-12.9309
-27.9919
26.4623
-18.3897
12.5082
