-0.993834
-94.8953
-543.08
-148.708
174.167
192.507
17.4572
-208.427
-191.156
335.844
149.001
57.2255
-276.603
-86.7988
30.5597
-37.1352
-212.202
51.3509
-40.1413
1.21275
6.56463
-0.89682
62.7991
41.1387
-84.0888
74.4598
-89.2079
-48.6463
65.2223
71.415
-43.8756
-38.3719
17.0473
-55.4484
120.981
-73.5255
-7.72982
25.8891
24.5939
-8.34332
-102.523
-36.895
-53.1906
-32.7541
100.143
83.8615
-61.2533
-21.8636
-10.6285
122.479
40.5927
-95.4029
-62.4007
9.74779
-25.8384
-11.7085
-49.8512
29.0773
58.7981
-14.9642
-49.8154
39.754
103.6
-25.3937
17.6219
-45.7152
-7.82094
25.9278
46.1789
-12.989
64.4768
-11.9089
8.87485
2.38131
-8.20337
-49.0391
-19.2269
1.77211
21.678
-42.8882
-19.2139
-59.1043
28.1728
14.3455
3.1199
1.91555
-13.9008
-80.7471
-10.8549
38.8536
8.60965
-22.5403
-3.24745
22.3184
2.70263
23.7695
10.0905
6.6639
44.9237
-78.7473
-11.5472
-12.3278
-47.5695
-8.79413
-8.698
-12.36
19.7327
13.7565
-4.45992
-53.3864
21.7481
-1.12295
-30.1281
1.80587
