-551.847
-30.9399
-259.417
-146.182
-1.27123
-379.586
-110.521
85.5016
-127.986
192.352
101.798
332.752
11.7785
-17.2335
-6.27601
184.721
-174.824
-84.6249
-2.93443
56.5422
31.4426
-135.24
235.483
-1.26198
139.499
-30.6541
117.282
86.086
78.2619
-9.4737
3.5898
-12.5226
-46.7802
-5.10785
45.5348
-53.954
3.4994
-31.8821
-41.1211
69.7728
-37.9089
-2.41952
31.795
-33.4515
37.5359
-3.05051
33.7699
-32.1144
-72.4106
64.0513
51.4177
-136.102
-64.828
67.588
49.9354
-28.7751
-23.3103
28.8648
49.7404
40.3983
79.3316
-27.9825
73.983
39.3672
67.5866
50.3708
-7.01913
-23.3146
-41.4067
-55.1283
-41.6728
-9.18178
45.6533
-34.8294
48.4202
-50.932
29.7039
-14.3229
-28.6467
94.5714
-63.8342
-6.50138
-53.3324
-47.4204
-6.51284
-50.9321
8.73983
25.9077
-13.8358
-30.8083
25.7001
70.426
-11.0055
-8.07029
7.80211
-29.3976
-0.298427
-54.0902
-18.7853
0.10198
11.1189
-24.7434
-23.6056
-1.16161
9.93355
10.071
-34.748
-69.5111
7.56006
-25.0301
35.7124
-16.808
-15.2796
-52.8666
