-577.868
-255.806
-183.431
-51.4269
42.481
161.278
79.9984
-191.357
-216.921
75.8589
-74.7877
-154.23
-127.482
26.9217
-316.273
32.8215
-115.796
-42.7465
73.0855
-153.426
89.4485
-39.081
-219.43
-6.48104
-98.708
37.0829
-36.3992
17.0871
-0.756613
-73.4186
41.5318
3.93952
-70.463
-52.4261
3.68963
-6.23681
-3.28891
79.8612
13.4166
-41.901
-43.8467
-20.6767
69.2212
21.9436
-88.6754
-4.68388
-75.5213
-35.0424
88.0834
-12.7829
71.1858
-49.3885
24.3264
-17.9894
-16.0023
-55.7527
-8.83966
3.92348
15.4354
62.0944
12.0039
-45.1393
36.7735
-1.76364
-61.7726
1.79475
-47.107
-32.7314
-13.9239
-68.473
45.0785
-6.09675
2.71009
-17.0453
63.2923
-29.8286
35.7915
-15.2503
-29.5365
-14.3848
6.01095
12.2158
33.2238
3.98424
-42.3379
-20.6873
-70.964
-42.3743
-26.1844
-57.9433
29.1948
-5.61334
-49.1445
38.1311
45.3759
-0.923941
-11.0723
30.7834
-9.40916
7.97951
0.796078
-28.6854
-32.4447
16.5419
-14.2968
73.0581
-15.9223
43.6709
18.0157
5.22978
25.0524
-7.3504
-11.5505
-33.8412
