300.71
228.578
-8.35757
180.361
-97.7282
99.3258
58.5281
176.12
-39.0273
16.0043
6.29892
-93.5911
18.8543
64.6561
-26.021
41.3084
58.7048
-50.4731
129.615
23.2202
39.9752
-127.326
76.9712
36.6462
11.1095
9.44339
-25.8155
68.8638
-32.4315
-29.2689
-25.902
26.7017
-33.7754
19.5029
-43.7952
7.86736
5.17882
-86.5407
-35.8028
34.8492
65.3838
10.7632
-16.0315
24.7888
88.4784
20.8212
25.5278
-20.2152
11.9002
-4.25672
-89.0619
1.90213
-52.4523
-37.4965
36.2922
-45.2239
-23.8062
-32.2517
-63.0586
-26.724
8.5396
18.8898
-47.6118
-59.449
-42.7651
-10.7009
-16.7019
12.196
17.8489
-6.37009
42.8293
-1.5388
9.64567
-4.76773
-8.71154
-9.71573
-2.29091
-19.5532
-17.9349
11.7183
44.6407
-13.8939
-1.41609
-11.4505
3.87867
-35.3697
-22.3614
-5.02059
19.2476
1.42939
21.3864
9.12778
-0.290398
-14.5059
3.83076
6.68612
20.7773
27.4831
-18.1485
-10.2172
24.4344
17.0394
33.627
-6.60776
29.9183
-7.81472
0.902552
6.46144
-4.04928
-1.43605
-10.4577
3.64148
17.0341
-3.08287
