702.02
674.266
-142.02
478.351
-15.8419
20.6458
-396.284
271.996
5.99053
216.077
-195.619
105.417
54.7207
42.9556
62.6621
-122.725
92.8578
52.2933
46.184
-27.4673
-32.5404
48.6193
-75.2836
16.3555
-88.1569
-28.5414
18.676
58.4425
-82.1322
7.91902
-31.7797
-64.5356
-8.00951
-40.7246
-24.3853
15.9761
7.37037
7.63031
9.01614
16.9813
-31.9725
-4.39408
-1.69035
-53.6818
-16.8701
17.1177
-59.6807
-27.9273
5.9015
-18.1006
9.15167
-15.4251
-35.4735
-43.9273
70.7568
64.4385
15.7834
-22.8462
0.0352505
-4.0941
-0.233055
-49.3148
-2.23656
-70.693
-10.2021
7.9852
28.4152
-76.7702
-67.2984
34.0204
-60.9679
2.09021
7.1956
1.35797
-68.8215
-27.9636
30.4237
-63.9341
25.4623
-23.1073
-11.2483
-46.7532
13.2779
3.29479
49.8783
38.4185
2.81269
-5.78336
12.9333
4.21149
-34.6995
-17.847
17.6911
4.33037
11.5558
-37.0933
-39.7
31.2015
51.9916
-6.05902
7.94498
2.57662
-40.6771
-19.2403
5.98971
12.3927
17.7993
19.8926
-14.9161
2.13398
43.1464
-5.03056
-20.8177
3.53655
