-899.553
45.9892
-523.733
-57.1795
134.221
284.42
204.883
-106.422
-221.742
87.0326
-26.2807
-287.201
-98.0354
29.5048
17.7711
-4.35771
17.1884
-100.108
-6.08001
-7.33831
-14.3762
-99.1908
-24.776
65.922
-53.6921
-47.0042
34.2367
3.10065
21.1445
8.73065
-133.849
58.1893
-1.97845
50.5408
-81.9406
19.9424
-56.3563
18.4937
6.51174
-16.8064
79.6915
-57.5944
-52.1253
78.4104
99.0139
105.589
27.8141
-19.9613
6.01764
-8.95508
-123.679
-16.1628
-106.264
-12.114
0.368516
-120.089
-32.4605
22.4085
13.5673
-94.6808
60.4083
65.4459
-23.5489
43.3679
-28.558
0.11818
-66.2506
29.7383
-36.3247
20.2406
53.3138
-23.5869
-29.4195
-15.0559
-8.73293
29.4314
-23.5944
-23.835
9.17976
9.977
12.0086
-51.7016
26.7254
-27.9889
-5.49135
-49.9101
-34.8077
3.08059
-1.59318
12.3278
11.9198
1.03364
-0.873979
16.3667
-16.743
19.5488
19.882
18.7058
-45.4387
-34.5141
-14.9921
-40.1309
12.0205
-22.5063
-0.834546
-13.3081
-0.73527
-8.08049
-20.9667
7.91366
16.495
-43.4617
1.75205
-9.70013
