-749.567
-255.783
-51.7424
218.618
109.745
25.873
75.6194
490.35
178.802
0.968503
80.0988
137.522
13.6794
12.343
-107.878
85.8256
-106.093
46.7629
-76.4344
22.7783
136.938
-75.7887
106.129
-7.67628
-50.5314
92.8807
-23.1663
-103.344
90.6122
-25.0018
44.3886
26.0832
-45.0009
40.5903
84.7565
49.5803
-36.8869
-18.5477
32.5592
-64.1029
-35.0263
68.2241
-52.142
-68.568
-5.95423
-20.832
-34.9667
29.3065
5.29605
1.8394
40.8585
-7.78857
25.692
75.953
20.4169
17.6039
57.3351
-45.5353
-30.995
10.8993
26.0124
-14.6849
-22.3684
-53.8894
-64.6416
-49.2647
-24.6017
14.0344
-11.0375
-25.8421
-41.2584
-0.987016
-18.0998
45.2673
-1.69229
21.244
23.2586
-13.3221
-60.1928
0.072904
64.1127
13.9916
-22.6602
-48.4089
0.252718
55.5106
-1.66153
33.5216
28.6021
38.1967
11.365
-12.058
34.5243
-23.1795
7.05407
45.2806
0.703443
-32.3169
13.3136
5.75604
-46.6395
4.55876
33.7463
-13.5665
-32.9693
23.0648
-4.31928
-20.1952
24.7323
28.4385
-15.0655
5.37739
2.81466
44.7329
