-81.6825
-793.124
-515.543
-46.5328
-351.115
-148.595
-269.045
-97.8949
-7.74942
-19.7544
-237.412
35.2753
41.8916
-43.028
80.2237
-56.6312
16.6292
75.9852
-60.9855
5.77553
-14.8718
-67.9291
-156.073
209.944
40.5797
-33.7254
21.1675
110.663
-84.5333
-50.2897
131.237
-36.1302
10.9711
70.4458
-124.707
-60.9572
-79.3714
90.2881
-34.526
14.1126
-8.89013
-104.875
36.8827
32.2942
-2.90023
12.3225
90.7777
-4.12079
95.5939
-43.7259
-18.1292
-31.0142
-30.9372
51.5587
-55.2628
5.57476
14.6316
-55.0308
-42.8651
85.7448
1.19866
85.1856
57.4533
-28.0072
35.3524
13.2568
37.5852
-1.29572
64.6226
-22.3504
17.4667
13.3632
-9.06024
7.32288
46.1341
2.04266
-5.72964
13.9407
56.3566
14.2852
5.76113
-30.8715
7.25772
-0.0792254
12.9989
-20.5257
10.6662
9.01712
24.037
-18.9364
-10.3171
4.95844
-25.8534
-65.6232
-27.3445
-53.056
17.0771
-6.31321
-16.1985
-3.1224
-69.5249
-33.5384
-34.467
-36.2565
12.6779
18.8045
-32.7547
28.9399
42.2562
-6.08822
5.37166
31.0192
25.2882
-4.58808
