-562.125
-787.736
-335.372
73.6495
-311.598
-582.122
-322.503
-29.3944
-341.137
-118.908
-406.365
160.513
198.987
-193.504
-202.08
-151.693
127.79
217.993
-176.568
6.58685
54.5198
157.465
-32.2652
128.387
71.6251
-15.0954
-145.604
99.8655
-126.542
45.5122
56.002
21.3995
-7.26265
-117.988
-38.2595
12.7688
1.46649
28.5045
-11.2646
-16.0723
0.467083
11.2682
-28.3859
-79.0213
34.1717
-59.4428
18.4799
-25.5409
-40.5356
37.4071
100.979
-60.3975
-63.7964
-63.0883
1.18414
71.6365
25.6595
20.8904
-25.4214
15.6029
-4.46349
16.0999
46.1973
-7.09691
68.3739
48.6407
10.6562
1.71234
-18.8679
52.4031
-13.116
-55.1168
-15.9835
4.65072
-12.8298
-17.7383
-73.4831
-31.2741
88.9367
-57.4586
-8.63964
52.8563
56.7052
-13.119
-33.6185
-59.3352
17.4674
90.0808
30.5405
-5.821
26.6134
-18.6093
12.4448
25.9247
-12.8881
-27.3643
18.5673
-82.61
22.03
-34.9952
20.574
-61.28
-7.59473
-3.4582
14.7998
-69.8087
53.5271
-26.8732
-50.9792
35.6532
-22.0703
43.6191
-1.6929
-4.36628
