317.605
622.302
-670.861
35.0399
467.362
170.917
-370.318
163.239
-29.6744
-184.319
-82.5806
-85.8861
-206.638
-91.3965
-74.2872
-111.789
191.295
27.8943
-39.5418
-171.2
7.1684
30.6738
7.00606
86.1237
-63.4844
-163.045
113.222
117.831
0.354346
-44.7685
-17.5546
-91.4089
58.837
14.9346
-75.5692
-38.4801
-23.4966
50.0137
11.8653
94.142
-21.7253
62.2619
85.5832
116.267
-14.3589
69.3716
62.3073
-9.28314
-40.2883
-1.17935
-37.9248
55.3958
-13.1238
88.5101
6.61761
18.6476
-8.25792
27.3943
-6.37493
-23.6059
-22.3444
-46.6897
53.3865
-4.50998
56.5923
40.2744
40.4387
-9.16317
96.8447
21.2381
-57.6727
40.0145
-37.1887
2.79722
-109.023
-54.8973
-10.7912
42.1069
-15.7556
47.7697
-35.8045
12.175
9.53237
-69.0953
-18.9257
11.4481
29.1508
52.214
3.4536
-3.75323
51.3491
-40.7979
-32.0335
-3.62651
-2.44238
24.3928
14.473
6.05677
-30.7668
16.8961
28.6159
12.1902
-11.1037
-21.6531
-11.2609
-19.045
-3.02951
-11.8533
-36.2664
3.93998
-5.70725
11.9157
18.7425
27.2841
