-1501.13
168.53
-96.7053
89.4401
-27.9294
86.3599
-143.209
-84.1246
-216.608
-146.69
-123.111
-95.6007
328.115
-71.0241
66.3082
76.7153
-96.5536
67.3857
175.029
-69.8146
-28.8649
11.1029
12.7342
48.8891
84.367
158.16
-64.8124
-15.5796
111.627
38.0434
-26.5924
-34.2392
-15.8089
-58.4553
29.2351
-61.1857
-54.6011
40.8441
-156.937
28.5901
-54.6611
14.0287
-26.0004
34.1864
-35.398
1.92596
-56.3743
4.62478
23.8178
38.0242
-56.6657
113.398
-68.6133
44.6087
94.7276
-3.42541
27.5832
-17.6153
40.6808
-124.527
22.9614
42.4004
-11.3593
19.5151
-0.875304
-19.8439
28.173
97.9898
-24.6849
55.4633
-0.218876
-11.8812
24.8544
-8.45711
31.7881
-3.60635
-45.76
6.2004
-47.4574
52.9586
31.4486
-35.8125
48.3374
24.4801
26.6027
-16.4688
-6.14747
1.93491
2.55609
-7.31711
-24.1939
-5.44428
-11.2717
-14.607
3.6746
-34.4205
9.78308
14.4667
-30.7278
13.66
-48.2295
22.4712
21.255
34.7447
-29.9967
-22.3262
-66.3242
-31.8143
-20.5842
46.4618
-73.0673
-6.9692
-9.64522
24.6683
