-1068.13
259.94
594.741
-1559.41
-607.185
605.431
-403.839
-102.945
-749.662
-49.56
-178.648
208.888
152.919
167.588
-166.813
433.792
129.6
102.578
-156.911
90.2956
30.6532
81.9583
-72.0337
-125.879
-0.200284
7.60566
136.486
-134.774
12.5011
-19.9545
114.762
20.2965
47.4516
117.051
106.952
173.374
4.08843
20.3637
-1.27667
1.26215
41.6188
-51.2751
-31.5156
36.727
-78.9784
155.706
-87.7877
-64.7558
-6.62848
47.4402
-13.2839
8.33317
-74.0006
-12.8469
100.945
67.0686
9.01472
-50.4636
-124.476
8.84861
-98.3797
8.70682
-46.6596
78.1655
98.6346
107.817
38.1484
-0.69901
-1.803
4.1575
-35.3662
-5.91309
51.6238
-63.4772
1.71236
-128.723
65.7822
12.5482
11.4944
-30.0054
6.57013
17.7898
-47.6215
-49.0403
-76.2481
7.50511
43.4645
57.8725
-7.18231
18.1103
18.6477
16.2379
0.795431
54.3817
-0.51084
-23.1126
41.5791
21.0437
-10.0966
23.2439
-38.0655
-30.7543
7.40141
38.2247
-25.8513
-37.7693
-19.4827
-14.2414
97.4651
26.974
39.6895
-2.09144
-26.3807
47.1176
