-755.868
255.192
-150.114
-154.742
177.539
183.327
351.747
168.679
55.4038
146.274
-305.21
-212.791
-0.0154319
-73.9798
107.875
-187.69
-16.2283
255.347
-323.542
125.58
145.188
32.9756
-79.3236
-4.69046
23.7505
-120.982
137.189
187.034
-58.6035
-31.169
-35.0755
41.4226
-124.105
76.686
195.036
-51.3165
-169.155
-28.1779
-52.4438
25.2235
8.63915
51.6602
62.2347
2.16038
-39.0308
65.7185
-87.335
-74.5388
39.9942
137.643
44.7491
-30.6628
-117.612
21.4378
11.3389
-42.6289
24.1154
23.8226
-43.6519
-54.1975
105.415
-7.01233
72.1698
123.619
-25.3967
-73.7872
-35.475
-72.4004
-76.6241
-15.3701
37.3139
58.7679
7.21156
28.192
18.2494
27.3024
30.8945
-20.7574
-60.8454
-29.6277
-45.843
66.692
29.144
132.664
-1.1503
-0.856453
-33.656
81.1421
-26.4443
-3.91148
50.4285
-52.5881
32.3616
-15.746
21.3894
42.9449
7.32659
62.1132
-32.4755
61.7537
-19.5866
-78.1741
-3.03555
18.8531
-22.9865
25.817
-42.3127
4.89854
73.7347
-6.35275
-4.93088
-13.8444
0.218534
89.5466
