-792.906
-30.7409
-232.467
494.15
126.222
202.426
-0.166435
102.728
-43.4793
-186.851
-191.295
-98.608
85.7509
130.738
202.124
8.55706
-60.3814
38.929
-3.85946
56.9986
-77.4684
-51.0587
-33.9571
155.344
31.5005
-26.9329
33.0648
-16.8229
-120.284
-22.0694
-64.2652
14.0292
59.0436
180.251
96.5523
123.122
-121.285
-56.1449
105.773
-66.4067
-128.643
46.9852
-94.5944
4.40825
-37.1163
-53.3039
-15.962
132.175
-53.8651
80.6166
-86.1244
98.797
-3.98855
-98.6691
13.0147
31.0061
-55.6654
16.7286
-23.2579
47.4235
-1.80661
-105.879
-12.723
67.3406
26.1905
-55.677
-39.6056
-1.25064
-18.0547
-10.8071
59.0037
-77.3402
-37.3826
3.48797
-31.1237
70.9597
-12.7985
38.8067
34.9712
-2.15022
31.709
57.4544
34.9551
69.419
-31.8062
-46.0114
-46.5647
-8.71984
-51.5871
7.45508
-13.1171
39.9278
-29.8907
31.2239
35.3839
2.31963
-56.9901
-9.66167
52.6254
-21.28
15.8993
-88.9565
3.89672
-4.19592
69.5729
-42.2096
-14.1079
-47.4611
-30.9559
89.2397
12.591
-0.850309
13.2021
1.11302
