-1392.99
-19.6802
159.24
-431.265
-322.329
228.116
133.54
79.7188
-237.147
-63.0478
-181.532
40.9001
252.735
-108.723
-85.6754
76.9709
29.9207
-354.67
-177.356
221.851
-277.538
63.8307
-6.37208
154.909
-114.548
83.1775
35.6295
132.083
105.633
109.216
-125.128
129.801
58.9612
29.8703
20.9928
14.2323
-63.0936
-73.7924
11.8098
-64.6022
18.8578
-86.012
-137.43
34.8613
125.678
12.5019
20.2729
-63.3438
-8.59785
1.00552
-11.9216
-50.768
-32.0799
-23.2519
9.43704
-14.9939
137.388
-118.655
-7.21082
4.1451
86.1409
41.7537
-39.4535
15.7488
15.2554
-0.366478
-21.5753
107.534
-2.05573
10.199
12.1454
11.8583
-36.0228
11.7257
9.41448
23.0486
19.9368
55.8384
5.36164
82.2869
7.88855
-24.0938
22.7341
72.9782
10.5966
73.2432
66.4495
-29.7477
54.9499
41.5872
-5.23902
3.07682
-6.65184
-38.7383
0.817721
69.7825
68.2455
-29.965
-9.72745
2.49113
-63.9621
40.7872
-29.2186
32.8565
65.8417
-68.4615
-51.7824
50.6074
15.3596
40.7553
-78.9213
-12.8799
-47.0279
-1.46474
