-0.010672234953384482
-0.012973584144066295
-0.0034380878371188233
0.01634306479214418
0.011095016158068785
-0.00439486889807571
-0.011293096224214276
-0.046722609814275666
0.04020381018789102
-0.0669313767340479
0.001906805520173694
0.019190863916046488
-0.028039907803970244
0.045692955177833255
0.0051763665335106445
0.029123856620269818
-0.031294310208284146
0.0039209784580334014
0.02302535786330944
0.029592204367039687
-0.024703016700273066
-0.01802089669095886
0.012426480532172
0.004486611193519154
-0.012423380311484898
0.004455488540970453
-0.007930519954545922
0.032844601908569915
-0.021472159058332812
-0.00917054960658648
0.01496418298483727
-0.022066835021057836
0.0343831881206131
0.06316759791480306
0.05470572545051285
0.040262553068953266
-0.028837977344709248
0.019267879952340698
0.01209796813992537
0.01764426239941385
0.037752680397204544
0.002501518051680765
0.03331067201953995
0.018331325232831527
0.003684343126269056
-0.009148957610665961
-0.006659027479734294
-0.030497861361267076
-0.003245143234696666
0.03458923941384612
-0.031023670590297973
0.04862508836485887
0.028852651568122983
0.027976374544371282
0.018719984558699516
0.05944844208687965
-0.034988976038610585
0.02777447957582722
0.009228303254118149
-0.006666614290710034
0.005218751356946417
0.003715145202170909
0.021732544854632375
-0.02741761401637998
-0.029614091554806547
-0.045349325565014156
-0.0051462332896872
-0.013507518799089046
0.01222874293669981
-0.014001865087761927
-0.03319283489853698
-0.024538389951442297
-0.022196277741422694
0.010253326535574493
0.038654919858597245
-0.02351362865894677
0.008319340296270848
-0.07336795361418567
0.035020688156278665
-0.007760248586791539
0.015123406797162378
0.02324774642518548
0.01257620837270672
0.017491735181121303
-0.03358060642467109
-0.01571822483693425
0.0045841730071887014
-0.02665541911159314
0.03418669218890262
-0.003404067846019926
0.00793670526175941
-0.016516432998868968
-0.01753210236586505
0.043082018229598354
-0.04879385431498757
0.007065016849804939
-0.0075431327222819835
-0.0001444308259362587
-0.0001150952397328847
-0.013204207990643485
0.06475061504732171
0.021350083312196903
0.03324501068910297
-0.037559628884114744
-0.006700529976427318
0.02735381732920559
0.0005010401941911992
-0.010895391330157708
-0.022989763701900635
-0.04808073311477357
-0.006322219555321265
0.0018624269347539198
-0.0279947337623656
0.019112931270411453
-0.030613951685618496
0.002844156582537055
-0.0020422762388219474
0.024216749292732324
-0.01749867775793734
-0.031305939074939726
-0.015127745746164874
0.01129795201056493
-0.015174092209836764
-0.004487999440600166
-0.006659390361111542
0.016783386267305505
0.014445406177508103
0.0014266307836746032
0.02861228554357763
0.020243162974578403
-0.0032257703588945987
-0.001156591419858289
-0.04881876612696858
0.043594384999189176
-0.022102181701072587
-0.00835735433026658
-0.02769368659577376
-0.006816799909138263
-0.005079225563708092
0.008060807444774283
-0.03593853242900478
-0.028380015355681017
0.006225385094301992
0.0004072603432725554
-0.0018459807994397142
0.006106158250167272
0.03170922291367665
0.03426402655797903
-0.027716955196938474
0.026571235711364848
0.016523535130485937
-0.003079389417807023
0.009693485348844677
0.0237454635590722
-0.003949433055399596
-0.050973457082621194
0.00638694316473368
-0.05847897165303907
0.046021931930357286
-0.03838984209730756
-0.013066265310974089
0.040674998880066614
0.00241430089490858
-0.012463919563201925
0.004365083659161392
0.012190361074252289
0.03844873539350347
-0.019041882824777076
0.0025365205330695317
0.010883493095391104
-0.023002923639065073
0.03538200872338345
-0.045723056360430274
0.03648946492997836
0.003714257028206044
0.031098148300822328
-0.008466349468124598
0.010695112750897977
0.028211843782494205
0.020875377988096334
-0.014135645952038863
-0.03169739367618041
-0.0059687349073269625
0.021422857223560163
0.024728063012170235
0.012202414958510242
-0.01271108770793744
0.0025166442652802086
-0.045869736466860635
-0.04872935877162607
0.04290754719997143
0.005318407822509876
0.04387520269564262
0.011399131255995091
-0.007506803219805479
0.047024626192050695
-0.01925958519857626
0.014258689010538207
0.059466610658004015
-0.013354191934640448
0.0486041944870473
-0.022760258079454566
0.010507607360667913
0.02306991875604936
-0.02177630264059605
-0.0301075107532607
0.01639903898589787
-0.015944685395591202
0.007354323103607146
-0.01967945928667805
-0.04251197164551285
-0.0057236964634723815
0.01617184840742523
0.016243244339083255
-0.02238485356726865
-0.010561910695173945
0.015189722378691121
-0.051411009379719194
0.04930392284049957
0.017453429945918898
-0.05511449086910008
0.01665710277592311
-0.004196086666111758
0.009444755970712142
0.06045491389068773
-0.026713073907670592
-0.012568347772259562
-0.044367114610557916
0.0014426386479783606
0.03995577235660735
0.031228284085912217
-0.01172509416397442
0.015454710341690759
-0.014993749203684008
-0.0010597313646810835
-0.004619894751703964
0.012603445725821227
-0.004829017207166815
-0.021590463968328633
0.005166737525433004
-0.028364128945533085
0.010848637828495407
0.0122485442336257
0.021872194002269002
-0.052940070689292476
0.013081903291947325
0.031212387601096053
-0.021754205977627995
0.027542461564666422
-0.016790519047724092
0.033130849229173504
-0.004112781055651337
0.012225026453385818
0.02084396278706204
0.009063959479905627
-0.023284218988601904
-0.018900722549760864
0.06321726249907877
-0.00911349417476786
-0.0009347136059555377
-0.02471935760973659
-0.013067886846233025
-0.023462529424375364
0.003961465871220563
0.00027567368903949206
0.0328302936890259
-0.02251409980671086
0.0023272403525252737
0.0001279373103111326
0.026220951622893708
0.056478789138995886
0.03846508191135589
-0.045990681533348315
-0.05719812133483946
0.006891454046096481
0.026479014398060902
-0.0036226596746387675
0.0269025076817382
-0.01566921720661839
-0.009230469067535605
-0.004893891795427678
0.03182728115036532
-0.019650811590988852
0.004165431757360124
-0.05243718070878775
0.021869051289999355
-0.04525303086934303
0.03060848466965028
0.016585449598060388
0.060853757025565
0.011281379877906625
0.0019790844825673926
-0.016932844707315042
0.033426236338626326
-0.001377910208068533
-0.014888506850566972
0.002921040760899363
0.025158278345516805
-0.057395779456537496
0.031159986339960727
-0.0355975648407089
0.011466460821912574
-0.01801422899341719
-0.0162644873975375
0.029633196165950938
0.05379986441234764
-0.006307441802772619
-0.016207378413572646
0.06023730794749061
-0.009147961696706883
-0.02485064983425835
0.01318131430758263
-0.013901791833895803
0.006930817914691375
0.028333489432996274
0.00898983225149087
0.003027513354803641
0.012502803716149731
-0.0031504221232580704
-0.03258712926422461
0.031583062933795016
-0.01908384501425678
0.03486313348957047
0.020782084046946703
-0.02389884331952797
0.002600143584640884
0.016958829056159204
-0.0045322959256433966
-0.030051772312404655
-0.0229715635764609
-0.0299371495292472
0.008395501704595215
-0.01238739467490168
-0.021677050044358097
-0.02825875726031415
0.05172648299078572
-0.022918525062899583
0.08442392261188493
-0.041244163665943974
0.008642268327696746
-0.06068866405392687
-0.00848664021279368
0.01457709401618617
-0.03702520854421295
-0.051345998058686226
-0.042067711920275336
0.0013348141560093317
-0.013168947955164137
0.03560520411772249
-0.041886136380245804
-0.0062663124545491436
0.06024126355008932
-0.04200357720277314
0.026126845541058027
-0.0014561756043230617
0.02226220347005305
0.009451337487875609
0.011145730755802614
-0.0005345995562416234
-0.003987079923986405
0.022627027977893364
-0.030267999906740103
-0.008834074985844913
0.037888557907970716
-0.027857842906568127
-0.03330846463009177
0.058596073531634506
0.019074095575004103
-0.07117878637932576
-0.022196094897943545
0.0017418253081842685
-0.006039168502937582
0.018162129036904902
0.0024531786056271976
-0.05897705204087577
0.007235637794302168
0.03174499093616331
-0.004482007129875656
-0.0417769355921536
-0.02585275562128933
0.02515269396284961
0.025114412094379642
-0.013197660367600937
0.006020030692601277
-0.02469025077138167
0.03586673376539261
0.02737105502549
-0.02035993243800139
-0.009709936652124308
0.02304479039706944
-0.024351005684320304
-0.03083500438069318
-0.014225544325247403
0.034761403836960254
-0.03858208373134693
-0.0011232802921222927
0.005704109583012027
-0.027299039465787798
0.003533248443241841
0.007440851339452514
-0.03353219853540601
0.031818396427983626
-0.012949964585961204
-0.03738485458829946
0.038480302665358866
0.013253419165701672
0.029134801838793526
-0.0203444319450767
0.05095940860921343
-0.016343002497981762
-0.026171447971913342
-0.0017504775343492852
0.016660324892801875
0.019065556771161157
0.03516168900069372
-0.00045363112432659337
0.010556552913432748
-0.00800080005174168
0.014426669508083495
0.03719268221701052
-0.01751129505177286
-0.03297877111973137
-0.0014287181872435328
-0.017894626464133652
0.023344575794484058
-0.01533380073366418
0.034547908339645925
0.018808270291279152
0.010583877320585218
0.048527262416344426
0.008405761810505763
-0.011944377148366792
-0.03125063540327586
-0.023195815778645174
0.0006896092222531683
-0.018467683305038406
0.0012839249906512133
-0.0022865603347207025
0.0405458846745144
0.0037153492292144796
0.01704343272178413
0.024146459257830863
-0.028837169254204962
-0.017556129439640033
-1.342969306171667e-05
0.030799295002811537
-0.021003209144914287
0.0014495015228643117
-0.016999579851325
-0.005609035454112497
0.013226037628371164
0.01865556942844526
-0.01839913723228587
0.04527037846199314
0.031508481639306335
0.003870121866873255
0.015200084846719648
-0.022527647550330952
-0.013687636674231639
0.04480557354658923
-0.016773016897724643
0.025622946381496307
0.0029226397532073076
0.011761217520826242
0.0023778068129414838
0.09711346135625192
-0.0876369008903063
0.012918445253236713
-0.0018667550293900853
-0.025303542681740437
-0.010307454639812951
0.03896084960036852
-0.055687479870584665
0.0014075188569371737
0.04652731298764501
-0.00039536183380651667
-0.018704831227678506
-0.03967322041899305
-0.07672864521790417
0.034427650596154075
-0.027919211861837743
0.0625372405277931
0.028304487104740345
-0.040220974632775915
-0.038754426481114476
0.021464938965728198
-0.014331120563309832
-0.013665826441185918
-0.002108176115950272
-0.024989456688702432
-0.00016594564545128159
0.0467727790983019
0.006119672610275247
-0.019570509532812704
0.021881582199424876
-0.009458156338647323
-0.009157840094789116
-0.009958681973519344
-0.043549380600685646
0.008933897260264027
-0.0038819483802574064
-0.006700233366225224
0.00768770143466743
0.07100186924396279
0.0251223264406557
0.011212546506075803
0.03484175443503667
0.02181847715907175
0.02115129662922753
0.031540409828192
0.018928493260992277
0.0348044195053461
0.007266628887193283
0.0609594713909934
0.04611456208154616
-0.010499713071031187
-0.007185955247117476
0.03249481406177181
0.03748464790074517
-0.00799478784680525
0.01024625899084724
-0.011055580257905612
-0.005928631077814721
0.01475553857712353
0.011309239419554246
-0.092240680917219
-0.005005792443593389
0.04383980395102455
-0.0195432037928059
-0.02591140950752782
0.020342594263174273
0.011723958939336846
0.044140069137614625
-0.06161147602912286
0.033977756805895085
-0.026400206105985886
0.010641098673627074
-0.019724666987736717
0.03896327284262277
-0.041938578506929766
-0.0421418418603399
0.006614417852550156
0.029366148819357434
0.04933204917031886
0.0063843575640391845
0.018635175804388397
-0.07568473397732718
0.0379982377603345
-0.029617210805386592
-0.022032879351079893
0.024781936671708634
-0.028010209002180573
0.0037567696178183855
-0.046231271498468944
-0.018312360765815466
-0.0027457948798077186
0.018528636412683798
0.03178250080230785
0.017030041837728608
-0.006072138620191331
0.023269031640091576
-0.027712705815732822
-0.002852610973178383
0.03181521618913007
0.0007550161575160758
-0.02158803751590255
-0.03240101832351616
-0.01195410566690945
-0.04796659125356408
-0.01408359502539766
0.0034609857469108463
0.04106896014495734
-0.054465587308497154
0.02166443887967413
-0.020458953124803184
-0.015492647434651037
-0.012242262481718046
-0.02581788831906573
0.0055467341209983236
-0.016552824260260134
-0.019255544940698165
-0.0010365847266563303
-0.016694651347001817
-0.03692247851736624
0.03230971029316676
0.00012951791006693197
0.006358838163028598
0.0016956573877135472
-0.060186705109248166
-0.0038557357229021365
-0.028530536592275176
-0.04190684812944521
-0.00872630991416054
-0.011812029027307835
0.011925657557392161
0.06116466317433015
0.056616243875631383
0.030570652942986776
-0.010660924497168284
-0.00026186162122430963
0.005867159533251075
-0.021394939640091398
0.020117485970701964
-0.04662774316534183
-0.0075756491795249846
0.007077194521744293
0.024134900668895974
0.016764614329055624
0.017564591123897043
0.01966911000020648
0.009176230842219756
0.02177349574741192
-0.004255358457760361
-0.02316137712617489
-0.004915724701570481
0.03674858048639782
-0.00844504016807382
0.0029074907253057226
0.020145096111993343
-0.02330900392691942
0.016702225876261634
-0.018618850622106144
0.028874216291078583
-0.014379347716463839
0.029277006431646626
-0.006376241336321676
0.010438230393178146
0.004472845781754622
0.03838316777306264
0.016496139588373565
-0.0021780262376570377
-0.0006163562669983059
-0.004568669305532916
-0.020148233854038584
0.001319425918220053
-0.01380919438130889
0.0030143231551315684
0.02687115446097564
0.034469307725614816
0.039506054873206554
0.005387388721859256
-0.01132135923121033
-0.04412006857535489
0.04925257929418666
-0.01232212108923013
-0.026710523193183372
0.06896355483889523
-0.04167517788397104
0.010536740011217386
-0.007253920519768538
0.03486375738337466
-0.021561175387238878
0.015482703044122914
-0.0014792387164382344
0.0018729879506588453
-0.04253565691300625
-0.010582660955122627
0.01585356213469849
0.005938112539024256
0.045097532692139175
0.019751544734727376
0.035668443620887884
-0.010697689677316645
0.01626758244637278
0.02294727035511425
-0.023454621394775044
-0.0011622394931422076
-0.01804916878876774
-0.014255881962612396
0.0017505186619880537
0.010496974180482142
0.006731013596181573
-0.020071792818578803
-0.009687271821301623
-0.052403029348528335
-0.0363637590363135
0.015751633598307314
0.010075407098575694
-0.01883409901065955
-0.016016043830128772
-0.00027523676878854833
-0.003091772832161951
0.04310047182002772
0.04667036015847474
0.011096512464231757
-0.022293085015898148
0.007132160263429152
0.02493879614495465
-0.013605323182115079
-0.004881991863885745
-0.018600619776500012
0.026123703843788024
0.0016402945129836057
0.013505526017567375
-0.022967098384631325
0.07480753266159977
0.008880546977892922
0.028917947162282062
-0.06580731261438752
-0.01113398925404238
-0.055313906928202816
0.009697240556481544
0.017131474312039558
0.018762729833283927
0.036140825783617755
0.020241585644831736
0.006700350522928363
0.03620533753643459
-0.023899643638039175
0.0495126817014328
-0.020063774687993235
0.02998871030699613
0.038154225467775645
0.0023692633996083515
0.009168609995473188
0.03223083910149599
-0.026687477466636824
0.008803860038711272
-0.0021573257686603414
-0.04649268108117098
-0.0005318441142505797
-0.045837559470818176
-0.025564684016533133
0.048108543045120994
0.051975070705641266
-0.00875903269753058
-0.05843582634160166
0.028448062147058764
0.0232362993439889
-0.011401511169590945
0.008072331662051272
-0.0024265142581481325
-0.016307445644105363
0.0034080784933085075
-0.01107679647595269
0.01805305485303046
-0.015095460786081481
-0.04055540366910401
-0.04971496341209146
-0.013295638406705786
0.003382937601164943
0.022716017982240565
-0.009303248595576767
-0.07372046527153728
-0.06282394551633115
-0.002881431399779046
-0.006615405839025566
-0.024627445431431163
0.03383345780228915
0.037341305134556114
-0.00010872490474886022
0.035466093308419384
0.0012978826111632584
-0.015574599189115943
0.06616187099578309
0.05177252585721721
-0.03302289829749279
0.006842070105044354
0.03251503658374838
0.014275940886972437
-0.026727734067712935
-0.0031443996123736045
-0.029085700394114334
0.004330906998338094
0.005845458531204865
-0.0161533422888015
-0.012499397917665488
-0.01149767304228393
0.009339344975711376
-0.05923954531112184
0.046135707586477566
-0.011767088542929838
-0.03797033614739281
-0.0305786387939518
-0.019428095250181427
0.005951986168083587
-0.03349025609430101
0.00821881271039853
-0.019859255324067095
-0.01274301582408323
-0.02106530663931823
0.08403446501448733
-0.016242517094922533
0.010236886378191312
0.00012957076633237822
0.023359493017201322
-0.02269046831521756
0.006267253062192231
-0.016339456545174973
-0.02701328631976042
-0.015729286004060587
0.03198107306235215
-0.0053404751668317775
-0.018498037891887167
0.02590224270141325
0.013828912564206295
0.0006184310164360533
0.0010706639264773498
0.024702333605856813
0.036302608469979195
0.014475727746827413
0.03659587165039465
0.015285416193688795
-0.020554355236601183
-0.006414541472922595
-0.0186166291236799
0.020732217685412366
-0.03262642708643675
-0.027737196240777928
-0.04509439092533824
-0.007429976445923748
0.00041101271399801906
-0.024741096244061383
0.012257173412010977
0.015950352152815775
0.006696596988533636
0.026879623626432085
-0.021771734781163333
0.00908982241381437
-0.014411288870640488
0.008069625776585074
0.010126371044945182
-0.01568803326663327
-0.027875239892333495
0.034392120902192284
-0.004994511819233516
-0.04809846072484758
0.014869249739415186
0.004895493641918343
0.014725909916415
0.022919736606796182
-0.01316810998861784
-0.026162078626448572
-0.042850715582889026
0.006480743150572721
-0.050831585596473675
-0.012967939211315723
0.003400684907191665
-0.040803496493476844
-0.07309288900310444
-0.009425494194260864
-0.0027635365995773765
0.023992144324150283
0.030553556890226357
0.011823528983075244
0.023103599007381712
0.04639460355256117
0.014898169055120028
-0.018392946753022252
-0.012818084481832805
-0.008264505964993877
0.0132277011095458
-0.01799789593973856
-0.015322066318017856
-0.0049630892902999095
0.007156453809346084
0.006517944404055858
0.04596637937808211
-0.02758892544742838
0.017428727452350596
-0.015261464767645496
-0.016988491721874794
0.03627899430544013
0.022258052628882054
-0.007069921654722466
0.02307775637487118
-0.09000200954509203
-0.011857791927542556
-0.020382954216442897
0.018137365742439137
-0.018505507346273334
-0.009846603447066485
0.00748948216024016
-0.019056606332245644
-0.051796675277473156
-0.0291579016878908
-0.0186669015113394
0.03129174661843995
-0.0166867972545993
0.025657826085936315
0.05815683478840303
0.010719756771966883
0.031073084526547584
0.04689413875156375
-0.016025379961610114
0.05206770755340872
-0.01141414991523372
0.019761730798143095
0.017561360493566165
0.028548117881612073
-0.05323803171458495
0.04139408290884081
0.00033925686788532157
0.04716069296145704
0.026987677674228907
-0.03096939711403192
0.0003819147520530467
-0.007417969266826505
-0.010309991898723584
-0.032123102393907074
-0.14045530983920312
0.008867465048901412
0.06519258404826145
-0.004510750615163746
0.04611234458027228
-0.037101065795625256
-0.0036890025962015554
0.018613692371726213
-0.022683208853702105
-0.02419756428831526
-0.010309464905508327
0.015307858818304272
0.03333504666606554
-0.010903083512007855
-0.045685776953037896
0.06082488905136185
0.04190528305333786
-0.006242736520044624
0.024469272016599944
-0.017637991630574525
-0.0031647600818148964
-0.014022811814417542
-0.03877540905216399
-0.04504610671127249
0.019157752760689584
-0.0011646135910776281
-0.019677440615268094
0.020532082507844312
0.0016954887638527885
0.007443088859936897
-0.05297561824685059
0.04800778889549868
0.023668288994280147
-0.00953927933383498
0.054481461295533426
-0.0021700717346245335
0.015212712666634097
0.001110717980345331
0.013830278550827664
-0.026569769173138285
-0.052487688701354396
0.05879964739272704
-0.027990364982130762
-0.06912346251854716
-0.04931917951031712
-0.0012902636769982513
-0.011009690571172808
-0.005641052271574178
0.06236296543013393
-0.059422803156993706
-0.0055738623572707474
0.034093733841785955
0.009397123518623143
0.021046127376556437
-0.010797991886350717
-0.002278514658316163
-0.05284618740072901
0.0181026192428931
-0.00320649488940881
-0.0012422478727490823
-0.027371222894214307
0.01891271503437995
0.0305077516846353
0.04406748189217609
-0.036253410451627645
0.008342487505850987
0.03212131563320748
0.059607687720937205
0.010402428577160422
0.013846941852690928
0.056564997854154433
0.04201279565143591
0.018411519348363888
-0.00577144004643565
-0.0006874899591576953
-0.014692243516122503
0.015445420083692669
-0.012181142840809317
0.011006963096803206
0.027436403388329
0.012759197359282099
-0.004635466637714233
0.042344684922263794
0.057254718273782194
-0.025355990829222467
-0.02840080637665805
0.022737872876298384
-0.02686451639397256
-0.025669438179970604
-0.007867936056068748
-0.02960697092768269
-0.01999632185375645
0.031777102978130016
-0.016488987929144598
-0.004659730336818882
-0.036721682955692544
0.001897449889113421
0.005655922963280812
0.018496217622354642
-0.01566082854162232
0.08067417860949805
-0.04923877022281387
0.01790090813831761
0.002428594002201772
-0.021314237405033486
0.02852673934701173
0.04377362477040457
-0.03253464286401101
0.004867131038192047
-0.0292190642951439
0.013975336114596908
-0.0024881249517577967
-0.052136644499056604
0.0005204053493776758
0.012498475329056033
-0.025809285742038085
0.03168487389294185
0.016284328886882336
-0.0074467994837859285
-0.02200928867995388
-0.041996303097324515
-0.02985983136501584
0.019114701968073546
-0.020775937518229797
0.0332070584833352
-0.020160389011149502
0.031146962534217018
0.0262241510030181
-0.015570841905958014
-0.0183770460510729
-0.014230765683342155
-0.0033030802180341167
-0.014253450914661724
-0.004887960528716798
-0.04254762284299665
-0.015320634999696414
0.0328073709228824
-0.013155577677979346
0.013040940001202848
-0.01955898299028935
-0.03329883902628776
0.036713287720176804
0.005516335509955356
-0.0022495135101368116
-0.03686891180961662
0.012747287966309157
-0.03853036417842194
-0.024916162155859876
0.051775747709727364
0.02879641677353112
-0.007763421970567814
0.04302469805941717
0.021928815392081972
-0.009726773404116946
0.02338568320995859
-0.0050905132755721975
-0.03176792218322935
-0.025897465340958922
-0.006193822888235347
-0.04423000180092639
-0.023453058210729273
0.0318724500129193
-0.023619823494913324
0.007978751145278885
-0.03757057935220084
0.07704072316907737
-0.013666278922492872
-0.03969240031005978
-0.05486320698390437
0.004313890887991719
-0.04538613678637647
-0.0017517111577802181
-0.003541151279245421
-0.03175395351419222
0.018311304781879017
-0.045273087013260306
-0.0025319778351921623
0.059453745840982175
0.00035828340196333576
-0.07917885845539079
0.051613175266093735
0.008543619822282574
-0.022127254818366995
-0.044248275291006285
0.020410707303618734
-0.014409052984321524
0.022117571691007233
0.017884904267022963
-0.05154229503132383
0.00639292398479525
-0.04410573357694089
-0.06517310135119006
-0.03245841074318324
-9.80320139460629e-05
-0.027692198654096906
-0.01413713136303052
0.0007523014228030821
-0.003182089969977286
0.01087943912070879
0.023943217877820104
-0.00144858759618021
-0.02498250561477348
0.007831384769238914
0.030316790937279528
0.08319696464245574
0.03932687512894453
-0.0021736749254581025
0.01749206093483344
-0.023694426423713003
0.09512342580389842
0.02389068521679024
0.007891406278173398
-0.0568858141463377
-0.00274652014441691
0.0029638433169905734
0.009235981997315469
-9.173570810624252e-05
-0.02968864811099949
0.022632851582277593
-0.01987433468145148
0.03939893837714962
-8.956229413922422e-05
0.043726501870662564
-0.06744158829028082
0.009025034012862074
-0.021161373009971493
-0.013025013623535836
0.0026160941359602108
-0.009962520445008068
0.03613529828621733
-0.0012864998936532714
0.03784474109849413
0.010641103870150858
0.044539604968028126
-0.04921583902110835
0.007814971352063861
-0.009111400841793977
0.008966079773218304
0.019966688155356297
0.034235633115197235
-0.050081807709276616
-0.06154780556836028
-0.018699821837531112
-0.031090982242039
-0.009920673503667272
-0.007785259723828105
0.025766823783828937
0.005476213322117276
-0.0028999662349170527
-0.0006934155688618443
-0.020568060172854483
0.025313853649048954
-0.00694809503049803
0.01650673765736432
0.00538113108919942
0.02953742544405091
0.009469206570845
-0.015007003484815328
-0.00964959772970149
0.011583841984061686
-0.006669910705588612
0.010034268986469556
-0.03247326094021596
-0.0627107115728403
-0.01366371117730416
-0.006944998397664706
0.011894335024314542
-0.0187903115647796
0.005431184229851234
0.017326088373019858
0.029514996935033105
0.015986226137663907
0.014786465821340307
-0.002877372569381658
-0.0010173201075337585
0.01094849678157929
-0.0459124900883183
0.006165586076402686
-0.008831647702310628
0.008665707660043476
0.0136684608236
-0.003512755512626371
-0.02771653428690152
-0.006761886779467394
0.03778979559777604
-0.03957176531407202
0.007607897512484139
0.0067248614078606285
-0.0041979845600339455
-0.0015319502890538109
0.07847209367390645
-0.017307477252204433
0.03310802200749979
-0.020703212133722285
-0.002639014540177455
0.04894272937512298
0.0777577975299998
-0.005962584996866862
-0.023533331234948725
0.02193792468733004
0.027058948587789584
0.019675170938208406
-0.01495741376217607
-0.012738231384066791
