0.010675035497943202
-0.019580229636382274
-0.02639969916653029
0.003130455047680575
0.019450219720274345
0.0030380840008322847
-0.002460246129011092
-0.009108571220733214
-0.03230390518960352
0.003864846649524221
0.03852565969245956
0.000838674808657132
0.0010155519787556093
-0.020212341567559463
-0.005688194530648419
-0.03230413984207103
0.033182768637879105
-0.010661772456620219
-0.011198107085631605
0.027986983881520797
0.015292479280173627
0.03687310175910764
0.0208753323002613
0.01503073696384846
0.001157815844495921
-0.004845095179903788
0.025260857661837634
0.043671915625300345
0.029552620349040666
-0.0071094077078917095
0.025006812550075894
-0.015070168649352574
-0.01679668648602554
-0.006007721558851671
-0.026708732111931078
0.005931461174837178
0.01501909962393765
0.11432172585927573
0.03291153987672202
0.03286373684919077
0.0632240228561069
0.023944191034779936
0.007783037134543383
-0.044400310667015885
0.011154426535552224
0.03391851561765674
0.010374196910446061
0.008737857916920545
0.001489777717532575
0.023991571536849957
0.014381776322849453
-0.010584567038012322
0.01471612051909463
-0.02454841651290849
0.02113979001905303
0.012219966122310738
-0.007942618185263414
0.011955459204160709
-0.048596162678528024
0.04132054719655406
0.008295813417762534
0.004537831411194459
0.004048093797222655
0.004355040288447483
-0.019474153071825658
-0.01137901897141644
0.04431487584453508
-0.0013133728215345582
-0.02133120685479803
-0.0003384901562421574
-0.0164274303776446
-0.04853269951436971
-0.0035670657020094136
0.015286832292376642
-0.039624613458526664
0.014468381986479697
-0.02332907591490574
0.01088688226682767
-0.011172183136151651
-0.0029519082555207903
-0.026652642612642295
0.0027757902493485685
-0.02442585738174185
-0.005846543058694091
-0.03850404859636464
0.0260265703926843
-0.01755044888857745
0.02886509483705619
-0.06240346481347039
0.05339101948392014
-0.004521727929035078
-0.005467305697668698
-0.002605545475588071
0.01618853390219294
-0.025351269397065442
0.024109757941336223
-0.009497930105123483
0.05447606849464526
-0.00848794914424978
-0.022699250165829042
-0.05257006048855584
0.04174054163228321
-0.01622313977819302
-0.05085084574503621
-0.030647496135769565
-0.030620084113668677
-0.05228284720902786
-0.014551767313319437
-0.024756202763090016
-0.04472288152527004
-0.057117561358712245
0.05862040395624909
0.02969682255923897
-0.03166184847774491
-0.02887752335503152
0.008389323287012416
-0.025314524875301562
0.011008024164966178
0.034242352500305384
0.025660182999639645
0.02581770841704386
0.04025649640594508
0.01661068826293012
0.05533401685530935
0.030657204133893338
0.03062051194746836
-0.015537591145183523
-0.001714627002866321
-0.026038576904756996
0.030750778528447827
-0.020229302431274684
-0.0037028807003861293
0.0009520472589916638
0.010751005409525555
-0.036921691566591655
-0.004051572496991852
-0.000995989478402466
-0.0004326370810721758
-0.050919516360044825
-0.0035793303223440416
0.07761473614851178
0.024145641632921124
-0.0063350421854962416
-0.0075602594794015624
-0.026024822044584502
-0.023182694012089368
0.0033611610228202063
-0.028485927198598833
-0.033901787443728806
0.009548183353384646
0.0053515683572721
0.03055319049200393
-0.0020353769149898575
0.025001441870804022
-0.014842281926529198
-0.00278670924627791
0.0231094355912075
0.0228398085099373
-0.026588786629033967
0.024357729992448222
0.001858670881309887
-0.026934031405023522
0.04026222760281267
0.04074431886941259
-0.05968094044998907
-0.009170638545898653
-0.0026435608205203098
0.006182925079792677
0.0033148681659006455
-0.007027495376290952
-0.015324604990373065
-0.04749784505394828
-0.0030133228845945752
-0.009743060646166157
-0.038016356838036884
0.0061662329838846055
0.021680274509939774
-0.020108224560467833
0.02370263191255271
0.04316726163175646
-0.013004533400311574
-0.026579772613158432
0.008864473495060074
0.05446440198268419
0.014436746707858151
-0.029293771562244074
-0.0066450621177639065
-0.01709996991589305
0.05416427167806903
0.0008330653458202026
0.00821412121170181
0.024589055927453796
0.0012964716244586408
0.04697429206085732
-0.01566509236059865
-0.052268388422252156
0.007652949677618994
-0.029128885139182575
-0.016515596739634528
0.01585804551825275
-0.02907578507610077
0.02280916989442947
0.014974404559005321
0.012167287238982938
-0.01927106071308241
-0.005366455737411352
-0.016340700174995143
-0.039850844834311706
-0.02090858416982454
0.020619715884597815
-0.0054291854622520175
0.00538651770130611
-0.026033447658668298
0.024953100123059117
-0.011900436336513342
0.01876501298316288
-0.007967928261608002
0.019480484013170516
-0.01005557929920587
-0.008046044325661278
0.026408383851659938
0.03477492104717719
0.01040663327226324
-0.021916086760796982
0.07144592081122211
-0.11624143922968588
-0.029072700123153227
0.016362263483550486
0.010316667646662751
0.0269189794279805
0.047569838176970795
-0.04616773499052998
-0.0016277176868120448
0.011245533933179156
0.03370076038027593
0.031688623133865404
-0.02288397342770478
-0.006718082250400263
0.017011540959612936
-0.0246753162098372
-0.01218891544414401
-0.028817917954831237
0.032181360534721246
0.015139696578383236
0.02608323013416241
-0.001122952353836734
-0.0011217159603955854
0.001209564104795685
-0.013337320418536167
-0.018354608302660155
0.015305168562066046
-0.04429570729274131
0.013481412734938887
-0.0130857898751293
0.008431371331460094
-0.023304755555726895
0.0005917146203880949
-0.0812549100735374
-0.008972309653127316
0.0098744647030248
0.027809772100536402
0.023244354410618367
-0.0017454327640253424
-0.011767794652485817
0.0037725900843021943
-0.01097578484459104
0.0011558943190249414
0.01375914170423237
-0.04312248494977203
0.024264817370212154
0.039627048786397966
-0.012188759334511908
0.044849350582917155
0.02491496825763061
0.06201738972163453
0.03162302882728752
0.00707100740789533
0.03749757816370846
-0.007237315490589406
-0.0008592377709612663
-0.0012286085313471817
-0.015076005082618417
0.01244117567710172
0.06793886112559312
0.013111514297960185
0.002901003401121181
-0.0003653456481471192
-0.04038594971305408
-0.007997397570981179
0.010854190837460219
-0.008206632807398868
-0.009830499962456728
0.006706504240497151
-0.005197987975555361
-0.006908094018482226
0.02619074911639075
-0.017835237010355238
-0.08604376870697597
0.022318652858036095
0.05816317234617028
-0.026781126984922004
0.01266288374286313
0.010246588481787586
0.008020624681171016
0.0015407970751868966
-0.027913019707875793
0.003979383143964649
-0.04734132086723303
-0.014219997912941889
-0.005669043371482859
0.02040208243170211
0.0022231122321817688
0.016600287475657578
-0.08538895784492015
0.004044865129351572
0.0057353563087318635
-0.013918416053191615
-0.0021390260161868674
-0.006662314794417295
-0.006310336764169594
-0.013728612020117605
-0.004826624003957263
0.015040621922057507
-0.014548362589797572
-0.00628329081901734
-0.023175146105499686
-0.011953656861599077
0.030397919265546774
0.00602281922933937
0.055612553736225874
-0.00809082908992927
0.02547830714629296
-0.004502325418050355
-0.06915523628047611
-0.0033629056599824353
0.016357787908072272
-0.00036839478581146204
0.018569228138900485
0.009666720751568408
-0.04053288563008457
-0.055244549225688847
0.0014597615427319667
0.006515319771704813
-0.05513525107360143
-0.007468477316453369
-0.08090821501154083
-0.013397403586926055
0.019035470298465435
0.022922241364634766
-0.0040506616248267005
-0.001991302137582289
0.0015143789066027608
-0.01579511177702519
-0.024746246577186777
0.015446361487501357
-0.004279531419707073
-0.04363443941560655
-0.0003187598405253892
-0.020836102518228747
-0.015249847755006872
-0.00952348580217007
-0.010503216252520275
-0.013393084321200628
-0.01977621537940089
0.018398843909130283
-0.025635766354863608
-0.015835919348537997
-0.005005920773850636
-0.012645812843544315
-0.007813858261585782
0.0077687351060984665
0.0381932080204609
-0.07473330338882928
-0.011885805211290724
0.015848882070082695
-0.02499977153370159
0.07620177563271531
-0.00018788169981414268
0.010036537958319628
0.024746763540930795
0.01024450351358248
0.05958849611467052
0.02520788786065077
0.09509855170058222
0.026442856979649806
0.020164242489906295
0.0008904828049410174
-0.01796592429211618
0.007855480897507173
0.009686996552083887
-0.021811747478909304
0.032097901003993644
0.008863517666412116
-0.006614031766816451
0.05302780758811336
-0.023110421983003757
0.010235488056612244
0.033733693798193
0.008401132618180264
0.02104700262748988
-0.008278947202601626
-0.0007772668610144737
0.038991441730516066
0.006985829517362344
-0.026666930860625847
-0.0016558526902550347
-0.027199435028258803
-0.0008485702855369799
-0.040962450610045165
0.060063847499249395
-0.013402802558427969
-0.01872564179548962
-0.008745937990014867
-0.020942102631191565
-0.014904296929491676
0.04052567378972078
-0.018078841033607466
0.030589179530280987
-0.030377599661724243
0.00022302865508837442
0.020540799428251145
-0.002616215728352185
-0.014442851499157566
0.03818190463821891
0.0023921645736921906
-0.1202038935125073
-0.03383356834504676
0.02476828197560579
0.04500635854471108
0.06852401607726956
0.013905698956336551
0.0038396722008127355
0.019085307582593566
0.056451490719442284
0.017630285514367794
0.00225094177176474
0.06651813050885329
-0.00898506019360996
0.0294144088813355
-0.025375227685821785
0.013313825454049018
-0.04735537390691408
-0.022115587317718583
0.0377739746699381
0.010102807102354379
0.04802606278556502
0.015699659983875184
0.034224022865649156
-0.0014914591662773954
0.07727867596875265
-0.04360851382608009
-0.014589053626203103
-0.0021712111774994667
0.018246826818481957
-0.04729663785763369
-0.021077558204977535
0.03296130074106243
0.034410069387303156
0.10832381444994418
-0.028434954039543534
-0.015117196066508326
0.03255710867151661
-0.020447149058945815
-0.012220510324881143
0.01937568877888399
0.0020173912161636407
-0.04597575810201271
0.006063531247408824
0.0648139950133981
-0.011979146331590779
0.02289248510432243
0.008179195740641413
0.04067372472851518
-0.03262679412062038
0.03368210596454105
-0.025255499595528794
-0.005010425535885426
0.0010550379311712256
0.007495628658961838
0.028818920366938568
0.0027008900044678593
-0.001608635536218385
0.025403972002766242
0.021113515051284348
0.021374587361123
-0.006652773542952725
-0.028864167361429414
0.017747588298943455
-0.02095843122577556
-0.01225960580165287
-0.04580929840512669
-0.011023009971601903
0.014813374531189626
-0.013218961764083268
0.03184341665163532
0.005202653807473466
-0.004123871220550466
-0.017726567537635924
0.03483696456981045
-0.028968800874323315
-0.0029239825408164492
-0.06912363024369882
-0.03881358709527976
0.005020986613240349
0.018519923678865218
0.0013720048544088271
-0.03375023343195887
0.010521407206444743
-0.0034320999880631383
-0.0010435050189109244
-0.041443080687167184
-0.03266421519055374
-0.018654789033568188
0.0054587840643196646
-0.025897997194637774
-0.006766009691420504
0.046604963016571535
0.046444386762984714
-0.0056509905306529025
0.008730813600523368
-0.026486207398870372
0.0023619913146702967
0.0034657079126973775
-0.030773045062570906
0.01207109232484941
0.13143957271388051
0.011154599232377823
0.02961754137024652
0.06823239648962709
0.004108929889463762
-0.027427297118768238
-0.00018915901933232835
-0.04099580933451561
0.008323002466387185
0.016725419893504147
0.02387165026899948
0.016401259956015633
-0.01297017143600521
-0.016857989524197484
0.05697912392531885
0.0037194601173564934
0.016488186248797887
0.007660434718098767
0.022971259347178266
0.012588121234353641
0.015269531015732534
-0.026319368527481846
-0.011182088444529479
-0.02728871961654755
-0.031145000359782758
0.02299453021957175
0.010859845288963586
-0.02385212224733953
0.006023364181469764
-0.000646514436674259
0.0002722138349261324
0.0006584551112712622
-0.005921315307766714
-0.00527089759961486
0.04725779981269281
0.017744103436131947
-0.019158838675536905
-0.026852571237824058
0.03138938809964352
-0.01523806535242553
0.027552389462269074
0.04139184137778226
0.0068945262100400615
0.017068235303973393
-0.02612380419091568
0.05212437312966928
-0.05544704472031557
-0.01969046915015415
-0.015939820391175676
0.01986251105253887
0.017425263980776623
0.0444839324796509
0.01723533941181467
0.013084230945810939
0.012184884545174203
-0.004882721976925067
0.011679993386124753
-0.010805193327941097
-0.0700664425130408
-0.009728652786724063
-0.029751630073887265
0.021061827700112425
0.0044910358183794
0.014853842448672196
-0.011915572246368602
0.01698247084177938
-0.010336271910328144
0.023027047318612996
0.008709035909689574
-0.02157766998892126
0.030212123323409692
-0.02344636687021003
-0.051654802758004284
0.01250984032511729
0.000955285070860132
-0.0001735406917738164
-0.07291516837376584
-0.003958156117671234
0.0289590112204375
0.004828665290114683
-0.01563165628799881
0.011816453599650696
-0.010061914182780352
0.00035048734219205515
0.01020999433777087
0.0002998520894051086
0.014396395857795596
0.01805874432357579
-0.027316091631749858
0.024548993839505984
0.05735989119080132
0.003977242763741601
0.028596588965110845
0.02276303152662859
0.017946128027210434
-0.023639488140904566
0.07923810602032755
0.018186804620080956
-0.006574900466982024
0.013018046236683322
0.005428383433969477
6.658534050372316e-05
0.024247115138466106
-0.020257620505721368
-0.013452138079249932
0.009715598886308853
-0.05778698112370704
0.0386821414075074
-0.0696321179100451
0.02388525368739677
-0.0060425781513261285
-0.009091083933572861
0.024815261725497428
0.03823897054624001
-0.012050850094571353
0.030040213186073122
0.01603882390292788
0.050363088412924854
-0.009037559745417537
0.02361757600117198
-0.021889407206846633
0.020670794741669177
-0.001881905900453329
-0.01045676129881598
0.02612269011658862
0.004970399969056064
-0.008397223156834057
0.03782838709925498
0.008362502883248895
0.039295873149514944
0.0031075709810464975
0.010801712166089102
-0.006327899339286859
-0.007764231269408318
-0.035706838980341764
-0.09282397682070893
0.05006126699189944
-0.006712507725835914
0.04141543244884913
-0.034388879532017594
-0.05060936110222796
-0.02456764032475589
0.003930846911046954
0.06659442630630287
0.03311466724873826
-0.024104864659750275
-0.0007335944638320593
-0.0028593272285966555
0.04161006423027324
-0.00865620890849694
0.033799936643418474
-0.014770118217845326
-0.021441334940860955
0.058309411533722606
-0.004189014844651047
-0.03159137608569994
-0.019740929499913306
-0.03692087088050636
0.007016741508209428
-0.00509484693160081
-0.013366348704195645
-0.0022081583784113352
0.0004968965538993581
0.00541840710959816
0.027419815016729653
-0.0011213366873947589
0.007667045159119624
0.022158221034012746
0.03381245615661032
-0.022393546433018923
-0.0012894778243485452
-0.021686612002636
0.03768080062925191
-0.09645723241138009
0.013224102464239391
-0.024571975783608556
0.025447975695033914
0.05357146256946505
-0.02649289464910178
0.06223081885462814
0.05422541803991049
0.030955959426022188
0.044590331602760006
-0.0020010990058103376
-0.018436530501731784
0.05048962322825372
0.013490572339336331
-0.004482615808788192
0.007195369045438418
-0.02172601387557961
0.026634668123285583
-0.015106445747922404
-0.036705813094085306
0.018653119781707316
0.014192797592286876
0.015666663571739157
-0.04938051458540137
-0.012777911331207478
0.004586316890883829
-0.021891090352190983
-0.029267268128478945
0.03330434554885509
0.051348493784145854
0.04020653097020479
-0.012348621903267782
0.03110245640671394
-0.03099862722430456
-0.02214629704082385
-0.008850575298984148
0.018178133177775616
0.015493915552521624
0.029969953005607695
-0.0002096070647927625
0.00942485302655761
-0.005453362385297452
-0.02793802793730343
0.041850731435545775
-0.015873841922551795
0.0035304079357930066
0.006564473517640945
-0.043416864940543476
-0.014119884110743323
-0.030499708590350245
0.037638651154949875
0.006413877148744134
-0.01569681800361798
0.0038667706894363637
-0.0045053985691762355
-0.013258118003369037
-0.06231394942325491
-0.0463325144472616
0.005898243696749193
-0.08671060397216074
0.025079253215342726
-0.030099277072584422
0.0023743803349361155
-0.036022233102498774
0.012478987795744117
0.013889296070083641
-0.016119678051441776
0.0035829668093788924
0.00021970831887320848
-0.005952433357442491
-0.04208624393646959
-0.014746614458130164
0.03051224305495289
0.027959996868687935
-0.0063697622639105065
0.013799252969927425
0.01945439929063017
0.04809018728833734
-0.018343254052090422
0.019154789609637384
0.03646088891552333
-0.0333063453459424
0.003861699943919519
-0.024734908592107852
-0.0580432135005519
-0.002727097996410026
-0.00452273076879293
0.027953807044547183
0.005748307114913609
0.05286446418423503
-0.010159952873022427
-0.008568720477813947
0.030749440699394084
-0.06757327382338527
0.018640139804084382
0.01918571772754248
0.0035017069656002103
-0.021679260128594623
-0.0005985456822670214
-0.027649304012804733
0.0695585165260978
0.0064871251451875415
-0.014092993773869317
0.027675029647910986
0.03613634768203093
0.01217219477261693
0.012168736331264496
0.035022975772149
-0.0293027048408828
-0.008393577586942718
-0.0031456065479466755
-0.0051327030336369055
0.0220546532394395
-0.043376851333352034
-0.03320613446394531
-0.016491825427807374
-0.02755481118803289
-0.0003002863320418238
-0.020315842550939548
-0.03811989866838877
0.017683614641394077
-0.011574048000650304
-0.017725083881861527
0.007569906440419212
0.004028355449763683
-0.02502520008571331
0.008003584456992662
0.023521862985081406
0.00019167253748087552
-0.0006370043789473823
-0.029757210161727537
0.045574664434633726
-0.0017359366625625578
0.013865785873520619
0.028387262226066145
0.03302499012833363
-0.01925717188803958
-0.06863907063202689
0.005198043625865128
-0.009210423291782857
0.07278997161633251
-0.03303366564485216
-0.02185261916525424
-0.0567831990649053
-0.0298133909624125
-0.01604463702299262
-0.019201855651754127
0.04581628751780068
0.013215395554947244
0.0018140788371512485
0.0015393081938243573
0.01686255183588212
0.049951747524451286
-0.003207955914094794
-0.013893055475303024
-0.036058415654785105
0.028373102102329177
0.007761072869544688
0.015054781320350713
-0.018384644215224344
0.012646985036108786
0.03920550056741759
0.054220114368218046
-0.0008882300162981634
-0.012693395729490018
0.0289127544806103
0.01964382544101193
0.0026094914379889505
0.010037484152220402
-0.03716404370766901
0.006610796277333031
-0.03200068959510067
0.024293494319015386
-0.018733280780825517
0.01642243469240539
0.007554890248200689
0.024761226655695367
-0.01999499493184127
0.01086106167727886
0.026095195570309326
-0.024203128631908714
0.046813982568073856
0.03911096578255554
-0.05218404046128582
-0.010916719388117986
-0.018378359671360058
-0.043704577950376085
0.01835692086118847
-0.022390889894583463
0.009611346602763998
0.03513284149347077
0.03699407198540453
-0.01603442885634555
0.06969875518977964
-0.01648300051236762
-0.004058559559629157
-0.011606705340042855
0.00038818330918258915
0.02275713170925716
-0.04244187052739266
0.00436197937131082
-0.06710944790762098
-0.005562798314650331
-0.046014848311470166
0.04942842039189085
-0.013354328513272833
0.01066049082755298
-0.0507773632867477
-0.0071632827405056455
0.0027847236238279114
0.013562327207077006
0.030939746814049957
0.01587541566653264
-0.005178812970895004
-0.025327771117021523
-0.08302763052227831
0.00520777408469545
0.010701998245870478
0.11404001956613256
0.03981966044200843
-0.006997587302341744
0.022621938466127908
0.00654050709032379
-0.022208615228310497
-0.03349533167528495
0.07233803577706241
0.03544490293234117
-0.033981725124572176
-0.03807656217811721
-0.014965157384544538
-0.0033625505018588086
0.001828867414914491
0.003650397995128386
0.003531135637667141
-0.010950298486659425
0.004551450162983763
0.0075047336191200464
-0.011214455100374285
0.018956378964071045
0.007453300105490966
-0.006435187646536296
0.012503619001659057
0.0025508263829815913
-0.033596593247291265
-0.021104834664392523
-0.008266965184662486
-0.0064361252776311325
-0.004327839316521849
-0.030412073974477257
0.005456364059736895
0.009800336092215124
-0.010519929973765945
-0.05628489583217014
0.024997582981367134
0.011296644976056173
0.028354262120774156
-0.03593057853026156
-0.002042337224939067
-0.005476496504515967
0.021990791240062466
0.003374977241130494
0.019530451532881386
0.01858186345182257
0.017543401566841036
-0.05239172947975731
-0.03689259175544996
-0.05342914267015266
0.0028846832160131387
-0.005294593156588882
-0.01629252558411702
0.013792451997089355
0.03267098743867912
0.007648145067550284
-0.04937646764284016
0.007305961106965836
0.0015163442700677759
-0.024282121551109707
-0.029609297510926336
-0.009850890392213867
-0.012664391445708828
0.03180776667086703
0.003080804704051378
0.007596209116624658
0.031175309777155335
-0.023315765700480467
-0.005192279430383684
0.025321277424484687
-0.008559869588720058
-0.06489273684962608
-0.006719771692736698
-0.018191162863306236
0.011967659020143549
-0.0014014907663156982
-0.006631257389207645
0.026439464523039337
0.001764813292820559
-0.01343826238207546
-0.013319650349571837
-0.016791987954894505
0.003675426125400053
0.024823043389215427
-0.052648712993894495
0.027886679959413328
-0.007248864021026337
0.02082959305355488
-0.03461286320018462
-0.010178001832855426
-0.02018021884449177
0.002723656848490482
0.001186347476443612
0.006990928068376988
0.010716244885022654
0.0010598284075318681
0.01640884617527126
-0.013004069921222498
0.04418615043064274
-0.025385929564566815
-0.03957806750890904
0.026383697472320503
-0.000769519636959139
-0.001545938220894783
0.006775239204708127
-0.006521123490585143
0.06279021418671359
-0.05474976133867329
0.013289857621429662
0.015033135263955331
0.0024003660780254764
-0.04219178976857222
-0.008281037770059422
0.012583679023382149
0.022148408267681996
0.0070471722038967155
0.022449920512882117
-0.0017015272084133235
-0.005791696812300829
0.03052525892075227
-0.04261898302044228
-0.05879655691031264
-0.02087491911497
-0.014377488832671712
0.039165995060800665
0.00714210931774627
0.037392289714176415
-0.0048876923679762475
0.0035033835426804124
-0.024227012172404975
-0.007741042232674048
0.038183071928103024
0.02003855601828473
0.04714536816054163
-0.002743976941361893
0.029362070068986806
-0.039300669196111825
0.01538478831651027
0.007699316229442222
0.009380693150332626
-0.0054674176521346
0.010513985149257967
-0.04182723928574685
0.020630258467094476
-0.06305790871719186
0.014451051079128033
0.02890954344214486
0.010432439465790111
-0.009220581129598308
-0.015709164426679138
0.05152318874717976
-0.0023110710492521475
0.024115804823622647
-0.015602758405031274
-0.006305004412211147
-0.01064326726127938
-0.019589648153835692
-0.016937050866527862
0.040037297638451506
-0.02886478751940585
-0.005191318002577274
-0.006634801355698508
0.01502279496348485
0.021959574668945735
-0.03497355908299839
-0.049393330870510545
0.032794898164799254
-0.023951255967135706
0.018820974737046272
0.02051944470006684
-0.002093799338779016
-0.021556616946506027
-0.005604930828502799
0.05067672586052005
-0.04247513955175026
-0.003603474529402473
-0.015005885728879651
-0.018375328301069194
-0.0006629685932536294
-0.009791719483674898
0.02742591003736422
-0.011106475652109779
-0.010226127665618607
0.0010526555254308644
-0.04939877542141936
-0.013503968975133488
-0.005111230641156001
-0.01458594241980313
-0.01145380312011745
-0.005079483286881995
0.046931316212075545
0.011829611315753732
-0.010356288704592143
0.0033455217807632958
-0.001701027356882908
-0.04042507436761715
-0.01329540878321164
-0.012690723974372995
-0.0021410637455312534
-0.0002645316496567157
-0.060516338858315984
-0.009779604117472931
0.02900686104027684
0.043313513673309136
-0.03162627929195163
0.02733844693952868
0.007363599301263903
0.025091096234016046
-0.009482056250135476
0.01662340936732623
0.0100915586053643
0.014825006256463748
-0.06256249037728318
-0.007508052817853386
-0.02904705925142483
-0.027713610343162113
-0.023164195412627476
-0.016099613539544894
0.014467103344634216
0.005529257560531612
0.0514266227229674
-0.00544773048602613
0.006886561949562914
-0.02721641736688864
-0.0470329252303888
-0.043574412318707546
-0.0630765310006535
0.051383447761683104
0.023989953748313194
-0.012263816298007149
-0.02421680454810447
0.017355623012631067
-0.010438730949489309
-0.005419803953983171
0.025078137635044555
-0.002654337603933235
-0.0320349612129444
-0.0055425313912984536
-0.050371920834019854
-0.008985908972220128
-0.05283303553455389
-0.02843550700108503
0.008065730005902782
-0.0009383754851307128
0.03300143176746434
0.01977717057661077
-0.016396034116690064
-0.001384775514200415
0.028943695545171327
0.0007616255845703953
-0.05611776902286855
-0.00882148953030931
-0.011455802003867439
0.0076525010984226415
-0.03853017902996718
-0.029422402923356503
0.015393883773829609
-0.0378840986668828
0.030704101382893544
-0.01813561002721741
0.02654696091884448
-0.011475647912119752
-0.0024612205070334457
-0.044113889207379124
-0.01984194526781876
0.014690022124222532
0.0334922264737703
0.015352006226374268
-0.021651032791348272
-0.010603920623458525
-0.03568397456667551
0.015905589662393877
0.050948598607982946
-0.019753310408474507
0.007290134556185934
-0.005399438454083798
0.022349253409739003
0.013433024601849313
-0.02436795820613256
0.04757955408711587
-0.023582192221583656
-0.00730089986265801
-0.012588718700427756
0.04513917319446281
-0.03348177873143721
0.00934394615913032
0.0006025096723044462
0.019248652107617604
0.02027759886041917
