-0.04641879565885892
0.007567881502855104
0.05775105090449937
0.02585311812258136
-0.03994673237002756
-0.02324785952540623
-0.019676356016336303
0.009470537133710629
-0.007862040438325366
-0.05800303185953043
-0.0162191658280808
-0.018706392068993643
-0.01089503382792762
-0.053012230177326904
0.0021068950218865005
-0.04790628035833251
-0.01435197410512777
-0.0041294760165787895
-0.00019860581028308927
-0.009716688493003346
-0.027549558046199157
-0.021450351285053855
-0.024717543412338252
0.018011664041391443
-0.02477667079123935
-0.006735645628039382
-0.003452923165350868
-0.03905310797461564
0.011125032794335554
-0.02424256555575349
0.02184408351532979
-0.039286856697936426
0.014845666611026459
-0.06957323980098253
-0.019836060265250387
0.03307915736112431
0.003989572127758823
0.07449862759922736
-0.020242437318415386
0.10354706768225933
-0.042722860847855974
0.03743689196802207
-0.027706382603995716
-0.0007564446723456428
-0.01336701709827742
0.00881851415281602
0.007143313329212067
0.02355475595788067
0.04991421306610747
-0.020633326728808882
-0.0808916711255866
-0.0007524246599269359
-0.04194079713042766
-0.008005114119286337
0.012311424314010952
-0.04203692028500475
0.015439864353606869
0.01331464090133777
0.024910015455336124
-0.07950382675851354
-0.003241597506511719
0.015533174562372661
-0.024908729671290996
-0.012900894820213192
0.011956621630011321
0.019502941566813755
0.0567389001053707
0.016665744677197114
-0.014342789683245155
-0.014846080923951952
-0.003902364503229358
-0.0004658209127413587
-0.011934463213195204
0.03141645700064299
0.061556373765274286
-0.028896453475418245
-0.018924284646940025
-0.025981218355478487
0.008756385810866577
0.06567300415959966
-0.0028055412130992725
-0.0014806432426822164
0.0017018685232740303
0.007968939271265673
0.0014443880973444647
-0.04279216513272584
0.008550107116977299
0.05246123433049148
0.01531479490857234
-0.007125744643512152
0.014883648439573608
-0.014595038710856958
-0.0071735976181601215
0.028111157902132783
-0.01359491227440034
0.04369402601932279
-0.007346593433706198
0.023780212611532438
0.03585020395698088
0.030195387329776748
0.020085528870544975
0.003942292098181678
-0.011038712911489754
0.03993832254258735
-0.014644570790411518
0.0026709247800399314
0.006973194127355567
-0.025444648736387587
-0.019208199994724406
-0.014150934107356905
-0.001584184443090128
-0.0020337976700862876
-0.006464118177315925
0.0411026896837197
-0.030287560657032617
-0.0031118735437426683
-0.01806703689453345
0.012947998959944793
-0.04118274229508961
0.005577885379439569
0.033651500881527435
-0.01122714608869606
-0.01681175045229352
-0.0231049285495595
0.011006875061708438
-0.010914902866088318
0.01660789469958879
-0.043555593033317005
-0.03161308222316429
-0.0024626148948994455
0.025685491395212267
0.01727906059566917
0.023092176558394135
-0.003365543044866701
-0.002889657679739875
-0.02726553986574367
0.013383416373794603
-0.020235226592604082
-0.0105244961339476
0.010038651171772878
-0.05612042465537719
0.032967463702314334
0.002133056928898744
-0.008538421653189594
0.0317119079789058
-0.00799060180913554
-0.024376986138442937
-0.0344732676129274
-0.012776280312042773
0.021679471620768238
-0.030021980293529194
-0.08788176964086318
0.009074680332011534
-0.006820102560329889
0.004584175497175361
-0.0074797879234591086
0.0080166021260843
-0.0040960426983478945
0.03646309397362923
0.05347719019003144
-0.024566442774921985
0.027224023419948284
0.014016357777420128
0.008640298460925521
-3.1246593030724224e-05
0.02741527524539696
0.004916446510874097
0.021578445361618587
0.025497002370772674
-0.015407613069161944
0.014800270506398433
0.04245685369293145
0.00994790540588525
-0.02416726669501913
-0.004391799351559728
0.039672098795672676
-0.007175033547604726
-0.007238249855600897
0.027466485249374017
-0.005870390050475584
0.00834874505020712
-0.003950452712867357
0.028186411822940904
0.02284659363021409
0.022477017467413887
0.02467906927693003
-0.012923010908241425
-0.020893521500941536
-0.014917534860492477
0.027116964305150593
0.02272471800280404
0.03008765645737944
0.05910728608548406
0.013759705501536481
0.019909503721180603
0.06425557185542263
0.022066477413950708
-0.0068560803645541825
0.05142968657794475
-0.010845912640317226
-0.010174464999860442
0.018762641157749577
0.007782740677039858
-0.015941053868236542
-0.011362259938443552
-0.04383141430509454
0.028896194474359017
-0.011769354276659025
0.005482414827507611
0.027723319528753006
-0.01597668409824401
-0.003354586731416651
-0.004067949619339437
0.024050920742644203
-0.028468658289913722
0.033300809194577584
-0.0355325577562715
0.026549849927584808
-0.0007315758477446268
-0.03758855829339269
0.010572616482137141
0.03324422917263248
0.008847542938636533
0.05865386844528162
-0.0697660712812636
0.01616808041010265
-0.021530821325133107
-0.034417416758710975
-0.024911929427562
0.0012217351824777218
-0.0005444710089715895
-0.023085818147181303
-0.006460661346897015
-0.014640928769482843
-0.019987141629755078
0.013785880842640165
-0.018091348478007703
-0.00013640395613782034
-0.005131091141232294
0.024723976056694873
-0.06489628384919632
0.006259672311703476
0.0243016300980032
0.0006401909774370056
-0.01804611192242695
0.0016446137866092437
0.010322533775440974
-0.04848368985645422
0.03411474621590323
0.006266433482214483
-0.02191935552288283
-0.041468690021273506
0.03532964200871342
-0.04079317981118057
-0.0171578720524859
0.008406729268958302
-0.027674356707575162
0.07791309740782194
-0.008836882851956393
0.0020677802899554034
0.02259355376753555
-0.012670948384060297
-0.010623092588338538
0.050572057558953235
0.0034658614100989663
0.00034933490910374115
0.010726649861447696
0.0048564492474805505
-0.0049791166242206955
-0.011634781648994444
-0.06345951169814175
0.029555519471422525
-0.0048826503999835754
0.005997380696025457
0.014206577723315633
-0.034786939704601554
0.050566715383137846
0.052871799652202955
-0.03537689185286555
-0.008907947833393687
-0.042986829932372524
-0.01786192772433356
0.017975694584677473
0.017588733481566626
-0.006364744432329533
0.022149767860238395
-0.04259374421985952
-0.0155065775042611
0.015701508756252612
-0.0006458909903740164
0.03266363252626448
0.005900819708780788
0.01469705457021746
0.031440908516827536
0.08242558351358974
0.017413602953195162
-0.03459630466952636
-0.01981656618898448
-0.0013035281698344965
-0.02532856294990189
0.01566313077527763
-0.003844980709845092
0.014907504854910837
0.03207690758141863
-0.00664511201444242
0.00692228278095688
-0.022609072831409026
-0.020740700358475757
-0.00804282566502174
0.0011904773614353741
0.02634528938703717
-0.005327248896257482
-0.021085420230927632
-0.021292292803069192
0.007409398066553866
-0.006507830655184733
-0.005451871772383865
0.005864070113151599
0.013636006798297186
-0.05164924945321537
0.03365993855585825
0.021970122222347434
0.06633650284552102
-0.005621294856553153
-0.04708158971706545
0.003519318199015127
-0.03194578850411101
-0.004073763514193316
0.005770809171108134
-0.050630007706434985
-0.01856517489748324
0.017547265594844895
-0.019167319325837526
-0.03380000399194807
-0.01518988542620559
-0.0193878417372515
-0.017457427128221913
0.03795400952914743
0.03319973179692511
0.004284088386189136
0.0713993905434903
-0.002657008651240502
-0.008374430861060567
-0.020823652159435223
-0.015760808403872853
0.05107065375881394
-0.025804356574217365
-0.027275920248018882
-0.07265712215566061
0.030619419759775286
-0.008382847691062336
0.01978397150409321
0.005333692371170188
-0.04065908016086838
0.00801602767777903
0.002956388868465749
-0.04171538159862878
0.022314923899112216
0.004257169681876764
-0.019491774371520065
0.03952980102893168
-0.01598043935297921
0.002957913312139601
-0.0064892996425449795
-0.03417024802680566
0.04117845235340988
0.05411942198878967
-0.06036707001357155
0.010224101868989095
-0.005238679673947032
-0.01208960131550665
0.07594498838532264
0.021673425852036993
-0.030049622368010984
0.032595114342753174
-0.01182248543273471
-0.0548870003318533
0.03096495521247919
0.015681659160397574
0.027036795978058657
-0.030480988748713692
0.030420439688205837
0.0026634324051882283
-0.002982172715071858
0.012369409366070854
0.0047172031679595765
0.0538608978407784
0.014809274063873027
0.013411989572367885
-0.010111993989624181
0.020417662514987438
-0.0078096826276746354
0.02150823751215089
-0.015487712898089966
0.04617710594882729
-0.023005830210981678
0.00891789367081603
0.0250833734858221
0.013235320653152225
0.0026486396743366537
0.024070845434200537
0.0015802721953775245
-0.00917964301849211
0.027012273304197146
0.006388149776281904
0.016645259938499267
0.02230731330049474
-0.00333579159410177
0.01595170463049351
-0.029914386334693985
0.0343503618422159
0.0044886375198262595
-0.015321968058449528
-0.03087483402164716
-0.0074569358583067525
-0.03342911354668952
0.01904119070352064
-0.0059310451881536795
0.020826279965503867
0.019633348019067787
0.0003520276544020101
0.0025950971391208236
-0.007022612718374581
0.07177564443749787
4.892514235244794e-05
-0.07952081196550223
-0.016969607041875768
0.002148530878696296
-0.056706390797416566
0.0050100277571325106
0.06528939423827797
0.0008749777197202275
-0.03019588897403859
-0.01608676799220398
0.010294931975678094
-0.0113557433473491
-0.009736491566291167
-0.008471184786422519
0.046792119523132794
-0.008524705701985243
0.022464298458625475
-0.05923328020069219
-0.005513728477393157
-0.009139465437164903
-0.002260599015371123
-0.016826470203932912
-0.02302140915924378
0.006132153504335434
-0.03672570815015601
-0.025596010003910253
0.004935178530050185
0.006030080207462912
-0.07396153951515076
-0.01962998698346905
-0.019228733034491297
0.007656187526593554
-0.020838765835624173
-0.029884255323627484
-0.08206285041831166
0.02692386643479469
0.0018512925796777139
0.01714984446312303
-0.011761015426356032
0.07644206310009949
-0.0274301170168557
0.016427518347733015
0.018239730483558817
-0.020163351783277505
0.022185652486764983
0.05804383152884346
-0.010542331539204556
0.019612714565656608
-0.0020835446530315877
0.01852208408160941
0.027917354807526967
0.030701420516130583
-0.03624274938863603
0.0172135240985436
-0.01767081983407795
0.033364037299781775
0.0001253550161175881
-0.032385953607759276
0.06401747096694635
0.050080387756001175
-0.016906733771280227
-0.041484618373267085
0.03513233221482697
0.0030362609342795112
0.001989379401821398
-0.021857612403764413
-0.005283681911539906
-0.04926769155887437
0.02281218296972051
-0.01783226948415432
0.0119368206576165
0.01353398629538149
0.0350479631163719
0.012685515400561058
0.07303519166046549
-0.016032133346717423
0.01232526999849959
-0.04167499995414552
-0.007047062550700373
-0.052998907231120065
-0.0053491129416933176
0.002915503237090592
0.054369247820632176
-0.004695041545949951
-0.04536759135250519
-0.014269254888637293
-0.0007137457742171325
-0.01309795196919821
0.015271991237805746
-0.04921632092674772
-0.024148126650759338
-0.003875839904695441
0.08211445353020878
0.004794372901920186
-0.02660522594401484
-0.020865493927992546
0.02627024994432324
-0.01666514090792854
0.012383045319242447
0.026633874288767092
0.0032832454955713302
-0.03414950394166178
0.03110567696552526
0.0020458229352659455
0.023469797884972946
-0.04126482989247655
0.02051064667540564
0.0023873678359433285
-0.025720356555440086
-0.008588567437735034
-0.0010893394620991664
0.04295293633338181
0.01634515986522295
-0.02273369762268048
0.02139221030139934
0.03976589380781387
-0.05318686516180324
-0.0020887614125520964
0.00701829777738121
0.012911654009929852
0.01994809694437105
0.02280544265957364
-0.004490932277691398
0.01421083693309913
-0.01840320844412813
0.011479080919399516
0.0008777389917661029
0.036726279243279494
0.0052163711686814855
-0.005167775408709908
-0.06383767996989821
-0.0036903509978063035
0.021914675924111147
-0.03102365276144052
0.03149423698822758
0.015422396673552781
-0.0022472627444925742
-0.00633282994608885
0.008020256389608878
0.009776465274189234
0.0008733684262675798
-0.010371549065557283
-0.020367622553302222
0.005050163238048716
-0.015222840378962718
0.039946798625928585
-0.027111778713634363
0.03151213313494705
-0.01730897466112392
-0.005886968284642939
5.2835230528357564e-05
-0.01001166636955266
-0.004240101834437183
-0.029406191627324278
0.03506156737282931
0.016277173222556493
-0.05156756390888977
0.03403358253941367
-0.0235061732035468
0.015361095677541991
-0.013769842037578134
-0.00031520333508859957
0.00021981725505057135
0.00565442137546527
0.032307626463072454
0.016937689098410112
0.020592197356719015
-0.05339534767708283
-0.024603203080371977
0.00679608434936752
-0.004272225433733863
-0.011804603053430495
-0.05836794834643223
-0.00048598475724057674
-0.014284542825285495
-0.012607746142252749
0.00765886968088419
0.009855696135881024
-0.008890286730091226
-0.009559798926401889
0.019385099864208492
-0.005671644763235341
-0.003557392533620229
-0.014040346445687989
0.0033773746579638803
0.01249000864230314
0.01013611065767212
0.0044697791837607125
0.004481242470500806
0.011049174019787517
0.022724800627720285
0.05687875246300154
-0.012712084397894187
0.012248942779872258
0.013822551317947008
-0.01718973313677757
0.006914022976518187
-0.050194697767436444
-0.022893793955436264
0.03059222104081688
-0.06777631023038001
0.005893299502273805
0.02049857889173885
0.004230608638258107
0.01783403924200334
-0.0722091817917803
-0.04735662344360267
-0.0066677952872902
-0.016973018698591115
0.006466516358744292
-0.009584322891089084
-0.02000091658991668
-0.007857743611605447
-0.045586527307050664
-0.006560940879164676
-0.034000370445441144
-0.047469275482150255
-0.020532242079356104
0.06659480773558285
0.034533481183558555
0.02551102589597407
-0.03189779642614679
-0.012453306962171777
0.006566454776129457
-0.001545887367902086
-0.011060756636865768
-0.05682992716825715
0.020649296538551586
-0.014184710947587154
0.03330357521694376
-0.02310461789304286
-0.0031901747617877796
-0.0402646380737502
-0.0018400058052464336
0.02251274965703467
0.05074222412103236
0.020747089422137713
0.02161846285526496
0.011556864341473657
0.040660358839904216
0.042576334854570894
-0.007702976927296879
-0.0028001276280002554
-0.025049938536508026
0.07452942625030348
0.02680226518662253
-0.02673571318179847
0.02003268878730394
0.01649889337839592
-0.02122789013361362
-0.043894625469516974
0.008192122882619739
0.008501534100521799
0.006308521761844724
0.04424422687039826
-0.026045576392137653
0.03130837956670483
0.04141181762010948
-0.023174322915104024
0.02426923742411507
0.044186085759094655
0.030268846116920645
0.026004516815472552
-0.008512606175099826
-0.002495053681880497
0.018572805440061967
0.04476649098477026
0.03211214110541432
0.028357194244907687
0.04456753890907033
-0.043893392500732556
0.03484108089698178
0.005891974232921917
0.013229717796772077
0.01291422632486692
0.010951985943775198
0.024754235479614896
-0.002603042005003063
-0.007277028434067563
-0.0037493780607101676
0.0004994697815342422
0.0013533542159693635
0.018260650884173123
-0.017372986391379238
0.04756205696906887
-0.033581699971094406
-0.03925439934955481
-0.0035233697174267197
0.022174364671002214
-0.004442879608587839
0.015386663676723629
0.029433097624911073
-0.023315121492181103
0.02386890696950819
-0.012226902591355018
0.036358428664778696
0.0480693969070463
0.00793946972852038
-0.004295930289490499
-0.0018339893278221655
0.0011286370989928352
0.04251199657973048
0.03764674350086758
-0.058888640297833285
-0.009401641915982783
0.002819470372009406
-0.0004712294593321688
-0.0025920594484055647
-0.050557665066605584
0.0018791131861734091
-0.026252508691273234
-0.001971547523959769
0.026404402987120126
0.02333979313847081
-0.013537189276543097
-0.005481762129972713
-0.06830589299395612
0.051681098328316
-0.0030026537238544084
0.05376814682827449
0.011202308427589762
-0.0378809657507048
-0.00609141207707765
0.040782348013168844
-0.024416515720254463
0.02359568350404304
-0.01864479063822913
0.005417326668334697
0.015808962840711458
-0.023226751549807904
0.02486189385843175
0.019370067886296874
-0.03420096649829085
0.011525567642983134
-0.00942717527769521
-0.003936411079876158
0.011444034809492952
0.018901048876981297
0.008973317859487418
0.03082927244147434
0.013577675360130966
0.018787893497385025
-0.029495398562825778
-0.005047262390842695
0.0017526625555158006
0.003542153389184595
0.005267787089929057
-0.04406538285220851
-0.021422228771067784
-0.0362994055359561
0.0002944508084917819
0.0704107698168084
-0.03122590929755118
-0.02604433885886269
-0.005133608985866756
-0.013550907744558215
0.033103296272488036
-0.0339484498323317
-0.0005299264692333177
0.00215540922980568
-0.029754688798550023
0.02711558011648207
0.023331972845801505
0.01993554128332821
0.009042633865007182
0.041366579242935395
0.014144567408605204
0.015177063372075113
0.00024805407188941293
-0.005099024456999225
-0.012638512674669304
-0.007989847996962882
0.011407425730773042
-0.01752236166405272
0.014809967471170318
-0.022390797423445536
0.015195302531452234
-0.0409296148414267
-0.008367331829198138
0.024168579169619592
0.016170042128210847
0.009038473034815968
0.002130580255427793
0.06337553627037291
-0.011720177927896707
-0.009917230958085227
0.013302584695376013
0.0326868190270189
-0.04054505156286645
0.0284095498648425
0.0309119329198922
-0.008405563661196368
-0.011096270439998356
-0.07535657981910439
0.0304521904936783
-0.0020101492014167445
-0.01802301016480609
0.03321749114659119
-0.00826104838002558
0.02477969958108437
0.013644328400997665
-0.0036660715803235825
-0.021720367372984238
0.027210259213978502
-0.021457163625306655
0.009060828943349978
0.01109270246850716
-0.0018590907973187946
-0.03905233833431269
-0.00447616137819149
-0.016559999582572392
0.05391845078619744
0.016511383871469755
-0.01838267765907341
0.014882044390574825
0.007397436841005742
0.013772418110510444
-0.022654501745196513
0.025531586517059206
-0.037538603953187914
0.008298253079422356
0.025489610673547488
-0.009506804216419884
0.0063052784558896005
-0.027708922238383622
-0.001726124962788248
0.011052352451889694
-0.0366189994057607
-0.015225437699254538
-0.0020542074658837935
-0.03240144870371307
-0.03151085732030256
-0.036243183573107594
0.009282980765908309
-0.004284929157030077
-0.006145220836463251
-0.0015946931598155533
-0.034369392228404384
0.020803244189211353
0.04302988302981604
-0.010097188202875782
-0.028433824853798702
-0.01702060056422379
0.021361324766057493
-0.039909850579098856
0.027863933442094955
0.022376089244831948
0.007631118889847088
0.014198102734491326
0.04081957247952149
-0.0436066362813611
-0.0242222829849628
-0.0027993603806792822
0.04519041841585137
-0.055476932549085894
0.08911754584110818
0.006477042598265937
-0.00290143719253004
0.002947833918745594
-0.039476496128717065
0.05295720422475663
0.004160813641216747
0.009868879525389044
-0.01742139410830819
-0.0632797193636743
0.03733133067734275
0.02293741654882497
-0.036795519540778615
0.02384554558251449
-0.0016517564691055653
-0.032016783858121185
0.013967320416319191
0.04753009295817708
0.0152558934747435
-0.002145889325284453
0.03213188164034914
0.06702657904928869
-0.08097092451293614
-0.04953483992600116
-0.02696009662762971
-0.027095111265746583
-0.04050264614128708
-0.02410575281796598
0.02945406133175825
-0.007177306572940813
0.03222293669668911
-0.001090185004241407
0.006877838238618085
0.018006952565997554
-0.0348095093583292
0.06421750308062842
0.016885612121768725
-0.03569464889150091
0.01537065323673461
-0.029034992564690637
0.005453660211276063
0.013005259735754638
-0.01068082317644852
-0.013207401665358269
-0.03535828452866649
0.015232518581625146
0.010660855567743368
0.010126082687816684
-0.022894270465726212
0.006718362242271177
0.0527051819862129
-0.03037101971327879
-0.04439469859347651
0.027424397518908884
0.009783287744258119
-0.050655952029964584
-0.02818767371974809
0.04015207617018806
0.0031602913595469447
0.010485437386086809
0.012557841510885142
-0.10313422801922194
0.011344664117642747
0.028209893095604486
0.0026839647530091074
0.001568512612879314
0.023669549936544947
0.06506341939093614
-0.022390601214140472
0.015671318211530966
-0.005037027588568366
-0.08212724340014473
0.0019621987626803933
0.010047493743024072
-0.01444095102379079
0.007920092114580071
-0.019544964063883733
0.01825446771793127
-0.04778709974651006
-0.019346876658770586
0.0015889452443771488
-0.10385052714615818
-0.021773588180535
0.0038193326502052433
0.013318200382001854
-0.00473279900426124
0.009096284653478552
-0.012386807386383118
0.02592541644444341
0.011877620645261764
-0.0755012718055981
0.018029071893665087
0.07140149282225408
-0.016600131613881124
-0.009066589537610921
-0.00531832174650155
0.04038598052120312
-0.0411727804859306
0.01115888657251454
0.007829253114135756
-0.004547509334398049
-1.8663215620946603e-06
-0.008672959142027462
0.027962673895813986
-0.0006825920999362924
-0.024595378451772034
0.006601003631038311
-0.0008794951335021649
0.016044915406994754
0.0027168030590362857
-0.015143294482297285
-0.0034718926731661256
-0.05415113528526469
0.014396417115215507
-0.06178086795481503
-0.002335010899362217
-0.0071648031434236375
-0.004976296247258422
0.01716878271676518
0.04792623030192069
0.004870744459080732
-0.036951429159362295
0.01442269912835181
-0.047437413907937216
0.014994689467939476
0.02050252238976903
0.03761335532157409
-0.015978978288269583
-0.010112793956899964
-0.031270166276366584
-0.0109408840964562
-0.011422397142739269
-0.01628987384617329
0.0013521330680783944
0.0014847540818653476
0.013874540497229524
-0.025339264570709508
0.026663445818814385
-0.00635846367846679
-0.023865227657265325
-0.008031565954759626
0.008053935322535002
-0.006179824860152093
-0.019725162656575018
0.04967429378101476
0.03985350986901409
-0.05336598868265435
-0.007428896788195841
0.016468215590715186
0.007991829392899134
-0.010105205315425105
-0.025532922589134564
0.02044235508089328
-0.0021963327946817584
0.010847042131518523
0.07206607039371735
-0.06901091227584016
0.030795806515385913
-0.018582382380595182
-0.011214444685769607
0.016795640951666954
0.016302881814304428
0.03163497310723228
0.013509726835602863
-0.04583893698747754
0.018669524136569565
-0.02457400285353222
-0.026407586190290728
0.01633797097554778
-0.0469442120650428
0.022127063368898872
-0.012377871420976863
0.008540736670395899
-0.006169169683712657
0.010812832955603579
-0.024623937912207704
-0.011316049960729505
0.025679397836736135
-0.004069853841734799
0.008652993399622647
0.009356561207919601
0.0005106062875946806
0.0007838049747938883
-0.013290233377882455
0.05092329637915633
-0.06953840689495433
0.07996399247641701
-0.0438078733600219
-0.023883030155297524
0.016884679369608815
0.02859143461050884
0.0023104518996462146
-0.009635265037405158
-0.017758721783157443
0.05443001680722225
-0.03560278047111303
-0.005361169995766108
0.007164015512806407
-0.02568106111371573
-0.044203861051853734
0.08543256394270032
-0.013043549294558263
0.011162308723234775
-0.03275752661825297
0.03450048726343843
0.0015962000891225007
-0.010387340241666732
-0.005658088288356492
0.03236802972006516
0.007694167531268602
-0.009933707151811874
0.01753110619697055
0.02236380169415529
0.021637030911871535
-0.011712456848790867
-0.03313168386406851
-0.027789123488100524
0.002669735734729075
-0.007779579767435716
-0.026950843904372208
0.03340395990954655
0.03787503944522836
-0.0467624455097323
-0.01658609717827267
0.011417735191154714
-0.05529754733896253
-9.000489616415992e-06
-0.04785097247624956
-0.0024421033596569663
0.02522599902863765
0.034061526840762524
-0.012433616593358104
-0.029782618307066678
0.016942828210545387
0.011322181707650838
-0.022538437236843668
-0.035316052308050586
0.01617920064076132
-0.005514939789717085
0.05376165752671515
0.03982563593857073
-0.04819866697335271
0.004655770612311218
-0.008860170287827535
0.02762813107085475
0.010828869725292
0.01453651813111573
0.016493695171607897
-0.00971803263807088
0.023717425284415155
-0.01189851833116042
-0.0353157042688749
-0.03457864535565281
-0.031544281145334724
0.04799976700267855
0.010350567027990492
-0.05448758289669106
-0.00034125797407771766
-0.017924611467467672
-0.000109689958577458
-0.04456931990403237
-0.052529551710195334
0.031397099297096456
-0.02875866786599874
-0.011998205005993672
-0.022986771424792232
-0.020324159600454684
-0.12093776458656097
-0.01769236904360797
0.014660632915768974
0.008878798414387988
0.013563513542213539
-0.003068275731168216
0.03916919684375536
0.04361531635359497
0.008205315292591988
0.03268374124904914
0.003790229270885724
-0.029068689952639296
-0.031729407533751856
-0.0033742595145253977
-0.019567511203894977
0.025678680379472407
-0.07028479867173537
0.015217467204675239
-0.03342611329997912
-0.016581216068934666
0.00023143346353123194
-0.007337973145887925
-0.00781700599651145
-0.017394002557934996
0.0343645858984243
-0.02765620158818569
-0.02832270694541656
-0.00107326243816622
-0.019685774558093713
0.023853905786640678
-0.05588082402945178
-9.058307513886992e-05
-0.036782984621064094
0.043816673365169916
0.009558627004481644
0.01619665550397666
0.022217046082653284
-0.021272492697103323
0.004587816800532493
0.005379146670727382
0.009270440382119825
-0.007349643292696886
-0.0294278798307706
0.022312465258750025
0.03371294224727356
0.027703518355221023
-0.01116664155962148
0.009502674533199593
0.06803104192736983
-0.018373593622464598
-0.018134368184528883
0.01406149906926026
-0.007420724929799144
-0.02830272815833978
0.03152682835495538
0.0003704361873641766
0.004880408434424481
0.01889806035336168
