-0.017347614103590238
-0.0011804734861849532
0.00013285578019784256
-0.02299414935151416
-0.015227211990355422
-0.015786462033280095
0.05704211925671916
0.03562070773460712
0.0016222482054805917
-0.01221171160464813
0.04163076244174423
0.032852630166175505
-0.002295841408238125
0.016428482496590447
0.023678468101937824
-0.014233328585120183
0.0677106307514932
0.07872410319466408
0.009853507153261946
0.008960047299229017
0.0004432228492829672
-0.023686117941793757
0.010279885069162097
0.06256994654744044
-0.02475703302486448
-0.030768206746143768
0.003571940469615345
-0.0005014126604413877
0.07470276210001081
-0.005900336529152089
-0.0031676916992656426
-0.00634183161894392
0.014313434344427617
0.006692962185325504
-0.006339524700195701
0.04202033859804502
-0.03637438368510529
0.008082084232399683
0.030834754924969534
0.034971473005087794
0.01271274730900308
-0.05372636626825915
0.025604267183221088
-0.02036678229421913
-0.025881297244711096
0.0061819323508693754
-0.009459797979244991
0.02582137481725153
-0.01680609248673557
-0.02827234785584698
-0.024462470967876394
-0.021956131018581085
0.0098812792174554
-0.019987808427052528
-0.05515865144114254
-0.004416462360642381
-0.0003361898666709485
0.08534257984143748
-0.028610236383766096
0.0008981310061018465
0.04362562545250929
-0.0025899242608308144
0.025000625032049376
-0.007981970371321034
0.02917896199395024
-0.003064819799091713
-0.026679582824984328
-0.043078643229472725
-0.020712265714590804
-0.012544100286372298
-0.0417281037601287
0.01946070146232924
0.03203260737584745
-0.0002829082114574573
0.0151402366448242
-0.039041545135438595
-0.01156362234322342
0.023729847326977478
-0.05028840129430636
0.04376480834401299
0.016573848198303917
-0.014935220540243934
-0.0360159748971081
-0.007646822780728356
0.0016686548419585882
-0.023757732009661754
-0.002530186967077785
-0.0024853684206380833
0.0022957202486993717
0.014394740388397553
-0.00742918974918608
0.000791221538430735
-0.01945255048615766
0.014315630646658712
-0.04639637544396034
0.00832652239535192
-0.00827636423847192
0.0028017996823117477
0.04718391640944156
-0.02440126903239533
0.006934507159015298
0.003375024412232178
-0.06189374833124982
-0.002356790765101487
-0.027294081396389506
0.024524888852711816
-0.09312481385160866
0.028163014309832222
-0.05251378313958307
0.019115446798761003
-0.01333753549627179
-0.01034395216134728
-0.03144104290469171
-0.0034325603117917806
0.009218482279910454
-0.006809961437177683
-0.06438639062126164
0.00218131106647986
-0.00999643380124504
0.02029543576247922
0.012046968538717008
-0.03371797308895388
0.01154982535859743
0.020973126708256497
-0.0504571913231462
-0.019881545630271037
-0.01423399983441965
-0.00671450328134479
0.008585225410799998
0.04588318056124943
0.025688162051752672
-0.06946954317714667
-0.0038327435148705355
-0.019290794337846445
-0.010662629791436578
0.031267402061914036
0.05563122416381872
-0.02599146863945967
-0.009440902065850649
-0.021404943469140205
-0.002560164983188259
0.004179877436403308
0.009974449426506622
0.03155641216831518
0.02920791701628391
-0.014676352122354722
0.019299533492094
-0.012498535492335275
-0.0389559154162406
0.02970115249497025
0.011464330188635193
-0.010235507029327288
-0.03505312682333249
-0.047114968755079624
0.11260033184320235
-0.00186537803887385
0.004630444250650618
-0.0198400607029957
0.002311677964234766
0.03239721192475859
0.0046883976419722015
0.01761720468492402
0.008239665040374744
0.03572461314482177
-0.0037008577118607705
0.036000307667790755
-0.03919464853222024
-0.012824520001631241
0.025321084915949747
0.005809942125434012
0.004851519717731996
-0.0016853377662662036
0.005857184153301688
0.01913966086121718
0.02326647453024202
0.010299709293994333
0.027543260237007726
0.036411399072434986
0.030707691521686245
-0.016953279624466674
-0.004714368200520616
-0.012970422044942769
0.026241251857183574
-0.02176915189968713
-0.0005363684431359166
-0.014678420797024016
-0.07779134287792538
0.022993876970778357
0.013275334038598947
-0.00146310306075185
0.013752874937862732
0.002223179342206619
-0.03951468176855449
0.006879810971818476
-0.017833388176366757
0.010951163991308405
-0.04527538999687712
-0.022320849910793007
-0.0013502633868967026
-0.040072051517833614
-0.028367902021573896
-0.0022668105078100975
-0.021126101448594295
-0.04917951476741233
-0.021777044925627497
0.015845965876195352
-0.017502084455510755
-0.013732183299362521
0.0224303922792087
-0.05561955827672986
-0.035391711029556065
0.028085453269185816
0.007141245050088453
-0.025610129146327532
0.04292052738334225
0.019735799187899958
-0.019348572984720015
0.011669268620883851
-0.03221240835079184
-0.002364152006273165
-0.003774749568812987
-0.006371567200589946
0.032527468995366
-0.03922857631794654
-0.01137728799640675
0.011533907416892777
-0.03662588450388721
0.024165838269868872
0.004324833732656619
0.011563041155110554
0.016172101977775043
0.01896438497417382
0.05661260689901623
-0.023160149932488962
0.01736557358735274
0.06684126325022317
0.03965060772879677
0.06561841620476251
0.012696414980002619
-0.0007753254107164831
0.001190612029786864
0.022976688427104805
-0.004717758544008488
0.05831983904453577
-0.008833744912626697
0.004061053211199446
0.009851993544926208
0.015053478048150392
-0.04591848354152011
0.050894781318407266
0.047994016791906007
0.02027371895934851
0.033287057575390605
-0.032307883546584634
-0.002545377855361208
-0.035721335431957095
0.006445428398514064
-0.027497407562665416
-0.0528493792535254
-0.006942284199374745
0.01371748611360949
0.003671366046004078
-0.037600738698357124
0.02335278746194782
-0.03545841457076709
0.015911298190988566
-0.017577405134603288
-0.0031832313158144713
-0.010484101595897202
0.015250876180246153
-0.013267449993124552
-0.007131168687913279
-0.02732751000321603
0.002278668593413604
-0.06308415735260785
-0.019092999496172467
0.0075417216796931814
-0.018528351020266596
-0.0021262126356086206
-0.027941929614332447
0.023183293124379296
-0.04180857418352071
-0.004553308516483445
-0.04190404222012228
0.016647436751593997
-0.02105605464437807
0.023418904691575412
0.03948218628621692
0.035927547109960996
0.025932738633871407
-0.008288552601013334
0.013553569424251769
0.056047563968084434
-0.003262706856000229
-0.010367470958288563
0.024157552118289533
-0.008054109837913603
0.03366891147758974
0.01451213889914823
-0.029958431281581575
0.013310792535235186
0.007087058044594415
0.01887028198130903
-0.01648976617446711
-0.015702205859112413
0.01249665232288285
-0.020213400496974548
-0.020104239027980367
-0.02325486723127625
0.0029845147606740517
-0.010019918327712336
-0.030996139151992907
-0.015224386624063902
-0.024059587709488482
-0.022442064987999492
0.02222989057063474
0.011997499626703169
0.04296716927909484
-0.0019595397489600426
0.0790318426389561
0.06562529488804349
-0.029224026115201484
-0.00985347584752224
0.007017330281329651
-0.015433232295648528
0.002225278926617537
0.022017862095416514
-0.0007297365955782269
0.019777151041417137
-0.006158903167094791
-0.04451872483913116
0.022350911451403024
-0.002451523653114288
0.009430199552638071
0.02445192436928641
0.04380611050482688
0.04676298563347671
0.0007524592237115726
0.0004033005090350002
-0.06148541537078151
-0.00558893059720186
0.07111812948916375
-0.04852535695878899
0.009944789197230564
-0.013551385644861786
-0.001827826274719704
-0.010353910667140932
-0.037444440697411825
-0.011108490155126148
-0.000103891439683554
-0.053932851848602116
9.103242828757067e-06
0.01209229270950251
-0.01363014929339253
-0.08871571056908485
0.05230983370737427
-0.015532062711168422
-0.004511872064397293
-0.08465476359225575
-0.02167063025562985
0.017406592774317237
-0.02981907664335385
-0.06403873776459373
0.10152654183916646
-0.009118489025940615
0.006795052632072516
-0.0022077512638501453
-0.011321956592130799
-0.0015046954855350782
-0.012432146524145404
-0.10095092058861688
-0.022152212609987752
-0.009706736329109573
0.02171186186730004
-0.043337053684912266
0.021924292675572568
-0.023012023478422693
0.00323583255555635
0.003288884831793504
0.020812927686515555
0.0007456401852838415
0.00669459084447596
-0.030607404341672965
0.004078637070282096
0.01781895358556855
0.008953812574475877
0.0039510925607289275
-0.010726755165416386
-0.008781158718904922
0.009190691125148717
0.019789594973362336
-0.045409132499840736
0.03382429228753933
-0.011589007213137308
-0.025106119230496174
0.012604665390618174
-0.004415714135159164
-0.025327425667530837
-0.03302516166088271
-0.026718478817127085
0.06619308922020468
-0.027684902913714705
-0.001747341250309003
0.06872859645526413
0.0845816851995114
0.02803566574382237
0.0043309152342509245
-0.04531770933377076
0.019763350362938026
0.014507064045808378
-0.011062671917037642
0.017431108369139105
0.014473658526552816
-0.04444971563713539
-0.03880753728129477
-0.021925606446910644
-0.021705557994659522
-0.006214064778088547
0.014943088300788792
0.03043148631506272
-0.03479332551874316
0.011034259029180779
0.08783321325432045
-0.014247852114244307
-0.010327179624415058
0.002632089875756332
0.0462821186945465
-0.014624797021871737
0.04883767858816398
-0.00440187833135042
0.004843134458149208
0.03452013225649853
-0.02303458665220215
-0.042259544104849056
0.021143219903952282
0.005881308895174211
-0.026651610730896957
0.008945857340433079
-0.014073828721746305
-0.030220448687008444
0.04057100880024531
0.027721882537444995
0.00878404492651186
0.0014030111840454694
0.05157727875607072
0.014303432441460814
-0.001573087959857527
-0.0029136627011953093
0.002485422693157567
-0.01260538159102105
-0.000820185964219176
-0.02166145563731942
-0.03623750266871511
0.004879321396446105
-0.010050287464920166
0.004058844830590644
0.0060332778950115285
-0.0007854724051210798
0.008442266222130531
0.01714177998060176
-0.007704035266180844
0.00847028458077734
-0.023572796686808534
0.01569333849765651
0.0011697600019207265
0.0021395679298965523
-0.004216547604034286
0.04771475193816108
0.018556514697865324
0.004368144819040363
-0.008965656888257017
-0.017586986652870326
0.013625159648913344
0.07169569804688915
-0.004054662399927094
-0.005946739188653386
-0.006898316791013127
0.07880417109794083
0.001338239429586117
-0.014150609063507257
-0.005551776387672744
-0.008360334530181472
-0.030893076322476752
0.00868218940626224
0.026600463536733086
0.03418396004955484
-0.018456469533853825
-0.013684700389746967
-0.0004901928228706729
-0.007444349117073878
0.029928998025721798
0.007298376930745557
0.017611564135297783
0.021753111952409778
0.04215768199482844
0.002910704897649714
-0.03142370106639407
-0.006617577068956723
0.017745172923230076
-0.01963005727023829
-0.027421014297843996
0.01110668092971492
-0.010007683078918616
0.012241090237157736
0.06650721598569267
-0.0177939080882555
0.02374187925847033
0.04284329062392097
0.012956216299634496
0.0006569117000304961
0.02558157198447251
-0.06569499779395467
-0.0676818557332037
-0.01773047391612606
0.015315894300903089
-0.009478873752961558
-0.013536514226202645
0.018241938959292492
-0.009458796395548124
-0.06878633206112575
-0.011444247163571205
0.010584379298397504
-0.027726347040346842
0.004457058496256939
-0.05764511709014955
-0.002990026700125733
-0.040298476715806546
0.027370408080261668
-0.02977057411867472
-0.03414214127849046
-0.001750087068179441
0.0544292453551578
-0.001100463980529294
0.0023926686038739085
-0.0775782558084993
-0.007913842637810016
0.029557915457087552
-0.06482808301716524
0.028258679010548727
-0.029503875044412643
0.011440168059927933
-0.010544254562690114
-0.013860511881001326
0.013172687409302605
-0.044302635866967255
0.015350856824181367
-0.00716244055474407
0.0033482266855991948
-0.05309530532607825
0.012308185375655692
-0.003985641659489285
0.008277210639370342
-0.05097902373317902
0.02013446063466616
0.004637695462321544
0.06209026961108655
-0.02952302810734209
0.016174918609721655
0.0556359299820089
0.014665635209855662
-0.011531173761863111
0.008565663074811528
-0.05832544483320794
-0.02767447067672176
-0.0024647988891209195
0.00901470538898132
0.012307760930604759
-0.024304476477447556
0.011807321980506429
-0.013496964499411134
0.024211229118362244
0.0035595426450185192
0.007016436809327664
-0.032362343998606144
-0.019775952363934788
-0.00454263598915166
0.032134474959392534
-0.08223884716249341
0.052565183444988374
-0.021570877745194478
-0.028778478601640005
0.0406476216805864
-0.006376981686203752
0.008753586079058214
-0.006887081943999475
0.00786467724977698
-0.04650284886206716
0.0520574133178472
-0.017291106412433203
0.025834794597686873
-0.056234628794204024
-0.008576291258234238
-0.007427768997008859
-0.026900155685980823
0.005057328164846286
0.008082757205622433
0.00018859539588435772
0.003506223802486152
0.041296680479119705
0.025867679467933766
-0.026483583095302805
-0.001602454875743721
-0.024238581892625642
-0.003062022471645429
0.04957687352244824
-0.02592336796514845
-0.017945573902642748
-0.018962576049738743
-0.030220653508689497
0.02609493066517157
-0.021607199344213502
-0.06782737153060847
0.026867051123981352
-0.033385614483168076
-0.01125915094983358
-0.059734060753516775
0.0016041599307587476
0.01737952238010426
-0.06401151896764132
-0.02049051152446185
-0.046355656090138524
-0.006492695319863562
0.01332166644625936
-0.0020868619682223853
-0.0058798384274949414
0.034847254705235635
-0.026759848743298724
0.010966346261226381
-0.008957014412655409
0.006295745768066006
0.016568636097649293
0.011037259509984116
-0.0022663810195268728
-0.023935783817408723
-0.020617332156827445
0.015950493727406638
0.02147023393601096
-0.012226274591290831
-0.019156576175184112
0.04123515587273513
0.028272693250632797
0.01878165998955528
0.012883075087640977
0.005994532658428654
0.02018620695326936
0.008598920771639906
0.04673796834343079
-0.007732176010475907
0.014766684530306343
0.01440582516151745
-0.0038675887324164443
-0.0019567570534709286
-0.012905727411885712
0.013695865125200575
0.019838323821939667
0.006352574112064157
-0.003221790549883971
-0.014908775892820485
-0.011526616763708503
-0.011992933560269923
-0.023663728116891845
-0.009174055822277972
0.008993360926130404
0.007093316149970906
0.01849611312181599
-0.027846454773004896
0.009094598618610696
-0.011073513586447927
0.014347072727014486
0.003240232159181747
-0.01096932168582164
0.05560321188025977
-0.0035690363755538812
0.0033186591787938216
-0.0005258888459680508
0.0026365982657379074
-0.02470723781824911
-0.03828636832022053
0.001142729463807225
0.08492074573293698
0.0010224241022254931
0.018111351473474837
0.03356438978757345
-0.006334510203481311
-0.025807752057214393
-0.04036320925951705
-0.022415301929926103
0.043752064191277654
-0.01014121595849233
-0.029132448754985604
-0.04235310683313981
-0.025104775195034092
-0.016257103321114942
-0.009389739532137936
0.020551766884238258
-0.009760988326618486
0.059321539420200436
0.02270938637419855
-0.0018299487188114497
-0.003276116474496924
-0.018347045142143276
0.027659970750616453
0.026629915109155192
-0.005910817400557719
0.014069169526740973
-0.0015425687742524543
-0.0015440488720189762
-0.042295267950008965
0.027978814460972858
0.04595217338687136
0.008104790654393726
-0.017127781116750746
-0.029203425154028545
-0.02002770044885315
-0.01896850554302615
0.0009702159927753282
-0.047661997119853236
0.021596319858137075
-0.017046600245631777
0.046839475968312415
-0.03315292714962777
-0.014900872214862509
0.024196457120080152
-0.015547637212247917
-0.006220184137283755
0.001683673850885133
0.014431544585501459
-0.011376870118708322
-0.015853811197054583
0.020944721403540093
0.012393893022267878
-0.050884851309059606
-0.02649216632655714
-0.06589342180839809
-0.04331693660744173
-0.020975559486242554
0.006491516100945629
0.07729810462029954
0.04446367687067591
0.0223129155545143
-0.0032583699715886968
0.010383293514553353
0.06749416993090875
0.02495631439273588
-0.006196477360113856
-0.030178026435563807
0.01211585308342136
0.030867457030674575
-0.019475203692783005
0.00024129509720011714
0.06033044666393364
0.019805757859083957
0.01601773249611751
0.025731078943365075
0.004186651655887386
0.011310361892187511
0.03681681763375789
0.012192887239311995
0.01885257857322415
0.013668359271502362
0.007361082746823598
0.009300219404925167
0.00933886884755797
-0.016596616937909404
-0.017039353625167338
-0.0322362181506485
0.012191652642228667
0.011641304332693525
-0.017662612591850438
0.005940083823965841
0.0006171421199096948
-0.020059147899142933
-0.053861447275740715
-0.019304553529362646
0.005889817036472035
0.008608384621310127
0.03354455764612857
-0.06515347340326402
0.003858408540987383
0.007454810983923573
0.04759373406536104
-0.014370119973535673
-0.045725536038616524
0.013256903626062692
-0.024996272909925763
-0.00013297595294040477
-0.00019133022365997802
0.008143232241617185
-0.031781308174788934
-0.035185972202092464
-0.00700246130907676
-0.013658332760903995
0.011717436160442069
0.06063732635145987
0.015727541630989036
0.029301411714391472
0.03681877081085281
-0.0005817688963510079
-0.012377197500563422
0.022740314370904693
-0.022430649586657428
0.043922243156791184
-0.009314104194979952
0.018648440086653482
0.017278433041340063
-0.023797239083098026
-0.017422993450464358
-0.013991102092976848
0.060824173179964004
-0.011709309450484397
-0.06446980978944307
0.007341136991794027
-0.0058516771050403475
-0.027918447154641
0.006703037458425783
-0.014558292718411144
-0.018394188311255395
0.01647106075810324
-0.002532129885500509
0.005760125098097127
-0.014324513932019549
0.024295028750839512
0.026269515324497904
-0.01571698452731454
-0.011378233317582134
0.014125366945852218
-0.0026474265028472986
-0.00786909476858694
-0.02141911009155304
-0.04432253851793718
-0.01602259577862032
-0.012612436408412475
0.01153527566543183
-0.005066616266670838
-0.080711092025556
-0.011212015317578376
-0.003592040178738122
0.025441511822443218
-0.011078427445861246
-0.04752214744433484
-0.022935288563281364
0.024033387994795617
0.011450512698089685
-0.012452397437577003
0.09609470912528946
-0.002541643355670016
0.008009460577243272
0.0024889733302564995
0.012401725321091656
0.05067487066447508
0.018095845625384566
0.03900496070848223
0.04374862561389591
-0.013997624518545165
-0.05261074997470297
0.03837948573710739
-0.025862641715957868
0.05842519612736698
0.020375797658093046
-0.031342557893242744
0.025097466908217923
0.005027875595904389
0.006241281328938548
0.00032327740910094834
-0.022365172981737687
0.013905426604138555
0.006855436717429424
-0.011086025838200333
0.014834306127688438
-0.021584017128743777
0.023750937020958148
-0.004407757201083222
0.001984684983882804
-0.015584441285215848
0.015999494722376054
-0.004834830134307412
-0.00996935152472045
0.006324497935554565
0.021151468872003032
-0.020684535640959647
-0.015729374369171902
0.010521488515936166
-0.011593993003255705
-0.0007456618935151733
-0.011318611419795687
0.012158291591157852
-0.09513130377174818
-0.01950097163947642
0.01037663420715591
-0.002761775661871487
-0.006677812129889324
0.04185541591723121
0.016547367706160238
-0.004172353656822096
-0.016155308083842596
-0.021822905902718435
0.013933144318305985
-0.0019473073455878401
-0.01658046474649132
0.013870794054143914
-0.006920026291566143
0.0052776526697621935
0.01574083971559039
0.004902456107029731
0.01569677756038955
-0.026708074716918554
0.01579320244801625
-0.0006343454306835126
0.003068084228550627
0.018558298929454545
-0.003629013194347321
-0.0518851912818244
0.09577926329925382
0.036263948719580594
-0.0050774600855810655
-0.002664898380481119
0.015634654263964258
0.027980276306965
-0.01072515921199993
-0.006356226863371327
0.0458472169961282
-0.001365069906143943
-0.01698616063435197
-0.007649817682346824
-0.012863429871762148
0.03524258845920057
-0.04825272209752161
-0.012465115554401069
0.02583391253831623
0.012135300782525824
-0.016980086665575468
0.027846865868534954
0.017497262646130607
-0.02826018549477254
-0.05105988889803171
0.001723056417873103
-0.0018143686748218093
0.03319331964037571
-0.01803915663724289
-0.0326871327411972
0.010972939681423644
0.003904989408381534
0.0037994689532855094
-0.02035381132517399
-0.015206856415498307
-0.0471098214502367
-0.014854441186426417
8.777403251631431e-05
-0.012071502704343385
-0.017071652302831388
-0.005688897896006629
-0.02081552938424355
0.02771487623664799
-0.017246656701027527
-0.005106025339964625
-0.009769031653697158
0.004736332334651375
-0.01608302122033541
-0.0019794311787153275
0.012934581483977147
0.016119133465402124
0.09888627747527591
0.012046607499158023
0.016959964824286907
-0.00740130458643378
-0.06874293871841962
0.051224623015554346
-0.028773384929064016
0.07851122957043558
0.01686799812785267
0.017448739717300567
0.0005057934372234347
0.025595029807416205
0.01745155058151503
-0.04981104708314573
-0.042769226042722666
-0.06446305489291089
-0.02610132348973148
0.005709209338924953
-0.018011388446874315
0.0218647768280975
-0.04598513947913359
-0.018097533606799724
0.004682098028439632
0.04283758040046328
0.030795116618177226
0.026313414084657316
0.05716745628732571
-0.076739666774239
0.0035307846373454715
0.007975527879492973
0.03938970200141952
-0.035457727201383175
-0.009615870663889425
0.0002947487215649184
0.028203881561163234
0.02098767266395139
0.05713175706037011
0.014221350306219082
-0.003670913927899672
-0.012520713266668253
0.023357687897438403
0.0026680037648475876
-0.04211102828136397
0.02536317381001386
0.015557477856368742
-0.016621805453300515
0.04973357529650454
-0.002839894442617535
0.05031555341771142
-0.02999755654456
-0.024260739895395705
-0.01594840368763588
0.008174669780134952
-0.0428805798457227
0.008238399397068313
0.021368849377572306
-0.019961752339234022
-0.04642333169543036
0.005325520285157661
-0.015588601684061886
-0.013792732971337858
0.00039338473674062384
0.007594150078801951
0.024689447278090176
0.0124346262074796
-0.03104253255261257
-0.012888879958707326
-0.05696099640018159
0.0016545361199703282
0.006590523620249074
0.021974287795211433
-0.026488647423176855
-0.04148300634652289
0.02434469292924833
-0.007195674362466185
0.007002637185350578
0.014179328832830528
-0.05175820934839397
-0.006162852065257243
-0.009897117564241916
-0.0019606013512784904
-0.09047712377408512
0.009231251816233885
-0.012733935884166995
-0.014926688959013655
0.011910410361113703
0.02277560059998644
0.01603467507660722
-0.0036264912783196554
0.0041137521291374785
0.012457600148284877
0.026131914050648145
-0.04678818815561808
-0.007659314367620337
-0.04815103987745617
0.08585503037688619
-0.009165191785337968
-0.004490740262140723
-0.006992402882689888
-0.02134294009854245
-0.012115988528958501
0.015222923863267106
0.011494606376395865
-0.014710565726472079
-0.015847049122317526
0.010929164786554877
0.0020127802837220945
0.00979914802995196
-0.018129524767942627
0.01817411046498325
-0.022829867129793922
0.028167899762502523
-0.03855243074883766
0.023063057790752635
0.026030157884825364
-0.025075663279696864
0.019590396127908312
0.022547225040999697
0.018673083588519403
0.0010457786412260788
-0.0015122513484380298
-0.007456336519752264
0.011432391772095377
0.00034378005452572044
0.041738140799466604
-0.008927768696073703
0.04084275530285736
8.005128619097972e-05
0.017985809568253734
0.02691474505231305
0.020766265195495622
0.05004065099369008
-0.023985498475471424
0.011583003679171248
0.021628226970601953
0.03588012455593221
0.002817677651129392
0.027903184212396404
-0.0038557775375928113
0.04160611108863801
-0.014636532310244546
0.004494683121880871
0.02744459195944523
-0.001023109272251868
0.0003472310697464993
-0.06004684539140764
0.07718982079608375
0.018372912455082276
-0.006708475708403774
0.010651104644246548
-0.08443024823807405
0.017634656595378696
0.0175993317070551
0.022443866202635134
0.011051255624822877
-0.03959271341731872
-0.043804100821949125
-0.003431439716845132
-0.028141829539827485
0.011852993006434224
0.04931802301532453
-0.0441647851728507
-0.00819735101357992
0.0051923936828199195
-0.03439598221069041
-0.01156691557952552
0.003871620201962172
-0.019453441802639526
-0.017990405090369085
-0.007173968985403954
-0.002322811877357877
0.048256603816014446
0.0030842008662211877
0.013568800666006926
0.009092580944485309
-0.004736246304864266
0.06296279203657737
-0.0054077925403077
0.0019871921376809964
0.0062954403674927075
0.050092589296148
-0.009923632110253586
0.034623887109579574
-0.04000581185452884
-0.012653207952665346
-0.007677306076377356
-0.0262505947972216
-0.015941277690217005
0.007265442432009216
0.019998534002001696
-0.01208334464840008
-0.06209244452009141
0.01476984755989107
0.0847185454319033
-0.009815926430730076
0.03995116642560013
-0.03322479217570483
0.0011939773185474611
-0.027317771051383003
-0.011184526879633038
-0.0054513995205442995
0.018366892726814455
-0.008939453619630439
-0.018392621001271914
0.019570228445095907
0.004132489552269501
-0.007358496462599229
-0.00480102426387001
0.0026026216672524545
-0.0036421597077836987
0.026850570374142377
0.05720697702458629
-0.005534994407067232
0.005537610912484159
0.023959431976080747
0.0071300899603645084
0.024878984792904246
0.0035654308526043175
-0.024219267864300637
-0.04333669042065451
0.029175747276390485
0.025079243052937763
-0.031253475699162855
-0.017620435870636438
0.013568115254094433
0.002261934802329329
-0.022412603822702687
0.02081969920395578
-0.01829479985654046
0.008230588453165884
-0.021512753372967822
-0.021279355710753334
0.040566841841142676
-0.024277354836725457
-0.015840607785944018
-0.01517444983144125
-0.012069250951341827
-0.0471091869510423
0.020018697695949623
0.016796786087792698
-0.0015704115196969986
0.05116153825364416
0.027881416961837015
