-0.01657953871957941
-0.013438536043631825
-0.012272559027233119
-0.030860425555109476
0.009547849886950404
0.005172480507806266
-0.02610546078487161
-0.049980154045227536
0.009453059444884527
-0.02914027094942325
-0.0024431244155106984
0.015938503918220482
-0.004527652436767617
0.0314498006605743
0.02339985967615612
-0.021493357495957963
-0.02385272804251971
0.0014920993327093236
-0.012489079431161296
0.05483628135469898
-0.01903882592132409
0.00878221709955004
-0.001966909383716779
0.008408122773230763
-0.015199624353681636
-0.012117048809825288
0.008304717282321503
0.025189985068321874
0.0016058567212902885
-0.016659074483304843
-0.03698777604672256
-0.02618277166658115
-0.0010123757737091235
-0.006229966636077813
0.007386838806187363
0.014332128649961697
0.002801801696513843
-0.00807630830114236
-0.001579974016588882
-0.04358228185533734
0.00803359144896979
-0.003688301504224235
0.023522336453372653
-0.009381475211919432
-0.012111342638964942
0.01944576279310801
0.037289372114212085
-0.030634434595403527
0.018474554092108533
0.00972538093917055
0.05482401406821654
0.011060748559110082
-0.027297867304134832
-0.008109468229839538
0.01820837098269251
0.02063089142255052
0.010344052093607649
0.0272852010929897
0.027270036702117514
-0.006530469985073242
0.008801611698513113
-0.010248843372281836
0.011231085679639836
-0.002018414112656401
0.04074826649974388
-0.008300751595276297
-0.006080389776812832
-0.035649206081179545
-0.027209150005679975
0.006896399036151579
-0.008960254527447196
-0.0061531512885843395
-0.015642561263603368
0.006263540781432956
0.02638247535125011
0.023918297839049477
-0.02549905621030607
-0.02374628821166491
-0.017354666416815552
0.026413045531070583
0.003213284557151261
-0.011524888984329655
0.014618824619188155
-0.00450540768724745
-0.029672484340253415
0.005229739856430388
0.034399817371785005
-0.0486117409349813
-0.004837881252123306
0.002793491009794978
-0.03410154450375049
-0.03959107242816923
0.021574055839397345
-0.009333602381408967
-0.023168453265919334
0.041932731210426434
0.016626549595028718
0.0679472941233977
-0.011757826594036258
0.020125339324379283
-0.00962478777117101
0.037987281855749115
-0.01313240980436672
-0.034518871907610923
0.053663634603269325
0.009685283098975846
0.001459944997774288
0.022190404862300613
-0.0317292970748501
0.011711493708777396
-0.030481738564366163
0.036141975457727446
-0.06156269949024802
-0.07054400801010835
-0.010315576173132897
0.028487327328812248
-0.024734140633394002
0.044339387721464854
0.009618174219943149
-0.009475468285912274
0.03371302244515563
0.022426553143211885
-0.026414017766449558
-0.04722679336696132
-0.01597070448004696
0.028057987401626173
-0.007465777607282029
0.01058676765831077
-0.010285897814454254
-0.016418527012690212
0.048734715600252304
0.015053710984036487
0.029044248025665995
-0.009371372778396544
-0.052751019356019536
0.008971222749344913
-0.018349072963488373
0.011240923614622079
-0.045922586015639255
-0.001671296109024578
0.005633814882692405
-0.032174435228147676
-1.476938642793338e-05
-0.013661713676874057
0.008992688273112243
0.026257932959282665
-0.015733181443850653
0.029786221322476106
-0.011388995252087399
-0.020147157751780578
0.008053654316261349
0.02562750277956307
-0.024564207090799282
0.013956812157948912
0.0272445592472002
0.027566316960660073
-0.03314093327535753
-0.01598398065355777
-0.006740893599795263
-0.023382405804479776
-0.023901511945518688
0.004823590999465341
-0.04575493170376634
0.0030397571007040767
-0.00751179062155027
0.024452506089526937
0.0007888086909350519
-0.024598086066549698
0.008158078854134774
-0.009757938030398625
-0.04125866767253012
0.024992523492115185
0.02428681894095968
-0.008740292264643896
-0.034419833033923444
-0.03668893606851611
0.011662678976220224
0.04026811957297016
-0.039209065389589244
-0.03291224743246052
0.030525836645446978
0.05993088979241472
-0.03856093745283635
-0.019257086538221765
0.031002328072063223
-0.05008123472074012
0.01403958722189268
-0.008999076159018437
0.006754805787469878
0.007773941261853421
0.012379654758129698
0.024027089540264366
0.010978322766601751
0.02398288509182428
0.010537054139683772
-0.045008778214237925
-0.04473026214502939
0.009815655636866757
-0.06993922110942155
0.017675170275915742
-0.02265217373199034
0.019510195110404277
0.053859010447240015
-0.004839754843492368
-0.039283525701963806
-0.03419197268838998
0.008765778368999336
-0.029190432288107755
-0.0473048277705762
0.007760414499411196
-0.044930119359788113
0.032148721436249514
-0.04338294793945592
0.028536010608107534
-0.0008384707130888086
0.08497715879721347
0.03643817346629992
-0.015058140251678549
-0.040294011843809145
0.001210429827452822
0.0020571549955048073
0.009060444127293303
0.03401964150566044
-0.009548807012978057
-0.07042081697130399
-0.028407995794427855
0.009998535841741497
-0.053179942725114525
-0.017746046957899612
-0.02011827054901165
-0.01565994939387783
-0.024922887543153596
-0.0095381846484582
-0.008955026780128432
-0.02488358476478025
-0.03191009737159455
-0.014705177796826872
-0.00860045527817541
0.014259954128698224
0.013098478044091129
0.028074126844937392
0.003642781332534336
-0.010896151759257936
-0.022733167453926142
-0.023965660936959846
-0.08788987951020813
-0.021507004410272458
0.005187511325292484
0.00550080242325687
-0.01288334431543953
0.04392494566971024
0.0001328621462387784
0.001583299016017602
-0.000676955901970612
-0.000747267777288243
0.022842495129697254
0.053331471152563516
0.013433429570103675
-0.022797998049649677
-0.011539474969898912
-0.053737141399765646
0.012081135986471087
0.010830322547487777
-0.013971563755097624
-0.022816090794821962
0.007219387111587826
-0.019927452632507257
0.011257766533040158
0.009152298080736494
-0.022943517357005675
0.009242786187971582
-0.007748136040295181
0.04170733410514414
0.025399565141640695
-0.032981958797279456
-0.011331569378430634
0.018187952967102346
-0.04115685754455333
0.04350009318784662
-0.02910017829310287
-0.039092758192142044
-0.015472827635498078
-0.002378696610318485
0.030451668427795786
-0.058795504195523124
0.02874091571975627
-0.01942550463396708
-0.00199887984489975
0.03270930097864393
0.0088008082187172
0.027244683306966205
-0.00574167640118703
0.035895710159826205
-0.013571196972254049
-0.06077497599738398
-0.027553068793338815
-0.018854821556376033
-0.004454298684377652
-0.026619192279866675
0.01718263322184561
0.029963641130303014
-0.011656044758988992
0.01650789655577563
-0.011963622354966544
0.012651855170250106
0.03600087369810842
-0.017572866962042397
-0.002114060629983205
0.036611086512046656
-0.011683571832447745
0.006186029909103754
-0.020228002676923665
-0.0059276615428039605
0.0026643468766862684
-0.012306765873752902
-0.0002490847093488758
-0.05297992461778051
0.003178313536995718
-0.021994087075536774
-0.0011452453876249619
0.028813391437270047
-0.024647668872603355
-0.03585587001767994
0.021197740096416912
-0.03498419531181764
0.0653748524541709
0.00515559579375123
0.06030042093239973
-0.039329065763181986
-0.039388767256338705
-0.005595397810657042
-0.007595779735760839
0.0180543455635092
0.08080204305064866
-0.0018532441678322299
-0.011414697792756374
-0.01941760557073836
0.010714793629399618
-0.04616007595485703
-0.03465887302078688
-0.035935089117144776
-0.020469428479112834
0.017426148656920125
-0.0077068601293333455
-0.040536686022294946
-0.060766281904641235
-0.0030270269653565112
0.021565286405999817
-0.0702877889300638
-0.04773738488221363
-0.020135825833073672
-0.010861569372047677
-0.011814486622054789
-0.04003656855662658
-0.03260717044669634
0.005616927620548618
0.007932781699866286
0.07480773749146466
0.0028231978543029955
0.008575275682840475
0.002667159245136638
0.01544663406630629
-0.035061955084214017
-0.00399077086758556
0.007872219191685455
-0.005399129089995696
-0.009177164565910938
-0.02742961574486537
0.04576038094705983
0.013799551995812205
0.002117111300347227
-0.003441887044048733
0.005583884322884692
0.028183980532937494
0.0452005521953262
-0.0072710313078053635
0.022447056943537533
-0.044194944522533405
0.0016472627323038125
-0.048002848910662324
0.04050969677157154
0.07590052351100515
0.0030281612523362575
-0.038744748084391975
-0.0671675528072636
-0.013018234147145482
-0.02130436137127273
-0.04204250942312454
-0.02693656592775482
-0.0006088202779781566
0.017050998900834675
-0.029714906612781828
-0.002860793421490313
-0.048532049528877255
-0.047111273601976644
-0.025972396908143985
-0.019364417352034397
0.0058249498951904975
-0.007266753613043915
-0.060122657575116895
0.012260331843380316
0.007890672900593929
0.022173458926590252
-0.04270108095059499
0.020313046571006188
-0.01669420055527668
0.031427102468010566
0.008631606061322617
0.004652801193268294
0.034464447212169375
0.05795757876443319
-0.007518027565461334
0.05260886504931664
-0.016224908371594255
0.033921358790248615
-0.02392499280140509
0.020240213832511685
0.027776749611709964
0.023616032062665163
0.008133569790129358
0.01497462194609557
0.012429409649541704
-0.0050443879969822815
0.05864341969907478
0.008628768146767935
0.020333733060796617
0.0531403947070791
0.012268857581619648
0.009952021311089139
0.003389735612799482
0.004785408411836031
-0.018210896669142117
-0.023578277367591244
-0.005181673785664023
0.0060393292950063045
0.002271548378723896
0.012365142510943818
0.0039679312331591535
0.016256563038691284
0.041488798084120065
0.011663355396423368
-0.03640363725657826
-0.0009389338442165086
-0.022582926779888792
-0.007045931866046483
0.022352774577030762
-0.07941194516950219
-0.02666618905276558
-0.011357393594546605
-0.0010119054727050214
0.009192757751597468
-0.02245086928341282
-0.004174615232219371
-0.05826102855261224
-8.091904855520732e-05
0.06491986771300587
-0.003394337505678564
-0.005516247224674337
-0.06015503030790529
0.030614844163564345
0.05795064144332692
0.019280838690187534
0.03117358089773009
-0.044984295864351105
-0.034158338098174756
0.015195829583286883
0.06951126765498888
-0.029538355273515088
0.00964419596775809
0.0039061291871424412
0.012015888326174408
-0.05862637524841324
0.06928226428648011
-0.023189582514644428
-0.05106997849395842
-0.0074864500331405775
-0.019000183144699083
-0.008423094428043237
-0.0010450790786736377
-0.08023538221634946
0.021807610620395598
-0.0162522730509014
-0.05694834194030822
-0.06288438845600872
-0.00711350280951991
-0.05351410708348361
-0.0069322505254754505
0.02309936242864396
0.06171265874667092
-0.03361795080077912
-0.0016849661684267985
-0.02096077988559453
0.014731157364141139
0.037618168251174734
-0.006618540629250653
-0.018315631725188006
-0.01142836456420382
-0.011158565441883664
0.010818609629152041
-0.007758751565740872
-0.029594270232922965
0.02454094081027688
0.07549099711392113
-0.053506244049063546
-0.01901248180043301
0.021531907747324063
-0.05137963437376325
-0.02255223842544957
0.030382010111239678
0.021022589455508823
0.02448505782994627
0.011143444524111432
-0.009838967474928153
-0.026334200412271948
0.02514049884211031
0.008696198646827535
0.008940421851111578
0.011807309999435082
0.023173494256752834
0.026734580229909974
0.03598101127641272
-0.015961451505141305
0.004016909659507346
-0.004443920945494108
-0.0061135914139851776
0.055837399322740226
-0.01913385976133106
-0.029162155724341346
-0.019592934794613236
0.04306423224041505
0.022143989347456372
0.015263613750142013
-0.049278400607443484
-0.06230238743693162
-0.010659362310911797
-0.025468364395684163
-0.002433617526319655
0.03263071840196514
-0.006357690923461333
0.02118013038360412
-0.017401429385800873
0.006256586160094081
-0.0031571101602801623
-0.0035625553042366548
-0.008161102261713684
-0.03681458896877395
0.07461319747017804
0.07392814358205313
0.011189735335140729
-0.036221752299343865
-0.0018628860141730401
-0.022347105905895455
0.0047498331187555125
-0.006770572334286537
0.0035592754671302075
0.00807284755317573
0.0009205595590932995
0.0035916210090722787
0.025802115105779053
-0.0008700047727427977
0.06444013281898722
0.00013743483867683441
-0.007456050562673368
0.007102804228665668
-0.023018041544470867
0.031390519937321934
0.0037816629443405197
-0.016393055367383325
0.012110450111295985
-0.01434301005946282
0.03815886194941292
-0.023128806542830792
0.03785434743053624
-0.030374921913135216
-0.006455357164423753
0.032072040142185156
-0.03283812182337594
-0.0225929849365597
-0.02107969384648389
-0.01654239873553545
-0.0020670797141824687
0.02184777830980485
-0.02290976443854078
0.06653416330351138
-0.0037894513058578817
0.022871505006467598
0.020870472748816586
0.006443281601686284
0.10460051554427278
0.036660647855447245
0.021685538957173497
-0.03150288700045362
0.047117511678267665
0.0007117192267793103
0.01418570010455857
-0.012931693719673136
0.03094186872426905
0.01853125136649139
0.014218074020033536
-0.02801398755815316
0.005299018084111287
-0.048477260386070926
-0.020305136866663322
0.05092544700864924
-0.009651139251412784
0.006695593627980373
0.03922132873438383
-0.014194600159138305
-0.024550162584908993
-0.024818250359771147
-8.613073191057235e-05
-0.023893815152585613
0.0061453580394516885
0.0014871526495727747
-0.00755373159087919
-0.044172111401758994
0.01343023143506973
-0.0044160120154520316
0.0325820255191106
-0.01324770567990166
-0.026013612016819107
0.017429478280856094
0.008885718264514465
0.0013379137033076543
0.02929354872545505
0.01902757602544217
-0.018384689954217544
-0.00727323371193437
0.01844526705971577
0.022569492017483636
0.013320342023137598
0.021616595688791682
0.03136615073346828
0.11316357767165287
0.009685561523531273
0.01981964131614385
0.013123959673949283
-0.0008303855912252117
0.014777047643777541
-0.013483337439624264
-0.02170530400783991
0.0032748249083483774
-0.004042094825525297
0.03728941527741119
0.028622395442128253
0.0208642124539929
0.02132225066277201
-0.002793156540259395
0.009536823860173137
0.0371304164507414
-0.008000431044979614
0.021714026094086073
-0.0024874885401667854
-0.006970381675021711
0.012927749614707723
0.027453191458717312
-0.029270144694978715
0.027018533602395197
0.007852184119117622
-0.007306946522570662
-0.011616671010611425
-0.03524020403083645
0.03603489735328883
0.0202781391875424
0.11900973741499103
-0.013800855014574924
-0.026656237065542283
0.015139478154457358
-0.02618738997499829
0.02597159548423689
0.034997764926107844
-0.035072743070705785
-0.02309347418896004
-0.03394711499726831
0.019974491827957318
0.020186409346997797
-0.021086868467394673
0.05132674672133949
0.021056569229155334
-0.03672280111661241
-0.01637356539769357
0.02076836368432796
0.004236444098444054
0.023639566576232354
0.03534792015895583
0.02481315607065668
-0.030267851866625433
0.0094954518158219
-0.022815606804338095
0.027444162078416483
0.0013331944172632181
0.028225268019134303
-0.01897004171492746
-0.025263470825006004
-0.026042066266326803
0.020714239424296437
-0.009907666826847378
-0.020542052195291368
-0.03320646938350722
0.06981862375743704
-0.001259551992623472
-0.005824499541307207
0.019221804630416898
-0.04450414524370855
0.01661032585085921
-0.014304760782622866
-0.00296211549562746
0.003262965477095169
-0.03614592097873742
-0.01441059099493394
0.0031770890548458147
0.004049456167060663
0.01948891498253482
-0.010870090968068808
0.02527930148404582
-0.006233138074816517
-0.025530459166673798
0.04835067597346642
-0.0018621806699690986
-0.014637279062452737
-0.02171953843613311
0.027215057832992155
-0.006472940725678134
0.007983201601592362
-0.05807874241080477
-0.00264150123991138
0.05253667197178185
-0.04391331270193697
-0.02831585710571993
-0.0037676941845762287
-0.01692135952752615
0.013803906469581066
-0.050033598571713904
-0.02383781939620531
0.01408914713618418
-0.004810147001885708
0.048505041989151336
-0.030271316597129685
-0.053259476936200235
0.0012594715544168016
0.09966753685543348
0.024322139140277886
-0.017153420412397983
0.04245184213216683
-0.003846369297781542
0.0074118268154293905
-0.006056560371812446
-0.004190262747485592
-0.020383705187178972
0.019225950582155017
-0.005102536907194974
0.0263914406619538
-0.016681493278562387
0.005467196397285879
0.013759674334031446
0.017478054449964812
0.033170826012251374
-0.03199388524363422
-0.004535150477241969
0.008903280219735606
-0.000945279801594994
0.052016017921206754
-0.0266412040959213
0.019575841206549413
-0.009263888879589087
-0.04493412045275211
-0.009790068977146982
0.008899123697838709
0.04929332442161505
0.027978996643943883
0.05122741015408912
-0.02627067371066655
-0.03202990861424621
0.01168541243881566
0.019868802260765563
-0.01406880963189168
-0.04222314531051809
0.004053111859747666
-0.0045581219840176756
-0.01898927686087186
-0.011803555950691628
-0.02886266806210403
-0.0031534176774258944
-0.026845697941271143
0.00174315699006185
-0.01600490528421844
-0.04681844888936383
0.030319859926737212
-0.031911169297292076
0.0018436011868819052
0.02711035784272028
-0.027643947433109637
0.0100522461113839
-0.027413019052186415
-0.02661562602080424
0.02930196430325189
-0.01659848414256339
-0.04074596282609018
0.008650940682585685
0.02147026560101931
-0.01269326310936148
-0.013512741558646686
0.035321288103560326
0.028446964371288228
-0.020973249219154153
-0.02336983907899077
0.030777918028383117
0.0012665649951441634
0.018146230144034964
0.019163863096045657
0.03840303689827878
-0.0046671121245209606
-0.03934252595413965
0.006436699084127963
-0.04629225668270011
0.005566881491819357
0.010162772363700915
0.03163575517801167
0.000741250794528881
-0.0071477631349265245
0.001388929481899467
0.008595642181862921
0.005183042212266098
-0.015098363487971158
-0.02991317648596564
-0.007275434858951138
-0.033901990206448705
0.014689998096625682
-0.014860520084013286
-0.008588307803174195
-0.01093212215555655
0.001962878821329341
-0.0037712219408359035
-0.005946243072509152
-0.0033109662700487657
0.010398072220803191
-0.0008582927681044017
0.010330744622068008
0.04126915409801828
-0.004043598309946209
0.00011058826506770347
-0.02379422996486187
-0.003914018646029099
0.014981586414732767
-0.0422279078412909
0.02267702608679305
0.03297549346764824
0.03883037042323636
-0.02142664548623409
0.01905902586782319
0.03318873276844867
-0.05745928354447293
-0.0485069994865627
0.022532330723694483
-0.010790042902701037
0.007877835638846838
-0.08653929499899049
0.001782643920509431
0.0027402554973651023
0.021560380308332832
-0.03565433647976485
-0.015258701125226481
0.015757952761445034
0.05111402004866472
-0.012543189401408581
-0.006838523333787181
0.05932671310211124
0.05899276221864548
-0.005009019473156621
-0.0143311812324255
0.006507642078466499
0.04271143605226283
-0.039501392713011715
0.0708076337182792
0.03623989210599794
-0.0009732565489358601
0.0053449419974828495
0.06052525396398387
-0.012311627313117012
0.0118860514185982
0.0021908830149244027
0.024805825286209636
0.05008191482616601
0.04030682192308446
-0.009876675631037023
0.026846019097134084
0.008645150066128707
-0.040920276244613404
-0.04147620523675145
0.06241558576979124
-0.027435301639902553
0.02050539887335963
0.007667973947696012
-0.02027122321940933
-0.02629693365077425
0.011543085106391631
-0.04011959133767039
0.03347925336704287
-0.03219103214175312
0.025158274190989822
-0.019094581695244243
0.022239666769174184
-0.014283412575267981
0.09003943529953629
-0.05272948604513895
-0.02613500593457245
-0.03997721393656182
0.013573293462802708
-0.013097282762176579
-0.0030717256202784306
-0.006288705539748947
0.036862804692183226
0.020978567556107584
-0.004137526502299174
0.0008382839044815111
3.3999864232843054e-06
-0.027877549944346134
0.021580073785852177
0.00211061528098815
-0.003325442376471882
0.01310001183774838
0.021670770796088222
0.03458307869135354
0.0062550961463720915
-0.022506258953237157
-0.008554025147219311
-0.022198548654412176
-0.024359374132672484
0.0019239164421975252
-0.037828190228348546
-0.04465080370653114
-0.0008840580947583303
-0.016050037319011435
-0.0007547888171541502
0.0021885238954814385
0.00510112819953949
-0.009277955183679057
-0.010008427707621335
0.02048963325173543
0.0004248601310696197
-0.023485127906873206
-0.0452680853018604
-0.022425892251521903
-0.004645811327467471
0.0005994984722375346
-0.013855215702365274
-0.041237081053974445
0.012659114808683867
-0.018134692348377647
0.017763062629093503
0.04069277047316699
0.004170877823210526
-0.02212978711523066
0.038348582078819936
0.033390892394011294
-0.02113028702127526
0.020768453725727515
0.014693715258168542
-0.01959536916625103
-0.005288038957862402
0.018406972526209556
0.002239718893089763
0.02154568659154353
-0.005704952401179753
0.008582109624433312
-0.018114092645847443
-0.00624684387363676
-0.016163587595082265
-0.025823204286134997
-0.014523004570451456
-0.019224602173462516
-0.021376237574010023
-0.0011845060795602543
-0.04033941554407647
-0.03553649955287728
-0.032914141577407754
-0.01611489238664271
0.002663361475225888
-0.005556768215924285
-0.012304980929351216
-0.011218912972962394
0.014859507180579053
0.0683436460895257
0.006778580631192012
0.01981176434548103
0.02881329646351429
-0.0528837207721502
0.04802821473877322
-0.00318003390797632
0.0009862791738963952
-0.03956388863100591
-0.005323258513049212
0.042467934646424954
-0.004922379409983296
-0.026080612326127923
-0.0324659473389755
0.02185765774117426
-0.001799290481156526
0.08439005181463465
-0.02920807725240726
0.09452258621348862
0.008506007620986217
0.01657764459955737
-0.006320558100948903
-0.027629191713988706
-0.0061916305575461525
-0.02647201757376003
-0.0263013758518744
-0.016932080956755604
0.016095708888329428
0.012535077066962726
-0.026974407282871454
-0.05900599455188807
-0.016652124543369833
0.029015449302713065
-0.0039532055274208765
0.0029875422464638287
-0.010192377741107508
0.008130291222258772
-0.013614963887302904
0.03256397843267339
0.0053386610672305065
-0.04354809909585847
0.08777294276276226
-0.01899781756448968
0.01024537395997641
0.017810134903230523
0.005489645097335613
-0.02242319549233586
-0.006566885853385194
0.008398600879446803
-0.009166825632625093
0.030111412659086362
-0.044907937588344514
-0.022064976788948115
-0.03014169875509157
-0.023177715719837975
0.01463806511314143
-0.01474260577861079
-0.005594302544651892
-0.009818881931433085
-0.03651042790458998
0.002066957707386285
0.021611262942086568
0.028679861852486787
0.0005560882112235765
-0.021279888078590346
0.04267466532638944
0.01979851986281119
-0.03498498488279487
0.008394362081524382
-0.031046631019770225
0.017135731172703908
0.017839923571339705
-0.0228588460539848
-0.0026304457461979484
-0.011368746311980291
0.014462169534945767
-0.014187880907332806
0.04566885600465862
0.0011206623031300546
0.0026908407874217666
-0.025701720868749323
0.047271419817916556
0.0210862927822181
0.029138909749621928
0.04391573081864118
-0.0015619724315000794
0.053928727741909335
-0.022672740491715727
-0.013082315974509715
0.023870464341394913
-0.015575719130944632
0.02964275919422325
-0.029674599569096984
0.010144778263440454
0.021236722375736854
0.005110544142235131
-0.008153456650015323
0.0021509597345632063
0.02163831277673658
-0.006475876849878242
0.04474732201397454
-0.022882331317847147
0.02578068326725705
-0.0024534879190981585
0.01700807611129545
0.009536326460823193
-0.10901519916134632
0.0023546092734145485
0.03120674593418502
0.034539075289292676
-0.013478303541363548
-0.005721053871512852
0.011707197407985164
0.01880482026214291
-0.0063106413346818
-0.029511693346324745
-0.02147348691088907
0.028475113351660638
0.054543657727386785
-0.009264614873828887
0.020779569643319177
0.00808636121622739
-0.0023667914458443593
-0.017897760391470945
0.011536674692441315
-0.0011580116464589589
0.015185595998450619
-0.019885756647583425
0.01898153205385138
-0.0014871508809565469
-0.028578221819300455
0.03333864605918226
-0.04155276725304679
-0.027053330264434093
0.018647344407428924
-0.032507662761910444
0.04069464489265637
0.008962099885147453
0.027847908881093196
0.003913003697629626
-0.02641899667361445
-0.046235574301727485
-0.020173590938389444
-0.020526654316517127
-0.0016321896632783253
-0.004905864741300636
-0.004889034725607718
0.043264512151640754
-0.03320683025683676
-0.026270145627107132
0.013192743411197007
-0.01527738990363926
0.020079698837118815
0.10180948201628372
0.0006286786509895367
-0.02880763419490568
-0.0301615892870848
-0.00024412748371881193
0.009794792556371267
-0.007079243208363393
0.03278016235672683
-0.03436496562460768
-0.03763449248809409
-0.010582941692135587
0.022646003634114335
0.01222397268609734
-0.015617418065560806
0.020456753926848984
0.008791336219922353
0.00254058892602711
0.03184823661629121
-0.00018318857763483085
-0.004355582511248411
0.0011450502263378288
0.008580341310357231
-0.011064998688656612
-1.0054882556598241e-05
0.04219393769405203
0.0405881546477246
0.020305653124946636
0.017824457275766183
0.0446890295360999
-0.002379869640280618
-0.042328516645536836
0.057049321120012944
-0.049177508900731234
0.013613347663619258
0.007540654470044574
0.022456429436679193
0.03702741578111183
0.011686462883275303
0.03528807869287727
-0.03208656288200508
0.04982889411503944
0.009141771267501916
-0.007452139753930264
0.04665200577235196
-0.05266828798721322
-0.023924512767774384
0.005132950605226532
-0.04761022831911015
-0.014183675614517482
-0.02791563405553266
0.01872689394858602
0.01819512296972473
-0.0721587682899964
-0.008404801092113364
-0.004002932671962709
-0.012598853169580627
-0.04137977913699963
0.04911872242225559
0.01975346551163923
-0.0266626765943592
0.025507569237854185
0.00759104261956955
0.02926104196835181
0.029199796116764737
-0.043484158460025846
-0.08148401014737795
0.056699309735489076
0.004585093061595064
0.008976196168771532
