0.020252090919703463
0.035443449891077276
0.021988057267546237
-0.006866035842434311
0.0019957755646866694
-0.06184849551386911
0.03295049067050991
0.010631284966254376
0.03597558782577871
-0.06427341076759183
-0.020621601720744228
-0.0005190461254950041
-0.0007340067863566995
0.03772600109720992
0.009762126395804524
0.009892608789952231
-0.009509276645942252
0.007485434786404345
0.0032195209859126406
-0.04159024279363152
0.016457907618695696
-0.0004507390013266418
0.019978598991546997
-0.023657986912137097
0.0037325352243983115
-0.03414792927825195
-0.025237376039194178
-0.07239443460663693
-0.036923559214747555
0.026848351892592576
0.044571723699851754
-0.004936545983414536
-0.020422013237746013
0.008172617521965344
-0.01778024132123872
-0.0006292871064554165
-0.02517313429874729
0.027432192886492405
0.014477478790368021
0.019449716420775705
-0.02623020451771176
0.02321846786013691
0.0020386586673549778
-0.020227112345992213
0.02039668619750036
-0.037273035369068626
0.005387375049919086
0.01828978293424386
0.010913662886207933
-0.04247527273141049
-0.03184333199559535
-0.013765994335150439
-0.0005844131237640583
0.005236440391182072
0.0011653895648582728
-0.020231458821219777
0.019877706683645267
0.005186349833790931
-0.002570465833177263
-0.011712329043316372
-0.006306077089367208
0.019716634268495736
0.015655706626991638
0.0024035354506933724
-0.02775874933166109
0.0191986168230262
0.05099854189918508
0.009524667423007201
0.045848335032934576
0.03149957841776453
-0.016687060504165796
0.016018215123775555
-0.004546216556873848
0.024773963737898662
-0.006062779547146992
-0.023257744589723385
0.028545593413407906
-0.005505720309907228
-0.0023843831991684854
0.0382764573141621
0.01625650662308325
-0.008537160014931272
0.009341114983909929
0.001954036504202468
-0.013011179187664345
-0.005826806877544255
-0.020291932073994472
0.02739074267447109
-0.011196629209455597
-0.004059094765234003
0.03706809349146301
-0.0028256195039221737
0.007603444527366258
-0.004019966023824909
-0.02577322340594438
0.04874104954746719
-0.010285235741486862
0.00791500294542833
-0.006697981856853292
-0.024811655187124863
0.05242144180133499
-0.020839587011194302
-0.016548925245171556
-0.013210490744318546
0.01688006755859487
0.009390669499252779
-0.0032321933066197274
0.01647959516071956
-0.01765839089417554
0.021492452408859327
0.03046639893245389
0.018585605239611308
-0.02085456317487112
-0.05716597867558036
-0.003080213237555695
0.0002574675439910041
0.014054508592374193
0.03520037166980266
0.021387524704719302
0.016316039693494853
-0.026159998497905585
-0.015189747032321272
0.0017655139186780534
0.03100540160691823
0.00810037532733409
0.03710118720787692
-0.033116745101478405
0.00934083379853256
-0.030426611451572834
-0.009063215282507841
-0.027443717773559462
0.06954501347181222
-0.0225282137329816
0.008529099031719901
0.01639017346403385
0.0018758675542262758
0.004964800878007668
-0.007509557012591995
0.008532028199434504
-0.018294296313685433
0.08718994686432209
0.010356315272434718
0.0060807331819462285
-0.018896886020287103
0.0025988300732280732
-0.0474426855913564
0.01009766266436719
0.07394906640789001
-0.06802127807772652
-0.012565401376103076
0.010218332219966672
0.004080617380398233
-0.01624281665059995
0.008784528753002873
0.01305183972477018
-0.07887283360605452
-0.04819888341158487
-0.008246515774683397
0.010031630334402204
-0.008124977206973123
-0.02940954445050679
0.027363641305902887
0.00782708698192688
-0.006287736112397898
0.025894159025987313
-0.04818575089491117
0.009448850097655592
0.020293053985541595
-0.0433467174648905
-0.0038821312855635563
-0.011265041221788822
0.0029226578154889537
0.005316358309611813
-0.004508898433169461
0.002697719901992399
0.02589538509859112
0.05675814171873222
-0.00781622827094603
0.03102196216933112
0.01058047252481197
0.03326343311243992
0.030432437116656032
0.03672439465747098
0.028473328019496796
0.058489778779771275
-0.016833082041386727
-0.026713312189099666
0.05914108429477785
0.02097064750105043
-0.0013567648621125433
-0.006385603499790964
-0.024886078361420438
0.01386198289301997
-0.013255297163926429
-0.010658897178087592
0.0029287649531466145
-0.015582078180330647
0.004890001557382365
-0.010810830159464303
-0.007951904939841058
0.03967977674902001
-0.0007453368882547742
0.01463624550215279
0.02574505665855872
-0.023550421602977083
-0.02768944716685053
-0.0161107375987689
0.03507495177908461
-0.047253040134273394
0.009283099482444239
0.031499477480320684
-0.02847367788236832
0.004640646124700234
0.0553323321473357
-0.012897328087074042
0.050787909623216554
0.011689125505741018
0.014406613529656867
0.043562813804194855
-0.02657008682348669
-0.03541100331442187
0.04087768598371212
-0.004319745583416927
-0.03169421064662258
0.02015236645325311
0.08915259657121279
0.0067739929352334145
-0.013509024820448383
-0.006325907139732182
0.04089312973017662
0.022255490593258872
0.01416316172988703
0.01096918588501613
-0.03160889320316754
-0.0007582964735057885
0.008013409656839037
-0.02107211220510747
0.01667555769633852
0.017151093805588394
0.006923010575144482
-0.07417656294029312
0.043027451170312404
0.01532656738573874
-0.009849012615292021
0.08222722858761192
-0.08349444558376123
-0.04640957200754345
-0.05415534164377825
0.049143373403584746
0.010165700456386307
0.06574814055246705
0.03098061939539845
-0.0046471860343882745
0.041012044774587336
0.008734372592057511
-0.01965761601643621
-0.05263083018257327
-0.031068292066747716
0.012455524379399938
0.005234484095163209
-0.03846136172536983
0.0239794661590729
-0.0224168571642808
0.011924555839502735
0.0041360041570102325
-0.014596215140659275
-0.012510279666065622
-0.01119022587710249
0.03521278906731379
0.0011890885691622217
-0.010523329827270509
-0.009395731402816757
-0.04511108395244402
-0.03436440425817596
0.009376277421180388
-0.017777068848739717
-0.019477877348185017
-0.010454614495732541
-0.06325875922120663
-0.037306213595327896
0.053483450889389564
-0.049939806969641315
0.013558190705200868
-0.025513562804675982
0.01765168841039524
0.012934850947790528
-0.047484700786264225
-0.012057242909842041
-0.02661632549250234
-0.01420447550257
0.006268102758077259
-0.012064263493131559
0.0717985205988628
-0.00854846070363713
0.011111861174401114
-0.035053668878656394
0.029405370714544438
-0.020215218309484154
0.00275811364858185
0.06718188057593075
-0.00724993121492696
0.015817078547129826
-0.05604321235815385
-0.0009088427571284602
-0.013760662374621736
0.021549652714086126
-0.05806708382476248
0.03750625318191027
-0.013621287169590558
0.010788580480183477
0.0240029284779881
-0.002481426165836326
-0.0015240460283417962
0.0466119073644563
0.003411691170381904
0.0034298343007962595
-0.015467193995045165
-0.0003028818689446175
0.0013131865146255419
-0.02693492831018185
-0.010590989577627925
-0.02087781153110354
0.05813562168895231
0.03297742299818258
-0.0023143774085096665
0.01473771029750106
0.038692604878475735
0.020617844298354795
-0.006892307041023951
0.019234108165099927
-0.002461218215364864
0.0037297774246475715
-0.02256348407343152
-0.0025866725405513298
-0.06841333146157254
0.01113830149293543
-0.0019931136923408838
-0.03278646858987033
-0.031810059980074086
0.007850770722128197
-0.016587406594148157
-0.028465250681025334
0.0047999912456763326
0.012392201595649195
0.04385236126145442
0.017031997517953104
0.010358442346580357
0.0471086309972872
-0.06517591409540334
-0.025434413888473208
-0.0017870602885175161
-0.04437386814221962
0.015276895546286981
0.009462262854859353
0.01775239760405163
-0.009176562831855268
0.0037190329761175272
0.11699288783867146
0.0019238732719719133
-0.03741499945454365
-0.016109902250387307
-0.01991436741192438
0.013577598684812247
-0.01933847749857241
0.010313814146370613
-0.023060716847907774
0.03518626683704386
0.054240430651851336
0.015498166143535427
0.03334440202700993
0.006902823398300366
0.015898261125663195
0.02843499481439634
0.006312910780332541
0.012227170762837573
-0.038219786551009015
-0.002904078070510625
0.014381563494861775
0.013840509109202197
-0.01926794848542648
0.016116240092263832
-0.029088136115754767
-0.0377976646349237
0.024901835654745585
-0.02329093583026724
0.0019404462979098892
0.030104828170855535
0.037193707709087094
-0.004211440632572817
-0.015613531366636797
0.030411462845397287
-0.018841095813758448
-0.050107877537380566
-0.002688580703462413
-0.017210277788003388
-0.0269796292826475
0.016433673918823888
0.0048927635894713
0.009916991216564499
-0.02755314971907321
0.001320257627730551
0.014168581592417559
0.013813361031086702
-0.00939499423772076
0.009265757036367566
0.07480496940862755
-0.0406862895156651
-0.0177930034238372
-0.018192056819655893
-0.010042525516872396
0.008434817666356557
0.006218282591295236
-0.005182432686911721
-0.003760085958894261
-0.02862556509265107
-0.0016188585330422884
0.012770121184228862
-0.007971597180096998
0.011112043401181822
-0.026923840992986815
0.03437535231710988
-0.04642905502545969
0.0010829915234078563
-0.043656843200193515
-0.06588294844450991
-0.015650749981211257
-0.006914170504721695
-0.0006156641024564406
0.008288289080019778
-0.10371880804506364
-0.00023700031382974899
0.02933586555458117
0.05990394548538329
0.004133396805089779
0.020951086175992686
-0.055408670099400044
-0.014615778067543782
0.03318018540351535
0.020070037596782078
-0.012064675720941666
0.01707127892760057
0.013171495690068733
-0.021358367122005815
-0.011063436334471414
-0.03599680525342875
-0.014816581281597416
-0.03397955033807836
-0.02330553556289478
0.023162900861202883
-0.005532002172642644
0.00910075510545775
-0.02281914563689589
0.003689660825979006
-0.029086702306210556
-0.046320234367433016
-0.028974442510070683
-0.005203403165450558
-0.03966471843806863
-0.02525949696546988
-0.011611686813933151
0.019018442933279534
0.024644233934687367
-0.006531917156638152
0.007399995329070015
-0.08062383473272948
-0.0006730396957216289
-0.0710312086473163
-0.01748193489465401
-0.04276934384639162
0.04271195751485373
-0.01902140887830483
-0.04397432391383265
0.038403884203606915
-0.06274367504864478
-0.025354251168157465
0.011479662299001325
-0.02168064227093692
-0.0017698563806627513
0.020568443441518484
-0.011598793791068124
0.007750861505317145
0.024940630053693028
-0.0020546073692560224
0.0040671644806317625
0.046951818580519174
-0.01180436619920107
0.009664177564704002
-0.0063388079532220535
0.007514932621139484
0.032717048102462926
-0.04578850878709355
-0.027832305408576074
-0.0006160983774566668
-0.012679798559460304
-0.009507881987898143
-0.008939408178943047
-0.007439926863745776
-0.027050061171122852
0.05801701572842715
0.0002866757379308976
0.008237264232979123
-0.05041166639884935
-0.012246102858883456
-0.0301576412298473
0.029481343497796648
-0.023105719998757733
-0.03108103478002642
0.03300880223641078
-0.0637628936147787
0.055305120133429024
0.020608314358895714
0.015991788126085944
-0.0030369672739369636
-0.08829441639110491
0.014386618555447555
-0.005254265399220685
-0.06182548758373084
0.018863155601928697
0.0052596852618919925
0.009852266276862661
-0.023357471819465816
0.02841221272423369
-0.018238915479158724
0.017288820537487325
-0.0018771618895361004
-0.048784886817532756
-0.000302378809102204
-0.03192064822876773
0.0007286651460326681
0.008835732023908876
0.028014322758562662
-0.01229893263918122
0.06141238513342865
0.005884614529003093
0.008217648373055027
0.0022170871792511673
0.0011632245106136115
0.03755255280577966
0.011652428975170716
-0.008190565248319877
-0.07363793950817817
-0.013089873058809778
-0.0031613603695694074
0.009351438468541067
-0.004016015595911713
0.007502358076843053
-0.0516004439526605
0.0039022773294583083
-0.005580186757669091
-0.018694461851203627
0.01722886837578331
-0.05179401692811848
-0.011036793314743281
0.01843135684360322
0.0004182910378591474
0.004359686902354279
0.03533976463898098
0.010515495585675142
0.02168026140083756
-0.03981744297056894
-0.00960563412479408
0.017984949741401225
-0.03948767769190094
0.042197576367955326
-0.009287411664039376
0.045126359423757735
0.023844967255309688
0.021724073812244827
-0.019749542003866156
-0.004233513799992458
0.03987753047270858
0.02039126635550547
0.08179085499988714
-0.044354024666030355
0.003935517873643924
-0.010188334301792237
0.02501934828553261
0.01505579271124534
0.037579339030847966
-0.018923070650246156
0.009497015139646068
-0.02451016199392627
0.025787597701077192
0.001107317737010561
-0.03108508133377022
-0.030185252809095897
0.0042848443089344105
0.0076437756492757645
-0.011504199983271315
0.009154136273092162
-0.015711150279198585
-0.01657520838132938
-0.06291718713779125
0.023265801125782356
-0.027762269963133097
-0.021115804811998356
0.0250290498447737
0.019946554932732993
0.0004166162077633115
0.020826201474955376
0.01506875070728496
0.015129428534722022
-0.0151466650903723
-0.01748106195024496
-0.03466842836800769
-0.009975063221325242
-0.0020088177506394174
0.024411118799759192
0.03922795298535506
0.02113192015086774
0.001689480745633966
-0.023363744581789116
-0.017743535544005495
-0.04193656274254245
-0.00043264313110461547
0.005139105974729358
-0.02422516360289034
0.035677000707774374
0.014747237356975479
0.03444294754137896
0.0339999147735277
0.01792335912188446
0.026926011895086158
-0.015902125972709572
-0.005491240704830452
-0.009913738466824858
0.007630626172875821
-0.005566353953198446
-0.021899332891037637
0.008725395532005993
0.02786288345859371
0.007385922518152001
0.004691531542315542
-0.019075886292230653
0.012640699929319132
0.01824115011514987
-0.022471793562805348
0.015525276681766773
0.002571196620968021
0.07992938515682628
-0.04291677208273029
-0.016446157885772132
-0.03622011848980336
0.0034969912785041044
0.02085354390765551
-0.003149170125598032
0.017896546975077386
0.005211854691080288
-0.035130436466126506
0.02740970263247159
0.015355353579367037
-0.023630320336894255
0.04067370589507873
-0.023371861547065418
-0.008647296275907495
0.0011422774312312837
0.02502578157233621
0.029143909113062867
0.011904955775937994
-0.036989467204061245
-0.05751027225734948
-0.06298121744032517
0.0002778989978046427
-0.011573410977930649
-0.02983423854758889
-0.047180653775603515
0.02944986680302179
-0.00943222987350516
0.0037138903519418876
-0.031101187908850483
-0.013815171671058165
0.0024149105300298465
0.038221861136984635
0.003993322093217462
-0.023019594360991085
-0.020657357133742796
-0.008983626210526237
0.03081695311127761
0.02137720237444863
-0.00660046990162555
-0.01098511490943644
0.0015883203518720608
-0.010658545227163002
0.06748484683382158
-0.041831587770307446
-0.03217023645478662
-0.00631246503839356
-0.023885330730852028
0.017906264010591505
-0.03615483267557724
0.03148010066820835
0.023814583952473614
0.0029882485711329666
0.019035549561050455
-0.02859444627306448
-0.0014346330450183001
-0.008681624310902632
-0.006684189621157409
0.018968842277212208
0.00679605075911141
0.006204274859717663
-0.011013741940511917
0.062315417676318416
-0.018354404439818582
0.005976037255835089
0.04874412175764302
0.04369285444278743
0.031159046810730864
0.01587816023069556
0.012594567148966418
0.03493293933584026
0.012245986085295799
-0.017936793056516166
0.004266259617292785
-0.05117782150610403
0.01755819454475844
-0.008991282475907959
0.008824495190378498
-0.00202103713728721
0.004065969004074083
0.01223922837231494
-0.028409185131598364
0.035309225480686636
0.025209868983256573
-0.016053574965786816
0.004517993291535365
-0.013932048045360513
-0.013189772931086757
0.11791475263182183
-0.0076854298856182165
0.002401772662063594
0.019541977917938467
-0.012709626678870514
0.016221852116626263
0.015960256196594386
-0.027442820327502084
-0.05619889652596686
-0.05294649338989748
0.021570734158405026
0.01343951259540115
-0.014374165428666886
-0.014117914848004521
0.0015650943331141408
-0.0010122642428425502
-0.028390295096950825
-0.024547873416501234
-0.02890877267105538
-0.0022148945778352946
0.008463757736620748
-0.023211737092092233
-0.007146445080139079
-0.0003578025783300678
-0.020308716336180647
-0.018585529915545008
0.014994540040573304
-0.033729409331065816
0.05463888799277585
0.0034303403987845423
-0.058867417730565835
0.011923834311870338
0.012821427740750888
0.018444935108040322
-0.006893285017649793
-0.009553373658414157
-0.01617469155890853
0.033358682657597345
-0.018889979962417636
-0.007585527829260851
0.03860988843284112
-0.06281297148865214
-0.0018282869139355053
0.019533482795832696
0.010121467245527871
0.010136103849964646
-0.018377371956365074
0.11720493558900381
0.04420088068557655
0.0045612612341717085
-0.04070740219424741
0.028847678755923006
-0.03589919200177978
0.029639862288837176
-0.04598607223181631
0.01121720604725548
0.0014563804875441667
-0.02506950979417801
-0.021780198275714733
0.007509182589473243
0.010609772877486745
-0.010235291453281154
0.02563009558067305
-0.005620906526099384
-0.0020811730700456724
-0.010559851563893307
-0.0616128296400572
0.016365124294082822
-0.011348637517836017
0.014926343428532302
0.009709338198722212
0.009965829640764694
-0.026704601939664434
0.022600468810270995
0.03443585654593327
0.00675421072290293
-0.03665023809029853
0.08607707072508256
-0.006870444356170368
0.016225411337316968
-0.009034252999635103
0.05704840174559689
-0.0027024599401060164
0.026169078467890884
-0.01669660027030622
-0.0035579244746666914
0.032010304044361074
0.004185370493001959
-0.018602799029864652
0.0476483070190454
-0.016125876486656206
-0.017295629457822415
0.03767270120547675
0.018222363546736224
-0.012046632922125157
0.03906351039071503
0.01762550867066324
0.004190903367375
-0.004476400011718059
0.013621320775666126
-0.030484284264637698
0.007888919213897906
-0.004105454187201607
0.012744155639787477
0.01263907196046823
0.011157511633174971
0.02649859734751369
0.0386534575462735
-0.03138760108138256
-0.00836536676416808
-0.05670350524616019
-0.028462982143875482
-0.009681198102027779
0.05520757651029741
0.0258581992757303
-0.048745032104808204
0.01261942225349125
-0.013774809492957805
-0.025812738088886865
-0.011828934391570352
0.029763150919687707
0.009716721618994112
0.07961580904200173
0.01172076720450741
0.004354652697763939
0.0314596712244877
0.0009712296963090824
-0.0015384277640107388
-0.004641822588867232
-0.037975495983944174
0.013112389790733535
0.045346548060582255
0.006295271977842711
0.024910606708450942
0.02781285325056135
0.01419462828771932
0.02393394082073782
0.03906073098451923
0.01831309251451943
-0.004004228678908171
-0.03280758159717779
-0.048445489482727803
-0.028199124309377266
-0.015007945806558013
-0.007718520667599072
-0.0343705904448842
-0.02775334830360556
0.05192244970409347
-0.0034311755429267013
-0.04547419889926459
-0.014334746990692933
-0.04632072150841769
0.028249479123854282
-0.005916426920028701
-0.03834621320263901
-0.03573037185434782
0.039853230001559
0.00888797378586526
0.01695219140926359
-0.06993806276756254
-0.011620496143247972
0.05706287042664978
0.013652888032153837
0.01002608312582219
-0.010013572490398179
-0.019369355653931827
-0.03126630677655436
-0.017531854487929287
0.02096082701276
0.020638015533828866
-0.00860398407138079
0.06424753046830056
-0.017910978238235065
-0.012452876197933692
0.008720463055801082
-0.0494526270678876
0.01828682822320569
0.01687036847185217
0.009840419220424557
-0.012819455791620804
0.028939708798641994
0.0015790464801255545
-0.030190681654957103
-0.035444689944743354
0.006705041476933176
-0.03150412461934518
0.036770521004353046
-0.03807960045388763
-0.00017840436209752073
0.0011578225812564323
-0.02087620963207255
-0.015485734158946333
-0.04130440019908129
-0.0548160910533203
-0.024173973979108393
0.027352595097019785
0.01500019948525774
-0.01750244115660322
-0.0021034817330574966
0.0325896119097218
-0.025962627453806675
-0.017386383107096316
0.0042121277878164306
-0.0036712454398336717
-0.013296312782075825
0.001051890393337517
-0.03106734734346345
-0.004910471448325725
-0.08031193822967685
9.579429400430743e-05
-0.010240746453633867
-0.01036721777682408
0.04390708536371664
-0.00948887108028591
-0.010465597734953803
0.019130995434944103
-0.009020087095019723
0.030644985208507506
-0.10068355279300663
0.006786585564616516
0.010750547355336067
0.024725171023612134
0.0304607666727145
-0.017529243629357164
-0.02427720772339032
-0.031598695779693445
0.0006853226984508795
-0.0027458265534462505
-0.014533597107222898
0.012411011518269696
-0.014538848750119846
-0.013039809910110294
0.019050362539909788
-0.00872153925120633
-0.013722462657168139
-0.038494580784088
-0.042324571599315665
0.0233933778863001
0.010329135804596082
0.028368983807903193
-0.008095752327213759
0.027296097055021108
0.07775436825742743
-0.05295933525732983
0.00894545476609863
-0.0099363046400085
0.00019664534663704655
0.028352051197860485
0.002356824869607083
0.008636958381503997
-0.026782464837518897
0.0034215880360448253
-0.010244660408183894
0.002172903217424428
0.028111362013790258
-0.014518144269544443
0.01991849089014473
0.05295308211631235
-0.03117227862794585
-0.0009128705678527349
-0.013123103970059315
0.019766241589584357
0.001706326439499084
0.015343068465010285
-0.009839056485808417
-0.0006185041084260297
0.0029797342173147347
-0.008954940420476
0.01287437423745331
0.004092071940800508
-0.020906004273632095
0.01840021147073192
-0.06122305127437896
0.044805114021005524
0.007985022369531351
0.0037853142818480004
-0.03775872324667729
-0.011628045100601767
-0.015055690584810653
0.003917065030150765
-0.05283831814857153
-0.007449762332973146
-0.02510245688438161
0.018138951028362126
-0.07675957798925595
-0.09826957777575292
-0.01651429140625048
0.06841368717057542
0.051344879362301483
0.0038158891583033273
-0.028907379946342716
-0.019192929259652453
-0.003551315271461279
-0.04005348212250098
-0.030105152475000545
-0.04023257340301648
0.029573243560826402
0.03961074229841198
-0.011188594217911088
-0.021787870336202907
-0.0012188189417174484
-0.03514258186293023
-0.0017819358767366047
0.009593078565050834
0.019177020540264385
-0.04962119475985462
-0.020954467233086627
0.038666715174485666
0.0257246692525748
0.027557260641398264
-0.0015801864115834827
-0.0027444457710170114
0.02664159056180917
-0.014561816530182571
-0.02158890850110064
-0.02575194716840624
0.02405105228737613
-0.0005168180913781152
0.023254600088476244
0.03042373050746564
-0.021609268845489502
-0.007264708834359173
0.0378087824364285
0.06138421584407901
0.0025578348989606543
-0.011816150746212018
0.025301279072928784
-0.002475656194293424
0.0025388906001756945
-0.0011996707192743253
-0.017602721980228168
-0.04451707755153524
-0.009648186529556887
0.007481035500048207
-0.04341292329337625
0.03374048113887348
0.035806714093084314
-0.0898228159484993
-0.03837219907661455
0.004587981788244739
0.0384678034670661
0.013751458897524752
-0.03348845960637231
0.031364093031137914
0.004221765295259386
0.05437598807572437
0.006840615571490014
0.04266673818119832
0.019379378299520595
0.011229391673387483
-0.007589557096745596
0.012165765068834369
0.0380620404135244
-0.005290775587219947
0.0014415036613483387
0.0097729431528109
-0.0031484403580306158
0.005264258901430369
0.011757436610721879
-0.037216612964437366
0.019024556544848692
0.001814476087049177
0.002365447988684554
0.0710001322847623
0.01161901305145921
-0.03945380335394554
0.015307580804907324
-0.00981609282377709
0.02654547174710106
0.026196771090172124
0.027887117608243178
0.0028720849774965377
-0.006046673058068265
0.026814505289630988
-0.012158016516148654
-0.011021322068693764
0.0022410682976116186
-0.014948487339054259
0.005457285545073788
-0.023872578138732614
-0.010351552722287346
0.03261570834325178
0.005699927661735382
-0.015251685835572282
0.014587185731559328
-0.0072771097408130024
0.031860393306473396
-0.05428510033646039
0.014450735297369803
-0.020679877368257576
-0.0030599600631825573
0.01368951003184337
-0.022605673446800114
0.014820641718338
-0.015832803837458862
0.0067458286762764295
0.023779250955245326
-0.004891560336580792
-0.014979680246338264
-0.020858054447539475
0.0067807276232159765
0.011231364078574259
0.013192013341874639
0.026103260570840663
-0.039704448221001894
-0.026365863317730647
-0.02963178364372507
0.04418241468678478
0.02934348242807948
0.006567697910081816
-0.015888602869364568
0.0565312417908617
-0.015545709171708262
-0.011984647561329434
0.0495509473290354
0.009732825390900078
0.01021232496629273
0.00010725398771944597
-0.02523512663320635
-0.014079327829637686
0.05145102258633364
-0.05602974993204187
0.012055155194012297
-0.005392172373623348
-0.014495136658621293
-0.04607265640770247
-0.0003012458064444533
0.02609550627670267
0.0032742738558232238
-0.048954988541613835
0.00890998406949773
-0.01588258688956435
0.004164330302411038
0.031996124890342814
-0.013382617676414804
0.008375878720792554
0.007511345766985859
0.02793707890090779
-0.00021388039461183014
-0.00534510462228346
0.003330293751227301
0.03047647011356967
-0.011167324845204071
0.015167592050229823
0.004951862716787288
0.019121455156257912
0.0379100738702916
0.09471039087792847
-0.011438467201895655
-0.006042602811371003
0.051819161646697885
-0.01260524856296787
0.04367297241687744
-0.002341354239870037
0.03527145780164943
-0.022639243598817076
0.01619082174624674
-0.022698293419190493
-0.04452675186110046
-0.048236549682040365
-0.04246346982525595
0.01936143406417805
0.018940168866954602
-0.00585302473119703
0.021510203481914677
0.0025771577193840767
0.018418010356220604
-0.009285652588709408
-0.07065272209792091
0.009058424269672368
0.019254568061253703
-0.001926948350458309
0.016716439330651384
-0.015768118862516556
-0.038247544623882246
-0.03085635971322548
