0.027100944179350467
-0.007837442246475026
-0.06960275986374521
-0.014592156252860068
0.002861331636732547
0.002729254645474035
-0.017628744188023095
-0.07485776233030537
-0.0024688131151275054
0.017627268660213965
0.007619964630712877
-0.07077253527265388
0.021096354315006758
-0.017625833548539045
0.04756952801056166
-0.010715522645309472
0.025235486989464432
0.002792705442279491
-0.00026623108681292585
-0.005181927979160272
0.006169380245059478
-0.0038032374894713507
0.001042295695937517
0.030585399482335816
-0.018530451883602094
0.011165795635365726
-0.020431787906096437
-0.008182099866446428
-0.03683945528882734
-0.006227391462206769
-0.01596581018516251
0.054301658739640754
0.00848596991648363
0.007340081649933687
-0.004220842524262311
-0.031250467544280784
-0.01418475919526724
-0.025528767536197563
-0.02018030890945305
0.008276552160042028
0.059429588525690226
-0.03846643441261716
0.03071891392618225
0.017982520713593582
0.0023133722159720776
-0.01808979700648639
-0.0026253367642374067
-0.01168765575563882
0.008498084438977128
0.011710025658134431
0.0010525928485374586
-0.005182822278479897
-0.005740203087955018
-0.011618292412280292
-0.006041595046779516
0.029803564540985247
-0.02655023909460321
-0.0033605773961089456
-0.014233439453431316
-0.013637928008416492
-0.0028470060633226813
0.00621255594834993
0.013620968754420003
-0.014431304240373857
0.006850812059128673
0.046898716856837094
-0.0523084763843287
-0.027032932171156262
-0.028242247502748438
-0.07201223624442754
0.02487524300313073
0.01666167740387047
-0.008856447280200047
-0.012528472864277813
0.00033793905123326057
-0.0021392148285029637
0.002477449550028559
-0.06940943642084346
0.004417692138360314
-0.013296675738501497
0.00843136309178902
0.010759388167996545
0.0022240260265055677
0.009619030785102279
0.021813508719780567
-0.016622223960734563
-0.005380941202906564
0.043723940052939114
-0.016174175138272854
-0.028897767000715564
0.017725605118954182
-0.050419877185531085
-0.019302323263367328
0.008835421745112749
0.03291425659883434
0.021890051085065726
0.01366922596470758
-0.003134384699933064
0.0007537089683110972
-0.0012699559648639196
-0.04568310782205224
0.007790349983304587
0.03538294625558198
-0.011842093267566908
-0.012098466372066331
0.027486690860414026
0.0534391996373332
-0.005569601430892697
0.020812243672225544
-0.008350200860564382
0.013553858383965212
-0.04535063431624414
0.049643505408397945
-0.057271995216605136
-0.02110958613451106
0.0007448632072466249
-0.03063116898755192
-0.04584292488475165
-0.050167648041948544
0.008073955630440664
0.01629759236689321
0.008480113690028485
0.020034169156451537
-0.01283426639491129
0.006441812065600504
-0.001225549406764299
-0.013093728380122696
0.00653300227825039
0.03608231379598459
-0.04377330974481765
-0.0486909249175916
0.013638486998506486
0.03655075437801543
0.0073274258776067315
0.006063587198775868
-0.0005383021877544884
-0.02267844119617379
-0.03242018312209427
-0.00615791673592342
-0.01111065030224932
-0.010897901304798114
0.01870829770376444
0.0012738934512646096
-0.010919411740288114
0.02968849233839426
-0.004612270213765465
0.005690962500012458
0.03274365267432207
0.02778225606593499
-0.012838073186742457
-0.04083374678438272
-0.0004769497043800132
-0.005704625158549787
0.03885506312002637
0.007029927570116473
-0.007558412891167552
0.029567413127937692
-0.01346465618686078
0.014431169090899879
0.015559285637959587
-0.01955951026207651
0.020672441944448297
-0.01250108431260559
-0.00825501592553538
-0.007726498953356641
0.026690259019948967
0.019042676660866467
0.0070550813238335905
-0.0023357651370467048
0.012002506722686301
-0.018410932562088877
0.055100106419293235
0.02562486608567729
-0.009542257381808911
0.01131383946137223
-0.02613842587848918
-0.009540923075269108
-0.005662729755304386
0.013057710051149564
0.03396152363414229
0.02127486929901454
0.031484858951917105
-0.03572863999433977
0.04520687330238774
-0.01212246955492914
-0.012448184919324652
0.010136302200439373
-0.007364101587531789
0.006668168688621685
0.01553729888320309
0.008971596908470074
-0.026444242080288418
-0.022174190836120246
-0.011073075117380276
-0.018602383679077995
-0.008185616331886197
-0.0563216461827393
-0.02632152852629305
0.05250009399624273
0.018330822995778928
-0.02634359690842457
0.02225662275461917
0.01229159408382495
-0.0006887974515360321
-0.03192898256981398
-0.03560419464653818
0.030588135260320188
-0.003212924118957162
0.029445543311927506
-0.010988731923018046
0.023911394024422133
-0.00207004525235265
0.006558768422555056
-0.0019017823600164395
0.04713458985557846
-0.036205732764979445
0.0026894489053148314
-0.022531998465228055
-0.0008393819746885474
-0.021522773422542843
-0.03638803902530237
0.04224510625646265
-0.01078179676219971
-0.01355366118626763
-0.004084180836820595
-0.0585305421139525
0.01337282716570137
-0.05917525182015162
0.006610403389809783
0.0034046580485218164
-0.009875791054740478
-0.017227707304932643
0.0025922769302755373
0.009876772314311241
0.004689437502744355
0.028815112543007653
0.04136864690613252
0.006669940032783282
0.019938170368811698
0.01453035410036838
-0.029291574666663166
-0.01639969550826207
0.046418312712171006
0.0072250990206193235
-0.013173401216840037
-0.0022789380230953103
-0.003631824798907373
0.030455691456991767
-0.023074946350993487
0.0041315571270346164
0.016309253616420286
0.016026200282198366
0.051198508970133234
-0.017043711276737088
-0.013002527331031808
-0.0020306329859028447
0.03699090320027814
0.038972570081597616
0.03177151095072387
0.040567872134298896
0.02626495644086509
0.0217936380302212
-0.012923506925884464
-0.00851397695365945
0.013571872362650188
-0.0136392595036353
0.020517997809080746
0.00012774644959279402
0.044358196519320124
0.05220357709033953
-0.015747192461199478
-0.06876693396464126
-0.07976616913967643
0.003039425531269707
0.012799254334657274
0.023721611705251534
-0.02702177460072406
0.03524794039677776
0.048126151227868647
-0.019091175890944424
-0.0546229678197477
0.02348964306868143
-0.04590758704448821
-0.04713829131401509
-0.014520402084142715
0.02549621109205094
0.038049415097211596
0.0019023098752268424
0.007518973624317447
-0.0024561074787529044
-0.012664274513775923
0.00254496361671245
0.006617112941605058
0.012651397123178683
-0.00443422106795941
0.013782963900944268
-0.03427211042349002
0.013662430777934699
-0.02697180177681619
0.024289072479266826
0.0425759645656743
0.004808423616182319
0.02889398438785467
0.011717213476365696
-0.006323262242091865
0.024837789753221883
0.03657192548705833
-0.026211554623287846
-0.023305673245335556
-0.0300593465589348
0.005519174056328003
-0.03751482562775886
-0.009749934797837324
-0.007888992471275757
-0.020683199147202576
-0.008414182099885288
-0.02578114898761922
0.016351136957999925
0.0025053247554449472
0.014176630962729024
-0.00847547822993614
-0.02999522479369969
9.797998103702495e-05
-0.008663771743733254
0.004283990657262077
-0.008827733324696043
-0.007374942363694095
0.05033116666846419
-0.02931339133659334
-0.058703830493163446
0.02628182252629258
0.024567610442942978
0.004233991000736284
0.019021848761804763
-0.021751821040261143
-0.023165732464043808
0.01613895095528999
-0.00975879623714481
0.0141416060758855
-0.013255545897662101
0.0243005415883067
-0.003790709781538524
-0.028796692974646487
0.003177877196682257
0.06956629235111655
0.019117463385145476
-0.005805339103678916
0.002067414487765116
-0.02101546932535607
0.009036479249810322
-0.0006043835532579171
-0.020273653801006538
0.02927468675638975
0.004429863222440735
-0.028879102633880327
0.03057590823185906
-0.011731138071004113
0.08092916989507487
0.00023652189260478155
0.016072719135348516
0.011186576060822498
-0.002209530549664136
0.002515694475236888
0.018608368113871208
-0.00635577023747992
-0.02208254138758896
-0.010893065764947028
-0.0004799667166796137
-0.02512378932740895
-0.00421003835293886
-0.0020196538458321983
0.017239693899347427
0.0148726927231215
0.018490818836518447
0.0434697382787889
-0.03699208985394409
-0.030747939503052543
-0.01649431384268399
-0.006356743447216589
0.03079412126743026
0.0015104567552227059
0.015137235104225152
0.01991542162699718
0.06343771098336567
-0.06511589949913296
-0.016040190794304268
0.0029604788463528054
0.007540865877840626
0.021670956500924054
0.010721858877391577
-0.05927513948513874
-0.010595649044265335
0.03150513449896594
-0.01638340005249076
0.03065950817416566
-0.005069374492279923
-0.00039484444666926027
0.009283179236970572
-0.0007095343104012257
0.00292815274657707
0.0035298746893660826
0.015621236655763019
-0.01190548042740108
0.02216453844636525
0.016345426258006814
-0.047576421016018944
0.09329486975405689
-0.014767068199516844
-0.042613220090609284
-0.05831565189556225
0.009273901489601865
-0.04858228503477819
0.014832173233097401
0.038561814342118125
0.03989326766795786
0.03095436470535026
-0.012403689003411881
-0.03655360693744761
-0.02770029833389731
-0.027174406100579123
0.012822076610439189
-0.021071909387599137
-0.012830419440430311
0.0464417272218058
0.012399559745692752
-0.03538994622090781
0.03478490593736986
-0.004780679501658914
-0.012734815796399448
-0.024300112406690475
-0.0002077948084468805
-0.006417151596244928
0.06428705865192455
-0.01836570659264399
0.006534231904665291
-0.008333641450869927
0.042610798671796166
0.039638745756808674
-0.000583572088025951
0.014768729455999111
-0.0009976374094027125
-0.01986013609306696
0.005223630193082853
0.0033670973926488096
0.015546361610499413
-0.008226139252823913
-0.009077354103899773
0.027804971934917197
-0.019429555037219617
-0.023793864732866203
0.010413807451971527
-0.008031902270819
-0.020469229628466794
-0.022603021499609695
-0.04764120132877026
-0.02952373887941556
0.0035362000046350824
0.023970592241083048
-0.001201046417860416
-0.020548991906688505
-0.014099947546129412
0.008119110256236088
-0.005450867877244592
-0.019757397775844777
-0.01169010452336045
0.08254016077146371
0.0638631962062419
-0.0032434586687453038
-0.03312674878014876
0.01707708310054674
-0.01900083028484298
-0.020113040789711226
-0.019400827440059314
-0.00409927475307205
-0.07658500679597872
0.02856762505828416
0.01633119172780533
-0.017606305911707695
0.06582113871198812
-0.013532114888942482
0.0009045711444184747
-0.04155251584811844
-0.011884415743435814
0.02641925297394259
0.05039706074277506
-0.00034060632701248575
0.011239659214407928
0.031204473429316287
0.013658437554288326
-0.012719029339843034
-0.004191105838673538
0.03302031073278481
-0.028366128260857985
0.031120249114666317
0.031627792967076476
-0.050745100868510376
-0.006578888417203664
-0.010698515761161684
-0.019978826126752117
-0.043124288674780534
0.01648295672549744
-0.020603050286564964
-0.0031605579047128507
0.10577412043014608
0.00010282032679813656
-0.015471395109378467
-0.028046803521030367
-0.007366650701618405
0.005919966635509907
-0.0006228756714418671
0.006577042631262495
0.00742916974168684
0.029981482785993507
0.00892661512062508
0.034465598785377555
-0.01973647437340449
-0.06812719131782627
0.03973515587402634
0.00416659258682028
0.023497799371410485
0.026276225351089377
-0.04313802145209632
-0.0061410525897101454
0.012405950421793342
0.01150195205012488
-0.013745812475210265
0.0008542954556105398
-0.023209431724848628
0.0012010118501563087
0.01748828494471778
-0.03205888851891067
0.0037226839628335478
0.009174683841566951
-0.03381917643453459
-0.04188197169075194
-0.031195498855789355
-0.05430411110858335
0.038738618975061284
0.010110803188677811
0.03124359324819987
0.01420135245334576
0.012118584948027585
-0.04556551722090565
-0.0037318833746722685
-0.0032643704933107733
-0.010863317224269763
0.0004976840063353321
0.030204204932786798
0.0026651462597654975
0.020127966068597444
-0.006294578235821356
0.0603388071466718
-0.047376816003415936
0.014001610790912888
0.003995159827211652
0.02763426544629961
-4.613945324240079e-05
0.021447389941569826
-0.021662512808381475
0.024332585546621134
-0.04084703002994724
-0.023446277013995282
-0.04164445214386249
-0.018357161857143936
0.0074772778020649605
-0.01703908418921957
-0.0067250384901481825
0.05024701895723648
0.010772521875765446
0.003444519843919345
-0.026224995688727517
-0.06223971604837061
-0.046847981082395164
-0.031952327275725126
-0.01882740293748579
0.0872114416139247
-0.016698171857823726
-0.045997584474775095
-0.007496838120868332
-0.05439142710412854
0.034467937662317365
-0.01329529503290088
0.003580389559184955
0.0318162572172058
-0.006631860864213097
-0.0373700475590597
0.04263850102047721
-0.014671775969053722
-0.00861304903250485
0.021342881121516125
-0.004827390343886252
0.010017290338466992
-0.015396670644151988
0.0010357014697388147
-0.04013773548456977
-0.017092102355171477
-0.015014929632802118
-0.036351275395548985
-0.0096339366183523
0.04128450491407027
-0.017992963089951377
0.0331450979551375
-0.02059901011490695
4.250085134880014e-05
0.006724532837699391
-0.039077982979328234
-0.006972199300954572
-0.019954495016764086
-0.057605516160887826
0.0019844465869466705
-0.018111536869664942
-0.00029843674117979783
-0.02197504613577155
0.0031120856763078224
-0.014043673003743472
0.025246243722384074
-0.012656270678637074
0.023099317016002555
0.010120088905446972
0.001129018196424203
-0.03197842215092578
0.0261578419551298
-0.03477523372510606
0.004708328247546756
0.014986725874932024
0.023078230916667632
-0.017304591074527143
0.028495204950448935
-0.07616189577271239
0.00789883481502441
0.03071441688786739
-0.0063286364636912715
-0.04638130410427857
0.051651109064902334
0.023678864070707795
0.0110309223537021
0.006370058954293274
0.00790438635654448
0.02184546054684036
-0.04907261441199735
0.03568640747598637
0.03197066360372408
-0.006280336899258275
-0.037722405768076644
-0.010156355193747257
-0.025569925477127595
-0.03617075677459947
-0.00723068080765182
0.002762197723637808
0.014287451181789122
0.0007686479685910941
-0.047739915546873915
-0.021409740705005245
-0.02985866256848442
-0.027982718675246765
-0.0007451387304125937
0.024926111051391604
0.02209714466636306
0.01268914587808774
-0.0377451579171086
0.016834151278159182
0.02284604455299166
-0.05215474581589778
0.0019132752759577784
0.0004728403559282555
-0.010466930375521035
0.008370441776901643
0.019754281585270525
-0.03933929186934559
-0.02843892182084335
-0.03326866230008007
-0.02247653180369247
0.00697886168656828
-0.011722120916470785
-0.02065543571389687
-0.04528338817706683
-0.04816899654747155
-0.09143698261956712
0.0036800493129210458
0.020482842691724967
0.030214655986124706
0.02405658425001706
-0.009425657705525678
0.05448638901926503
-0.011311973530436708
0.0011248928967025824
0.034330339350473665
0.02365476566410785
-0.018646829917126895
0.009733003672258902
0.01015206875755443
-0.0070245921575198475
-0.04509594511212818
0.016143380332220854
0.00913839239251269
-0.005981723881922356
-0.01190326520739813
-0.0035275535605226367
0.05352244110755784
-0.0008902117088542108
-0.013084654412549999
0.008101355096306197
-0.0053771885894154615
0.1034670061113008
-0.026132934564506133
-0.036635280973861956
-0.012497939289831296
-0.014238540438121072
0.006308926613253377
-0.019321085343791993
0.04315836677110288
0.013758636614287384
0.01436588538616311
-0.03194254630003189
0.0015725803465741577
-0.03029951006296598
0.0015532026314271162
-0.02836015628565842
0.008421221279893245
0.022327014960904532
0.035632039464916075
0.04329842245707193
0.005495629629760623
0.04262865049306478
0.005209485753822652
0.008958260654606162
0.06512544793205904
0.0009377309285914557
-0.05200347254664827
0.011692933742052589
0.002912675795951167
-0.018061557287885055
0.029015447785223615
-0.03150110812429663
-0.01693084070944294
-0.010189970553682799
0.0020641785780373375
-0.05102427647881415
-0.04349571538091989
0.014369183917048632
-0.06722438262730579
0.00487362230878201
0.0076916473176747635
-0.05202091286592947
0.010878286612545085
-0.03219688974662155
0.014663338465502298
0.0056327908189378354
-0.015804766571814288
-0.022888050127530393
-0.012481631027520772
0.01452000926087735
-0.018594517502629044
-0.0118274978078203
-0.018384784766831613
-0.053568927749484366
0.015273836241517812
0.04014184325315834
-0.013654685180349258
-0.05272773915815835
0.030543102779156693
-0.04109411535819392
0.048686387671968284
-0.020430874125786647
0.0750960275040421
-0.0047881123091035776
0.013536866303587212
-0.02194091713362758
0.015838056196841758
-0.08859014254980838
0.0035239336400793076
0.04575669175773115
0.019313080841813435
-0.06472125081175867
-0.007134745513762913
0.06427659184332254
-0.011916218466047634
-0.00041080830705818994
-0.05187703296178469
0.03769809840129339
0.010599606933476485
0.016570467455231698
-0.006867608098372828
0.0005425722717772423
0.007155800564605473
0.06146923014926779
0.014179919314185406
0.02035089124860457
-0.007263964129119572
0.017897444438373055
-0.002125804545906683
-0.04374754333347811
-0.003182301677787939
0.034002396669363597
0.008018946735344968
0.024574639293119767
0.008775680770458887
0.0035528664889974766
0.01381854772984553
0.03035964121721349
-0.01394268890692594
-0.02814145882268831
0.020066102851835625
0.025362045693515453
0.05334272682627385
0.006675563635289254
-0.007289881223213383
0.00859032156767387
0.018037516913818337
-0.07604759151990347
-0.014025149214321882
-0.03408864484549048
0.03203719371197342
-0.0021633696166167603
-0.01330150273705457
-0.026223901111938848
-0.02464959027926759
-0.02034754491114114
0.022788696941334
0.001286903739357935
-0.02429931656695684
0.030514596275674592
-0.021708209169099376
-0.015631491698073565
0.045029791320669234
-0.026461749330234752
0.017801156209791495
0.0017853088199193596
-0.016197333805808515
0.005545926539616311
-0.024017802771978743
0.0108250840583469
0.03438038700050768
-0.005348250563470736
-0.027066333293986503
0.01658012392859046
0.048890314199687444
0.016032245618278217
0.029460319800686568
-0.03224640022170561
-0.026343693113286878
0.026154680671048248
0.010314788512515166
0.02391512371898767
0.022299101986856824
0.016425626105292395
-0.01793874961854799
0.04423268373146052
0.02442582306862416
-0.015330824797930112
-0.007879270339079699
0.04759690549910319
0.007500046836547394
-0.009216675998976614
0.015892397599029644
-0.003675676621236868
-0.008864840293866425
0.019167670705501395
-0.03526544697312432
-0.023519739847597223
-0.07596368763174426
0.039698137826513866
0.013454726673793353
-0.04127417383024001
0.07035635357621567
0.020299258531997568
-0.024335137152574952
0.017846959279561283
-0.03856848618801408
0.009171679898074858
0.03558088763193793
8.918760718033262e-06
-0.002439181045018703
0.03186948701414166
-0.03881041736683576
0.010617233594481018
0.014180137980313192
-0.031585958061929625
0.004017033320498286
0.025964079176689546
0.013897617242979318
0.061932721498132025
0.09287348481669963
0.08190232520511165
-0.029279417262295774
0.023424732071000515
-0.004331523591253753
-0.025918473401518424
0.03969773365728674
-0.016860529373658707
-0.021019784398471845
-0.01881822300041729
0.018375999471158005
0.01784986824919341
-0.016050681907054127
-0.010749134308274318
0.006843445224010493
-0.002073626677374687
-0.02235702445843476
0.04924108314462078
0.012675670902375162
-0.0286738263998363
-0.004986503947015713
0.027880279189389665
0.014971482495667812
-0.011800284222199017
0.010123781637794968
-0.014903212989319004
0.0028596065525543384
-0.028503890971369954
-0.011516021773696311
-0.05650490802756135
-0.03420641481056965
-0.0059493107904562935
-0.010445371514215545
-0.010907270664734204
-0.025507328680373895
-0.020027081357554544
0.0011557394033103094
0.004150104945412641
0.019739807860408486
-0.030231909673769604
0.02490751211998246
0.06101404545771554
-0.03880862920471205
-0.00018579391480309833
0.017967499499153182
0.02219076404180744
-0.022380031368229882
0.016854775708249895
0.06413642463235697
0.046784970652629154
-0.011664174963333747
0.030160022355861894
-0.01210675644254807
-0.004243310369255778
-0.007027170757214927
-0.009423547122139228
0.019384392189660496
-0.004866051907132513
-0.07819263849285046
0.012571864465745824
-0.0007095545960240443
-0.0021189212747922312
-0.02112032166314715
0.04808016840904013
0.004221402952125782
0.034403602752385416
-0.006197736849871873
0.06186704169822561
-0.012095595597493698
-0.03312068325257449
-0.014274065652804363
-0.041618075632101764
0.019014046791960258
-0.005683205456291684
0.013436095653597439
0.0032001016229232793
-0.0387447132966851
0.02288587218804355
-0.0009827434831012668
-0.0008936060828232129
0.016630749635591392
-0.05134607228974233
-0.00380430586076038
0.026091995891893965
-0.0064640066886756204
-0.027114952094625118
0.0007620309129821944
0.003007926674619895
0.015033568554122011
0.006618513201558846
-0.008675737358929991
0.06360491472310027
-0.01478281390693437
-0.013376889806852262
-0.005209359706216226
0.01365491314196711
0.007133038877948377
-0.010949090519275471
0.01212863297038311
-0.01068179490396482
0.012792906809475705
-0.02069401607548495
-0.022341964400292597
-0.025466342662417037
-0.020609034551363613
-0.0398029353965641
0.013165493472155452
0.023045235252316786
0.07775748518613368
0.006109016657558912
0.01086854082635011
-0.008605924715129547
0.0025563075083796043
-0.001903521306970724
-0.016864604796645002
0.0037005573440127794
-0.00790393771097117
0.006886028183166365
0.06553478336054377
-0.02729990842626509
0.03856566928941088
-0.009854288745440871
-0.0005629221291346139
-0.006347542981024496
-0.0053286118474629275
0.007025316065457422
-0.0001677571555553158
-0.016839252829752606
-0.007112395507708244
0.004102522411646048
0.0008871534819454635
-0.10285046232691526
-0.00978047441827532
-0.04333427055274659
0.029945509235225928
-0.03562390509422588
0.0027972206286672493
-0.02027250273906784
0.018094733046295473
0.001141220311225279
-0.05839541970496276
-0.0800603365413185
-0.009569156075079318
-0.008426648571082081
-0.05108563663992672
-0.01043039092380721
0.03558126670793644
0.06332995960819363
0.009442739687317903
-0.017307283415444175
-0.00555879599098705
0.012991115312779442
-0.009976724020231401
-0.07841827670321642
0.014157710883875789
0.004523206070779171
0.016555581604057047
0.005263610063801111
0.010367419125849944
0.09071162668741399
0.030582685406702222
-0.041624549614313645
0.012939181366721245
0.016348456996887348
0.04745524023139709
-0.024034868543749793
0.02068712342293058
0.027202757059552805
-0.020912020009816904
-0.09122746280968438
-0.015890398178238868
0.0025439061277065466
0.08346778905897187
-0.0017571111351530873
0.02685136528264168
0.11743296651467351
0.033310993596245196
-0.03254455607271485
0.04651276910243766
0.014626480675833437
0.03266693619009149
0.03830315238654691
0.011085438876584029
0.02428245294645848
0.015768692260743022
0.02498896616562681
-0.01454445141303095
0.00843169568549975
0.0177326962726997
-0.005834801118634921
-0.000542771844298087
-0.0005464522167515038
0.014294744934502866
0.018434637633342514
-0.005117351957187988
0.012882708091532524
0.02488575928263205
-0.03971306299875564
-0.0020985468113827047
0.022745317547407738
-0.014328028120864773
-0.033138039967277017
0.02075715762811308
-0.004139554626151825
-0.015504297324364572
-0.02052194659370313
0.023944546194445433
-0.018630631597418488
-0.03263310426536565
0.03407238177968295
0.015066323175864134
0.032947726264811336
0.02563187720368074
0.006237048678124421
0.027855953223532764
0.04869837921814527
0.03970267992250361
0.019745028887606292
0.03143232161382718
-0.009462013048725584
0.037056469579942575
0.02022464435459852
0.004659381518562272
-0.005069186050950423
-0.027278473546192016
0.021045437136993708
-0.026273456333597945
0.02761029158571011
0.023562815259777558
0.0033308802493081024
0.06536208172294912
0.021904759468400186
-0.014855136570887016
-0.044877879069043
0.04758088956369702
-0.04008631540359096
-0.04658223236248128
-0.015483593414701347
-0.004662238713172473
-0.0068372671329842765
0.007385738866856232
-0.04019288852228786
0.04434104639092078
0.01643474958284119
0.041044208018942686
0.019026434532822056
0.0073281182002728
-0.020644627465087866
0.020177216288104816
-0.018723705145402062
0.024948578949189427
0.011831011805829128
-0.05543012016150893
0.04294774913166348
-0.03723237881764071
0.01019084354948993
0.014084430127777058
0.07677975787669622
0.05996343974251221
0.06780879007200388
-0.06288505019625713
-0.039644493280820155
-0.01063676250408111
-0.002469328264483918
0.025041964346537524
-0.018640514845912
-0.041761781812418984
-0.002820657490911691
0.014152354079940305
-0.018823863450332635
-0.005142081532655042
-0.03760710638311153
-0.018114807400872915
0.003782782888020189
-0.01187347043416658
0.03167078868975442
0.021361779841674554
-0.011511043568390973
-0.01645957693912373
0.009325607204294867
-0.007792785335416187
0.02976292369069039
-0.014879866147436395
0.011492301124784705
-0.05358763981111644
0.00045479643863819075
-0.0013050000775904835
0.006234240287698544
0.0015159185945391347
0.00489388553108505
0.002851809574971809
-0.00449353502553764
0.023336305570381827
0.0415422437388759
-0.04803032238619582
-0.013418137174511048
0.007554326246995996
-0.018009436341587817
-0.021587204339746306
0.006878325281553156
-0.02337017280580413
0.02323604236314414
-0.01895197143854592
-0.03482077886593285
-0.003481693438763697
0.02185517953053302
-0.05607674801366016
0.008067921799953096
0.06272187675662819
0.05469305490868163
0.014990325776286251
0.015797312660367643
0.04715200631088371
0.00703903338729754
-0.011598913037238945
0.003891788368689052
-0.05286111124539042
-0.03357224311083479
-0.024508025689763343
-0.04709599931550887
-0.0035659554698641563
-0.00807212728792272
