-0.037686911809319004
-0.015103908080307267
0.009099781879067091
0.014701360999088605
-0.013680419283232005
-0.05656898546931301
-0.01614126451673439
0.0008817328682398175
-0.012738022724279874
0.008521001602361928
-0.02063515913546266
-0.009198857711255172
0.01554329172758578
0.007849834188809692
0.03075369085996142
0.03570975297627372
-0.004039354087851948
0.0010608155480348524
-0.006716903636077387
-0.0042106927033433725
-0.02644181374583308
-0.0014952229018849576
0.020379374956277466
0.009701930224594134
0.013003077056954204
0.029545509285787155
0.019341695077101536
-0.0008280327991392313
-0.0008299120369637014
0.01571203272368377
-0.04204346719746087
0.009997423868975697
0.0492598503411103
-0.06512900398368543
0.009563106821784413
0.03873916869867205
0.014056702016809213
0.014625492806686192
-0.012005867882966991
-0.014709192632682356
-0.05143722015897125
-0.018916271642414186
-0.013109208095113527
0.04009529092714161
0.021956216816819033
-0.014247539139604287
0.038862646179129705
0.04083070530433264
0.03244126253913819
0.024612984869048
-0.03363101588715792
-0.05085651134533328
-0.04339876671556691
-0.07444316803837756
-0.014359253406239966
-0.08670486542529367
0.014165879272847832
-0.0017948594978330606
0.042648275000218214
0.0020946406977920013
0.024190632018360896
-0.058170287497710915
0.018993433203688542
0.01052101238839665
-0.014458095644843046
0.0519800887007
0.03483500206760307
-0.007300518366312879
0.009704337085570752
0.030552906794424975
0.007989451769288627
-0.026536854734561483
0.021334686068870203
0.03736234236687454
-0.0003268142608665648
0.030345213226968763
-0.009022917824928922
-0.006479600484643055
-0.0013635035957901178
0.011250334782122753
0.002518898359079003
0.0008935504675745507
-0.021716022163102228
0.001215470122682479
-0.00020558194765480327
-0.018085195114440546
0.022625837500121527
-0.02047298416562169
0.035867056047170776
0.022498305665931938
0.0019760166356787632
0.0007697366356953366
0.006528560470351653
0.002880216812818635
-0.01679036282550035
-0.007493430145552001
-0.0763178089719041
0.005889172218141894
-0.006192005537922729
-0.008264524793061383
-0.007832318527665251
0.0436443728089277
-0.014785838513053465
-0.1918035061367216
-0.02127655432399477
-0.010319262246737168
-0.005841342039911453
0.010484374092798957
0.006513446180129029
0.033991309665458685
-0.058927179607633315
0.0019080936191943774
0.012607993675742998
0.007358051336974689
0.02616278369783334
0.012246590324283279
0.0019252015052560593
-0.002560927170320681
0.060313997286294795
-0.009913032016401393
-0.01640347101123409
0.010748985692523732
0.015541035472295763
-0.02401439487116126
0.007626480142994879
-0.0069044260064633715
0.05726578566628392
0.05954181992415966
-0.013999052727818923
-0.013319045099574768
-0.062069244489910795
0.010346744097130045
-0.011603819036838952
0.01568454159200311
0.02376927935334043
-0.0033920694528257944
-0.01911439847939729
-0.025613554821050256
-0.028499264600504018
0.006412078227422243
-0.020266289546142038
-0.007483420546373768
0.036385087339857715
-0.019478689680962582
-0.012395086375535618
-0.0020198012518609374
0.052361639771529536
0.016816018369693642
-0.023486358190955906
-0.012356292244784224
-0.08104480735714906
0.004310421722811499
-0.012249325896376369
-0.009991471570371967
0.011442728864899502
-0.013912472999810533
0.012894573639373094
-0.04196683465185468
0.02951427066855434
0.04400062776224174
-0.015263643354259717
-0.019134925910877256
0.005901582294798076
0.00396321410861886
-0.005365933518332131
-0.00868102564827346
-0.005233848932676922
0.0038399034336193912
0.011752419011846
0.0015560310777693559
-0.02038749486900093
-0.0027574166707183528
-0.0010842826250370067
0.021202782141503642
0.015184820512406652
0.041443745852488514
-0.019072047127036293
0.013853215316672435
0.011505768898842748
-0.03539094688186631
-0.027289163980789868
0.014069413584017986
0.014629894316894633
0.01386112287518942
-0.006715528886460536
-0.0002851531461752085
0.009015362349484793
-0.014166791203585927
-0.029707160627898105
-0.006990550168487155
-0.009372477471714172
-0.06588664194267776
-0.006544668134187201
-0.0027966943109851974
0.02085381272308149
-0.03931982576092204
-0.004510942819912906
-0.009081478727052632
-0.005948039479452231
-0.01571461712679419
-0.022443048009170987
0.010706001020748456
0.01404323500579994
0.01196856363782713
-0.018457672229235157
-0.010476137049137465
-0.026466171262254232
-0.030623237045111617
-0.027732988960828837
0.012941642083873625
0.034531913189062735
0.016444267223909948
0.010823254733990796
0.0032553527243413937
0.0013755291192360042
-0.011076769317681095
-0.06923409524764439
0.00438998185847792
0.036756443504941456
0.04151951322195834
0.0477749374408347
0.018417979577120172
0.030621025936631064
0.034343161937596095
-0.0077435380501718765
0.025576251717906937
0.003582001843571845
-0.02835935009316607
0.012505329394816469
0.021677137080234006
-0.012006261794305223
0.0017781501585216162
-0.02578292230653213
-0.0005516758603648104
-0.012268833369407154
0.008742646174011619
-0.012064437629743791
0.03774491019227913
0.026188352721830944
0.015509625546313112
-0.027868117257608748
-0.012513237644719495
-0.013532039297639839
-0.010525821207432371
-0.026115040851192706
-0.05710239942179947
0.02945556332251122
-0.0492964618357999
0.0017842869400937031
0.01735150423700398
-0.009392724284348918
-0.007733601243358211
0.006137069959319362
0.011278865415432765
-0.023143300770265416
-0.01945873113901494
0.0519182778263477
0.051197671558037415
-0.012859438142672104
-0.01275722689336115
-0.059674655266532206
0.04695369300095578
-0.005220454319170498
-0.02373829889395831
0.012782335390899997
-0.036129390685626456
0.013089971420352476
-0.002644268140256754
-0.04883616028907112
0.05326902240794017
-0.010848089383762903
0.013732330664614469
-0.026059334412310557
0.013144768212416575
-0.06714909082643121
-0.043304131545353924
-0.006816666587038428
-0.005354542345622422
0.02735988432546625
0.00500699869936654
0.004506841180815922
0.00313968760818367
0.020138322710487558
-0.0268898487190362
-0.003493221556557909
-0.002253887652680357
0.029536129599934305
-0.013182740903000588
0.0004997071608977932
-0.010583753401332384
0.04977945858202264
-0.003828682516471274
0.01562626274489375
-0.013927909607332454
0.006846452566969779
-0.006612412570821929
0.01981686268054751
0.004832499175269323
-0.01395099477712547
0.004613978012308271
0.028230241936170714
0.028555140197070915
0.024769543840123392
0.013681409321887189
-0.0021738606942268727
-0.05074289424174453
0.01756665904237002
-0.01707618798685237
-0.018211920224053737
-0.0316828915539212
0.010811245933003016
-0.009155279835842575
-0.02067039051350529
-0.04396436330504948
0.023229114728762587
0.024684141303992654
0.031498891149271846
0.008880021536393461
0.013385509627151577
0.014324019181054519
-0.018231402104191715
-0.011880700226785256
-0.0171626857190195
0.020536763965137424
0.04200491144221016
0.014832344698703037
0.028161950474375433
-0.018833623960996655
0.018041477410451975
0.009998131919419787
-0.004137524971253023
-0.00807887141734667
-0.003551324089914313
-0.031120369271836718
0.05132045787063603
0.049793146863924054
0.01832651538737561
0.030137410160631338
0.008238730645821727
0.06713647206028553
0.01447417240693566
-0.03507092770503065
-0.01991592818908925
0.05954254862057568
-0.011447100615872438
-0.021784107541066428
-0.03590338678218252
-0.021785935552503757
0.05591832309772265
-0.04592344545002577
0.0004804403374529094
-0.008237816885540856
-0.009383782903212488
-0.021735833838695907
0.011326495045189577
0.0006972350616622495
0.0036771997608423556
0.029830212439302173
-0.027439416221204726
0.006521303004136542
-0.00038508136849556203
0.002238976280049228
-7.773070960428958e-05
-0.005060034278866719
0.027543900642309757
0.009351206482306397
-0.017515793155506998
-0.002202080290038175
-0.01545989678314328
0.015111723228249592
0.0008362595425086648
-0.020391944679715758
0.019123650991708555
0.024342016018241246
0.05733877515634818
0.006871932966938555
0.05632950973391793
-0.003094054209950602
0.014731935012852648
-0.00022153192740627248
-0.002864964418069097
-0.10997808545207784
-0.008689833334042349
-0.03757783813186824
-0.01749958203336922
-0.016963341867712554
0.000690632307587903
-0.03022210884040451
-0.010217269806105768
0.03241687728885609
-0.04540244592023249
-0.02733387475340802
0.007271594387693478
0.05077795573400986
0.04294599263823172
0.002049570225248364
0.02493307915195345
-0.010095838673104603
-0.01126249841767491
-0.0015230988867680274
-0.013583317007881682
-0.002396275248268069
-0.02792301530553045
-0.022928311996711245
0.006024619312349193
0.01951149865807654
0.0024840873626520345
0.012550043413539876
0.020099601906912762
-0.02174075830968652
0.021975266804079775
-0.0098702064785955
0.012890347684251412
-0.02975304444811313
-0.05620021766270149
0.004287224889660337
-0.02104073660007416
0.031424821034557085
0.036953473023943834
0.022763580116219293
-0.04069768150874707
-0.038337072360301726
-0.030559265763133406
0.0258501304613508
-0.03956121715120844
-0.05768505306749185
-0.018633221476068686
0.023890478220121063
0.02827785992093162
-0.0029054152303647903
-0.011410695864207855
-0.014817566562483895
0.029178045256366802
-0.033261105089206495
0.02512498952931262
0.03537645613687356
-0.033042508640835945
-0.00679043501796761
0.01303504878260722
-0.0019237358706883899
0.024250765508601363
-0.025750386647402965
0.022093542828160163
0.021284573635696753
0.06838281068958163
-0.05161263566611747
-0.008193399121776447
0.03299921594019879
0.01539526943654806
0.02049340570653319
-0.0047209141261077645
0.00800812118537299
0.03097036080956282
0.03425601644188902
0.018539744850196844
0.03691374433870939
0.010960237714847979
0.02568232830292126
0.0730692350630613
-0.0338344635055134
0.049407798121811515
0.03051715363444303
-0.03442799267983574
0.00820420980435744
-0.048895270483974775
0.014376330354249397
-0.09092332295317841
0.0255497705108191
0.01768569339629831
-0.027558989953899493
0.033484889857674435
0.04723192240304492
-0.08437884416982075
-0.021425454475030793
-0.017091710587556982
0.03524289258370557
-0.05037145650808075
-0.03608330724644315
-0.03778084716531261
-0.04728257963052661
0.01018123190104729
0.012973894579510557
-0.04130992530149289
0.022146669824641217
0.005669719215895659
0.03943200115008497
-0.0006435940079078524
0.002880458880376059
0.04751325338048911
0.0034426773789520623
-0.016624615413222906
-0.041911434392489955
-0.04055709891345367
-0.004292508955844533
-0.002029578070004866
-0.02469785047309614
0.02608996902625638
0.023409009213225685
0.004717632490687411
-0.010338700835586913
-0.024975868861581593
-0.019443288311028272
0.04827417720080677
-0.05750020099706021
0.018773833636920874
0.027677313003743896
-0.0112094746002081
0.02238777183652456
-0.005055612862881709
-0.026195361778782456
-0.02703456426387623
0.016335712822126376
-0.014084591578909995
-0.005000376407157173
0.007100168536255886
-0.0031685340881084973
-0.07421870150469004
-0.017709214763938823
-7.105400804953938e-05
-0.008991142030414078
0.0016055512314844427
0.018144906764024197
-0.009506947173725015
0.01597934361711223
-0.0010688416424866503
-0.03436374551549148
-0.0020786548436731484
0.01945627555638631
-0.016436923616026625
-0.007822778635498007
-0.007025327987392494
0.009141005782855895
0.010073940856074617
-0.059320405376711516
0.0025512679548836824
-0.026402937436322743
-0.03851663563741773
-0.01611033270790403
0.015426204391773338
-0.02289886446775855
-0.0071758787214664605
-0.018773512008677974
-0.02865554866748973
0.02429129187990281
0.021217982537221187
0.002625984247070421
-0.009895157764835223
-0.04400085665570157
0.04740223859208339
-0.014817398273818741
-0.028896014536793215
0.006633134649320858
-0.005820148924301317
0.01738700551083506
0.038801556752771006
-0.00026235567859183
0.012662436697337897
-0.015017535793102398
0.00365604974483964
0.023834623254379423
-0.021100739430852087
0.006872084543106344
-0.0030989817925605677
-0.03169127524265153
0.0068220071221697645
0.025150147648461834
-0.0010958837023474556
0.01799047371152911
0.0159008209758536
-0.0126851180180472
0.031480151598110545
0.004508311726425171
0.0034503359188851573
0.009610809283578856
0.032685492232622064
0.04569396157878029
0.018690753045971193
-0.028529269428358192
-0.023858401124757376
-0.017991436783825598
0.017546406373059258
0.00765822333992892
-0.011082109212168982
0.015161011757659779
-0.024864367729100147
0.0017639256815430778
0.05172989030367387
0.010024066596228131
-0.02493211250930281
-0.00034709324400565545
-0.023056917142825813
-0.03740028204350666
-0.007690049646484829
0.009675005965682597
0.008498336690454212
0.043228740466904995
0.016509272327054944
-0.022318680717995937
0.010272654699184878
-0.0019853191145867777
-0.013457168478643424
0.06871728506335481
-0.0034129724454186184
-0.004589021265905016
0.0146237638522376
-0.021359614626923863
0.008688894811947102
0.062220880794910664
-0.004598681851775703
-0.021575299118248892
0.01111785065331422
0.0273811548410861
-0.0021406164765650697
0.0015799673533588242
0.01597058204840776
0.04671880523974729
0.001146513196604588
-0.00014202476893794894
0.021085476645670613
-0.011740678458914286
-0.011505402261050542
0.022353440173019528
-0.02005849460880151
-0.022086363083701252
-0.013114256083656906
0.01189011143671638
-0.006924788575041922
-0.02324878647936657
0.02099382670558298
0.041737590942118055
-0.00836498824886347
0.010039516129387948
-0.0017257111712340367
0.0278181943702704
0.013658789220483565
-0.020525398819736296
0.019180295853912597
0.007535637977511711
0.002411306590063641
0.04212152930415945
0.033809037121883025
0.026214068028622847
-0.012325381106658683
-0.022363203401098396
-0.019909620435246037
0.05836761276517679
-0.0029486573797454633
0.0035709433582670606
0.044543347922831544
-0.004128199313868182
0.022471575917749127
0.046574907928922916
-0.013738284345041521
-0.02506612877621261
0.013046999551591314
-0.03267089139259572
0.005682788904394272
0.01867172932578464
-0.009761286545817288
-0.009252361130551605
0.0049575623795343506
-0.006659965317165176
-0.01109575017916466
0.03598911082013966
0.005901994378966185
0.07893865388827699
0.026063715704414257
-0.021485547549948417
0.033189854001772684
-0.006029304409990982
0.025426870186066264
-0.0021837853118297427
0.020327185106447376
-0.021481593359071044
-0.0262067330892975
-0.08760770733772778
-0.00764296899060636
-0.0005606465661505396
0.04817162421711737
0.023757172954380276
-0.027062596321095478
-0.005097272108610564
0.007294460023954856
-0.033718890930565015
0.04593716636442368
-0.005708608128637392
0.01591325545190526
0.018700729121540808
-0.019609619369565096
-0.013405750047151973
0.004992167924425983
0.016148381517081898
-0.0008743781671001321
0.03404422193841043
-0.021732251597481062
0.040852251178479175
0.0014810024550511054
-0.001321376764085391
-0.03982646277135533
0.01490169164779476
-0.005429025406225676
0.019290282427764097
0.00038608034751104903
-0.0229629671314669
0.005933065957642936
-0.011598274643595833
-0.027926732120593788
-0.04144059604867502
0.04766060376302029
-0.02692663332977493
0.020560594247046163
0.003939284907126478
0.0005146542601723699
-0.01052035681811345
-0.014334678603184438
-0.06080789953516957
0.02205920825057294
-0.07497210726305331
-0.0008234758359799366
-0.006930181320937193
-0.040391456907539605
-0.01855507777144929
0.02215885058588481
-0.007936763118696429
0.007056528314791212
-0.004755042152595735
0.005255772274028974
0.002674027257501889
-0.07072069217939211
0.019667614357338433
0.007446435034058303
0.01054922534084169
0.008150734627854728
0.000483036770748271
0.014997690594007981
-0.023782629900820893
0.019765994080422088
0.04415009216427466
0.027866821040448263
-0.04022090774029425
-0.03407868323393437
0.02350586844540545
0.0005985045602054106
0.028999143590815735
-0.005168554397284545
0.011968232626705072
-0.01312527730518859
-0.030754059821108508
-0.030319324869790613
0.000847259033387149
0.0026164237992218607
0.016699033261804424
0.024269495706678582
-0.009670830411703357
0.014814868298358274
0.006480844123933569
0.024327717964784917
0.016396691856142974
-0.00702377602176427
-0.007623859537247303
-0.009164581578713648
-0.003864666870473823
0.01476439854330875
-0.12427824443910282
-0.06462657078672542
0.011246065317491363
-0.003540061075031586
0.010066273123644852
0.03322930054085731
-0.08689212613634419
0.011156765650705239
-0.02245603941665455
0.003227805352272705
-0.051374076185223355
0.030324706713423025
-0.05894935479511484
-0.07512256181072766
0.007250464795870012
0.028820658624642483
-0.004332302938929576
-0.05309540749252667
-0.036911113156004156
-0.012099154134936957
0.016555847631659012
0.012391275096927437
-0.04916742735437866
0.02220836114222445
0.021690309457804872
0.03135358611357886
0.01069885409119216
-0.014149376016817148
0.01589629823358018
0.011585817729507059
0.040747448289547336
0.03402935508094029
-0.006797440207000979
-0.017395962371481534
-0.0317122264185252
-0.01430954281282775
-0.01324171196581833
0.01503537189184618
0.018732619211672553
0.0489432096786106
-0.003040817362717488
-0.011439871395277832
0.05197175515834595
-0.008437596310444547
-0.005945349616156852
-0.013119593270650955
-0.05691337715263972
0.01853816594291611
0.07365300877194615
0.0166716700850832
-0.01189565395985904
0.04816304007141327
0.023686157507141675
0.05878535895019418
-0.0120518177333989
-0.0035800945327519014
-0.012489246708863866
0.01670157465507329
-0.029236673996045702
8.313062049083138e-05
-0.04224155953211089
0.004984321154856478
-0.005927199464484873
-0.0014592205736909444
0.01238037315191244
0.009129043855602703
-0.0008939949356818602
0.011482601653512722
0.00737102680510496
0.005550947544019183
0.016291900993164812
-0.009777087005529544
0.028939443195834757
-0.007991259165185623
-0.01697128045201665
-0.05163754172548132
0.007500439776379138
-0.01928452920729121
0.014772068127502163
0.06298186662526899
-0.008322366305018971
0.018433850210077794
-0.014264201230736342
0.016782334140624466
-0.051494046035942424
-0.0012943199433880618
0.02501756478539007
-0.043708480474290184
0.0014333950098105294
0.003306449334652252
0.02668309249749293
0.019561825123731797
0.032162955693592676
0.05132625757196404
-0.00037059106427230794
0.01807220209377152
0.01716225662600443
-0.040432535310233
-0.03718220106465115
0.014598938392338834
0.0659768774337485
0.015519644977083706
-0.05114734349365298
0.014164765635756265
0.03201837064544726
-0.01609974158599633
-0.046329387006786946
-0.054882443642634726
-0.023220989574752462
-0.026959643994462677
-0.034882725334333724
0.0022790091255966193
-0.014713496513734145
0.0018972501896928507
0.026747221823821152
-0.0064841795090892105
-0.05387744465334623
0.02020139154651602
0.03927655419179042
0.03131420635392746
-0.12219021213373062
0.02676657784659775
-0.03028550456480934
0.00033441720771560654
0.01585522751030226
-0.02810282648698055
-0.040553927943527336
0.04142922119287556
0.02793739293619585
-0.01552503074347208
0.004840129768531757
-0.008844514585811196
-0.0007336753230786944
0.015171152130074311
0.006876005119205549
-0.040293928390771734
-0.025917007611316014
0.07829283362396325
-0.038756597375294806
-0.0200420220478854
0.04315875289355792
0.027118913344163303
-0.07703981792334699
0.026306569668793824
-0.03882271187248973
0.0072549682008706574
0.0663454816785826
-0.012673725486625173
0.013843123259232561
-0.03651229470969998
-0.005824127535122423
0.011130376637443604
0.005640671507756644
-0.04923647530243161
0.005767118919079835
0.0004656999016680798
0.026965385284112648
-0.004239209914458869
-0.00965898479768809
-0.02116543538863943
-0.019966883910613586
0.01596758911245488
-0.0035814878393232307
0.013203056433866597
0.004300381424421524
0.033832608623410906
-0.008088049373823685
-0.0505842131284002
-0.020288179228673413
0.005440255498126565
0.024743949701467267
-0.005215964139369432
-0.01958617337062772
0.07208818847491633
-0.005039958220552841
-0.03244832449176544
0.00950404024681398
-0.024839531979154242
-0.0317447373023695
0.018124132683440618
0.009828298166722184
0.02274827880126478
-0.017130492037232325
0.0018841429086973983
0.005605343674623793
-0.06518723982495427
-0.015544881568346202
0.03174749693220611
-0.00080190558414675
0.019756117377123947
-0.012216695644880515
-0.0019645250050299734
0.01924161519972775
-0.020369142525279937
0.0316716835089329
0.011875217574600801
-0.03737258593305861
-0.0900374507353287
0.041095589809610956
-0.08456704186279933
0.03293698364299821
-0.004388919998841899
0.007397018149955024
-0.027674612749303877
-0.020637500770964462
0.0028478844953779914
-0.030022695616877502
-0.046787151075799165
-0.09280770735334554
-0.008372761959690236
-0.005363547641159509
-0.028950953831002445
0.003915962232412808
0.004809647507338683
0.007631197947638428
0.005283179722459381
-0.010243288583512561
0.009471368974988943
-0.002666476382879173
0.016367164290153155
-0.003991761697983227
-0.045599509839173186
0.02425941296734275
0.026179368129369312
-0.013647362720494091
-0.012310123827727233
0.014352416966238239
-0.024005442586306793
0.04836947137923873
-0.009607864901421397
0.045681618935532645
-0.020346696836091877
-0.02876479880887374
0.01848173946440958
-0.00023118918894093592
0.011138741449736802
-0.010254358744071696
0.04251943689047717
-0.031156172388460645
0.060994987644578724
-0.013877964648237725
0.03685927200896178
0.022475078949246996
-0.008276449897846563
-0.01268340365546068
0.005616187100289396
0.03661267883034427
0.006646758051199587
0.009247159735267461
-0.014375900719085082
0.05024003399448802
0.02161870654370723
0.024688052515402924
0.02653818043146246
0.011733963494266447
-0.0036898498215483565
0.051943106818392926
-0.03599324653877236
0.0005132552984786315
0.02561065180692014
0.018154112542908996
-0.00041574425360021733
0.005693071940606141
-0.010961879644953588
-0.005785095029839434
0.03467014907300202
-0.009594122114966195
-0.004890853608548211
0.00747000163045908
0.00820228795043415
0.053233569146524
-0.07164817030309988
-0.058748542840722014
-0.04471116638991056
-0.018552154383605864
-0.004576631039090429
0.027730141735811033
0.03162334488403248
0.04546294090712936
-0.009188009084143686
0.023818910402567593
-0.0013434925144900766
0.014252908744836083
-0.0656613647367023
-0.012321552754025243
-0.01502303880463031
-0.04320692492794082
0.030124435452297316
-0.04275188295554292
0.0013566486091209254
0.021702725699279196
0.12890613855735114
-0.01198861808717761
-0.004683771543797758
0.04113838762839011
-0.023742093769543688
0.014377125919988456
0.01980397445902034
0.023619984041839823
0.008691637583244653
-0.004777542487757057
0.005906576039886535
-0.03883693844356635
0.004445984247757939
0.01814545002760958
0.009596379605965152
0.028577939790496044
-0.014995703082629807
-0.04546278866921377
-0.014485929821646973
0.01926831994945882
0.03338897551170385
-0.00744809922700647
0.01978613427829185
0.00018204355694194447
-0.0390751037763477
0.04876538677911378
-0.02495254738919653
-0.017754265610266193
-0.0034068632883565734
-0.007727329330394562
0.008912510671952905
0.0022803904779186987
-0.028277878129905502
0.009161379283805941
-0.0034804017913217956
-0.02608137620688841
0.05168772591495401
-0.044345086766788167
0.010901267040771453
0.0034369016132332017
-0.001756610968950025
-0.040797131884595175
-0.0076556390910870135
-0.01918833140498185
0.012492516778826006
0.01637518648449699
-0.043710025821924806
0.0005905587138539997
0.007716250332341552
0.026220592066379906
0.050491255684929855
-0.04191488457468317
-0.008746690946825605
0.006212486570328699
-0.0020573813612037887
0.008023358093699634
0.006278043285265426
0.012735419732169932
-0.013136993167227691
0.015963009337314638
-0.039260667217630565
-0.023222069080302405
0.04572324804796364
0.0193327299173412
0.009480391791262529
-0.039956518988687045
0.0009365345130680183
0.01270586886392446
0.0016909115386385747
0.004793925690205623
-0.002639565468538039
0.016056831720905537
-0.034032670035726666
-0.005022832658967509
-0.005999613076813974
0.000523824222802527
0.013752207080740812
-0.05148457317089115
0.006351031790203999
-0.012388856844520887
-0.017362003579177977
0.037006353348958465
-0.01934454303878735
0.03368417181753848
0.009653931441655755
0.01708972041664808
-0.03875107934481217
0.024533677862431814
-0.00779459608723902
0.01274342086570978
0.0704220067401396
-0.027584007175659057
0.0411872630436699
0.022263702473940924
0.027492939598180832
0.011968557051938581
0.010037691582763427
0.0025602052794784108
0.0019884909435826464
-0.033385767491096695
-0.0025717994546012365
0.03289319494529103
0.0012010030892556326
0.03037706356746788
0.013408635807991108
0.03131175652677119
0.028243822634223165
-0.01607773268785109
-0.027140235282699345
0.04296515459328377
-0.028536378945115758
-0.0281021011062678
-0.035619504233432006
0.059711956772020396
0.0029609226856110874
0.0058572734875639194
-0.005587586838846096
-0.029982410276170518
-0.01800635064024394
0.013043478946522781
-0.04183468398309474
-0.05189802445555836
0.005463969748299806
-0.017322261756903618
0.06789905474839822
-0.027313614000043174
0.03309774961083777
-0.0031533383486847186
0.04797611367445278
0.005044022143702894
0.0032855173220403665
0.035455616727674194
0.013641989472770876
-0.021012272200921982
0.04111732051963994
0.011001108909154046
0.026754182586930422
-0.018994090851031067
-0.03763952222591509
-0.010300586789184949
-0.02286041101379405
0.017090053301846247
-0.009530162239907934
0.000404693035882289
0.015259320099219799
0.0005584766931777184
-0.021711592480047337
-0.003465755945126682
0.006870713658721896
-0.06255023919438188
