-0.01656483428245198
-0.06201377629904013
-0.010563433931842179
0.002906098410396186
0.0074614332912789644
0.003437431523529611
-0.008085511656277229
0.0010707066195103367
0.05593243526685882
-0.006811587868354723
0.013782318467517065
-0.0018062275785782273
0.036564991829583796
-0.023453654955036003
-0.027459946938253436
-0.053436291879776304
-0.06313382746655394
-0.0431432582833868
-0.06209386009162907
-0.008820527367166481
0.024887361493665723
-0.006424159228891008
-0.024571848836028372
-0.04544044154843115
0.12156933897194176
-0.004848441030654732
-0.03521610198522453
0.003937369793795402
0.020997160978109095
0.01880211125481886
0.013042482211960504
-0.0032791015768653038
0.0024458585002200377
-0.006464806490399035
0.0022335092262719264
-0.005073709989732543
0.0258840683614067
0.017457363139942485
-0.02832318869504712
0.009320181464351016
0.017112470854278104
-0.007796454236456401
-0.023436539409202248
0.017618297111158223
-0.03795484226752735
-0.02026933079171035
0.014009697152161701
0.011888806646270038
0.03802982873845205
0.00835394164305305
0.026906148894851892
0.00011088195768944405
-0.006791516866163233
0.0013208686191430374
-0.0056668071341637715
-0.0021529359327660848
-0.0039284917660463384
-0.0041937882475334256
0.01873529801528697
-0.04842280503175287
0.08089389124318969
-0.03495186613778915
-0.025591643641185678
0.008081334135862612
-0.04665232141374117
-0.02520086367660828
-0.002075048010673068
0.006805242480089839
0.0025027023984851206
0.030277730491094636
0.0027146915169100317
-0.016776790530702045
0.01040273955818268
-0.01671243144910292
0.04271886723402
0.02644539747119911
0.04991082206000231
-0.006286219331074859
0.03775821906357737
0.007016724552616569
-0.0231595010177299
0.021999022448247443
0.03589819183145976
0.024228268893521844
0.019007061950841474
0.027093504364869406
-0.12203054543696525
0.008441680402610275
0.007144882215820449
-0.043479259500642374
-0.03821698734518692
-0.03391937214816581
-0.04210025100703545
0.027186508192880196
-0.004140023864359605
0.039141380046483945
-0.013412257731121242
-0.004988497578238883
0.003761420773377159
-0.05727214618187739
-0.006811597033004846
-0.023112378433709387
-0.05514037939014271
0.002791871959082859
0.021070591753237302
0.06930613790568305
0.04923973665359697
-0.006908746670597015
0.0718429750017356
-0.041456505411220756
0.00014571997532887178
0.011493925692888811
0.0040359711126037754
0.041206989768407046
-0.025415151180980856
0.013033110019367423
0.04279157538438734
0.00026066394272470554
0.007273420784682781
0.03615791712145126
-0.01047689844393171
0.01748398017018129
-0.04128278826054752
-0.04085700552365783
-0.01033023428678176
0.011944620942100772
-0.02376375984955852
-0.016261295675669658
0.011389179839866169
0.0019082386557003575
0.01467719675593337
0.022835264100452897
-0.006250446966521654
-0.020341942302704093
0.047328819843224595
-0.03452865034599599
0.011898824142214383
0.029688236492039534
0.0020664812629456104
-0.04950036186690584
0.016459718496390753
0.03402181332425775
-0.05968561669022385
-0.025136354886045802
-0.040703061748289845
0.016385929670001943
-0.0060382579575578655
-0.014273307064072586
0.013532781027211217
0.03019973554318768
-0.008244594312194336
0.017977209038054207
0.00165410100272678
0.08841288124529492
0.022686821772778948
-0.0005607822033771137
-0.011299279442997993
0.010591873170063134
0.013627397891764294
0.007416263980963158
-0.018637747192802163
-0.011799122510621141
0.00862338747030997
0.03210088732071806
0.015751524792137244
-0.006200305576222413
-0.04012826394500506
-0.008866841535715032
0.020157220728700322
-0.0189600157089645
-0.046073421286495005
-0.0005433810774101858
0.023664588559846263
-0.01128533112868715
-0.03880443352006446
0.0034811302360669943
-0.022782076943936747
-0.012108224645259914
0.019034543118635974
-0.023147325807740076
0.004037240623714862
0.01075814249689045
-0.051351056108402876
0.03995730940134339
0.016506013062974053
-0.04195375520216728
0.015259786138807423
-0.010208218212859178
-0.008111381018807639
0.002079081780856495
-0.041334006453774594
-0.008283299665762812
-0.012442862572044503
-0.04393404858224323
-0.001314455580024287
0.0038350140181684193
0.0004418263602775823
0.002417187767724777
-0.004997764434839032
-0.03128448335987068
-0.001978806507941563
-0.002530925556200251
-0.014101371753267625
0.012623119318837122
-0.03413732013969591
-0.0358912806839058
-0.010423022194669737
0.0043343185854574345
-0.0032656984101007737
-0.03015983077985955
-0.036421605492452436
0.03457602772042802
0.016303116966360293
-0.0013796823235223154
0.0024155444733222724
0.020573981212580656
0.02832897988229465
-0.0003566204582591519
-0.020668275844421654
0.0028408015726193612
0.0010587713523405795
0.01183556691066297
-0.042450464510259994
0.007864124166732359
-0.019247411585637208
-0.005859377400901834
-0.03495598967884184
-0.02778163640442422
-0.00022447727248996416
-0.0024221143374264825
0.04120452213337874
0.016199336096913874
-0.07838527651219648
-0.0024145693067092197
-0.054476782387136886
-0.011540861669809744
0.013355787978296702
-0.00250857466685793
0.05188433599123487
0.04140544452804221
0.005084617060841051
0.003081966481206579
0.01633956395490795
-0.04477757645343796
0.025724501736764507
0.002465349717682434
0.008265172970863417
-0.02786070114772289
-0.022705772328238786
0.0179867721947309
0.022598691776972525
-0.005799294155269553
-0.006737059093650172
-0.027909781646676696
0.016786981831321473
0.028296153464493864
-0.0355939740306934
-4.947794467723308e-05
-0.028597327154885645
-0.014305739894266426
-0.008853406413672478
-0.009170026365665676
-0.0005328236406998101
-0.007023288819755324
0.004809379664588188
0.04440755262970457
-0.04631613448814508
0.0521781644952536
-0.013622502571644645
0.009817503006066843
0.0022444835105559177
0.0062997221349422525
0.030669619097532515
-0.0045500411761184995
-0.08613357375596077
0.03873554100033139
0.007199895159490735
0.01352535491620214
0.05023885936450033
-0.023220799191480877
-0.007708193390716794
0.006469363789911025
0.06348699398597672
-0.013941808185495471
-0.04397068103183377
0.03183884857102106
0.03683568262917375
0.04781368633066691
0.027904181249491393
0.04083728242060066
0.006202128910493374
0.029831946187332262
-0.02780558685076527
-0.004135076572877162
0.023115064624170845
0.008418486627859155
0.03886048873244009
-0.01774906117210509
0.02861976558064527
0.008379228386332215
-0.0005510908917019475
0.011407909402857328
0.02407451992109841
-0.002273636352121419
-0.04488654073454508
-0.013458411181235393
-0.004298266093339197
0.040854153380011096
-0.01465311068943905
-0.032595642281900906
0.004917264638862229
0.007261483665013289
-0.012618418998147328
0.02870717580008363
-0.00896563422181702
-0.0065534437731032255
-0.043768714876302045
0.009866375856746247
0.03485247676317179
-0.026940150877990728
-0.024895376864290563
-0.004556595910156341
-0.0024297833113508236
-0.007755626165402155
-0.011113859626422874
0.0016487555860621118
-0.022661515304160412
-0.01229192608549805
-0.011992479834438083
-0.00783760490431861
0.02761851670422422
0.015098387819297019
0.003923760823358446
-0.0026017666446143885
-0.018366496337930367
0.009195193569391314
-0.06692800425061118
-0.020416892374398008
0.015329024791981932
0.022849615724210102
0.0027975167744437434
-0.00034204033950830265
0.08844887396423828
-0.031394871694415835
0.008794407296499952
0.006271917421605659
-0.01668800843468203
0.011674693006822256
0.030528996075722535
0.053037395595214656
0.03566364389016838
-0.04128022410567967
-0.025336152753343635
-0.028493587809721194
-0.05942897408019979
-0.005698544884002236
0.004089462476186252
7.996823493665211e-05
-0.08306535468278403
0.01046818049977974
-0.04848813772591815
0.006538997461685602
-0.03826355824785364
-0.024516568222989414
0.017181794823628863
-0.02573056262930222
-0.016510633522465117
0.03309612529461278
-0.0028612615428681315
-0.02865579650707892
0.05899165238987792
0.018733051239699185
-0.03636403160147771
0.002058041711751908
-0.025713573401754824
0.04389183074181037
0.015212695885203114
0.0011019424699106229
0.04200528890560745
0.03272771197337057
0.04288938001151879
-0.013597482587990832
-0.0560113460227133
-0.000685323578600201
-0.01407158894916058
0.011138321304958655
0.016022757569898426
0.052483908079962824
0.04630427970558571
-0.002281299497459169
-0.005436109395961044
-0.014905209145398904
0.022937065826825656
-0.01055150594942102
0.037544066864635406
0.017419020561489966
-0.030602219505506772
0.05291327596160528
-0.03261566027328657
-0.00451020622753635
-0.008328156010438955
0.008123981828928085
0.003696858806700126
-0.034026789928863856
0.05159118336581317
-0.016886323879096617
-0.021195627254138285
0.01736056422991138
-0.0018608416943154463
-0.01644538627839047
0.03447912009799269
-0.0006426186329399036
-0.010938610158161933
-0.004543540036270393
-0.03586566072892375
0.01243197766313822
-0.01508492369454655
-0.01574661517131536
-0.012715936821843275
0.04489729231602105
-0.028236045494727764
-0.017851700887274214
0.0455674010314545
0.005804354333503771
0.031275023150390206
0.006218426073700444
0.007798009909799701
-0.0003140983329412088
0.044876346010871156
0.013749562198187647
-0.019478758667125406
-0.031237788097248254
0.004293006659336422
-0.010679342531765074
-0.010763321082938154
0.0761399647915781
0.02004238244523801
-0.02319672797277821
-0.003731256990402168
-0.0030704244545418312
-0.027083778736311695
0.021986849276729233
-0.09995598041432731
0.005936361471696064
0.023565174971897578
-0.0160687292705602
0.0006648284641435465
0.0012096886974677754
0.018287368433760474
-0.027298285174050686
0.009944530666839107
-0.043146093362106286
-0.014833465771696702
-0.001136115161266944
-0.008493794852501079
0.006193662013053972
0.001982525034654513
-0.04303085103803696
-0.006996999696697129
-0.015539598152297388
0.011722727859141246
-0.02513850198276267
-0.0411111103247271
0.015483887990557324
-0.029121171796598688
-0.007213292594656221
0.0010649716098771606
0.015207467500386627
-0.007369836317304336
-0.04627554520415613
0.03817781567277909
-0.018281648808590994
0.0003008698862599155
0.001054952939745151
0.009673340237808335
0.024672901979554938
-0.029036756777545365
0.07917656308756289
0.010626323264483581
0.007111434868761951
0.026654911444703187
-0.01859339910311554
-0.01595872873563035
0.00270855103614848
-0.013614599566892104
-0.03865492278742676
0.00015045538609488653
-0.05770714052618164
0.003974619539114123
-0.0008127526334439812
0.00015041189959158477
0.016139452169615678
-0.029561540783514362
0.02940710908807302
0.01997222770806959
-0.007457020710382335
-0.057631013017386865
0.011534140655159848
-0.00774176047268538
-0.01641911987627415
-0.021767138919427526
0.0055465953904532015
-0.01915376847208776
0.004943183448486623
-0.025664627598679043
-0.024224550898523718
-0.02946239239169698
0.017432573270879107
-0.05226890347221359
-0.007909495397431167
0.04959675794594484
-0.026821782738193852
-0.05925389822767147
0.0028297129170773176
-0.008444459165064738
-0.026169746249004137
0.007814241473644012
-0.022336089674014296
-0.003729737907825065
0.009450480340105056
0.01867936444804411
0.032371863475213515
-0.013967244886200913
0.025986676831957815
-0.041253641745889746
0.009639644064494971
0.015199329196647047
0.0037317239397596336
-0.011333442720787373
-0.00042259802397250345
-0.01262476581989817
-0.04885589475902125
0.04661755907527392
-0.00601860770341149
-0.05600088675788131
0.03989324913627445
0.023017734928621036
-0.01970923939248261
-0.022446263514295333
0.020366808818710103
-0.014550434881528778
0.03641288191562621
0.011118300022315059
0.0373860578634476
-0.00475054336371544
0.017158522389873008
0.004714222172094997
0.0017353588324026243
0.0392406120403084
0.006139115517584132
0.010490644349597773
-0.009434043557702542
-0.056763890226758394
0.010256502688553857
0.06646152651601446
0.011181071898993469
-0.001013539587751994
0.008463250888279393
-0.03761502636637847
-0.00801942042554052
-0.04198694816011328
0.03071900758211626
-0.03302896851616652
-5.7457174335023016e-05
-0.03605103795408847
0.00557512721864107
0.006847573155422019
-0.03161231449451002
-0.033969727033665006
0.0153622829344045
-0.03819599228362049
-0.007115423095585671
0.003839602843950147
0.034031183209526056
0.030320095132225767
-0.008450659688851031
0.014357273329696269
-0.0034692190096364153
-0.005304245489830487
-0.015684504025866672
0.007542982627581394
0.027613400434668187
-0.03129404863117911
0.012190126542821244
0.012458637744063788
0.054245692653813994
0.018444104954038764
0.015445358757571042
0.010570126168037932
-0.009964258067448863
0.05839776135185539
0.04023152197400241
0.013270179309142618
-0.01545486112651872
-0.030024828473442094
-0.0278576308687032
0.008983043093612466
0.000663596964401851
0.018345961328314286
-0.04529025481855902
0.01988976089035864
-0.004774582319837247
0.018990352396640448
0.006559833332199686
0.049139984107435114
-0.00046985933315581277
0.013992042774226105
0.003662719346660079
0.065393452841299
0.027394354434791032
0.03552486682235489
0.05978548702995428
0.022873805265715585
-0.020625401490065795
-0.0006239431813314369
0.013466863154970726
0.03559856720472415
0.013278113765068413
0.09002173836321313
0.005784167970231858
-0.028733290533723803
-0.002854486069631869
-0.013073215800969505
-0.011334750290194172
0.023451801740134205
0.08244689100357556
0.01626981769774292
-0.019710703481675917
0.002986038929084462
0.031210371846323862
-0.011864564690954052
-0.028121669276450705
-0.0007803680415503151
6.3451860608987524e-06
-0.017733334623501643
-0.01167820331702443
-0.04792924328313497
-0.011328566190177488
-0.005587062796216932
-0.014896023247762347
-0.030994113948837554
-0.014018045638164122
0.003004704742737817
0.029430332685309302
-0.01493924455889031
0.03606853576772241
-0.03580220274036427
-0.0212528892607721
-0.014996012046534831
0.01183461284490212
-0.021168013565310343
0.00028950567818548077
-0.037330362415218574
-0.008538192848539131
0.031224988224001472
-0.007572869672962938
-0.0031766668384462225
-0.004187030558731985
0.040769749979615855
0.05814755431359733
-0.0009428701918771585
-0.0027508398424658832
-0.03780018739001102
0.014224685297837754
0.0007750850082167986
0.0014021977332175188
-0.00893936769002062
0.05942599323581602
-0.002989771415303204
0.010566880051890023
-0.0871709256245278
-0.008654971087376602
0.02785130556575326
-0.014467762473047808
0.00024343065203418635
-0.007829417581348537
0.037181883609840746
0.003922971388380944
-0.011333136973814228
0.08506550596197779
0.009692876022445809
-0.052974026883715816
-0.009664456383502015
0.017634376406873993
-0.06923496663833907
-0.04165538458847842
0.013264451474373546
0.03176549107005046
0.011081789539153388
0.02889479212747239
-0.03540444557454816
-0.005739771889488999
0.004433208620487987
-0.007021148775577001
0.03131665172672365
0.012020805964205374
-0.03426913742077462
0.025030862441566232
-0.001666047821108797
0.003046977332886548
0.015511376917930335
0.022374098964432723
-0.01689837743179573
0.008244457544541514
-0.015032105713930198
0.0068712169914493
0.02482154582506113
-0.000370349942145302
-0.026587719515304396
0.0187397460869638
-0.001370625073068394
0.014031559338458758
-0.010721629881809766
-0.02246137406355486
-0.05041019759636864
2.457388533220999e-05
0.0015842246303537217
0.014861774125746246
-0.01066098607269997
0.010053445677748874
0.005640543585513981
-0.02270564602748233
-0.01961470319177509
0.015753359110728057
0.018375624869258905
0.05996340803305107
-0.005421922470550214
0.029164443877838127
0.009323895763761364
-0.06652000979070463
0.08319347877011213
0.014272014863249083
0.0005891559854610249
0.031989535596342475
0.012462861638212202
-0.0016704877489352322
-0.01967762147267407
0.05984392969265317
0.019602526875100966
-0.00770648906952807
0.005730325686727608
0.0034966450233977356
0.02048501805295637
-0.002874752969049737
0.011567057618907813
0.010603445467415465
0.04453485345239498
0.01610328433175789
-0.0361440333432297
0.02126329814004555
0.12506303724296156
-0.011096411499822078
-0.03202289516669759
-0.06343711038591268
0.03848235506950881
-0.024321987150074754
-0.022353574467883417
-0.01602494808753452
0.014930671760841632
-0.025109822386923226
-0.024180386259323644
0.01342064609040908
0.0011540096924364366
0.0032350609453447848
-0.014827060551128252
-0.009947542143720981
0.010792852210621783
-0.07033300748185924
0.01563446337780725
-0.012420590914042358
-0.004342892731985647
-0.023625052762354572
-0.10289197789729682
0.03844322409455212
-0.007088961238572706
-0.00121134885862846
0.025755438925512575
0.009402500139117389
-0.010972084665772496
0.022387278077172387
0.018023023767947472
0.0018864527920303131
0.003733705905227187
-0.027330867106515912
-0.01088062343651449
-0.008558921523320877
0.0577624612538333
-0.013537090339896675
0.04187125934275839
-0.04296245867395407
-0.01578648349083982
-0.010082670385036477
-0.04207861317711227
0.023274338611524174
0.0029117426914384687
-0.0005737897659753403
-0.07906667542840624
-0.03918700032991806
-0.010970360576996704
0.021143889639985296
-0.011746883510277502
0.033376201217579594
0.0007522682218038953
0.004695524939602789
-0.0019183834748243164
-0.001337052481970927
-2.914162311421346e-05
-0.036003388761857796
-0.06092435872417847
-0.003725629315612558
-0.029655869146763655
-0.0067998383174491354
-0.013637875437094042
-0.058372318969548025
-0.00836084977588658
0.023763202698287668
0.02110338749837165
-0.014372669830929148
0.026701051345537012
0.05010531617529041
0.051153454400844324
0.008841503802237123
0.0315101926160783
0.020763599357728684
0.023962029158268748
0.09042151610709569
-0.005893775941691725
-0.0244480968604663
0.018115953459419163
-0.0027344822735869464
-0.002617685830916198
-0.008866668058849241
0.017594916974826742
0.014747529877070968
0.008310726922953779
0.004744649932262606
0.040853070441214966
-0.006410058001003652
-0.032091311828193
-0.02355857687732572
0.05011730630956743
0.015074955356824887
0.010238252956531474
0.035055602551840606
0.027498431383081768
0.013487540066771192
-0.03256263558164366
0.017708235659829104
-0.0005104202107203195
-0.0198721243999771
0.003010698810396807
0.03022757686191362
-0.008971681054850121
-0.029792379119148227
-0.01609567590543736
-0.06054757718075529
0.01301959814007006
-0.010758900486251853
0.016461007429921664
0.008836891180230231
0.0014779806826950995
0.005663297894446092
-0.01017616373312943
-0.003773069063221935
-0.012620648631276663
-0.004765708523387109
-0.014834791716482736
0.007637730449664476
-0.03809426098053811
0.02255338493857398
-0.002510659696937004
0.027431283294201747
-0.008572700593207291
0.009987650383842262
-0.023682259766509103
0.013382550668455884
0.023762731324146896
-0.006242683911154616
0.02360017928157103
-0.01975473981100513
-0.020347009818829535
-0.006883792932565448
0.001897570109087719
-0.016496816110405155
0.0019115350161537184
0.018796159086422414
0.06365336062604689
0.021166615421750225
-0.008660367844990392
-0.005654826191857412
0.0013506235217304173
-0.02922569704961924
0.039996860195335826
-0.005675461461324948
0.02345769257617583
-0.06451964346062533
0.041461053535496596
-0.010188224351484157
-0.0127237317221152
-0.018749875934686692
0.01265827428975868
0.01842049083453255
-0.00393626951258185
0.003927652222377965
0.0054234307320677145
-0.013069855849233898
0.019498142897322015
0.023177551962454697
0.00930020533565162
0.03709945065670419
-0.04830694207941419
-0.04604558118181658
0.015111868656553807
-0.00355570541366387
0.014757633985314333
-0.0014408558539589298
0.033227149431748315
0.03274552321147903
0.0602358386525545
-0.08418649629724498
-0.006757283770869763
0.007529616523056532
0.004365689855469618
-0.0032431728989968643
-0.003389405477063348
-0.02621631367527227
0.026036438145677014
-0.03430842660949952
-0.06154196872020573
0.002397670254548345
0.008712559358863321
-0.013379746217511061
-0.020066023624615136
0.024185998752221684
-0.023798274774894494
0.04414277211222014
-0.0006460624558782056
0.005344458942762968
-0.005267861998633427
0.015643356288659642
0.0005526857278414647
0.00710776001508182
-0.026785661652789138
-0.011168338447625091
-0.04503046528651222
-0.012410775493289904
0.015591916089925634
0.0032944872337130615
0.04856859800063732
-0.0020628577586307584
0.0010810300599439014
0.028647836883171567
0.04648112305789139
0.019095400821385132
0.0016035828006520506
0.012423974471489033
0.003719956931474632
0.02054204527798341
-0.03315722342838182
-0.02511408503929184
0.015621609543211354
0.02513077446653295
-0.0061496780266293285
0.0054439465343821235
-0.03271790532674996
0.005480114930298551
0.024288726327046394
-1.85796492273728e-05
0.029692962409621743
-0.011100658210174278
0.011048063549598612
0.004479247017886704
-0.027225446242253645
0.0035630696135132566
-0.019644242335990086
0.009305275029212856
0.043225391688208735
0.025003968931638785
-0.03172923889119566
0.04388100519997705
-0.030430719831925863
0.028868130270964562
0.0011043653214324834
-0.005100738989010583
-0.07144267145630592
-0.0024726420692749405
-0.055790946577828564
0.024442198448130833
0.013432366623851312
-0.07847928912772577
-0.034381434441040304
0.018815242260400655
-0.04080182299187995
-0.03692420360218815
-0.006947274228924304
-0.014881920954535655
-0.04109991435490758
-0.01147509819300776
0.010678355499191926
0.011882073249188474
0.0014453884530786372
-0.027620415803331404
-0.012333398224116773
-0.01793484775381661
0.001997937171613864
0.017592013799183084
0.035745526757198096
0.1310856466667904
0.008576248264655325
0.037840328946093606
-0.0012641823385647053
-0.042508771120647416
-0.00622885669377665
0.010113261196050553
0.024128832947720204
0.010200825544743053
-0.032311704569032575
-0.029623223819309128
0.00566528402682799
-0.004292195548786877
-0.0026298154863117463
0.015577646267180528
0.01683603720882015
0.0011920059978372938
-0.007588315904079302
-0.003097725756463486
-0.004664484510410968
0.03670863715585335
0.013255935593478632
-0.0007393996930900526
0.012261960613741034
-0.08386760612786534
-0.027612784638657444
-0.01719561742052011
-0.03808534213850137
0.012390623981575487
-0.008777993022226045
0.04780852813532553
-0.00114467345050199
0.030269629270287972
-0.010997457912603106
0.0101536376382246
0.015384183763210843
0.019718010111612932
-0.023210418193436912
-0.00515178281913135
-0.01642129357845575
0.03715933057276936
-0.004808542402654807
-0.02533768355532351
0.028488102775691696
-0.023601202757269894
-0.012047248058174828
0.027097469884592277
-0.015998730036122587
-0.012700398905645753
0.012819557035757306
0.005827955855513722
0.04227268262238043
0.009281410255568966
-0.009123990383241356
-0.006665695718282389
0.06195288763377905
0.0069231773924618226
0.012149172243193262
-0.008126838725795763
-0.037887080733210975
0.016043332844612252
0.009000949496787859
0.025047210546620374
0.048448550090745494
0.07039890531582751
0.03910732628510039
-0.03322203111239462
0.09525810435388363
-0.014889327737432378
0.03535388628990352
0.011920271359001172
-0.017917302701509676
0.02757331950442139
-0.018579228051771268
-0.021769048059419788
-0.026072799821707415
0.0042632792438494225
0.04717829422389988
-0.03164138672842552
-0.03516672006454059
-0.010282289337928997
-0.025793079920985763
-0.04829848031240114
-0.03354188647581844
0.002244038425971179
-0.028957025462528874
-0.051100046775113
-0.008098270958031395
-0.00019149521699575277
0.06861692490817378
-0.005931227909682822
0.006817612264636503
-0.005037546256852324
0.026664384965203517
0.002777309732055521
0.010558951938748565
-0.010792431990796495
0.02623429953245036
-0.011379470881952227
0.01403618327637115
-0.02472371947811163
0.035306826863153055
-0.02245107301425969
-0.016020403093597233
-0.015117539394648364
-0.005919984113278743
0.00045158026619061006
0.027466437570383233
-0.0007098803219788962
0.034376717104424914
0.04322126593136987
-0.010521021377556268
0.027798453300832186
0.0064860084321760715
-0.05324818636745332
-0.010353463847815705
-0.05887013433220683
-0.011120848931384313
-0.03269295691029807
0.016470035620104143
-0.016437499332793967
-0.06973024791817796
-0.027417781537047634
-0.0042818530381809215
0.007567101189399562
0.045836723465445456
-0.0543318088208266
0.0009999022517192943
0.004341507339556546
0.04128524906841455
-0.0680545244299089
-0.00567305594904333
-0.01641253786902124
-0.005928267021309598
-0.012002130413760087
0.002945070297491582
-0.051853977613482746
-0.039995264335004714
-0.03652935139732166
0.0038176565979254383
0.01803974036095764
0.0016806771428499812
0.007307788949844229
0.030127237396347848
0.0018817270264074556
0.0852828149587009
0.009441079721770398
0.01387671875139345
0.03008441665443613
-0.020506590229415294
0.03170974501626769
-0.0016728740421453948
-0.009617779738310453
0.03294841494920555
-0.06446660515752269
-0.016697483960622112
-0.0011842211270936861
-0.018107248422421715
-0.009069183001964567
-0.004875703928305664
0.006150175369329213
-0.05304271288425335
-0.035612655044470455
-0.010871962278025438
-0.033596780519661404
-0.0073550073568470565
-0.003457946676659993
0.020293692599970593
0.028355856019710433
-0.04301166322965537
0.032245763058499424
-0.004579602989804615
-0.006743769155030667
-0.023528541523828245
-0.016454781482812018
0.03590015127885957
0.014094882409981887
-0.003737023192690864
0.03342283891243581
-0.00315575446648001
-0.011219300288681037
-0.04259743744723078
0.013889188399356572
0.015514686765800997
0.005600089099119234
0.021131639289162434
0.07982698910118537
-0.020105239222776135
-0.009357827805274081
-0.014916702953258715
-0.02061705903958972
-0.007345084655018509
-0.00603256148860506
-0.011089518286600332
0.01269881874254705
-0.006613550001897518
0.01635380645745345
