-0.036637882347135366
0.0014021601077598958
0.045221865879396264
0.025472111168291442
-0.022844351050607767
-0.012694822809827503
-0.039749794206558366
-0.02797799280124643
0.008171177423897082
-0.046157667185202464
-0.018201747890616952
-0.0038654085197113814
0.00303585758159037
-0.010575441788755791
-0.02287049051107939
0.04174202933036847
0.03439071280293323
-0.006360695491202137
0.019078240320063944
-0.011187024116313428
-0.003333484084885598
0.011368621478463892
0.0077758611152085955
-0.011729853444824741
-0.01100621371278583
-0.01447107249954618
0.020717994300319672
0.0580583514038857
-0.071303140595774
-0.00261404472717202
0.02058172917747859
0.017258653118345756
0.025967035110917407
0.015886962636851767
0.1284127357911997
-0.04709699795121573
0.014693263878249893
0.02332399572681042
0.025931496647993962
-0.009868255795516109
0.020432871919943738
-0.014358437529125537
0.02814453054860647
0.019083637162901672
0.003511645101318907
-0.010353494716049062
0.02981306938700794
0.019363711126630982
0.02874190565955956
0.005220389845441463
-0.008364425548758396
0.05246295589571761
0.06105871487644198
0.02859273992202279
-0.019184860703698882
0.041205559696483554
-0.029178765581465434
0.011837368878044548
0.04194262313984082
0.008944454989153089
0.005365368401885024
-0.05564579265213421
0.0007845479205326866
0.00875574497093838
-0.016529419310798512
0.04470335477050076
0.018446869159130564
-0.01897894585915548
-0.01386479498708578
-0.025539289487071546
-0.03669242560550082
-0.06531288564557551
0.00243057452896513
-0.031131651322974588
0.02511631533840473
-0.009276950180691586
-0.00945649349052553
0.03844210385330527
0.03539252103187518
0.010225161853755355
0.010728200018351088
0.017268564389022304
0.003996836268633742
0.015414784597986307
0.02280838330119907
-0.015617756756765206
-0.016843150005632097
-0.032160399709793765
-0.010600769588098352
-0.0008648646967163526
-0.023382960363990707
0.003815079288179116
-0.00366944079692727
0.052765454679795126
-0.028921787737816798
-0.007092756925189874
-0.010808469544350515
-0.011844576380688901
0.032558369696517715
-0.03283622783239098
-0.004546981237647555
-0.009668584279925152
-0.021158160837962774
0.02736881500763985
-0.05843189209331339
-0.05272057840057861
-0.015665578508901972
-0.016935744131413816
-0.0033283054718806038
-0.027655622313210698
0.013906697645290999
0.018210585327936218
-0.0455999892402061
-0.002944526104193621
0.037731811939669894
-0.004045225154828124
0.011451926585291417
-0.01823627900856565
-0.036528812343532176
-0.017494384903935258
0.013238909099507612
0.004334797756798402
-0.011170875089808678
-0.011002793003626169
-0.03633877680309409
-0.004983667232587756
-0.02669635712878588
0.023130387540690245
-0.02195612414339464
-0.039913206405095936
0.09197495857114507
0.054062294834241256
-0.010755093657392648
-0.002226997729062759
0.0034534028858086486
-0.0010263841701664564
-0.004970732030678816
0.01938462104507052
0.021945021053158518
0.016295072763529584
0.0008226770611205028
-0.009406078440218308
0.02286033605469537
-0.030091463209081515
0.0011512213267668328
0.013031241998589793
-0.03608827567922175
-0.07965112431258381
0.027231528016534653
-0.00520671087844015
0.03212579267992745
-0.0021247516084573355
0.015401694035958107
0.012942431230417922
-0.008566652727102216
0.019265515045336416
0.02106595904966256
-0.010621905970158375
-0.01984250145387509
0.006390752070093566
-0.03274157335721286
-0.0033234028000021488
-0.007462460188172038
0.01891217222704831
0.03887126501844926
0.01009922878724027
-0.015687986935564533
-0.00691544874135053
-0.04251418015912614
0.0009280018526632455
-0.02555634913524412
-0.024418680197899733
-0.03651471406593267
0.017454522558432377
0.022926356286111053
0.035667532417114775
-0.010079389412543683
-0.027757047544582792
0.02668688805705359
0.010338518309604028
0.017678124459888526
-0.01321595087333756
0.03368572960141279
-0.04985746799394914
-0.05272788303847952
0.026666172661328782
-0.02006842610078579
-0.064732023609564
-0.011709667862650352
-0.047059220394015513
0.007862571398218908
-0.017190731565669706
-0.026635181710067388
0.01971036438299101
0.02841126744696958
-0.034164989234369385
0.012360975833354465
-0.008462472167641802
-0.01761678380922908
0.0208265150087608
0.010398989814849414
0.00718046373442297
-0.026220464001565216
-0.03995802391923486
-0.041732040551690476
0.018826398669232833
0.018157763284904305
0.009909836971073588
0.003779361902765427
-0.002880446089775611
-0.007328206433517017
0.00239915859624126
0.013348675656637604
-0.03862264640913369
-0.0226683786017487
0.02184177369423387
0.012345172921097948
0.05356791929266842
-0.018370834550205228
-0.02986222582600544
0.04389419130115537
-0.02372721463899801
-0.0010674035679772887
0.02087227393670077
0.008298490162534887
-0.027028540139761924
-0.015332319475466536
0.02376475028185621
0.0002654798920253805
-0.024234679141682727
0.017367589009890643
-0.012981235444224474
-0.004961065084691501
-0.049219344787446634
-0.02626903002383173
0.021737073085432747
0.03799362419855485
-0.0042312494834027365
0.011384898778640296
-0.015435514954373977
0.035945936392415674
-0.017544190758747098
0.0343577968158908
0.03319296558865049
0.009444780210753139
-0.016947659784321514
0.021295394180428126
0.03156694139503211
-0.03814241062399177
-0.004833510159565239
-0.00544814329681222
-0.01864684493530907
0.03806510353844483
-0.014841736102447437
0.01136343225177667
-0.029770986603680605
-0.007165855166482519
-0.011065151625551748
0.01963169898131653
-0.015076880440489113
0.025656630588259614
0.020426021376274972
-0.0016120724844687425
-0.06626175588034418
-0.0009106583009034001
-0.013625907068943174
0.013353095620383167
0.026575117175087065
-0.008695655792757467
0.00997444099409193
0.004019604642844729
-0.012585419503000734
0.027603350984427576
0.014417421767430456
0.042774857080457106
-0.008833039651095678
-0.01761528941202185
0.01286730510013866
-0.0025518256833893826
-0.024511715598303205
0.024148448885093644
-0.0015568451565858104
-0.027429672505013988
-0.048376547427761915
0.0009864925557348152
0.03881918990701208
-0.015919901607505824
0.0052287008467583095
-0.017996025182533397
-0.004168917376959806
-0.004941724472241323
0.007708007798975531
0.035286111407660366
0.005231217349493611
-0.049876014246018695
0.003275274287958294
-0.019699534152183937
0.06201163949315651
-0.002875864025040949
0.032136423755553915
-0.01029046308413422
0.010482382010508747
-0.02623205976910412
0.04482345141914808
-0.034804026123416716
-0.058809632551267886
-0.015110575565297305
-0.055279983025954146
-0.034261055345198806
0.008254190543212222
0.026879514349355173
-0.045208294870837606
-0.01567901774356059
-0.021189488190538855
-0.052715645606846245
-0.03254690732668581
-0.013891239543330238
0.020587594214372056
0.026442124745096607
-0.018911317977275594
-0.04053112851686636
0.0446544345120096
0.009140197027475358
0.034232741768783284
0.025410024068257774
0.019903903233330876
-0.007983600506424618
-0.02379285754745513
0.007300653645827132
0.030943194334514663
0.0049897848340384465
-0.01776156130840569
-0.0012962454620051118
0.011801908005576782
0.019682887403359488
0.013106061789127809
-0.009945771192793466
-0.03798240868077228
0.021213889578641315
0.042629522713891185
-0.026043600588156374
0.008074194912280312
-0.010453378230785652
-0.04744505693316305
-0.035382611960587076
-0.00834006387366904
0.0356176188367785
-0.01998847066211321
-0.030614757203733176
-0.014597173752524261
0.002555007834845048
0.038556764456684565
-0.041676229494676705
0.009308631565626316
-0.019190404021339976
-0.07138022450639621
0.006987722045688161
-0.10931753108517314
0.01084984322840434
0.0009662141307521437
0.03902569707523898
-0.023324988586574603
-0.011149498853032281
-0.05138048313945262
0.007443114888676259
0.0037519518720527676
0.025550141295042007
0.021886440674927052
-0.004618852561205923
-0.004945225932187799
0.0038712832065895863
0.019868892855127034
-0.016871960989968217
-0.05835281641548675
-0.0037279517897276415
-0.05299762743109122
-0.0391439882561594
-0.008604565546659976
-0.019411486547636563
0.05017747378217424
0.006643477652445682
-0.03932114241140516
0.008742172955411492
0.013014076433129285
0.03580512266055608
-0.043734515154000106
-0.012840282676214542
0.008482377505956248
-0.00904710118559848
0.0199664188549154
-0.048833677181807575
0.006905119778351719
0.03190371388873621
-0.007458622361400629
-0.008582484772435752
0.029118871474922772
0.012928967093947571
0.007650036183494291
0.02063821874910911
-0.00845760770434062
-0.029317561637599382
-0.01839469078266102
-0.0030791763136347656
-0.001306287007198834
-0.007247520230190636
0.06676394403342935
0.03283373149964076
0.010157187877963903
-0.056650275218597626
0.024058685058085776
0.009188734594094897
0.012663649947047861
-0.025596684797424073
-0.03805623256352581
0.0038317393932243253
0.0351184748126723
-0.035987505398615005
0.021328748917570795
-0.0010002236054036287
-0.012878131502062072
0.00018689043887986628
0.0062267258077916745
-0.02241850414047651
0.041824200981392855
-0.04097403857381825
0.021748473483138332
0.02728994106469274
-0.01026704628432122
-0.02177367321821193
0.014792460020958091
-0.01879237396155915
0.011012754895195253
0.01863506140283207
-0.006538494576093517
-0.02698246887309743
0.011673501012289502
0.036268587350139
0.0064336898813917125
-0.014815706267125663
-0.010534463850626756
0.014062256089379737
0.009479113562246974
0.005363599198502223
0.005082463467310418
0.0010725729642540205
-0.011141816929372817
0.0002560238245705019
-0.027811158682981625
-0.006590713594451631
-0.032608446843980274
0.05712021274216153
0.0002123358365813752
0.04182564675827513
0.05304895009511669
-0.03949419976620779
-0.00016763756166419488
0.06287802540730802
-0.010279748428696821
0.029060480827000787
0.04136101155791537
-0.011958350748938591
0.03976122321854875
0.046823471091413875
-0.008601836095127487
-0.02819710694312905
0.002838356263907597
0.01675676073295905
-0.009395230071399616
0.006610092506796502
0.055238974601102137
-0.00836287456155475
-0.055816989064763955
-0.04952040355418793
0.008504357488828706
0.027949833841063938
0.005563464433399714
-0.02233922056333693
0.009643598433960005
0.023679734770645364
0.006183190008934986
0.014265535939840594
-0.00021360524088338798
-0.009747680957270181
-0.04462965594904463
-0.0285465213378214
-0.056388295391063534
-0.02124563008060901
0.027664260162739936
0.04786837412367267
0.013024448410927272
-0.04850063434248405
0.007021653413136258
-0.0017640912145219607
-0.013427999929481675
0.003929054919893074
-0.022365006597076176
0.010715292246712497
-0.019525673605871402
-0.030265730512225895
5.414110321527052e-05
-0.013246631778275179
0.010086268391870108
0.05917036649866033
-0.08128002857695615
-0.0054637387147504655
0.03975892219149682
-0.08285604570785528
-0.008030933167840152
-0.009536377938392543
0.005619998030662379
-0.01010343879042767
0.0014662064595912512
-0.02129651860258816
-0.018426972047565004
-0.007356451049267941
-0.023914131729355186
0.053812985300968265
0.012292251199041664
-0.0073462238060259645
-0.019574214321844505
0.01037016092827577
0.0049165642097148765
-0.006524969296931481
-0.01602522056501464
-0.020344890443567642
-0.01967272609276783
0.0030937500255995725
-0.01306710940502249
0.0054288559744084895
0.018944577538245303
-0.011677784006308355
0.0060466945877407086
-0.03756991784991949
0.026823638412595153
0.01790814585546115
0.01871652981809877
0.037660677116086644
-0.030499579713858867
0.002667120429252209
-0.049636315165722554
-0.04018333613891049
-0.02340997198073267
0.0004196910378331541
0.018225329198712
-0.00425012140545136
-0.02996451922396436
-0.03892015885053893
0.009104280420794279
0.0022567698637333956
-0.011402989770294305
0.06429476381451919
-0.01301712349479818
-0.034078615016369725
-0.002052452172212724
-0.02250662873654076
-0.01974702927485761
0.000882333123446213
0.0458174216018904
-0.06691815578329471
0.017625942538650102
-0.024870704510568564
0.005439750067931442
0.04120070435991829
0.007603370845207914
0.04849306582537108
-0.020433699659880816
0.002337890799173229
0.0035555734900671637
-0.02941054087137894
0.00404568680139951
0.026407496651105575
0.031210265926240082
-0.032178583905074
0.03342640914696238
0.03487219011123796
0.007630668502711861
-0.051940926771420766
-0.0019619129881054296
0.010977456413150176
0.0029477685019116172
0.037401833842445116
-0.01536276300570148
0.023962813940849054
-0.045138068998383865
0.021915409045044215
-0.03144213013591772
-0.009017310228908714
-0.0065078484828835015
0.03438869073440677
0.05230431695184029
0.007970607032926801
-0.0031642816464859972
0.07198168132703747
-0.006817969835777792
0.013979294813047934
-0.02542612029434969
0.009929034205254561
-0.008548345946163152
-0.0012363629877454256
0.009291327590612639
-0.00667087979830572
-0.026255370982708245
-0.017878567462776725
0.014144566181786718
-0.014089508434080331
-0.016636156291535757
0.009431908682410645
-0.01061812678057725
0.01107717069724232
0.00909622248090296
0.013771497157099206
-0.01475013867575006
0.018698793959365637
0.001733980961685565
-0.0036558693515266662
0.016851990255386712
-0.05261942491414462
-0.014536069191627737
-0.017107576903797325
0.004842207153469611
0.0022606995854891013
-0.007118543989737416
-0.007560112661543483
-0.0122915713147348
-0.012129237358580795
-0.017237052522773293
-0.015637774734853113
0.026172573289629745
-0.03150825010958886
-0.028957684556845064
0.0610740759028349
-0.018726816720859366
-0.02148222808419865
0.05847776950003991
-0.005635330538594014
-0.009076088872739072
0.010440958552557953
0.008305572533174642
0.022631961696438423
-0.007705631725076167
-0.005086568729205378
0.0013541604507026877
-0.01731754475321485
-0.038156543334935004
-0.01739499755619951
0.02890642644241667
0.03687969997958815
-0.01614304385895649
0.01174153200981786
-0.06681387445543883
0.012896569201080562
-0.023595365074154953
0.022469502536756662
-0.004247404121973296
-0.027825215939398823
-0.04141544230727435
-0.06315223089839213
-0.002947641926690356
0.031324596488422146
0.03033385783528276
-0.0015321847629817236
0.04842816859882961
-0.011892695357051524
0.014586857593524453
-0.02068615348681463
0.014201532175880863
0.034741667268560913
0.0460774314741806
-0.037688330128438606
-0.0059553918462248384
-0.049770645213791834
0.011805036886005161
0.015752128874159426
0.0528531124932738
-0.023607243493415024
0.001699963983707482
0.054675391052424575
-0.09285158669764178
-0.022980627220170642
0.028547856088306872
-0.013140038558874571
0.02507244622500187
-0.020284236258743506
0.048807716986523315
-0.01564295213704911
-0.0008455152898095272
-0.021552516353171715
0.003388229872364481
0.020943669906923663
-0.029461042205771844
0.04333571973772871
0.015524709659783408
-0.03109026618776663
-0.029980411579642603
-0.028914796292293918
0.02097706834941051
0.015737771908121808
-0.02984201077159736
0.021276842120223606
0.04578216134682166
0.06587575973506092
0.012030994290491875
0.03843279497055018
0.011127295990163977
0.08882581509336089
-0.07907390829688549
0.03460640106951597
-0.019364629185944737
-0.016955434509028203
0.08464416217909011
-0.02515015723159404
0.03507920459057314
-0.030266556372675675
-0.003561770331119995
-0.017084805389285654
0.011380493253582757
-0.004363851971270531
-0.012021048849889965
-0.024634509061681558
0.027986957245618706
0.00359737483883955
0.023769530986358825
-0.0027298481433234477
-0.0009884678563449208
-0.030941184475578094
0.026571721235350523
0.05003905832015629
-0.0012283259137343661
-0.026091329336802943
-0.014164716801490953
0.048417872706632364
0.02730852973837254
-0.003860381475533427
0.005262806594557879
-0.008524784135562957
-0.005679384184188654
0.009988806727441799
-0.014255938475521347
0.0288724962869092
-0.007946767317419156
0.07065559083061429
0.009228000198434158
-0.007293805942500358
0.002050922028543447
0.03951510643124067
-0.025096531050699963
0.050096361483663324
-0.0052534757334228065
-0.02561243737255077
-0.03564121883975405
-0.011167583586926577
-0.00957492677381418
0.01368191879711685
-0.0010241104145232872
-0.034948885162014706
-0.05602464201992807
0.0033278749193838696
0.01848990520590798
-0.059020166701704097
0.0016689309961395824
-0.01073334561653531
0.019650407925701417
0.01163878093024565
0.051627509765350584
-0.024452057846253906
0.039458957157742856
-0.016618953413355644
0.01504629170639208
0.003996345892999487
-0.019143244844194447
0.02870833702316208
0.028637603441695064
0.02219844740901193
0.0024604013615412974
-0.030332062897462497
-0.023526790046174088
-0.07369491877441188
-0.01583236671715366
-0.05813985474586576
0.011423857475500348
0.014599268144411136
-0.03881110442661987
0.035483935334533936
-0.0010514567719331891
-0.0305305495945814
-0.012554387940080512
0.02117301752845784
0.020044574461960448
-0.047596877507134074
0.010634709703579737
0.0058588416581525395
0.019146388711966177
0.02096437007904034
0.02490750665145343
0.015708036334959048
-0.029893358185276695
0.008210082125551616
-0.023825879978829196
0.008970994302542702
-0.01120595707391258
0.03082221396976751
0.007842768438833593
0.059895582184913
-0.014243557962502727
0.001973262823992717
0.04745220746376066
-0.007713426598841064
0.051982958720125275
-0.006098215160173563
0.006045990482848792
-0.04869644996363303
0.007404890207496287
0.006170057053184245
-0.020598262364690995
0.07420889641865869
0.011372153188421089
0.04768298878910268
0.02743179191258249
0.0025019603849212933
-0.012378301751865805
0.010487533442070367
0.00301975090047301
0.015629157436374573
0.002939773514836547
0.05058379021381636
0.0024925946454601743
-0.05708480832005253
-0.011313994401891967
0.002720143224108132
0.008418669785408934
-0.029723452443550947
-0.0010846709712282632
0.03124807864028211
-0.01911588127209362
-0.005609258402818257
-0.0011040346263338793
-0.030774398393526796
-0.016785636987848015
0.030409033385422293
-0.023733910119517063
0.00883853532515985
-0.002759832256198743
0.02127787395381358
0.016930594497116504
-0.015030923708921774
-0.010961979333862998
-0.014355551758381697
0.06489411362150141
-0.049494020583584195
-0.021655492728082072
-0.03831294909838122
0.007173429119220832
-0.014747410168738066
-0.02508444951187594
0.01808770021564114
-0.017124995211322297
-0.014023642083958152
0.004180396022921532
0.017648585665014177
0.008253122902655952
-0.008535024853084057
0.010691795010876736
-0.010271371244459844
0.04186441920090768
0.03454557998870753
0.022840516388438856
0.015588973019739468
0.0009482264853958937
-0.010126339675124926
-0.028646979443552698
0.004351442793633686
-0.0028602780384778485
-0.03799440366383508
-0.013776093162810083
0.025529975727791466
0.04169702408520691
0.011189320452563012
0.027553005731754537
0.010662486871853965
-0.0444222362513545
-0.019797210312534206
-0.04541879245759753
5.94377248695431e-05
-0.04563395261062443
-0.006075664581261484
-0.0010400618055516567
-0.034860411871858954
-0.04218479058931166
-0.03186287123498333
0.08007666997972258
0.06446140103054862
0.05745824920381271
0.014481182631126025
0.014031698160682896
0.021090427245411474
-0.04612960968771792
0.010706095401234048
0.0006735362943676403
-0.02280738823986425
-0.0024238333123879625
-0.0013856824174213072
-0.002517640480649437
-0.015520206813907332
-0.04769544715374686
-0.016439575265467323
-0.013463030700969495
0.009185264443288389
0.04608285333802467
0.02081895316035233
-0.007656731215126852
-0.010881453989471131
-0.08105927875023983
-0.009167055364359527
-0.02992849235179351
0.07510877610188425
-0.015610205055250556
-0.04025459276181147
0.00871921104442054
0.012541032021800813
-0.016122397373031973
0.012666282981059315
0.06309542306695717
0.040141802993677665
-0.06165987529854448
-0.012861758135732308
-0.0443397454755435
-0.038135678869064174
0.014588224625989386
-0.010939072857133168
0.011414529143893426
-0.011130520585882783
-0.008082713941859304
0.016077018936479764
-0.017982447166173893
0.019130194243374393
-0.018754085439176466
0.000271200837945806
-0.007291061077312252
0.024882522258069
-0.029702032718408992
0.05198115379624792
-0.014792179081332055
0.02111741540502327
0.011005120316320569
-0.01606049548058763
-0.008835130209867106
0.02139797797467196
0.01977772875150441
-0.035258888941722855
-0.002539074959854378
0.07828339107330405
-0.00200262535104433
-0.010555658343689154
-0.011292088684042734
0.002267206084792075
0.01940251164773275
0.035776019485159065
0.004743731307371319
0.040786986682486766
-0.005889867639372978
0.052357439613011814
-0.04071646340431526
0.023172064061818747
-0.07903041252964188
0.020403708513183856
0.034162631075509646
-0.015251566973644548
0.023997545419466165
0.011827292392070938
0.004162663752875228
0.013724219836184758
0.06801634562056845
0.005495998071097407
0.017368947214481248
0.01974839219392495
0.0449438201355914
-0.003943594910100359
-0.0133646135487546
-0.016553684371989383
-8.2265107510652e-05
-0.008061173270753041
-0.026169866789811133
-0.04521712093266391
0.03262056358953692
-0.00507737664897072
-0.04318381671389797
0.05578381069860523
0.01438631681090037
0.008044830165647486
-0.03360055955912457
0.0022809689482748874
0.026865472152597825
0.01941526623826152
0.03436562339481928
-0.025559177642868934
0.015693226267143794
-0.05255631799813066
0.0021404868737810697
-0.013186856733539845
-0.007976978285452485
-0.015542380522859951
0.02359086579576499
0.02774106085028962
0.023888432226048674
-0.010915404115033259
-0.03530600612610188
-0.016536525561547798
0.008161309489919576
-0.004587428428343794
0.015559109161764033
-0.01383754674604687
-0.02964106988080337
-0.026728494040632957
0.08568195024393718
0.01541987922013225
0.05225803355570947
0.031436007987229383
-0.0135496219993395
0.015701407544076
0.025879974689223522
-0.005589464258565237
-0.035884217847206794
-0.008222714749428787
0.04845485426459762
0.006758069156036585
-0.062171190174302414
0.005277089008833398
-0.013889075421728176
0.0003250564093843483
-0.021848065966660078
-0.013474189665949467
0.0132376967491993
-0.021730930531624493
0.06421985975251293
0.029725973821884643
0.018115013734106143
0.08374656642939259
-0.04665132427841939
-0.0007454971096781728
-0.015510755495318029
0.0755707764027382
0.02667524988154695
-0.016598753754320704
0.03436453479044601
-0.02152307107439547
0.03246080109466953
-0.04259044625802141
0.02431894882460832
0.06289037941183896
-0.00841194716983267
-0.04627705233113683
-0.015666121742586747
-0.012223157055376981
-0.026536493004716277
0.007596931947478147
-0.021764150913765427
0.028440430544266152
0.06820021283079782
0.01911513645385506
0.02318823428937174
-0.0205152935702405
-0.006855388123614899
-0.01836104731756155
0.029393672326230698
-0.018517048250021317
-0.03941678473827838
0.0002589081028959555
-0.012861577735000702
-0.04995827504597357
-0.0029327596064289137
-0.0315673025281275
0.026958256515268075
-0.03281532806336281
0.0025573829639985936
-0.011289985082001063
-0.024811246290757562
0.008631693118
0.026200042221993496
-0.015366118142113323
-0.04128570558111107
-0.042180381465827636
-0.04108109752836415
-0.0007514012665849664
-0.0064708974565530685
-0.013993287271899297
0.0016044666112794437
-0.011911591195666232
0.012638281211436479
0.018355230729365846
0.036497329198567914
-0.03787875116719842
0.016978204396148673
0.039074691088542904
0.023775015349059736
0.033254912459992736
0.03629700942787149
0.012770448796014402
-0.030431452094675668
-0.025068788208358936
-0.010849483679825156
0.047179637925028876
0.01737255017340394
-0.0037208695981165666
0.0052527139404113295
-0.029002765086880836
-0.019689916986834467
-0.05520180561425552
0.022377265089748
-0.03275467682091375
0.01728812564606111
-0.00323308624557264
-0.030557163318756624
-0.01536812652188277
0.019443180598150117
0.0042158677469666785
0.010398325872691584
0.032328341700068486
0.013465962579503785
-0.0042559704966681055
0.026125545822970667
0.06355966734395166
-0.006350383041925227
-0.031618987878716476
0.01823571754426724
-0.004035907433650884
0.007884346287598201
0.0026649768885219634
-0.028170368864608435
-0.006821515382597216
0.008722405450607117
0.01905839634660571
0.03265258661759114
0.00392994630924726
-0.03338656738500853
-0.1068586990305647
0.015326981212398024
-0.02843984669721735
-0.02459368956741609
0.006480726162746803
0.02715152080705829
0.0064976442639642995
-0.034217348156902035
0.014609746600285833
0.024081398054313786
-0.010543854272471597
-0.011108014714787567
0.005525474033097299
-0.015167360257878498
0.022500049114692267
0.037339818728295865
-0.012551950938434689
-0.0013853827576641078
-0.018146229065532933
0.05097938462628912
-0.030129533454860094
-0.005641632104146152
-0.003955748971793983
0.008368370753839722
0.0006438176469255373
-0.0005695023218186999
-0.026070431061347783
0.01996778870364769
-0.01576825343244434
-0.007413010919558364
0.02688606809239314
0.00256011626311101
0.003321048070912112
-0.06741657573188366
-0.005908050348648006
0.03975476856010462
0.006959460080233929
-0.010324876422053698
0.02564576850705012
0.017691927628918597
0.0566934028030333
-0.026521838720471196
0.021517468300848115
-0.0007963265535514103
0.01262095890477325
-0.025791523188628374
-0.006981319106575992
0.011254987888675775
0.01710500550510393
0.014548591489809614
0.018029389983676983
-0.010974076540355043
-0.04108807654491668
-0.04260302431330804
-0.044144675915968275
-0.07857725644191109
0.04817805298588113
-0.0038439948520470313
-0.023730504468670952
-0.040998897829783915
0.003592391910146135
0.04051864566237952
-0.06117641417911386
-0.013476116295182878
-0.005328166793138475
-0.0004843402183401459
0.016200526165962948
-0.005521290401945613
0.018520734234273906
-0.06349064131232758
