0.03440831344802544
-0.05325633758723398
-0.004396085655643636
0.04878844420987065
0.004356816687031738
0.04583739090470602
0.016792792253726752
-0.03326213740590918
-0.03186853300285888
-0.011310664424202779
-0.018368229402811322
0.00021924124967763185
0.01051726671016145
-0.001594538458794943
0.006831141201163855
0.025716268098671974
-0.0165504013297584
-0.012911345491389177
0.015232074618340675
0.011651696238548837
-0.02548704621133757
-0.0111453304690623
-0.002685824565980758
-0.004515269662980259
0.0069458122451174715
-0.0025781282410917645
-0.019498790660170788
-0.03946119599993375
0.01553633191343633
0.021614798139925378
-0.009995051799329906
0.02498848855904098
-0.008993422047567154
0.02163307076399271
0.06288924924567531
0.002885749395123496
0.016388980509357234
-0.04233010568486739
0.01983291570861442
0.0006785241632249394
-0.0027267956724651467
0.03000133006959353
-0.04109400540136053
0.004384687306467321
-0.012478251249654994
0.04153881125092677
0.090646953299677
-0.0044952308622333344
0.0031062124304970192
-0.017814515742159844
0.05067396119761324
-0.01934450389917855
-0.00483653668035022
0.0070875858037709565
0.017165062008576384
-0.0631111794352645
0.009390189566012319
-0.019249894382316782
-0.0034880387080066704
-0.008724404935876302
-0.018875801321509678
0.027743231594393014
-0.033844794598587066
0.02560584616505234
0.00931490802107255
0.027483080420482343
-0.10403520897404865
0.006449932534457283
0.007190837773577853
-0.004194604663659696
0.023498981214156847
0.03294100932094832
0.0029233617340777775
-0.0506050952933022
0.019631446330155376
-0.0026951197905638537
0.030099129101273468
0.09418203954933878
0.028396062259404695
0.03897420796267854
-0.012882142805784008
0.02310744834505094
0.012468114845679099
-0.017855225276879876
-0.011785212884338609
0.018333315491334667
-0.008847362244607328
-0.009413114063372788
-0.005752263019681203
0.004124327389204961
0.02340898431700995
0.006403140822346728
0.006767522967693566
0.025055172342320364
-0.01318819019936307
0.025245176749223126
-0.020566679909478303
0.011042008192701444
-0.006064611181004986
0.03657665657595866
-0.064872166978609
0.010118029111264155
0.036840734067870744
-0.007805815278700756
0.013884133220174089
0.0005107503232591398
0.006666595454768989
-0.0010065002214444717
0.014364415749766699
-0.0004955393771810757
-0.0018253571028021573
-0.0033402466025743796
-0.05201568819392871
0.0025817262679592853
-0.00038652561544279414
-0.020873166860981104
-0.000272026698294741
0.002107186285734811
-0.01583218271059792
0.011817457608172873
0.028803629484557947
-0.029090080120876625
-0.0021967482238041116
-0.001436464492922397
0.018034474690791516
-0.008119757448360332
-0.034346900230724155
-0.005342467869453825
-0.030111047655490428
0.03251683793639343
-0.014700967308054463
-0.023639085724331703
0.04985174379761823
-0.0044046652130585
-0.005435024244773042
-0.003716596027508472
-0.005137166454943663
-0.015632563266381072
0.042122101576759295
-0.009738520559443459
0.046426783645655126
0.016368646253125733
-0.03839498821250867
-0.014415296097481364
-0.02331154489760024
-0.018767997521693475
0.040273226661620073
-0.042064091771646855
0.028460464477125757
0.017393949759171162
-0.024937946181250926
0.008625747955344706
-0.021086553924461123
0.09174719310226093
-0.005500333822222749
-0.01601331826658801
0.006067510354611757
-0.0113387486300305
0.02746940537012583
0.0019935401703508326
-0.0012893764203680436
0.00024568431403047087
0.0007467451142066162
0.0009831387615583805
-0.033183799804546846
-0.008232225019104693
-0.0002638089448188858
0.00014148984277174238
-0.06328106659756479
-0.030317249414390342
0.015413457702287608
-0.023250613458740178
-0.05644903436970999
0.010712954372839388
-0.01015134470452716
-0.03231423160929074
-0.003459591788875747
0.004763473330684507
0.005314456803413261
0.00012482675078361524
-0.01834234991206926
0.013834609393772089
0.019848545218200606
0.014379381551565724
0.031105508771781646
-0.05266651222477934
0.010515529673897813
0.02920631719892855
-0.005985353433763713
-0.0028034305040170373
-0.006283259556627488
0.0033381366158774547
0.017204887984275788
-0.03225472353907951
0.039844884305273075
0.008900787530890982
0.020319308007637156
-0.01440347403688247
-0.004924003089734133
-0.0007731769149902491
-0.030253054875251536
-0.014636124654256576
0.05391111945681519
-0.004469050207215604
0.017779720025234
0.02678345272982171
-0.0474560824994766
0.006807469530462018
-0.009026191735518867
-0.008865449078520599
-0.01738244021188201
-0.008405122591331644
0.026014892793571207
0.004791967830434786
-0.005303742967087579
-0.01643241373107745
-0.08949823670837871
-0.04777589491673131
0.05054694952901037
-0.046630446989102986
0.0022390529665484316
0.009655896723697035
-0.01338392605774778
-0.03839922587915921
0.0013879047553643714
0.0020838645927562104
-0.013056848993146292
0.0015080507170741819
-0.031224834879538702
-0.012607438569993521
0.030729245961754765
-0.019956742233432478
0.012927789062337504
0.00010670003304782089
-0.015343205808794698
0.021706982698786216
0.019867949255646472
0.031162722402671702
-0.014088738265367046
0.017835086126163368
-0.01584637324302102
-0.0038649905887870105
0.007977287719057126
-0.012177851316122906
-0.0003649174248532647
-0.005344934167035186
-0.012891443836226582
-0.00195036312948245
0.009671557991229675
-0.014233792428279005
-0.01101286408793504
-0.06588373514429258
0.044022312132468155
0.03935486010209255
-0.016386684380006237
-0.011649557549775678
-0.032076457022340424
-0.009043540451599915
-0.017516795628897963
-0.006711379135680752
-0.023069819346245725
-0.02669816718835494
-0.00589254743878577
0.029847305942593744
-0.009909920437694593
-0.007439572591784961
-0.006883318616868558
-0.00034976803206561766
0.06262145476716256
-0.0213107089777927
0.007060518348946896
-0.0031660087510285363
0.007044712074959191
-0.018757517498368893
-0.032339932890798874
-0.029524069408592236
0.016539539647434844
-0.000171733649741161
-0.054030444766372594
0.02673426235567917
-0.01617277756853806
-0.024153395301779162
0.023166874135851626
-0.019176112270989303
0.009369693917460417
0.02039075716106887
-0.003473256203805292
-0.00019153494088770186
-0.0229994337997267
0.011980387762789632
0.0033072577409392935
-0.007355300581346489
-0.04698686911508379
0.02615809078724047
-0.024625661042627735
-0.007149719330524667
0.04202821794786088
-0.016565100202884323
0.009050949421812508
0.08268697177662776
-0.033245896626953604
-0.00229844649683541
-0.08079039445883868
0.016258259208265416
-0.007148113170244022
-0.010216145454704277
-0.01490812056870266
0.011047704542471141
0.007085795890833918
-0.0040659791024445875
-0.026017671419063682
0.03949154362035796
-0.006661762417365242
-0.013753365774390016
-0.04415427650160345
-0.03652799343058085
-0.003627450099206028
-0.009946729246504318
0.0074863648620340385
-0.022360239945642423
0.00896216230583357
-0.026986201213377733
-0.01607939846134721
-0.036206850626777476
-0.011853294532560415
0.036952338806831624
0.012101163173137027
0.009282569287745436
-0.0041607419384822545
-0.04870129205295356
-0.004673039883848442
0.01730497549141467
0.002341049912690335
-0.005813126501001765
0.021562857392226627
-0.004208683058279653
-0.007271038118455725
-0.05303862732554334
-0.0027747682359896787
-0.015241604667778505
0.027901926158628566
-0.0006319858487445792
-0.007420323736215415
0.009935512409832132
-0.027764319815413708
-0.01951542860478557
0.011747060835500792
0.0008680377521811702
0.049871537196134366
-0.0017783609341467585
-0.011684970857396722
0.03867997440555858
-0.06961466005828756
-0.024343653476926963
0.027320407146872845
0.038576151221664544
-0.03779517138344143
-0.09420741443759
-0.05591157626827612
-4.958448432531079e-05
0.026426361626717867
-0.022384963067747968
0.00873728470058419
0.03122393221657574
-0.0019324542485193007
0.013277848746490972
-0.010940314208523977
-0.014534861722127774
0.019469742752426675
0.004097802645826483
-0.010906238588263653
-0.022997250083677066
0.011398999351326367
-0.01541073549561335
-0.011666189963503455
0.03189548492944928
0.0016543197446960427
0.01805624649622866
0.011401336253708105
-0.009689966556863374
0.004980407229509674
0.004764019576638926
0.020671913343071818
-0.06572258281830316
-0.008472568715306683
-0.010497096845372084
0.05865104119712646
0.019062006904949975
0.002593180367131608
-0.0051241559965641585
-0.054586382726218415
0.009275423595043466
-0.03552602598071661
-0.04934331883909442
-0.0007038508792434258
-0.03887143501041415
-0.002000787730952273
0.031467300604676174
-0.006223461731969253
-0.022041190320301583
0.052207517880606485
-0.025208431480173217
0.022000053738158946
-0.007456093613955699
0.0052822580368996055
-0.024553006116995044
-0.001889139423863932
-0.00538869773275798
0.07934661006497842
0.011865294587863437
-0.004550797318619471
-0.002883578179276709
0.008604094470366216
-0.010386831600349877
0.04679608010582685
0.0034302803078795955
-0.0036664536884536726
-0.02447452304801065
-0.012121104993232414
-0.05565528182402757
0.03019858714719547
0.05601134212268886
-0.009925646453883722
-0.01863235221634284
0.020820314853593896
-0.028207150162894344
0.014243306358226649
-0.009736321282829941
-0.016310691198076044
0.012050928391879143
-0.015340644068965618
-0.01164107440880327
-0.00022274708913943837
0.0180248253917565
0.0009951350381285176
-0.033593758687249085
-0.031047541266428735
0.012840981796189886
0.02617183441953165
-0.03398799980513961
0.004945137292397004
-0.005761783314946357
-0.0034777904041879606
-0.006269426254569441
0.006718938066820529
0.07319768598096374
-0.012305603540416866
0.004864635707332333
0.00038156093406035047
0.006876609572032386
0.04509707987807338
0.0008828566442695209
0.049097101107705994
-0.0024399731102344915
-0.025224420422507422
-0.023873362739825064
0.0007744408604196608
0.012389501134869488
0.0022643744284648877
0.010594140768992684
-0.006759270709551589
-0.007925537519051581
0.03725169118664427
0.053883666103328974
-0.06335210980834793
0.0018971728286028562
-0.0249244900451824
-0.007951543804510358
0.001111129162800872
-0.0006147529387252575
-0.0013749915312382822
0.04281391908962109
-0.003896877370729416
-0.030088598270989347
-0.015440848016248041
0.062300982190693396
0.03519627173037001
0.0036032373233037232
0.008286070565119222
-0.012063358234130177
0.012322494957474103
-0.011673146284698082
0.02030206508023452
-0.012854282890873104
-0.005190031635804096
0.014371234340953795
0.0009479318781821305
-0.007051061046780789
-0.037864823537017984
-0.01875816965623419
-0.004191037336557975
-0.00835942690845566
0.0023707416280102592
0.010636085602839105
-0.03400050054110125
-0.02038498224214781
0.011841586604362115
-0.0014119005756549514
0.04363540762316689
0.001383528079194436
0.008072166105447514
-0.048480031861953383
0.05037506858940086
-0.026083763724579195
0.04051169307292596
-0.0002877337408018858
0.06160858775074701
0.012901333109868119
-0.03368371848377217
-0.0935564688499033
-0.00027593938340046085
0.006468670242517137
-0.06962454401696357
-0.05469012204762336
-0.01375604047462315
0.011525348616264178
0.026932017907416225
-0.01409263696586584
-0.054351007479587654
0.011282386643446137
0.0035909282563283537
-0.08074398808825671
0.007644422838219968
0.0018598724295128912
0.005822796913525087
0.004416070006784312
0.0051675282440012465
0.002035195714890615
0.0045695626225974685
-0.019877114955246227
0.027359649399690336
0.00233462234137467
0.009477259078232568
-0.016091497359478932
0.0003993533516128276
-0.01031382934590969
-0.015023268778989152
-0.012521188700288542
-0.006378380480707262
-0.017523803574264373
0.02474931324252669
0.03589199911078899
-0.06456772555212574
-0.012814434146509767
-0.0012510246573585698
-0.004640460430351454
0.026133435569782655
0.008758142845193667
0.011398667958421345
0.02711961351653316
-0.042787327511831064
-0.03868061754108962
-0.00814397912842131
-0.008020854039767262
0.031917837674579085
-0.006035248681751063
0.007663172323788312
-0.0005931838079995938
0.04291043247345576
0.0014576430569573958
0.014201935364731261
-0.018438766921321712
0.08739264013946987
-0.021243426302608927
-0.03856670227726602
0.024264955906617085
-0.02056910611185154
-0.021820400559288366
-0.0006950268030229476
-0.025140887097906066
0.07038291690899405
-0.02815009571188349
-0.012580249257899849
-0.022329528336584525
0.004055574698235377
0.004205484902775648
0.013400612643423418
-0.0025093137758834855
-0.01197255928358184
-0.027885928134141095
0.012393702881549448
-0.00020522020058356917
0.013329335197161308
0.017987079949291846
-0.01687249500867665
0.030314741833656404
0.008200558619788604
0.015219821294024747
-0.038785751528794314
-0.027567545963125398
-0.007078277215947481
-0.0015136909358579814
0.009562895735708168
0.006987481327511809
0.021386226555692302
-0.014949423857116602
-0.019781668465802135
0.04394136915847108
0.0002524010630985676
0.0030852143983778725
-0.007200138920670994
0.04117837783676657
-0.02137919576791526
0.06330585139692681
-0.06073648150900668
-0.0008941335395071091
-0.0034451235143722375
-0.013332166685714762
0.0020144481655795595
-0.01647969052665447
-0.01322572255555585
0.00076339997455756
0.01040584634410278
-0.02070034033641853
0.011354384867494814
0.014254907084377355
-0.00039375886403078834
-0.042878570576463236
-0.011724948395998351
-0.0019308161936324856
-0.022602630449062033
0.002193585479230048
0.003309015099169586
-0.019865949968086355
0.040154166984505725
0.005007948731123017
0.0067933416244888075
-0.01623895032744577
-0.005340678274749927
-0.01945020606782991
0.036354524474479226
-0.013117605925606332
-0.10175350275650112
0.06115562553069835
-0.01491640024246331
-0.009915267346027897
0.025965831232962984
-0.01603640430149721
0.004283307299575267
-0.06395125446256199
-0.013486300778236423
0.03353180965607205
-0.029569579127404582
-0.09383938124127476
-0.015364036090732407
-0.010304229728373384
0.009386781601174328
-0.049197044000271146
-0.003878464796697859
-0.022456827450789436
0.01309784228909228
0.030597484397310262
-0.011136896655850383
-0.02215576284472398
0.03521100330333554
0.030151621573960542
-0.06404981289482058
0.029603295687580633
-0.015095988239444224
0.040539791573853866
-0.013734326841873987
0.031820036461314885
0.003964082813854518
0.014071242734746836
-0.0011175820999082939
0.022791401626500132
0.025514524881721647
0.04003465572863638
-0.03696072592799845
-0.026791416037494686
0.031201609670192188
-0.010973618903153511
0.05187803239215758
-0.04567029840217424
-0.012963344589270481
-0.028028990289794685
0.04236874378394321
-0.03030670305211853
-0.017775632639991122
-0.008187712491707811
0.007058739535367617
0.011724889122984949
0.002062721241007533
0.05973029964597658
0.0036211632755116063
-0.0030670132549891435
-0.012581258240563088
0.02674867458434561
-0.020730934679824238
0.0039111885770450674
-0.04097454926231953
0.02617918106643129
-0.02347443541081252
0.04553401508451994
-0.01004707813419275
-0.0009450955678366738
-0.010895070151401207
0.01991621458320576
-0.03698623620568361
-0.026357409596668647
-0.006099679296173381
-0.0012090452919697409
0.03948408074339304
-0.03642531886558081
0.0371808058706601
-0.053450834459720764
0.006571661031489615
0.023618009563849678
0.005911756427044061
0.02293834864787297
-0.013220569908242899
0.005046164174232637
-0.01937575923277555
0.003649475968203523
-0.01675282513322315
-0.02413221890978644
0.0006271273284617202
-0.00824543885691397
-0.0059316508609202805
0.006980526980540708
-0.006710060470948668
-0.030273139062364094
0.015421572790462431
0.009392520528015686
0.007208828359276408
0.012240466318288212
0.05014308476513557
-0.007454966317406733
-0.011665093834930319
-0.020383231744074436
0.0013794098986933722
-0.005490660418479117
0.0021752068351629395
0.007777084421121546
-0.005675472836702982
0.018182332436691446
0.011630162534048749
-0.016402459868608606
0.010805997393304767
0.005250229783708119
0.1269986200277565
-0.019505540726488073
-0.022774427813773403
0.00224085215624608
-0.06404531101594853
0.03960115561568243
-0.03171349065503335
-0.0029157460259039993
0.01799647523102866
-0.00028252727449137356
-0.009962371061510704
-0.005266001870968155
0.003463225859647571
-0.008954484751815647
-0.07528722734963886
0.06762841840504048
0.005221726779612831
-0.024067947679950328
0.008167386755043221
0.022834233679944548
0.009813441670543637
-0.010901162966372285
-0.008703555699507771
-0.009105728990595505
-0.012554328548218967
0.021591978565412333
-0.027757861021093882
0.012860585239288545
-0.014561469608039881
-0.027201590247577803
0.014056646253818467
-0.06845802719357859
0.02364494915059652
0.051904860064999975
0.005084867952499717
0.021620648167335586
-0.03399941901069427
0.010492980392295655
0.0062674559626098355
0.02133222994208236
-0.031427392369608495
0.03206912839079309
-0.03560442953098388
0.0058005781192759995
-0.024453576679593938
-0.012662859140408147
0.008671940176748912
-0.03450246975940012
-0.05296925132484312
0.017032522878162527
0.016461960468476415
-0.02060064969314656
-0.019812533545422888
0.018078878928493403
0.016304991242458315
-0.015154882080017442
0.025997846260013075
0.007915942922285443
-0.0065414329317186855
0.007830579713225807
0.06732312694694888
0.0662705120135732
-0.0014707122564796308
-0.004365274805875929
0.049916467925428136
0.06833014855482936
0.015154430118915643
0.028340743478048398
0.0017908866485128114
-0.03213588676032802
-0.0026277968406379156
-0.0003916008021320579
-0.0002572679818027794
-0.01889609741053531
-0.0534980668207195
-0.01052507743966342
-0.03826210389462216
-0.01134938556343164
0.0009496832624735551
0.04960665217676119
-0.008397080477753685
-0.034183456310862954
-0.0059773478779208515
0.0030669159935588033
-0.051934969513811435
-0.03262075424569773
0.05397660391393396
0.004354565568861768
-0.001018870240182974
-0.0019438841371662453
-0.06889070508696088
0.010343598588059177
-0.0077206931311192386
0.0662574104051517
-0.011616182709240676
0.010748341627474862
-0.023468516783765988
0.02226379890176177
0.011463247162914173
0.0026610208711965256
0.008583652445737116
0.017539489108538787
0.021537434615547746
-0.011109613672264608
-0.01655541531771623
-0.026803197147870925
0.0028803252573904553
-0.015429547776561253
0.019032392131380086
-0.0008455547787086836
0.004745474611846855
-0.022617781682910055
0.0061541790426432805
0.00953145256921516
0.0012089743846589217
0.002477102618065431
-0.016030764726468503
-0.02973807651442294
0.06687523927607325
-0.014976133797190812
-0.0334987744435774
-0.032911534229364305
-0.005448093739366588
0.02767139317650916
0.05389011357898481
0.042504878096760255
0.01775366623857291
-0.02306203388445684
0.006730165320635716
0.05092265998411274
-0.03648301947991929
-0.01927121968310906
0.022691033657306924
0.02000157500756126
-0.01046031555460247
0.062426687218754925
0.061386169107891735
0.008624324768158333
0.012897056674869253
0.037408719299120236
0.005158161351592535
-0.08557264330993476
-0.07728404673219477
0.04182122832300652
0.014415007341613224
0.020020385533437473
-0.01932994054602987
-0.003302999370623159
0.017800457917238156
-0.04106778867795067
-0.027889802159280226
-0.039613145931091304
-0.006334504370993207
0.0021396385635553826
0.008045282224439102
-0.014499461525575326
-0.014469556562529844
-0.04563030758223411
-0.0087807186615347
0.013595741488002732
-0.012800122860748345
-0.01675572543147372
-0.038975999338772084
0.006738337772732516
0.005139472439052107
0.02932347141781507
0.019073652497235336
-0.025274919956229238
-0.003540049003720158
0.010107904985987475
-0.05273099355334778
0.0026245414730758435
0.013448595515670249
0.023545112625907604
-0.008958046708578716
0.01722501065509061
-0.007818784262715048
0.004722141370054832
0.0027480959378678484
-0.011210955313544041
-0.0021702591608158328
-0.038639554408717594
0.043469152395925297
-0.0029947945942469505
0.008737377296703475
-0.012133137951635757
-0.10216015458268954
-0.007936701474925568
-0.0006740619525157204
-0.006768442251450598
-0.008184798472294978
0.039985855588042074
-0.02281970531706169
-0.008598920379038495
0.00903600879357407
0.009610049616120133
0.034383636163148226
0.01341504699745491
-0.022947377234411787
0.0024653335747251647
-0.03883362189656386
-0.03751172878438855
-0.030244085385568786
-0.020532364550492534
0.007371186049311241
0.05683644084400572
-0.022319490327449426
-0.013428293843059002
0.058301066016265266
0.04579927435743676
-0.07329665846044876
0.0982776337460088
0.014268029033460248
0.014853746102134288
0.02141929787982957
0.0988801631051281
0.016960236480961906
-0.01398970382158694
0.005289848298692032
-0.012673845497410888
0.019673342422728855
0.029076785515395123
-0.02601221807114975
-0.01737031232075303
0.0016280995495321505
0.033832744413252014
0.029697765351444493
0.01448247798762412
0.012616986680919987
0.06110026255885579
-0.02477800060722406
0.02698508164426797
-0.01951667721193563
0.013474756218654248
-0.025448535138348886
-0.004673607602411246
0.016316750421301582
0.006323138506486106
0.004036597644830694
0.024572626512885415
0.057091041701280106
-0.003105204407463879
0.05259615930659498
-0.024872038837429576
0.009337122503045085
-0.09204929431318697
0.000676079170254951
0.01820420337977325
0.01925938240583167
0.013145590898367969
0.038800316318685954
0.0018260268280656797
0.017785055200534923
0.019077208856131914
0.022072560133959553
0.01024313814338065
0.016636272018874333
-0.01479936384234884
-0.011570377483945946
0.0027650182992452962
0.017850230509329428
-0.006907857155999428
0.002214694233906086
-0.02399520868718866
0.014205388047772643
-0.013812470554607496
-0.0025244718028906094
-0.011489368516314056
0.02762837586582198
-0.011859228332897454
-0.0011708828146614672
0.019367921820662493
0.03530084159290005
0.014749961124284922
0.019021873311798748
-0.08123507368584088
0.021932235420026855
-0.011169685720066826
0.03473249761521158
-0.04016144393108348
-0.008435529279715803
0.010531123547247072
0.040293192591609
-0.0689952143028501
0.021003288375622584
0.08091253163159534
0.002632710536524092
0.007895907643537805
-0.007277540135687639
0.004526268149787614
0.008630095683400466
0.026944158998738903
0.012751418184974113
-0.034689075961414406
0.06932592155985925
-0.028799145937183447
0.06213564903343246
-0.03027254660731499
-0.015877844752559007
0.03161220967483906
0.041309163629499816
-0.0030580588469732357
-0.008349930322473113
-0.002877086639315741
0.04419946822375836
0.010468619251812902
-0.012159421245917278
-0.038659409376801686
0.020455367214208948
0.016583240332263847
0.00456074288058226
0.0448068013317445
0.008848148277787984
-0.02474716101724965
-0.041204204122064554
-0.0044829045413020095
0.013968530264623535
-0.03376376189727037
-0.03454267077694415
0.00926961152347914
-0.0005193529823299926
-0.026417784642779
0.06799900963902211
0.037804438082947145
0.035577785766599215
0.014121554481341147
-0.0636437047088228
0.024904624128068854
-0.013598657457083971
0.020797253747133627
-0.02021193460462926
0.0425401390034887
0.030951340855939417
-0.05906687032473717
0.031269544286378695
0.011375328172025847
-0.0027069454110459287
0.009363916012154833
0.03283918115910038
0.029560579211045712
-0.004467891631413269
0.05179920307062277
-0.020417972653249822
-0.01925299151155236
-0.01625133185280805
-0.016752270389312027
0.03298916006460113
0.0015445015470739714
-0.013193341847776163
0.012984575840221375
0.023398907443723777
0.05806263392932374
0.013359920193239961
-0.002548120087992793
-0.010269803595957375
-0.025251190198936648
0.0534297774339743
-0.013937607059540499
0.004958745480183023
0.022145850041434576
-0.06831774258677965
-0.03135065595951991
-0.015526391511539336
0.04848168777506356
-0.03589762727937498
0.016489393174965932
-0.006096503214850276
-0.004245247013247079
-0.015684015942895334
0.002023181467956958
-0.004088826943942857
-0.09264791145764431
0.04073284780584246
-0.04518488677370653
-0.013181638026567185
-0.003308101726603102
0.03528265354474971
0.019203972705900182
0.005976407247659692
0.008795001741643934
-0.0279863369857837
-0.0014258972925513347
-0.0023484739748211975
-0.014795200553608145
-0.019269368844232485
-0.0017298950568962151
-0.010271977341916887
0.050562224646613696
0.022466963841009036
-0.012995337872301673
-0.010897210970761413
-0.024640110280926462
-0.006111343735963992
-0.0004418441094955145
-0.0707784726977221
0.023140490265959837
0.011572595285589475
-0.012576718607471164
-0.012153194845565426
-0.014921428131582168
-0.027994543295733258
0.025948516721217844
-0.0011707130017486321
-0.015181177109333326
0.007471082527914828
-0.0021501730576999655
0.0009626060199156223
0.041090369494180004
0.014964910554089248
0.06715026933948916
-0.006481332214694854
-0.0008589477065852317
-0.019480218082012776
-0.009681969342614739
-0.010192841164371958
0.04666813199369669
0.062088015302617046
0.007524641372172887
-0.0035817979824441216
-0.02300949123341426
-0.013889942698860788
-0.009459886522757144
0.04081837584130399
0.02487547338606774
-0.009111818289022282
-0.027956120976796752
-0.03851288831964673
0.018897873013809817
-0.0007100721941954572
0.10533335365615845
0.005932343258612227
0.022907879395229848
-0.009641832389241843
-0.009132228718123258
-0.021156333010669583
0.02232087276138923
0.020898196328694347
-0.0057164044079940635
0.01709533394993324
0.05277815491056048
0.019927672262997603
-0.009139386115628865
-0.015805770803733753
0.0017006928143799632
-0.004627379447072483
0.02694471605586967
-0.06582234448044709
0.055925901941190785
-0.008601988369662136
0.056738149137483145
-0.025050417020215498
-0.017935012624486185
-0.09685860681823241
0.032619427755210595
-0.029734732286851865
0.04635880879471591
0.02196063344710904
-0.009106978351574228
0.01739796345809154
0.017599757446083518
-0.004114421865924242
0.01369631847374042
0.02272543757712344
-0.017130961136123182
