0.037031914050104864
0.01164390102276562
0.007616867874650925
0.007913992820316027
-0.0009355744731008881
-0.005758369181427805
-0.005583169933262244
0.016192187688575395
0.032098143844932585
0.025909305227659392
0.06844695327152522
-0.005960188127669294
0.03258382806951918
-0.038280478259816474
0.0014666096327914273
-0.02832588993096924
0.0025817065576542344
-0.04122796253232766
-0.02514685878246512
-0.005770249314645204
-0.0068270383256801865
0.005683861041192262
-0.03766685577052567
0.0026177106221190486
-0.06192712997476634
0.04790567081494345
0.010690755022572444
-0.008389019690390454
0.011753043403292517
0.010464649272013302
0.001210727027950954
0.028240658285619995
0.007459197227469378
-0.013029697626473252
0.03426403733684297
0.0021686864758510395
0.05076779951767981
0.011469912872757832
-0.011431771982805492
0.021915535194131502
-0.004858275242744164
0.0543847541128611
-0.002183270850306274
0.016940038626858108
0.014246191322223324
0.006882892495376939
0.019699972696958043
-0.032581991154015354
0.0074675360674577185
-0.00242451031038831
0.018304126336796005
0.02868563308721644
-0.00704311673938616
0.015038208051268034
-0.04057965655811185
-0.012220242511843353
0.00020409951547180314
-0.0031900782836290146
-0.05289783209593562
-0.0033016356811522733
0.008377813523948154
0.005146907275517746
-0.0018518289187020608
-0.006266995725441576
-0.003878971723940023
0.028933136470040186
-0.0009322241970357506
-0.07085773011125779
0.0023833236930437883
0.007300683181195475
0.017266792399798232
-0.006389219537874627
-0.00897013244311268
0.025148587666415347
-0.02850719359102303
-0.004487742509003392
0.03229349862509228
0.00849014319589161
0.04093989116731528
0.02135182968844274
-0.035521098288947714
0.017172819845728566
-0.0558396616255244
0.04308364821019926
0.008996070734720162
-0.010051406155060063
0.025249057635246628
0.02396138135535986
-0.0005671015988205499
0.007576855888232065
0.0041944042599557484
0.035181097963083274
-0.04096202691267532
-0.004092986176168264
0.013779615980573751
-0.047815456645192704
0.022907226050702733
0.028324381015280717
0.0008152846392124844
-0.001386015882156029
0.028234502351885796
0.014793627938842823
-0.023118054533306124
-0.012390629661376844
0.012318495428547842
-0.009452137267013034
0.022825642376263656
-0.005272829278728686
0.025160932315059944
0.04042458620672822
-0.004914871030438397
0.005787997951082221
-0.021970294185788095
-0.012651096626672917
0.03596244033225533
0.022615529900255286
0.02179571291050039
-0.022178918761070417
0.030637744308651595
0.025985707483975787
-0.08951626768613259
0.03685606753887344
0.032784976096815584
0.03703545802309058
-0.012110158889604275
-0.026028652087176456
0.02497812063635698
-0.04200231735219119
0.007652003359687972
-0.0074825053294670825
0.013479592240274108
0.0006765396839696811
-0.007236679297782707
0.041526959587283745
-0.02816035968800403
-0.01434113367071229
-0.06949797492058467
-0.0034811719114526624
-0.010882528650459418
-0.01114693637375358
-0.003855269500310145
0.01657842648600109
-0.003031256469370549
-0.07294932331725001
0.027727354151151896
-0.020874516527185815
0.01106968586701658
0.0017656753535125018
0.028070598549189536
-0.007868190565765595
-0.0033899582704545617
0.028886830563126135
-0.0313912510145133
0.07748774020392867
-0.008157681412402541
0.0032208108228061485
0.013672271010784318
0.012808152380871147
0.0009561974326706652
-0.020698722057672165
-0.01993563386187722
0.0013414198771034352
0.03691697286462434
0.09327583053675913
-0.011322910887315326
0.00025178062059925916
-0.026252444612397646
-0.010597893767728067
0.0179099848264337
0.013036427134679418
0.047244921512827574
-0.006976947948818208
-0.005056993142843692
-0.032989144501294525
0.004296306847610269
-0.0055510312842969225
0.009460152642869158
-0.006379938401342155
0.05272650737149479
0.0325910836457934
-0.01820761694532312
0.005950169800370803
-0.03929636552438228
-0.018400248851817493
0.00010072976261401772
-0.014663878963789841
-0.005444162595646824
0.029353019168714602
0.005228554303832785
0.018646221373005763
0.011981812247480614
-0.011054518331641554
0.06532275091666069
-0.023287970229200476
-0.04187686568246497
0.001285687253061018
-0.016769073514209108
0.02361657828527871
-0.012628658578374828
-0.06509394644365242
-0.00737388885244365
-0.030281305497228496
-0.011441812012904404
0.008620030743379069
-0.007809534048106732
0.00959114161648166
-0.04142592384402058
-0.0035494457814206873
0.0012730310086374484
0.060631005578971386
-0.012144385090075984
-0.03868425112636559
-0.025224521498098854
-0.0036599696360973214
-0.02247909202318321
-0.019962710703247503
-0.005088614914390245
0.004029945929362111
0.012779267689617867
-0.014555940013705911
-0.013725100275607345
-0.044918837767654755
3.563700902560396e-05
0.00397437654900472
0.012656379605976582
-0.0021744915161757855
0.017481854672855957
-0.0007681474814461569
0.003083348401196279
0.003363966605524862
-0.020660706238275227
0.04437196089219386
-0.018023543028488704
-0.022268304861594944
-0.03362271378053689
0.0020964838893899277
-0.0018375949925973382
0.005071041748805453
0.09164351994888281
-0.003898535408084137
-0.0020060387661792797
0.04255057382416446
0.011864887809289563
0.11712923482076444
-0.01998652453857535
-0.0051147011598582145
-0.030794006207117888
0.02585272215517625
0.0007147146113384913
-0.028551938787680788
-0.020676425317869555
-0.00979661660648653
-0.07165401103329425
-0.0022727390013685955
0.0038153585627491125
-0.03698685824068429
0.0322678496691307
-0.021326108255208757
-0.0723193637488748
-0.013418708140010933
-0.01859890910336668
-0.009605702360316257
-0.044212390717601406
0.02019210570017132
-0.019671167831530514
0.015138858125409714
0.026280362384758137
0.025321213680374214
-0.004129419952332875
-0.010652326509209137
-0.04091978784718201
-0.0065213861280315425
-0.03718611237723633
-0.0002940306154770282
0.02803957330621988
-0.04407067736372624
0.03590025584748758
0.010730738996856655
-0.025716744467145513
0.022352068629662335
0.0180969779639657
-0.0396768992147497
-0.014965068499654467
0.030469461082092145
-0.012911646618493752
0.05353193390660618
-0.005313002176812007
0.10992120910984104
-0.03400096086544242
0.0054718022199251376
-0.03068359890387235
0.013091994889504662
-0.03949740376662564
-0.02606880703184798
-0.0031030452673655624
-0.00012365278582582696
-0.01148025120125131
-0.014344289483018437
0.02020687615738978
-0.050795569040031636
0.014866359600843634
-0.055177901487318735
-0.012045214847967526
0.020995716341593113
0.03446785971993113
-0.013430167369896091
-0.007385909014028955
0.023928424947238583
-0.0021083806109628996
0.06917478662679552
-0.009852733514473857
-0.009590962496280317
0.018120234157518015
0.0049348078835893495
-0.01640667507870543
0.035509174538101866
0.03388270616463448
0.014813822497074193
-0.02940411362880496
0.036139004649904945
-0.006020941094826398
0.014830524238282721
0.002959012151637603
0.01588122926493539
0.0038223389430140048
-0.012488017081929129
0.008341485802705108
-0.023581146976421972
-0.04465208783191922
0.010044933710411423
-0.014737529030667088
0.000490750644122295
0.03259547106466166
0.016101930759204883
-0.013163942199717713
0.015077712016121078
-0.028821959176779946
0.016599506726110422
0.005638366637704143
-0.014995476766794765
0.0063681129296432205
0.01238417381397073
0.01369034225858029
-0.026672065936903154
-0.029257261915113523
0.022544823226247658
-0.02132190504110267
-0.03200042125840824
-0.0005211807959934303
0.020495971966089706
-0.03351661708853862
-0.03433124242355308
-0.05495097626750752
-0.01030499651607202
0.021076694819305446
-0.021735961150861717
-0.007120636066993134
0.00973400781827208
0.018004229895730462
0.08455322675668835
0.051224972724618546
-0.004505110147452607
-0.014086342882875903
0.014591351600714186
-0.0026394875967284816
-0.0052145180076045745
-0.008543976786309289
0.025876839160972952
-0.0179391557699391
0.08114137375964202
-0.03561209013501177
-0.017304408487559618
-0.04657363947373755
0.014333681334209774
0.01713493527834762
0.023521003967504613
-0.03598459503340013
-0.04526418147792563
0.07632581109189925
0.0038085056668805467
0.0022176876223066852
-0.0010026036905529448
0.08398970598637613
0.004491698418560036
-0.005416059371418474
0.0003556363661526339
0.04683530347530234
0.020562185883994027
0.009702159304852598
0.05517316720861734
-0.008895164361672167
0.07955515866740692
-0.019047948665282706
-0.014001741746757054
-0.008198167493770545
-0.07951334799886345
-0.05243772250459472
0.03635024343455372
-0.018129298215918428
0.005316239754029989
0.016359835585866112
0.03052616917527099
0.034678337615889315
0.031607180983655676
0.026858167596572873
-0.02649451638872933
-0.034768746409198276
-0.014143742005639726
0.030595675962732095
-0.049723170985434016
0.010199784502539383
-0.06342510224235769
-0.0037107490836922443
-0.016956993442118477
-0.02433050953202434
0.00016214258298556563
-0.028544693077611573
-0.00478595749364275
0.024893549487316147
-0.05476486324302526
0.02305033019915234
0.03309862544941953
0.03449541749138552
0.013479677925996015
-0.014270156873181436
-0.004781183024402915
-0.006077435143284488
0.05044827202785047
0.016691142606970754
-0.027256906040767893
-0.10939493602431011
-0.006953013911553673
-0.005107319189414272
0.0083874490306611
-0.05866607465657713
-0.006067159961941849
-0.030586185823486135
0.005429720688687279
-0.0003534266347924464
0.009203113495723845
-0.019833909360700907
-0.010228152937521008
-0.026489855015195584
-0.02390073803469218
-0.0276953303943568
-0.014689480027302214
-0.0022353888489558653
0.03722464160297364
-0.05080908597567231
-0.008779033109553766
0.019393515219763405
0.02205767918918407
0.025035796328843535
0.021610294157146985
0.02122294506748481
0.02516931573243346
0.024384067525537373
0.0013647366832857525
0.002275408840890965
0.012497388372728445
0.005088911710004359
-0.03624867044184145
-0.06586149607636527
-0.052326922104971266
0.02261683022162729
-0.018213280482754696
-0.00994657349367302
-0.003011386253802472
0.01838202706028178
-0.009206432419765011
0.0188640194550057
0.0224496362648962
-0.02125544015890538
0.00994767899381212
0.0022597959008168406
-0.06503254969072243
0.008086475439046777
0.03938638689603481
-0.0067817678268046605
0.005387962111821715
-0.0024421946517667985
-0.01227728814123343
0.013799391098242074
-0.03455028148224392
0.0005828074046812005
0.0185582305283761
0.03015125864429863
0.006254043490841377
0.05195246029025131
-0.055785919742418665
-0.006737718768132734
-0.003663011001600244
0.003451014066475155
0.06217891077149979
0.01565214249601225
-0.015605408954728565
0.04371592763152281
-0.01639039037087657
-0.0013851772476145665
0.061865018589005644
-0.06901339734942777
0.002045026409611592
0.007389750565179803
0.025167517440796094
-0.05416954719250213
0.005837524912752219
-0.007526030624825335
-0.059583418932578854
0.0641808107116172
-0.013286247116430039
-0.05832316244651129
-0.018910157107962733
-0.02001503647770001
-0.008721918099704387
0.005244075630981634
0.05554528794425447
0.006138254167180254
0.02296472090440264
-0.006523121374904988
0.03704889138447159
0.021890152376818104
0.009579549407391781
-0.027460238519832383
0.02195962699596151
-0.027903988923101152
0.014886348555212788
0.03842402668760906
-0.05204039374166727
-0.024006801100663687
0.00011711338748187443
-0.042102885958313734
-0.0033114533980259974
0.019786013498097384
-0.008018704740244492
-0.003182076434362793
0.018129546449221195
-0.025694277677057613
-0.0022750516350699126
0.017194728397523108
-0.013215867534455613
-0.03725049398640629
0.019201589722417006
0.011060073797631022
-0.01011669953634853
0.03192731542308218
0.027113926821372394
-0.008841070295522623
-0.01963815128650875
-0.03711507104803657
-0.008095895031607495
0.02553542620121698
-0.009562471391111898
-0.022057940905243177
-0.021514800872977732
-0.027871599844174182
-0.05416201835098986
-0.01932728680323584
-0.0021459731823993055
0.009209222244591078
0.016477444621266112
0.03377095529006818
0.03035157961808022
0.03896601733908132
0.019920488821686365
0.0044763664377484155
0.0018469940061463556
0.028475521182680038
-0.002717466507358001
0.004357924690185105
-0.002445121118277109
-0.009344151393209401
-0.007456144251477522
-0.0039909858474143295
-0.017536440515557385
0.05853474914168426
-0.012525740090269638
-0.0016505050849403436
0.011175015674534076
0.04174553993657731
0.019609364872730278
0.012829781044605998
0.024520883962808698
-0.059464172278036874
0.017576427466388937
0.023336492008065424
0.029658934753396267
0.02626330032670929
-0.03482394745094706
-0.010768105251586415
-0.006071971621291055
-0.006922997761252122
0.007057960092655375
-0.0003959067010091956
0.009922986030801407
-0.032351257473766715
0.030438867271649857
0.05611688768774637
-0.056798551754777875
0.04662175053162304
-0.007079313764873474
-0.04277347441876538
-0.015427065290391563
0.02755498888190346
-0.04664531326681592
0.004475392653992268
0.05944152341977717
-0.025030234935335925
0.009745462890763792
-0.05488019551656094
0.0056085878458869715
0.021465280751757947
-0.07625549397402967
-0.020139666599676993
0.025884817640252328
-0.025865046323364626
0.04119814095816373
-0.03246842057806957
0.01533626534485788
0.00861867657859867
0.036548245936351254
-0.022432254187423183
-0.011513119261768366
0.042997923975459124
0.033591320805032514
0.028336626726454855
0.0003049713885360733
0.016546709773240544
-0.017557680875828593
-0.010996231630556243
-0.0028642325868445027
-0.015405089995290947
0.018027584733670925
0.008468695456495982
0.0071313362787003625
-0.0401071988588232
-0.01941983186970699
-0.016237340639163513
-0.0021669528409683845
0.01467758638187674
0.0031332756027075675
0.002279082421461935
-0.027833926457651054
-0.006275144761522015
-0.0051181565771849956
0.011992493774636386
0.0019299310178806448
-0.010948613040257566
0.01253710841177122
-0.0024674285710351374
0.032356411410324755
-0.01401193669058736
0.005568137012222147
0.008076244190125571
-0.012067757805977788
-0.014776377667589581
0.030354794871945187
-0.0022081221499789345
-0.02326781828823844
0.013333053645677292
0.008660113040628954
0.015213501584373765
0.001743622653945973
-0.05133653690414269
0.01096298050868932
-0.001148692331330984
0.014788917408575486
-0.00810613121707413
-0.043929882455474
-0.009302697301118202
0.014472532601959952
-0.03967973422430468
0.08045283168243161
0.02454902983321268
-0.010076578071477646
0.006475616860734787
-0.01781724841152301
-0.05460839947848107
-0.009823420456562053
0.013251416245834341
-0.027325792847706427
0.010518914146608827
0.039436505803083687
0.014318295770821348
0.005972880767710867
-0.046639125947049415
0.06152622164891281
-0.014247089084154039
0.015176596453790013
-0.003993365063584787
-0.014978180382889934
0.009699027497576201
-0.016622510549441985
-0.004653191820782771
-0.056516456466036764
-0.0035442457822162433
-0.0029449417016830116
0.029206534006834
-0.0205612236119126
-0.011094889787006582
0.010918189752665269
0.03605632912777034
0.02077916081597433
-0.02251000370872546
-0.009995227735557994
-0.011794866008259717
0.0027204901103404333
-0.016014430909699003
0.01062254968659325
0.05867086721485738
0.00045470791576025283
0.01751452878039652
0.006377053393856438
-0.036926055150799345
0.0003767817671233722
-0.051078169126931715
0.0033253880459132128
-0.01259016054934272
-0.001344412120033522
-0.014045156162443782
0.010610808346309935
0.0396133857547739
-0.010021928220312133
0.013905074254113503
-0.024250336427938862
0.008673006020434169
0.016377181228748244
0.0029970621488055226
0.011097047162359958
-0.005308104553406415
-0.04225054932294142
0.06595206800182868
0.0031539097360234183
0.05126326315397605
-0.015674345058338323
0.0014493934313115297
-0.007570868526352361
0.022326758164954018
-0.033056483305962114
0.004162690780445549
-0.018062648523978903
0.010776933871394289
0.015120521648601042
-0.018724278803107234
0.006955555559447865
0.00934069207780194
0.024340731862293852
0.004140931396929454
-0.010155678867457692
-0.013102805821681973
0.017411109911249396
0.04118073579741603
-0.05201729085596954
-0.07273974116789605
-0.023493158248645788
0.013439343169120365
-0.0011232549640378244
0.02736856905517927
-0.013355422582490544
0.022679085441354913
0.019384712277848028
-0.0540501665405108
0.0029545204825312523
0.04011061704244937
-0.008821211030330385
-0.012310616020342743
-0.0587885839194878
-0.08903709234092629
0.007727660010678912
0.010906805113154594
0.0072745739340702095
0.008490817320562262
-0.01663805100368434
0.015897620434351476
0.003989726941992918
-0.016836173315566697
-0.012943425760531771
0.0069053476772714594
-0.026608732341273044
0.0035438076708258185
-0.07392886358557933
-0.029939639605065356
0.0016132593232305544
-0.01888112283554603
-0.05758704110592767
-0.0052611077802271556
-0.017493013439363804
0.02241835494494705
-0.002589470385520348
0.06469742892445128
-0.01651475740530015
-0.020900672117555474
0.00754159106010817
0.00664382711423489
-0.000989949452829454
0.007010721080661436
-0.022584047391442763
-0.026282782058791268
0.026039464017041394
0.0022843852200499968
-0.017629679937202145
0.0033904873664583513
0.0004693511241375265
0.008673155107467936
0.010877209970266208
0.01124376112734283
0.010351749411600872
0.03155827667136085
-0.02423984103698021
0.037228261811589176
-0.016114741114440282
-0.00902218123515906
0.03744117750126424
0.007843393322257438
0.044877972097950726
-0.0050904947801207944
-0.07467234446702688
-0.023889646717072836
0.07375111115802553
-0.041201958183747056
-0.006857840182242149
0.018158067323475257
-0.054546144109261334
0.0047580581095662605
-0.042587171303951836
0.016359774418943072
0.02290194349689228
-0.02153279385044224
-0.0012024103851055565
-0.015536354080246475
-0.018525960853121453
-0.010596517376381839
-0.027357664241418597
-0.1042053109354158
-0.026653078310278785
0.020198313739453584
-0.016328015660390233
0.02930625093859076
-0.002465634320712629
-0.002910710428521553
0.012742309835179558
-0.0005479903531134511
-0.0013898570601326844
-0.003447940804145502
0.02752191950032703
0.035592492766435
-0.0021231461137606682
0.01816665835303196
-0.02338446983038133
-0.004272883894574179
-0.02719040399757924
0.004908840190524087
-0.006563269588217381
0.042829112071737264
0.02013187301768197
-0.011387601193307846
0.021823275505022457
0.02422412962545702
0.029738762260727657
0.001006846187140612
-0.01282403830352773
-0.008705992030981128
0.015300654357301978
-0.015144645253547813
0.028146024246414842
-0.016003154300376635
-0.026827032956798787
-0.03070193692838077
-0.0032526955020787582
0.027074647590110818
-0.002479315277326114
0.005037281171772001
-0.009412088562382414
0.059294820231387386
0.00948186659638212
-0.005852422057893908
-0.02536448384195167
-0.016924395586604333
-0.023399964732053944
-0.007846670565379466
0.00220921447207142
0.0010999054447597316
-0.03580394044895013
0.021993936534323907
0.011073515144960258
0.03789625303373442
0.018250081589701084
0.04223577780841208
0.00451964868258107
-0.030461633433676184
-0.008994417273705351
0.0061990160422401375
0.01123180707728903
-0.05984189664012094
0.014434953801407212
-0.024385830462913143
0.009935016767020025
-0.03499020183108717
-0.040413140131678536
0.013065429817458054
-0.043971931199570644
0.005975155962023986
-0.011230376400985493
-0.010620724761536448
-0.020827596094911836
-0.031881883377212115
-0.021751378766520422
-0.009685813719926904
0.005333223340626497
0.00025578021721962504
-0.033097739630823166
0.01756851479588818
-0.03534483244196961
-0.016627854828272517
-0.03427280121704046
-0.009968042019078421
-0.03573248832867336
-0.0035207283485395114
-0.010284540800199263
-0.025157840671915892
-0.003832916881270205
-0.028680367700866113
-0.0048391492177248556
0.03466864752547069
0.007116022820298736
-0.00033426108615133295
-0.028410579313522772
-0.025512799390343843
0.05333040597643137
-0.040839417558579075
-0.04556891879649668
0.00010737297291601204
-0.03516473812976353
0.06291614003261883
0.008934602253861862
0.02002336846954444
0.004426938000693628
0.04525666364730859
0.01020731157160591
0.0073754067509112274
-0.010704698984217723
-0.01949741204993061
0.017747544628707493
-0.011882832531380297
0.0055001032366904625
0.028915352695865263
0.03114805522854437
-0.03335780386666136
0.03896137869726397
-0.009639869594212655
0.03464252679080307
-0.00042276982251829705
0.021790624823892567
0.026479399157711865
-0.009947673725818543
0.0008145411921944337
-0.005835422775698283
0.014761594384819039
0.009781778241606915
0.03451412451315442
-0.007659410249283245
-0.011748605537451705
-0.004002051494051874
-0.000551579756627635
0.0062701286572200005
-0.0024821724306663753
0.02077149378324103
-0.010940044470429615
0.023120503723788873
-0.012157093259182641
-0.009220013869265676
-0.0043395212188787015
-0.005152391562292781
0.04617844744878846
0.004789550780174512
0.01681892099178606
0.0166857076927983
0.007237441603114696
0.0011084623697539342
0.0025074335865941807
-0.01954299639550335
0.00019724612243387677
-0.03311506536948236
0.06969764224632996
0.00440229759017011
-0.03410070503527369
-0.007913173623717257
-0.004161845796116268
-0.00459745536037927
0.01779966799927099
-0.010141853304002703
0.033842044096778344
-0.023513477045971398
0.007685157684955901
0.003276085158725482
0.02260068642400633
0.04278364974726741
-0.03230739643028014
0.01503894682947015
0.0012931890669689217
0.01877276577541083
-0.0021924179740675704
-0.0048032707478929005
0.002268064523966566
-0.016389717385161276
-0.019883906558436176
0.0357180692069109
-0.037265823008831064
-0.019504343385595122
-0.025652358940884912
0.024017220010412964
0.023491833435834185
-0.0043265299130868665
-0.007960718398326228
0.0031443390858071634
0.07603214034297448
-0.017304320343806894
0.07043061023507229
-0.07606624572260504
-0.0620703772881433
0.01405506537786632
0.020811924941727424
-0.01147742827001758
0.00895554230640597
-0.0012643287222419502
0.03077780272043728
-0.009471623977487714
-0.05014133285906053
-0.035361321833400176
0.08729936935283847
0.012151792662720255
-0.06479260094992001
-0.06613743070967408
-0.003078894893382287
0.0019816422126369485
-0.03262164603370797
0.01404251814850937
0.012664795984037837
0.01173730724778632
-0.03613329104376031
-0.031196438839798918
0.012798376380245122
-0.010902983203190338
-0.07885261638774604
-0.01414703223392711
-0.05738307567602579
-0.00789357735239315
-0.008389927493780843
0.023656607643779554
-0.008098590096175912
-0.013072767798326276
-0.010238977499834958
-0.001094558502863355
-0.04153092417358274
0.01957613999979282
0.008401165173249573
0.06190781320191265
-0.02873179655802736
-0.0024919120198600556
-0.055881707509666166
-0.01012624800606076
-0.024812872446467092
0.06654182913845663
-0.009071605220209458
-0.0016763867002578437
-0.023418281169874985
0.0021181474877369085
0.0547295235251801
0.013684234569800722
0.012548013883163844
-0.00880088767818551
-0.02831140903390878
-0.011434925408480342
0.026415465558448398
-0.005940166584028755
-0.06563449862170913
-0.006817966356341543
0.0008897612174645659
0.02518407451636726
0.02831845292290198
0.020464599586567496
0.002615793355668195
-0.019224703439932038
0.008567990678270812
0.011205910614614413
0.01997192725820395
-0.0044381751135975055
-0.007813185867970668
0.020733530575882266
0.030726169628478198
0.0517134659129572
-0.0047412152509832845
0.0066597172741139415
0.02160023434656492
-0.0233381761938781
-0.051689539537402795
0.06174289571110702
-0.04958815463290091
0.007196229794506858
-0.008582362535124996
0.00496455501045463
0.05009534207439776
-0.02524960764424146
0.028309268765704106
-0.013612419088094295
-0.03173080556579085
0.008002172600494906
0.054675659502628295
0.018829766543757703
-0.017726923403162714
-0.015334266798418287
0.015996380666089976
-0.016501683281802012
0.026612562170118204
-0.0059407631604063895
0.017035868335506216
0.0043086991943538265
-0.009057158705701585
-0.010705538183096068
-0.020132677329187502
-0.021880720695797655
-0.004424307108911472
-0.023700594384106547
-0.006538376112860168
-0.03554253379967834
0.0394278176141631
-0.08173682943584648
-0.03664338176150411
0.003625396475929036
0.15869076268037252
0.01365735624735824
0.050485806443906725
0.03351943462347767
-0.01831680236586598
-0.00914745492247221
-0.027411953099372523
-0.003090613718844072
0.05498223556619534
-0.022087333998928545
0.016008284231763908
0.03025503448378434
-0.010798300036727479
4.080746183071489e-05
-0.05199058383612602
0.006118361722089996
-0.041399894018195084
-0.004448497923881151
0.013379384142278062
0.0003876321939217617
0.011674101107876114
-0.0005732993474368901
-0.06639985917386489
-0.017552250736629083
0.01458759502247086
0.008868616969020027
0.05567715747092169
0.028783517727184457
0.03926781403422475
-0.05685449954686231
0.0017045055047573982
0.0035520204147449557
-0.00762060274023806
-0.013410196733261194
0.011776033228631464
0.023790383584008295
-0.006926320121638028
-0.005087479019469072
0.014443140954895448
0.005733531180204322
0.008246619050380974
0.0029186948383289764
-0.0005958155031921062
0.11012851940631681
0.0011446811852075865
-0.01121641221388826
0.0013804050294385722
0.03425289310642385
0.03080914505018604
0.040761829219141454
-0.012649549613985301
0.0026785176607839684
-0.019277952899067072
-0.011827465971441705
0.027002743096540795
0.01069231300019379
-0.015472850231943691
-0.02246858839723953
-0.0156809813055284
0.03827803694765027
-0.035078213897371674
0.03800239098428955
0.014662853743435109
-0.007019092629748346
0.025573685134066052
0.011048786513516897
-0.0006211405931679702
-0.004363807956584152
-0.024025478182590286
-0.006544386260741594
-0.004223302833516445
-0.0498312971537432
-0.024667500398986755
-0.0025954431756314298
0.015653535383759104
-0.040077823586166066
