-0.03854801886369727
0.0032653823579760636
-0.051773470396379515
0.00803018242838001
0.010310442087175466
-0.003153619443279334
0.0223328713152897
-0.008194707422693475
0.017587028156487775
0.04147320695425108
-0.015664992969350547
-0.0030561407371341564
-0.02087085026875386
0.01914807271647518
0.02439861027880656
0.006279506277353962
-0.07044323571119097
0.002046376917816686
0.031765522920373164
-0.02358231602258277
0.026959225810272828
-0.004509501660008401
0.0007526428963900496
-0.02105091960965761
-0.0954713237246198
0.0023329781804357365
-0.0033650804952767796
-0.0020643350320869347
0.00021076536884861977
-0.01160044966129456
0.05585723617172603
0.006293588038733397
0.038216813673628273
0.008518750912947157
-0.018377452845887817
0.009782429162943014
-0.006194804492714963
-0.02306014634405901
0.02340168557333955
0.03603257992181853
-0.01738255373201348
0.05345138798183993
-0.06125851630058159
0.015846705527515943
0.02443162748617599
-0.027757680589845856
-0.0026006644060370763
-0.00882789264193121
0.007844121262725332
-0.013904164995867439
0.012625139703615682
-0.0007971484546233896
0.0009317893053664018
-0.011733966483331087
-0.01126136989110769
-0.026462800147827474
0.013164256049125841
-0.029000178953509207
0.02838693876680603
-0.014052203776770288
-0.012808442273352505
-0.023954989788676672
-0.039448110520180976
0.007955403606790248
0.02952713202742066
-0.04779772354907932
-0.021238310809262497
-0.05024431625945265
0.0010242379340238265
0.002618776254057747
-0.029172071618041744
0.04244774941300288
0.0077615293977475255
-0.007262078210301282
0.013839681124674971
0.03811288487947549
0.020375813345167425
-0.017059873756938126
0.02087758905282333
-0.026418235986513872
0.022824185138851007
-0.014752640322552324
-0.03027661409613852
-0.06280232653619824
-0.014082879020044903
0.007916806914418026
-0.06843476259962997
0.00038399296372433286
-0.019188327046885875
0.019170227219909443
-0.03130713557498469
-0.012950435008833014
-0.0350388489656117
-0.016863883287788525
0.030436015622896658
0.01795879001711402
0.009719838872592415
0.01692427913603323
-0.0030884385993681655
-0.03090027124406561
0.003500287915174749
0.024333279596511576
0.03915567065899382
-0.013808570518619267
0.016024163659139855
-0.0012772200157858005
0.011250303538356023
0.02082696867169891
0.02167471229379604
-0.006233212036505537
-0.014444545845337465
-0.03671292590738977
0.01044089490029105
-0.013396409365606739
0.00896163151783527
0.01096460763777685
-0.023002537552333512
-0.02997927760592065
-0.006563553068739399
-0.044328306232137196
0.021064402498822677
-0.009294464950417103
0.045559870669994375
0.05019643706280263
-0.01269901325421651
0.060381672380474705
-0.032039184768621484
-0.03663340251214564
-0.017758631781103512
0.032570307737557244
0.006081849082157709
0.004648675888648235
0.0022187502697633204
0.05180314333362345
0.016775651751298252
0.060438394754392465
0.014534982424728922
0.004317920502702438
-0.005861327325322537
-0.04910811620543863
0.009665719922794705
0.011377030763078905
-0.06800031733889299
-0.0031459434022055107
0.0698632563502789
0.024537046948242495
-0.03488725335029562
0.010449514145879413
-4.332697820956007e-05
0.004622092374986148
0.0014444189470496503
-0.007735180908327563
0.03326439413232984
0.006638978038144668
0.012691658048088873
0.0057886878639817636
-0.010099369915849098
0.045182908879740274
-0.015078831337214204
-0.04382607846306688
0.009505355994120442
-0.004094415962784274
0.0020326525263173524
-0.05552903183184586
0.0021729547330290085
-0.012738207163814554
-0.02966442724490665
-0.013044346950479752
-0.020965330920914255
0.04039113811047163
0.015531598049962961
0.009204083518700149
0.013309435146500185
-0.000314099128405539
0.025361092232581185
0.011602810113689315
-0.021948738642530823
0.018474715500969473
-0.0013385398250174213
0.010206376147998233
-0.044026281972577096
0.003699977003508955
0.026059242736831554
-0.02191457131090428
-0.0035339504806971844
-0.01768692322556136
-0.044051084263142984
0.050806610509567224
0.010464217993197293
-0.012384565749113279
0.016721461657389088
-0.02063811316765867
-0.018965077190366685
-0.00042421398542347367
-0.013124447383158565
0.013657663126716558
-0.007347408864640563
0.000938067443144097
0.022362914976185852
-0.02064611605369093
0.030381798046663612
-0.0014220733640604207
-0.05839184615025739
-0.037021840151495136
0.03176925160612482
-0.020934805518152626
-0.012127436276311061
-0.053170271699325644
0.003532630480435828
-0.013538334510104503
-0.03289254713381036
-0.07455118499324423
-0.026094070302340094
0.006184478787774014
0.010957157169238771
0.0005424586805047523
-0.038810107730842855
-0.027965428204371423
-0.014465561284860503
0.01506965433373794
-0.005515477712748569
0.027848384833776215
0.010580709472816065
0.0170254431592083
0.02614194045802858
-0.012084323339750205
0.00994579994998605
-0.013462798965525904
-0.0647995223779664
-0.03407013200800308
-0.02154441918123019
-0.011054190873601434
0.04433747702115608
0.0018558820858824686
0.0719784192637963
-0.04340630114331767
-0.035025832103947524
-0.014926941608948566
0.020697251254840232
-0.026421399269413757
0.006254665471392209
0.06380859604911955
-0.007362962908102855
0.04304754467126962
0.0022962039681457065
-0.0044146058035857
0.0684727101735861
-0.01828776886663268
0.0397291350344513
-0.0149365409253437
-0.036597501288056215
-0.00975829250157436
-0.017301179461424447
0.03394281591746597
-0.014075232989214927
-0.02372722314274847
-0.03268913702416566
0.003944878917055517
-0.005486835553300778
0.0036502551475779787
0.024166104774937174
-0.03392943996344649
0.00845921535611182
0.017770860022425283
0.03820013132760964
-0.03797781412250212
0.04209521914680507
0.011924919891388585
-0.0016893073434813015
-0.07368627703028667
0.017275349462211136
-0.004343438744934015
0.0020914494486724317
0.02469261983473272
0.015502314123386828
-0.032978231323009304
0.04043377721622242
-0.02116406803271073
0.014790008018544602
0.04460217753131644
0.026541951454358205
-0.011720773505134247
-0.04421782792909068
0.0006006303077985012
-0.02037687218663648
-0.033538132796980105
0.010672609784227453
0.04826628878142147
-0.014285473060671348
0.0360938911632701
-0.01916612230163131
-0.0001436030778953414
-0.0009210083720152008
0.021853515113840434
0.003196988595953765
0.014078395951809729
-0.006403087097205172
-0.02212450804660217
-0.02590026101181053
0.007499579204319078
0.009984768557313152
0.002336815537156955
0.03389114916024959
0.031235647620753853
-0.06307757009891103
-0.019421770161649195
0.0007891274857415271
-0.04970716131737931
0.011785211675222349
-0.06552667474318513
-0.0033221397989730427
-0.0041483384017020125
0.024754326183347723
0.024883558026900853
0.006691813289650528
0.015889220211883538
0.00465637778077888
0.008526997463581633
-0.021682843860841704
-0.02934198580200534
-0.023561420856629697
0.015512293716137946
0.010224644986671534
0.006244699540053157
-0.0004893852497568132
-0.003656878997713084
-0.03770486671903388
0.00934029066376671
0.08677194344237327
-0.0315876652511732
-0.02290906325230224
-0.009721265869748932
0.015563395431428177
0.02096154629078636
-0.029677966978058842
-0.004802996677131676
-0.05203636607429122
0.004449636557584542
-0.006372733066298546
0.018650009041909603
0.0020535780742531127
0.0702317380957942
-0.010898013740518707
-0.0010920265061185176
-0.008815820341017586
0.022652416976066368
0.015295817347605793
0.02035842612161543
-0.016156352426579066
0.001518301970496642
-0.014465404503331837
-0.01890946359776964
-0.039217535435184615
-0.012882713645683823
0.004235627635943523
-0.010760536304474754
0.007454442775530203
0.007259484909252901
0.016093510178912283
-0.010573503832755663
0.023182684016857497
0.03393888698758295
0.02536341558086101
0.00591513935309906
0.02364475065693509
0.03636316887766784
0.00016100720971255793
0.005467981008229267
0.01096042037465043
-0.001906170836642619
-0.0057419258257473006
0.02438847686616889
-0.004348857114260562
0.03153855154959134
-0.01397517917411514
0.042132707448097
0.014093230407011919
-0.0372636599940641
0.0772822296007037
-0.04864692432820382
-0.02010399639026182
-0.005933380433576768
-0.02664778889411249
-0.004229892155692643
-0.021566330484511623
0.0019448360052464946
0.03746794264660589
0.011691069075630242
0.023221064917137282
-0.08195634855794544
-0.01348004218622769
-0.06213384408425805
0.021875323119059598
-0.02735305095836295
0.003565226743785676
0.07788608098539311
0.0017480456515997966
-0.03922493041899122
-0.0035472524006772256
-0.029043462505057193
-0.04033096425532233
0.03033887286811188
-0.03815510039111328
0.02800896765169058
0.006015512477853691
-0.0263673872394868
-0.006068775189416996
-0.0031242239445191016
-0.042045557076890665
-0.027610376434535417
0.04663735801592856
0.0022143697157981134
0.027932016388769094
-0.035534935461005154
-0.026252663546240795
0.024144433546825505
0.012654825899709643
-0.0023545381502214587
-0.026617214582212063
-0.00323051690274478
-0.021504279759422762
-0.004481971188905339
0.00414507383532178
0.00994663022650852
0.002902369256837852
0.004899573336343902
0.026103999546186585
-0.004414518258007972
-0.018675529147604363
-0.0007525802325213011
-0.0008406653153581435
0.024580555971463608
-0.03115433753125789
-0.020642289841288294
0.0006081820072965705
-0.015784149602250865
0.01710082286667179
0.002736185603248313
0.009789299931603428
0.009083744940606814
-0.005812937656483184
-0.0030672445960475744
-0.03259857912525839
-0.03564241127043506
-0.0013118949490310713
-0.027662306056566596
-0.024943836685551005
-0.009454599059831868
0.013437669256573507
0.07535758287256457
-0.009231107437616277
0.021044051812244502
0.0006751717081977797
0.02031934346996259
0.006513724952254622
0.013713595659021503
0.022903358367625762
-0.01742436656181352
0.008559203163644436
0.007019725531170427
-0.04444182598188159
0.0068816972161899245
-0.012861892221708063
0.01740582279380609
0.011210085990643702
-0.0016486458863917025
-0.025004830224257167
0.002476165424611226
-0.011790944543599443
0.012921885638850657
0.044608651362758815
0.0016803365054927515
-0.004556241683189535
0.04253364083685636
0.017935752212766925
-0.050176534178546235
-0.01948884996594586
-0.025747476984133284
-0.0001093501273184779
0.022956253257296777
-0.023121474975205225
-0.016618975563183782
-0.00892979532088424
-0.016173521131721345
-0.000284987235490601
-0.01113373637200106
0.014948805558379798
-0.0013347097879298846
-0.018381623419822208
-0.005332624736794854
0.0017288179215052112
0.02386418945344639
-0.034652737114781534
0.015094729509214283
-0.03047515316935266
-0.008193235504729113
-0.006757508909309241
0.01842374587978269
-0.03532882425354498
-0.03505138336654357
-0.01515935486701078
-0.0012169253953838923
0.021969190979529447
-0.007240094135237856
0.032897751724959054
-0.031035109601106056
-0.007356932895947388
0.022882727048817195
-0.007525803302909517
0.014235119485814223
0.0046839807497353805
0.01375938994529758
0.016789847486693953
-0.014136055788401361
0.0037222282884657528
0.030874035137432847
0.013295954868230757
0.023464219711061784
0.02789780732720916
-0.033705831125977574
-0.019866489811048927
0.016843257039948423
-0.021421047826619626
-0.03253555596297328
0.0057711363966284675
0.013186550469896413
-0.03477335121896958
0.010141746513421023
0.019420001126380558
0.057861210787107965
0.02171718855869027
-0.007826868996795779
-0.011577998741891884
-0.013218189152719563
0.027194731253147832
0.03278895334504312
0.03381549416725537
-0.06519792065097957
0.033299115759870976
0.02789073893177813
0.017241669823864637
-0.0009248227285739259
0.033084128847792264
-0.03208127801760003
0.04589327923607007
-0.0007389324212626103
0.021058563679621816
0.03162811549187506
0.04731915224701086
-0.002709887072508157
0.007503225666448678
-0.013970847778619339
0.01681238593693456
0.011815968164490088
-0.02771598354523693
-0.018905296505214404
0.03182723845755736
-0.004254603062605233
-0.013861349128360382
-0.03474840865666174
-0.00561048223917794
-0.011229535065323789
-0.04845758336694305
-0.027450384797047093
0.03992328570188966
-0.009569755894337303
0.09735287597971336
-0.12802549165287705
-0.06468563656696555
-0.029005177396844786
-0.0203509505943489
-0.001184429856411492
-0.0005362619814987706
-0.011280262957945507
0.026686074165011835
0.02592668326357002
0.000824278427836514
-0.09086737357619151
0.020161092869868568
0.06409414516363743
0.01709501488395838
0.02255068843576979
0.007624247204536523
-0.011888682623873542
0.06017255047843515
0.03419385737921817
-0.04282392603968459
-0.01555028173910217
-0.01701047781476042
-0.009966482290232611
-0.02993485511402607
0.007898998320658537
-0.018842298661877633
-0.014461500278866165
-0.005430533176411161
0.03698046586114644
-0.013099760695842415
0.04892251908062187
0.04548206964425264
-0.04206848502356809
0.03523082085210955
0.0010215761991865964
0.06252550459849669
0.030539649393662376
-0.04783912269608223
-0.00724621101076084
-0.05655820602832186
-0.006332374161597664
-0.018307849528983264
-0.017508439080538746
0.06702667289852814
0.015644491197319976
0.06696177174771843
-0.03681369470542101
-0.009467594387785702
0.05017165845806532
0.015799469394443315
0.03901828359773334
0.0018068330206279036
0.014471162387875115
0.04003173295810403
-0.011971777228529523
-0.022240519886151052
0.014465100599213732
0.04734470979044362
-0.02056743234907922
-0.041230910266850655
0.02864911704579837
0.02769047415512221
-0.01563280651384212
0.07273626143316346
0.038409066987059
0.011188541552091695
0.04975677938201984
-0.05695586221537681
-0.017094232464494544
-0.009901872860658616
-0.006442622479350623
0.002298990895663458
0.05266895941530094
-0.00325064552769015
-0.014211184127576978
-0.0038271567909346064
4.811233614862111e-05
-0.016616246858330318
-0.003233785798265171
-0.08606612782892685
-0.024490396078616077
0.01522277356265032
0.04252750198354185
0.014554686661118945
-0.02461090495854586
0.03942460412760638
-0.008432593612109494
-0.0026231205605751705
0.0024311654259966285
-0.04280538490695403
1.8117664051693678e-05
-0.0018687149019397562
-0.0217664603857404
-0.015414910275243509
0.01904443307220247
0.009365820046999164
0.0028068880008038912
0.0007109403705212165
0.02192276101850519
0.0033444840325508257
0.002192949450452945
0.03270482499580836
0.027999685328784857
0.024408641055865384
-0.04923128828333159
-0.006120359396918
0.020815508748361744
-0.007175085237475967
-0.03160339927851737
-0.006840683662408536
0.013313470771301905
-0.0035103573467610318
-0.009553431402207874
0.021148209334721595
0.00010075648810852535
-0.0744531794039728
0.007497943047916642
0.0016706410238995703
-0.01782112904897287
0.03380614796533319
0.003886752381495082
0.07270612630551651
0.008661268501654266
0.010659634878689553
-0.026523909824173714
-0.0030250913466377304
0.03100682495877314
-0.038770081512427224
0.011184040137175853
-0.02494138853735619
-0.018279072542637068
-0.011533510832476763
-0.015206203241211422
0.010947599272160543
-0.013507600624903908
0.021341706418609538
-0.000643015880635368
0.02129811899033552
-0.005335309326623179
0.008697018650105215
-0.01459051167204545
-0.028644269989431075
-0.004727933944693381
-0.0012328828582882344
0.02357914127794783
0.020624632068456116
-0.01516381018277517
-0.010708910911661864
0.01077563242070977
0.0020648081092037515
-0.04002726989239599
-0.03663233278068885
0.04815315411985792
-0.01187938619890113
-0.00675273429275917
0.029173053754388494
-0.02414523181809632
-0.014343386847470363
0.056668177461300685
-0.00671683064780492
0.0018357974300245885
0.014777937153873771
0.06558780247188625
0.00969861092328432
0.03348689778053279
0.016557444543516497
0.02113212464488749
-0.03928904633306348
0.027281565774501214
-0.004918575479724508
0.00393946511069233
0.009440241640868896
0.017385966754205857
0.004862168024084566
-0.01517845624015557
0.038692695004475496
0.012620481305829746
0.01989515380589261
0.00986292450631207
-0.044326073347713844
0.025827114128377945
-0.026709948697245432
0.022554132313309647
-0.009257777911755843
0.008452597723281715
-0.034172684487818364
-0.050001919094720786
-0.012623285219548804
-0.025057723638228748
0.03569032854992159
0.0360697976607353
-0.00900480099741932
0.013687234847336936
0.014391419433747854
0.009625597610667593
-0.013872691933486593
0.012087138798266618
-0.04315448270630139
-0.01128339887902054
0.0016535928800614648
0.01207011229160629
0.001215454425306812
0.0016742909687814612
-0.025184470001552255
0.004009677015559178
0.06803771772492313
-0.023456460375861615
0.04044569273265715
-0.0011340271108706372
-0.024694224524875696
0.0022249088458527046
0.016355478999876452
-0.002794743541378789
0.022143424816067375
0.020812183348189812
-0.03807218693403524
0.04386461164988263
-0.006228020493159524
-0.008542823297317812
-0.009073703717724098
0.0181809825158089
-0.04042990170651359
0.026490124953602423
0.052050204516030575
0.013108899446588487
-0.059795817299100495
-0.008186183878872455
-0.02671901534005191
-0.020174879873068863
0.02240561332363573
-0.025654812756503713
-0.01136556205997158
0.02253685911554837
-0.00608845558331512
-0.04689530986445127
-0.01407388161383454
-0.013705641355797661
-0.07119543093937017
0.001068573921206582
0.03873620429578861
0.04746686737369453
-0.06285604371710692
-0.01162436385039084
0.00015776146210192644
0.032374770741481027
-0.02768905019731313
-0.04028339469341202
0.009521306927541735
0.001137482320297423
-0.02944244898252847
-0.042099541590004085
-0.01668699981613655
0.07095679013285432
-0.016461767429219763
-0.00688577447248357
0.009201810693353865
-0.016115459313008777
0.01927901600218259
-0.030964023027999246
-0.014162678419802824
0.02629567514587469
0.017615547710097212
0.010809686757304567
0.0005841345174130031
-0.006083943833862327
-0.030048997862504426
0.01049289262534742
-0.025790309086250837
0.016516966121883744
-0.027314427155598772
0.045122298243519855
0.0010113842619049259
-0.02315822136995617
-0.036253833565924584
-0.0037327482383436995
0.023181487981968812
0.003699141616102601
-0.03351966806051717
0.0012994796568286668
-0.004197970505105554
0.0127248900159513
0.042130010327792115
-0.01417572313200619
-0.0020080027461466614
0.009815387485776154
0.008459445415057573
-0.025108818550007905
0.015184983778084192
-0.023199254147357806
-0.049003724880487654
-0.03823436477202105
-0.006633197642864954
0.018266573744728377
-0.039531238311537854
0.023531181588314496
-0.01834043273691413
0.017269223536944274
0.029570552889379226
-0.0037200454137810237
-0.009656245328293902
-0.0011279928659358536
-0.03573253443222886
0.007156814208640932
-0.0018794434794186386
-0.06794270547834642
0.02675512455819714
0.04331529331767417
-0.046440663023272585
0.020324006784066602
-0.0015454257354637878
0.008737367944599977
-0.007522607295530189
0.014214036725816696
-0.027639077200124453
-0.01076003577406485
0.004865882054140953
-0.0031184219410865383
0.02020219041510742
0.009278449645165878
0.05172439871535829
-0.024509329550690545
0.029578682110121494
0.008047857139606783
-0.016504609843584234
-0.05198194859387157
-0.008499034039806808
0.006862779918854124
-0.01765355711178229
0.000536380187451787
0.021339349445361287
-0.011926176405848438
-0.004305833870099137
-0.03593861983315688
0.0005829772178150051
0.011877206556394489
-0.015479814198235747
-0.0074045813547353855
-0.014636209674533461
0.05874619549879524
-0.026077029264645918
0.02581531588856042
0.023889340681844423
-0.04023947619236928
0.002997921309704245
0.03877974630633968
-0.0065793688017448835
0.01961135850909169
0.0026096873373526136
-0.045847337664508624
0.025334770307937578
0.03499721092382163
0.0404383358105551
0.04714432842111216
0.04639836331875535
0.00047479406176588696
0.01979774549280662
0.009157955091055978
-0.03022937803979695
-0.021711011399695064
0.004827812410235707
0.054591405349659596
-0.033009537337799204
-0.006564887057434274
0.0031163545651300625
-0.07792878786684732
0.005541183388475509
0.01795813603796749
0.010310030220214749
0.040246573828470536
-0.010708369232140367
-0.05434998708100792
-0.07294755066250702
-0.031655481400306926
-0.015043209252570059
0.007569410936540132
-0.000799857920739123
-0.02121694512935366
0.07157274300714624
-0.041612677449341134
0.010765866393217053
0.012568326286354617
-0.03386867614569844
0.0019660760118654402
4.4287907878671084e-05
0.02020428709877498
-0.015027238163095449
-0.03357922126530517
0.02653713052359994
0.012195449440601833
0.014638459377750395
0.011305999583727916
-0.00885811015794641
-0.008374041213001669
-0.01183088468204853
0.09921977703055601
0.008445377228747978
-0.030237116735663597
0.039011486938388726
-0.004605738224691651
-0.05174310464850366
-0.008018516549727116
-0.013824309453907925
-0.007688555851702927
-0.016622467833987267
0.0019494733376928003
0.011956418930690318
-0.012758259870579911
-0.047581301977133256
0.027116692949642605
0.038730632368045116
0.09476546205148022
0.025548391766897095
-0.0202817865499004
0.04729624588638938
-0.018033231088276667
-0.02802967049294069
0.013163255712392177
-0.012391826630410776
-0.010577043140319558
-0.0002146374383857452
0.013011848043298361
0.0031251599306488724
0.03898606146328946
0.01767007273055311
0.04791537795193108
0.03091599678174861
0.0106721892897823
0.0005954495374549007
0.026447684133227296
-0.030957285762157106
0.034817800868246866
0.004205006119030928
-0.018496798771367857
-0.006312909237821358
-0.01458917971844657
0.016685106666398438
-0.007577545140904033
0.0012143274397290655
-0.023832595414330478
0.0004137840997395067
0.013709317470389852
-0.03204918253382576
0.062311001240506904
0.03770000556994525
0.0036095990822631345
-0.013858609694403784
0.011910644959221077
0.014812055886431722
0.014356309722023406
0.016880157429542977
0.002927338288939002
-0.037362761595362226
-0.017337630619850615
-0.037420133919601514
0.013480749304384986
0.0029383391289512103
-0.007541467189849546
-0.0761518034195418
0.014727645811337273
-0.010461761756105557
-0.00973449282158502
-0.006549364388952701
-0.0012485121095678255
-0.002998827246544336
-0.035465877739155285
-0.04728209654835836
0.01888832434091377
-0.034308825909471576
0.014036798692786815
-0.010082484128350989
-0.02092412359790617
0.020894406652687096
0.012988268070338493
-0.005091699654543243
0.016188984385230348
0.02566340492817743
0.04279967210522796
0.025200169411703555
-0.029465608618257567
-0.02635062989291549
0.003629619068587181
0.03359285873240769
0.003913174198404746
0.0032655040441855417
1.5009132669860363e-05
-0.021953302313046007
0.007178304846294569
0.02379293304544218
0.003217752802536421
-3.426596537973794e-05
0.010912670864552023
-0.0077076902430306005
-0.01556081210104742
-0.0306434764758527
0.009023639595806623
0.0426262990428089
0.011675230659498315
-0.008838233956570503
-0.015559143221219386
-0.018140266145300513
0.007846383840023017
-0.012499714661697253
0.017566447263500328
0.04351615149030347
-0.03352525935396893
-0.007738438301199406
-0.031883244062021546
-0.03489267020511293
-0.00020839632102482544
0.014673923369164602
0.026143900670965472
0.02847317927321644
-0.03266612640118879
0.02493743005519042
-0.024346502907678064
0.014401753847569997
-0.013301502778068524
-0.035828830946377774
-0.02983060350125812
-0.028046814259248445
-0.07256547037897308
-0.02894003012695315
-0.0056414003996341396
0.003256510680068436
-0.02497731800378655
0.02405084304775933
0.004095271295173278
-0.01489311651636478
0.04963964007524829
-0.04838162877140295
-0.020294800866848133
0.016514264912070867
0.027583870458646912
0.004011658629273979
-0.0045755116478171775
-0.05675446790916577
0.025925125567919524
0.05116428827864604
-0.024927260673109068
-0.00622778044759096
-0.029403260918340477
-0.006957048915355809
-0.024440902060610212
-0.010616815987883459
-0.05550969576500586
0.0189273651276831
-0.002747757253472904
-0.016529075549983185
-0.013621955395892189
0.021138523839157375
-0.010279383652210695
-0.027333086499346397
-0.05647398839107653
-0.00045706833839643575
-0.009510334192924528
0.02187416611339023
0.002015237776160572
0.015826657861821063
-0.03265673384804654
0.04165530348194074
0.03376229318859995
-0.004503654273255278
-0.0811559192937159
-0.09614350767967365
-0.022777634409173672
0.0947150586279598
-0.002351317308547176
0.0023053815316588246
-0.005309227245449434
-0.0544275498993601
-0.038100762670378686
-0.06790840339312519
0.016424768752349977
-0.0007632008002345807
-0.0018127600560852324
0.06546311723591772
0.03611157131368255
0.010790822962721238
0.0094305652037317
0.0029366812474435934
0.01560962935636352
0.014502449739894285
-0.031095910171166644
-0.011903325663062783
0.018542542553784958
-0.00820030521713943
-0.06163261455318496
0.09498654132823811
-0.02105900711577035
-0.046339587431950977
0.01646596602513046
-0.056113162619675756
0.008994589300989024
-0.01463295715635789
0.05422309202633793
-0.050479660367171664
0.03898072674285534
0.04780255742976858
-0.018215636528324645
-0.00942522796235637
0.005417144840623951
0.030693129227378664
-0.028956332217328077
-0.0071651260959157545
-0.002141400903030379
0.09384199292484277
-0.006235795957845901
-0.01603486644828795
0.02105380328428979
-0.01235225956180126
0.06729063891166408
0.0003034425819694047
0.026604338723107676
-0.04090963479815509
-0.015640701863345846
-0.041938680963676346
-0.0005934899139918711
0.020758703387003852
-0.06899631080022271
0.015972746045408926
0.01887807824359124
0.021612263281601478
-0.013825651609311226
-0.037587268166361903
-0.0018524698390422261
-0.0033441720271947615
-0.0728852424134501
-0.02460063789408879
0.0017220994853451798
-0.0014099826797633445
0.01801777162350077
-0.01589771525920814
0.020600487852555447
0.019807553632665013
0.01878568802646048
0.01968001007645726
0.07922863897163623
