0.03161445044855301
-0.008132723421003196
0.016500401269263398
-0.004116939795832
-0.032754497982119116
-0.00935483161868725
0.033197590044390504
-0.003471249478773777
0.01812896217017956
0.003373686495350497
-0.0009801036415345921
-0.010678792664748592
-0.006496255555272366
-0.04105349033651827
0.0004601004172501279
0.03036412103452928
-0.06011363410221427
-0.02682031037388109
0.03023852372018857
-0.008505450636523554
-0.010042529982361261
0.005061964980762338
0.024319373339786045
-0.007269868951066741
-0.012813553785987898
0.024857287311845815
0.0015336070783630242
0.007039281124571219
0.00441462687034668
-0.0009644145968709818
-0.020421026969347413
-0.010415545230638895
0.033026318780191445
-0.009208161588875647
-0.0002768215331359349
-0.055332663817948005
-0.04508045249073106
-0.013340860759616085
0.006181513381414947
0.019800399260996075
0.0031584237052905504
-0.054862490756932385
-0.011572002175668896
0.012131005590541425
-0.004816985344985344
0.0194023667533359
0.01235411741375822
0.028090281778513523
-0.019647812778119715
0.030540003325573814
-0.002228670135691019
-0.01663008169322164
-0.011936829947066678
-0.021074297662139186
0.0027081780449048384
-0.03412969729725732
0.007374145559650357
0.05451423042604902
-0.029874069069645445
-0.008378137434523343
-0.00895486942182113
0.025617472261186387
-0.041473687869775476
0.010851862483877905
-0.0802063244756526
0.00406722016691867
-0.03793146496234538
-0.004828751533851895
-0.0018423816938108759
0.00708581085549001
0.01910387178612554
-0.0021772591921919416
-0.030494480626822387
-0.04295719088716199
0.019048961730340812
-0.006738962462906534
-0.012201995795306474
0.015523700713184306
0.014098073813797556
-0.02084394181244853
0.0008787287310708314
-0.059141027861276285
-0.07341614253283209
0.042745656826400545
0.036180559583487225
-0.041050717723873635
-0.08549403830357656
-0.02463685029991448
-0.012479028913822198
-0.0176121009069775
-0.034731695976582565
-0.029811880463362826
-0.004299990180190703
0.02094182544246898
0.02004193012916651
0.005947886438112519
0.05767439452070356
-0.005554459031577395
0.03519542567853554
0.025873940784052567
-0.012577542626335626
0.008064797769477104
-0.024343861703718425
0.0008521171985197773
0.008088206687747061
-0.05169525861264753
0.016306573628680394
0.005018249294372032
0.013664699623334638
-0.010765010114830045
0.019081450853665857
0.019321866855721726
0.05804605748465663
0.01590470600617254
-0.04789628393569006
0.029385202187286873
0.029400621661676552
0.012430458272169605
-0.024205066169851405
0.013555747691278772
0.02609979897137005
0.027141654514167186
-0.062361323613951566
0.008402157792439682
-0.04733303109334161
-0.03550652876484909
0.01141968988520992
-0.0025795356691750656
-0.006267024303111234
0.01947479341941072
0.00875074673462743
-0.047092157620278186
-0.007921744865426412
0.0009761053836304155
-0.018007123997051313
-0.040890449007913054
-0.0054236422246654635
0.020432954894230387
0.006489757022483733
0.02614091164574333
-0.006121325645410447
-0.002202189648760373
0.04583880905345705
0.011108855211444685
0.028934484315194332
-0.004561544167820876
0.02428466831386482
-0.00290244887733645
-0.024051405275495066
0.037984769328304066
0.01150084676630986
0.02754143189852841
0.02601484565985348
-0.013487549214247723
0.021176309515938355
-0.00453819303825174
0.011210667589644618
0.0006021915768851738
0.009259005933990943
-0.022353817645141372
-0.027638224102824707
0.0033080388841518677
-0.007483825125895137
-0.010129573415494808
-0.00238132777989314
-0.010078358984647673
0.018733798420535356
-0.009397663997282762
-9.287323344418186e-05
-0.01716891679577714
-0.033436424950513126
0.009312596863597415
-0.030181107207097574
-0.012944035289976225
0.05549766779836184
-0.0036454705422430023
-0.009316045470449077
0.029936264430258982
-0.030332879120132272
0.01629045876125707
-0.01120504379346475
-0.03250919687068893
-0.004742661694903563
-0.030887911520634664
0.02270299931694861
-0.07096385502252621
0.010470062871425675
-0.025933507056353954
0.024123469646152036
-0.0652826514274368
0.01420022141088326
0.01741844332525293
0.06446795178966933
-0.016555400586868718
0.024962950150694278
0.004406693561268173
-0.005593113605276371
-0.03605089837268456
0.019992226537433325
-0.019347117904809655
0.010967652721161219
0.019739225194349178
-0.0121717363130097
0.009240793201309586
0.0722882873883515
0.08360870076804915
-0.00685615768996981
0.031060135896017374
-0.0010688032853760352
0.005957943256771734
0.03227620856159078
-0.0592192340059756
-0.04304158321136699
-0.01757513103249273
-0.03384538434596382
-0.012731838976900948
-0.028544728591828966
0.069460250826402
0.04983843728731052
-0.011034446552119133
0.030936152766592964
0.0057761856287563895
0.030822415140224352
0.005165970336762666
-0.01791132082460338
0.0009010235127768745
-0.01067698685832179
0.011077910772555455
-0.031173759923713705
0.010935107880607054
0.03572671388015102
0.051900994655480426
-0.06467383971537495
0.05123601579819355
-0.02007809367202332
-0.05653268410244444
-0.010739802981174777
-0.06382678075322996
-0.05013187266658285
-0.008032338542370744
-0.0018343357975541175
-0.009685783181179948
-0.011061305137542719
0.045432012834602235
0.015565019578757866
-0.00599471441696034
0.0011533125771478606
-0.01102074170930089
0.031016789037626325
-0.03949564728638438
0.04553102756461855
0.0002582220830602919
-0.0363392710388623
0.011672085176767764
0.00844389148321785
-0.0068864653785715435
-0.05022763516977195
0.009008846882735481
0.011454186442866094
-0.03301044724041526
-0.007373301059357896
-0.021652595376899526
0.020969274004669806
0.011254057033766172
-0.025484899170820773
-0.030514479078772177
0.010269970382945557
0.04175632205952413
-0.012347783562143716
-0.028491932497939895
0.013812933200896407
-0.0030712727817211855
-0.048824624405457887
-0.00574691628545714
0.00625861289163065
0.018576237666300097
0.05617769963718781
-0.03348692837858824
0.03471604289081738
-0.04702153610321675
-0.005797033342188759
-0.06509632937940657
-0.011735762406277899
-0.06274607300574958
-0.025778433661502235
0.007054476802548252
0.020256360522388456
0.008442504469938633
0.06775518970176941
-0.07405440446352984
-0.002049653388249196
0.04481102850030734
0.023959636460355954
-0.07464800270333546
-0.01392147763346866
-0.021645895688996396
0.009515102124661877
0.002633156657900141
-0.025076276992980033
0.006583972277641804
8.188197696504233e-06
-0.04437468666648278
-0.03345586335945957
-0.06355628655533532
-0.03977916508806729
-0.01532163947233548
0.010111735864750676
0.013900009109826977
-0.014174290357333074
-0.0036982473458041774
-0.009884516378929543
0.015422611258878853
0.009923427879123868
-0.035117626049564366
0.04168395585255531
-0.016132341475929724
0.08833130678294628
0.01640072297872119
-0.01846257939954003
0.004477764724155703
0.010112226408135595
-0.0064501937636398925
0.01813050422044522
0.008533641099548583
0.01508953151110793
0.04030568838824154
-0.012385615692342266
0.021674027629009437
-0.014369368282649777
-0.004747782108596404
-0.02190902213101563
-0.015228624494799415
-0.02577097803046996
0.0076112660797317015
-0.023186459031810158
-0.017762266397516404
-0.04241268421455088
-0.01051246132311996
-0.007620199090581825
-0.07253380684047184
0.004860031136535319
-0.03043469003936157
-0.013515049982302083
0.004404387390908708
0.003590962844637544
0.026056153508819478
-0.016588959564018214
0.0030459144937181153
0.012609773507210235
0.0021377215646458353
0.02075185158633396
-0.015914988543048184
0.050129737459206763
-0.024344718870458554
-0.0380063389929277
-0.00394328022773513
0.0062207975684754665
0.015465208802271533
0.012735487762116665
0.022567798474324614
0.03628072011389024
-0.01295088797693407
-0.05955139614652007
-0.02367561772513976
0.003932803235295246
-0.003219876097747777
0.0036228019281842904
0.019124651435873413
-0.008861679391215049
-0.04356896653583137
-0.06291201062769586
-0.01992333042682081
0.01429193323690241
-0.017217086549347574
0.052642175970464354
-0.00410900314458623
-0.026143732783720754
0.025848187408524792
0.052927415947042436
-0.04363496599933846
-0.041167011547004986
0.005908272854493046
0.01012965351889767
-0.005872199228441453
0.003356261059911776
0.01173089876143801
-0.019334539186034425
-0.03404102654916247
0.0674354096154427
0.0833584102262394
0.008788111658871275
-0.0064131953988877145
0.03623427186380516
-0.005235049146512476
-0.002406826383706138
-0.023522638204499187
0.004272038530835453
0.05714571300176741
0.005530269991135304
0.003033076856483187
0.05097665999652492
0.01212393526124253
-0.019712204823632135
0.029615495036203476
-0.031606343578933285
-0.005623965002305135
-0.011023766130197572
0.057169469914135455
0.007001434566104816
-0.009844728744233103
0.04692997118837765
-0.035116062167550796
0.00015171939730472368
-0.04954222891362675
-0.09832812234942448
-0.042353177154814035
0.005238019249535431
-0.012990888647712976
0.008668393003201129
0.0017713346875124498
0.0235767767835777
-0.02032750531039448
0.06767284288446988
-0.00727420689477108
-0.011366412023568463
-0.0038394605279818703
-0.01512661691548059
-0.00014168359138341897
-0.026866324277209027
0.010965355781274742
0.023860543185422172
-0.05449872247753516
0.0015238597477528035
0.020322777825660946
0.017186547132288125
-0.01658354238787071
0.0024401730210406353
0.005291437467364113
0.010450484274458882
0.0006324595124814728
0.017591340792478614
0.05717330923709916
0.025156565028182802
0.0069495971527987355
-0.03718480462648322
0.01325911748591681
-0.029099227056115506
-0.015963984273288236
0.024290549283161246
0.009193348696482818
-0.0016137637674360254
-0.009182464529214096
0.012124857583514056
-0.03444460614859042
-0.050535824413496945
-0.012933973937090235
0.07018573095376719
0.017148506580081727
0.0032764548138663166
0.019382933823660072
-0.0022619084066709465
0.03849387421289907
0.045801594082138485
0.019606541510610365
-0.03738416652064961
0.012472279283986457
-0.004766085265161024
-0.03249314263175797
0.05636348705552321
-0.032759145493578765
-0.01330634322845659
0.02848943936022488
0.011909297671623048
-0.011550178542744241
0.000671991698231635
0.007525110137725244
-0.05948346376188161
-0.02935647876851143
-0.02100820696056281
-0.010790702554237589
-0.06621072382741362
-0.000492225765423035
0.02874748368059097
0.019569927575699232
-0.004631368928471652
0.007888637089442806
-0.02144337967263937
-0.006135215718025569
0.025826109786633362
0.03067690413348535
0.0023114779464896346
0.014661337636978003
-0.013012495215497327
-0.009018832227556048
0.015782465552288134
0.000401021872150368
-0.005269795172915097
0.007908443184051895
0.026841014791842692
0.03141490104087073
0.04295647905179956
0.0080838638866306
-0.0017151379074366168
0.01906436091229696
0.002223445558128041
0.08893185977547084
0.011337929135165502
-0.03254972294854362
0.0061365988011776494
-0.026179088277462573
0.005243111270675185
0.024180004300962798
-0.036364619864374524
0.030593319839163628
0.005428703796458182
-0.018642675449392625
0.0057062954279762995
-0.0152609208679266
0.007108700674770226
0.003012047007741067
0.012493370876969806
0.05023543972250462
-0.0007649092324870303
0.013095666844475573
-0.004479174346773125
0.011244135625017013
0.058003577965114884
0.007209471151465257
0.02327970385482048
-0.03077974178132524
-0.01475949712256044
0.01281206192421336
0.011483225640089977
-0.01670749122633465
-0.02638481714392765
0.04169940460356698
0.00293840422692271
0.011008064911828748
0.05871225538799825
0.015944064867626135
0.015613501758244589
0.03650714468845606
0.040369269562839226
0.011740784530292103
-0.004337859887615902
-0.010926296473885651
0.008573025734372982
0.005633955926035368
-0.07340216457889019
0.00475119967688088
0.006326795591315838
0.01793285831722065
-0.001953694972266469
-0.018555378250467536
-0.012679013800326792
-0.04613787932254421
0.028091248579853734
-0.025377430682447223
-0.006907433346345093
-0.02403649074159324
-0.045509950697793546
-0.0010485163231052567
0.05421067284922783
0.007369984452264821
0.0003954838443821389
0.018472305305547648
-0.009697090804503983
-0.03297482473391409
0.08143083987958136
-0.05251923698428116
0.01618432429561684
0.015147011098112699
0.00865934970080703
-0.00332214215736047
0.007969861893249011
0.005972152394643893
0.026800148147111087
-0.04435422900400897
-0.02302364253186283
-0.03896001385183887
0.03919825256361052
0.010629673955068407
-0.014217040099677076
-0.0061867561930304
-0.06234313146650452
0.01668695105261028
-0.04182253346628637
0.03035272116780057
0.0216139296156886
0.0337707912120387
-0.011445551700883643
-0.012693217997622156
0.003217436885279183
-0.03472525205511249
0.013675957382683361
0.0386229392814966
0.053007869501592635
-0.0005310240592768218
0.019771046479683002
0.051488460399492515
0.016481990252118075
-0.0005737298829098834
-0.02790752841535749
-0.021241819498746446
0.014689391045811554
-0.034687543639077896
0.018666467123818233
0.008373678138098497
0.06787557342052876
-0.038984431562292844
-0.06460754933704843
0.020411811363611376
-0.0060107862439273034
0.011574833755163355
-0.027219135892093554
0.05512854095187143
0.023379545162650627
-0.010773020405219819
-0.0074817349070448015
-0.009294656687199093
0.04341047179402218
0.002935373339841799
0.059864866555946285
0.014342975311329366
0.05553263034683441
0.03125019009431468
-0.023636852445617713
-0.034342173316247594
0.0169793568822614
-0.018815868405419444
0.0036764994043182566
-0.02471615908734342
0.0038007787320864803
0.012915398521143201
-0.011123818164248787
0.019478024267517827
0.005434327291430849
-0.039538432208978985
-0.07303418618986789
0.021891710902566013
-0.07604730096931704
0.04605403264090058
0.00331661722242309
0.00021552551884161908
0.007947460769886058
-0.006854645570705474
-0.011602671277950238
-0.023718581372342337
-0.006614960399904649
0.011372187905338766
0.021555918223919668
0.018037372454823418
-0.04232271513966727
-0.03156629157092387
0.013582021817665251
-0.008222048283373709
0.02195563363666563
-0.0139067416916416
0.005691991204951135
-0.03171413192832638
-0.01410921766849305
0.002442109398003271
0.02861164040483848
-0.08314566463936984
-0.01680924548705816
0.007095261813629385
-0.00054229223305964
-0.05331677300555571
-0.011209337448713991
0.01940825679907155
-0.03770420215115566
0.07374348578926675
-0.039053065323009034
0.02707106267175829
-0.019265757438539963
-0.017198680972822213
-0.008304734584497733
-0.049175817913792774
-0.019829981849192883
-0.01539820379159115
0.018417403796148785
0.026120893477010493
-0.02779484367947938
-0.004724053800097719
-0.03534403891800538
0.030003842673432642
0.021931906288196475
0.020173966749665522
-0.03051631664285575
0.051069234468441325
-0.020795882894255914
-0.007961285484013156
0.011645036611515095
-0.022797042778724994
-0.06962590939917193
-0.019042742449077537
0.00928842235218814
0.030832965544942102
-0.0026598775251666473
0.0120521382449742
-0.02177173826193474
0.006170278632736454
0.0019228510563337525
0.016048648667027685
0.037290415371525
0.0133750660572671
0.026753786186580163
-0.01674456202903926
-0.02327035708801011
0.011200899750618862
0.011847164983367525
0.012009842022612408
0.010994605859554881
0.03751239952418451
0.038763270149253674
0.004262898078576147
0.033241208603359655
-0.01304588968063192
-0.016406370571457503
-0.024517343544236413
0.007242195399693326
-0.009270087514983164
-0.002922103530914142
-0.00970755875389756
0.005718653661315091
0.017513335465995598
0.03060786133298324
0.014377213766345077
-0.011176562848366628
0.05044643203829754
-0.03745025610562716
0.03117265743554577
0.028311920560578758
-0.00020676562255908293
-0.003134796008670008
0.0321914839359604
-0.030645932342861643
-0.013896997616070019
0.016272012258074148
-0.0023532245884373107
0.008472723125181611
-0.013780050947633363
0.01068568270363974
-0.007030748435560438
0.015625046597444233
0.04358689654073026
-0.012886354951841556
-0.042339384142110206
0.031806165726284016
0.01249140443301318
0.032375291771849384
-0.012744606623918617
-0.010851071033699597
-0.007475906952311303
-0.008932098162260342
0.00029316113916355157
-0.0010250879396258173
-0.0032891989784895803
0.03767755802177951
-0.010839032827747407
0.025166886329062742
0.006228294602268708
-0.021082160107262563
0.02447492968463452
0.021530499578729965
0.05470593737737244
-0.03882496869576297
0.0014043151161484081
-0.028318001726912165
-0.003740516966755941
-0.01882451522998421
0.007893805945420456
0.07913148857128532
-0.009900809809679096
0.016772216890822658
0.015800982827900614
-0.0013258234392289102
0.021931690375967733
-0.001992083153125365
0.0053007109544015215
0.0079377490160408
-0.005794001516128161
0.0021575280781116484
-0.0034032877519088603
0.02464660865051129
0.0015594246604862076
-0.03898797250555205
-0.0056295404831902636
-0.009477703191205644
-0.03877255222040271
-0.04531360273817389
0.005185542716617878
0.023766739048826438
0.007132096307993623
0.023608304210972878
0.022883487818749056
-0.011920766459752829
0.006533663707018561
-0.011865011588640525
0.010471620270765914
0.015834415408110293
-0.017570862402706753
-0.002379387123876369
0.04756114375934686
0.01828027675148731
0.006978671301568878
-0.07740903757908067
-0.00507287680796386
-0.04109890954146784
0.006569106287523403
-0.04432291323493249
-0.01607100307255743
0.055478212350559074
0.03060201580250594
-0.027218220106077662
0.016211871959458196
0.0035678809511409445
-0.05129477660831196
0.02029418789325255
-0.036098469276988274
-0.03492888882259029
0.03470445120411304
0.0062888621517636755
-0.0433791813253664
0.0009880620824596778
0.02148611687348444
-0.015410419768147374
0.0014678934140053726
0.05031715279801395
0.028337330629328916
-0.028417288106509345
-0.0001761542209116646
-0.026300606018183955
-0.013362840243813647
0.019446170512647715
-0.001992677876425447
0.006316366780617825
0.02251166292531117
0.0008296975244795477
-0.019931093039768893
0.0037010982351935286
0.04027839251557763
0.034671148673076094
-0.01085838297092434
0.006538565093254832
-0.04282817336228178
-0.016574599879064598
0.03129354693751771
-0.015844067623186582
-0.024464910889478896
0.05178092907174496
0.04340907453658431
-0.05621790533385982
-0.010202994477191618
0.0034774038511021657
0.021957460828164937
-0.033508025219194965
-0.02231000455887205
-0.030851997930322835
0.018880519862626538
-0.02685658324205429
0.005696567485859308
0.062228271554278125
0.0015158232844302523
-0.01926712444607966
-0.012785119239521768
-0.016157190028846052
-0.047827060183343234
0.004796469120987111
0.05194478120750087
-0.002372641998490727
-0.01650700064455968
-0.02557076382874916
0.02674444910175083
0.0051855898868848425
0.03467007096195704
-0.014060421266785568
0.03134425410027917
-0.014664784873418301
-0.0019831461639591673
0.0029595601374394704
0.010710876013584163
0.0016611748875380021
-0.012670372844870019
0.006016335890476144
-0.005659209911697059
0.042089263946615295
0.013932182977448368
-0.03649016677678785
0.007681173921759581
-0.014861672671978184
-0.004047937844416466
0.003411065880228283
-0.01703517010451955
0.010734696103489792
0.03652910963735389
-0.03380939889606434
0.018853450266648853
-0.05457055239416225
-0.019393291402675053
-0.011897254308663794
-0.01999300957640341
0.022104737830512675
-0.01020777818178381
-0.00638044720090062
0.007617524362105941
0.002496430932603932
0.046164570115610516
-0.015618701490741209
-0.04879597951070515
0.05747761951448777
-0.000908790672189629
-0.01614507289099625
0.010007702115977755
-0.02897220471190767
-0.028699984425539758
-0.004490414894477163
-0.0018920077404075953
0.011152767379647556
0.03984151493523274
0.004980161618939846
0.007071951251992221
-0.009024835314195654
-0.021097568818396664
-0.014835658090129482
0.009844854723866347
0.022042439963213294
0.009352289173250634
0.04181204310872299
0.009942694180393279
-0.006537727793923033
-0.016694873114151153
0.0304552528425578
-0.014543671594431538
-0.024281242688562972
0.057795553716646485
-0.017896629402365027
-0.009799810320207162
0.0016055765634668687
0.046639957339226
0.01710490961065491
0.007226875962453087
-0.02319131975539493
-0.002091176536547132
-0.00538833560671447
0.011373867627229715
0.0410915091284856
-0.07481444776376735
-0.048111997737016195
-0.02417600763688009
-0.0009213557870810463
0.02504543178925697
-0.0245743497168961
0.0006412665315852711
0.021224370995357764
-0.026264386581064753
0.023978131956724155
0.027252039416971907
0.014208835751801015
0.0002622407057279124
0.015042104384922839
-0.05458441367909298
0.024040293970679586
-0.00032050198974019334
0.005998993996368745
0.022998512008961913
0.006125923431384861
-0.00010312578899979734
-0.013472483929220057
0.003774465894413085
-0.028129748168305706
-0.009016129478660932
0.06161807453589869
-0.01972925640575662
-0.010688978841833952
-0.02749096528439418
-0.005883332268294512
-0.03421510675623767
-0.0505865748711852
0.003622999121554652
0.02517550188904485
0.010663254731011616
0.04137477649849938
-0.014178440488922842
0.004278388567324723
0.014063579950735318
-0.010537035580068974
-0.04129199419805861
-0.07166355899945613
0.04188557084669356
0.026853156139788593
0.010849042186701477
-0.04105839743506001
0.039130004022300796
-0.004099895100230656
0.04315884695495285
-0.01455696175668095
-0.02016950871315473
0.00014508172770501802
-0.0021129445082534483
0.0025909083533391776
-0.029225121790807666
0.029444793621926865
0.006211912027234999
0.06185853678244286
-0.007304500525127979
-0.005838061482966818
0.04535285445296917
0.005834579571108943
-0.0008841205412830136
0.02443501699249076
-0.007762630601375601
0.012848406095322238
0.007160295374280915
-0.03971193073383745
-0.0013746860944887508
-0.020287660952414212
-0.001247261701007421
0.014308913589691996
0.05889718867691286
0.03162610287264213
-0.01136656217147781
-0.020242518813160523
-0.013961185527435919
-0.038011535844156154
0.015402693414612752
0.009079121609265927
-0.009328542732224157
-0.03008431220146775
0.006840437237257841
0.022874307020604844
-0.008396134854614268
-0.04301794832886352
0.045443051505941835
0.0353890625702719
-0.000896160788152846
-0.02300224842208913
0.026923678893847554
-0.013718714610218032
0.05042259451072286
-0.014137081815849389
-0.009271184051337393
0.018887118783040065
0.05163717129244919
-0.014715328010186796
-0.004292101769730091
0.043179295537052145
-0.0329161617895218
0.0174758178704505
0.03091451305106413
0.013048861180520486
-0.020495520990559034
-0.06993883567375614
-0.030657401659271676
0.010557747757618894
0.04474446606092344
0.009556820015464583
-0.013636088573516062
0.008319711050734022
0.0006101817027184927
0.04691641323008448
0.0017473081851593908
-0.10587420014648827
0.04878941023847543
-0.02042760238608545
0.004836522460373361
0.04876455949039002
0.059712688108354124
-0.0029300942821080937
-0.003947100351066419
-0.008097664571355169
0.02728044635847393
-0.004580200621408918
0.02887002317894449
0.062131167671830724
-0.005251231463180748
0.06284063783995163
-0.02183757717669326
0.0175798239300266
0.03556127067788019
0.0007537318357629929
0.011783688118603735
-0.046367278883266735
0.034688842417378074
-0.011224616341687645
-0.02859244644939848
0.023044239017557294
-0.0022785236444786473
-0.012941925067272937
-0.049418062587724076
0.015625004602439607
9.487488342091235e-05
-0.06388645274928768
0.004047366252175734
-0.03671511290951551
0.04198717577221033
0.044994510349148004
-0.027363504860481877
-0.016382939119913415
0.017431916276378162
-0.03211847475892027
-0.001685375137313476
-0.03524714584114733
0.026935819207310047
0.008262081066489728
0.02599562259030606
0.0231243982236994
-0.006654884612434218
-0.025155872014073193
0.013405702978297412
0.058127223157276676
-0.06132498064005572
-0.01594264416141365
0.02207419664643678
0.005100784350023639
0.012077984698299482
-0.032496370755282854
-0.030952139931566213
-0.0045574687566103285
0.008942908468037246
-0.005998915043831836
0.04082426884499698
0.043136963323481936
0.015645500541980276
0.09275876882474957
0.01985169637055152
-0.007071275214020615
-0.0029485036734782717
-0.0745857777310071
-0.05118769700819515
-0.009323153545194116
0.0031002606845371397
0.010906361967923387
0.014575967464883082
0.001578669582185557
0.011390867230817992
-0.010307136815482074
-0.029143145941937617
0.02679926752537444
0.005314304083272375
0.015578704828698933
-0.04518910839835108
0.045459731341806774
-0.012771205434595518
-0.01921657230148665
0.012675009504657825
-0.00137270326104207
0.0033064292062890124
-0.02726034207230391
0.004429830069375357
0.009557889555035363
-0.0035792484342980816
0.029762120513067515
-0.028221480628315518
-0.020009767862369292
-0.0026949715910688245
0.03310713696960055
-0.02593700472048137
0.011922818490732767
-0.01739344030060932
0.014441379727575476
0.025922622355383902
0.06643673168547558
0.025168423591668928
-0.06777457081317285
-0.013125715034253414
-0.01965058018098346
-0.022784866636003386
-0.04534226275128321
-0.023525833400827683
0.04943136182194595
-0.02973172704257661
0.04337697051024165
-0.011608751208330725
0.011113769769937762
-0.02665670868370996
0.03136017541514184
0.002558824719423258
0.020852817058013784
-0.044868953042741154
0.008661427908028473
-0.00027705242209510335
0.031073408082763213
0.05651181528125896
-0.000559593330403106
-0.05773975601527666
-0.0011398200703977145
-0.040365051754535725
0.0007266534726096173
0.014197289598174612
-0.05212893364099745
-0.024026277257814664
0.03316693459403985
0.02507251540589203
0.002960267295323962
0.05484069271320236
-0.05331572350759781
-0.01504716802851848
-0.016941906391743637
-0.03783972118985315
-0.012041958059305165
-0.009033801901302114
-0.01019114393055108
-0.008462481085933641
