0.015066950608304161
-0.03632107993882163
0.009957666947811214
0.0028780681977660758
-0.0062469381017409235
0.009471890100746058
-0.08799453466117137
0.02732651039241102
0.04277133234207335
-0.05119634426411308
0.02341003864514152
-0.0070697408902244
-0.0038289776910675434
-0.026156944173370864
-0.010435383182005336
0.0043649692899340176
-0.0156842607348189
-0.004302246219658388
-0.062408638460127806
0.010517714644987049
0.008808739968354686
-0.0025249424928192165
-0.010434286759803766
-0.009793237211980629
-0.04026223070121198
0.04844673068583918
0.014105355245880111
0.012030950295422298
0.002911316259403852
0.0285521447846398
0.03402664930184032
0.011446406837321501
-0.07004458208258861
-0.004744647627065912
-0.03471875719798097
0.016212444144747172
0.042561972237345154
-0.00934889175214826
-0.009166128062882625
0.01741702871435443
-0.020131369328314486
0.026333638652740226
-0.010461408727167415
0.023646837366149583
-0.01917966593142563
-0.04442941899811339
0.01861699837655792
-0.01953453910419912
0.021642587539008887
0.055526463205483635
-0.01671013893319699
-0.009659741948434771
0.0022123520547729135
0.0347725712173159
0.08130294063662614
0.0015585472576377676
0.003774023389308668
0.014538215937761837
-0.026458734154149857
0.0154006499161544
0.0015707048446262349
-0.060205338844284216
-0.008752329733682004
0.008084154532683024
-0.09570563803887344
0.019182961253472994
0.03622963523250361
-0.027589958160136766
-0.009580820141733162
-0.03573507603451433
-0.01378158363349131
0.01829491747605843
-0.04849318735128577
0.0048771150786284904
0.021299764840194624
0.006706799951513821
-0.02088407905546676
0.013472849974755329
0.010776558834199063
0.025278766161698055
0.038707431551069905
0.003917138892613168
-0.05858314374415363
-0.009897211453159187
0.047362504254831315
-0.010066129555979322
-0.0452505557580954
0.019536235641010834
-0.009592263537519047
0.03039985086954964
0.006059709503226792
-0.004865758513457599
-0.01786616152689183
-0.017246506401176354
0.039117788192981305
0.019802618784285384
-0.017378352264826594
0.01138936032368245
0.05554800268559969
0.045072769417817654
0.0030390018836599047
0.0003589410742535491
-0.05806534738259893
-0.039846692634828554
0.022512320390008795
-0.02975974271807082
0.022832819763767886
0.04709972119079381
-0.042825852077699046
0.004264261484542097
0.04842165282026991
-0.022668787743358985
-0.03097199452760392
0.042421623377244935
0.00553776427167984
0.00012999972136889707
-0.009648043166610207
-0.03394737757487753
0.0019743355564372303
0.03337522516381774
0.06965144976137824
0.030367957496513012
-0.0587350364896952
0.013912122774326045
0.009619037321058094
-0.01786404746673797
0.03890602956307811
-0.0437689719419604
-0.032596407962391806
-0.06990202445106344
0.007361516504489207
0.012051501861269789
0.008875987587106633
-0.028880406537616834
-0.010111998634097435
-0.002526604122530995
-0.001451154183170001
0.06934759289280086
0.0269552625112975
-0.02765588407785911
0.031764550466356456
-0.02099853117009623
-0.028901081507812232
0.032448509583271716
0.06986120159998953
0.0034828405277081307
0.013297980671359457
-0.01670272724528692
0.010544749489022018
0.004682934054668152
0.012039431728328033
0.01743060888728983
0.019597630318057207
-0.011994100577404413
0.006777299025316847
-0.01008622392757296
0.009072375987357877
-0.04262149879023654
0.006169590961329147
0.007162679668241539
0.016945398148643365
-0.024576450238175757
0.01710553474463982
0.006084178216664477
-0.02740160857341314
-0.0012157141632419815
0.016086982143232786
8.156149185037339e-05
-0.06579814648836112
0.04970579233300251
-0.02460045575948509
-0.00019466226106080428
0.0008335451208644962
0.016291953805180656
0.021378278318666316
-0.014637522499137428
-0.05205843424321459
-0.00829865254135488
-0.039961433795472845
0.012939359213885766
-0.026513058950017758
0.007959984307274995
-0.032015958876879136
0.020256400007376513
0.018562702131744425
0.004313679969395844
0.02346939386757531
0.046987640626646024
-0.014857931342469035
0.03216471925709607
0.0345965487704123
-0.017693535028153035
-0.08529271028229116
-0.025257580756903843
-0.04952917825792499
-0.004727356129395258
0.0316649512374441
-0.022828737300147336
0.0011558455286655139
-0.06570275335906901
-0.02730616808328954
0.06239250314718368
-0.02879475232737965
-0.0348248428314479
0.03895920088716502
-0.015523455945626577
-0.019947741074218057
0.006830804481224364
-0.014949553116597823
-0.03962446627918217
-0.01847186170391388
0.018827891424253854
-0.03331301101240222
0.0022734916787653676
0.0090713663195409
-0.0008648290456652777
0.02141077341133178
-0.034725739464374655
-0.01917865827159405
-0.008909006671187826
0.011666023709485112
0.0478144996151467
0.01149106433791493
-0.015681382904921538
-0.01303769073119675
0.019853774749726806
0.02481321473558678
0.020589836272023043
-0.02216401970879901
-0.021403211518831455
-0.004892510513560796
-0.04383777045895927
0.024681970671055733
0.01073372409406015
0.08929832099689983
-0.06538602305532032
-0.030727086206736746
-0.025856918554811308
-0.008306887397027281
-0.039978603075856226
-0.010864805557233322
-0.009930408767005563
-0.04962979808671061
0.1176332999631184
-0.0065239127912992394
0.0008290069263757868
-0.021965394831434278
-0.00026369083325110816
0.028517949441451498
0.05916102314939616
0.004082569259322981
-0.0009454845375211105
0.05480564697153834
0.02583823528854965
0.021323816422060948
-0.052774016738127205
0.015329987335930875
0.007464652871803052
-0.037646404179582926
-0.01968896431559783
-0.021107233154343846
0.01889533927133891
0.0637474545738222
-0.026047593978817656
-0.011911929359277281
0.035038047924861995
0.018311868659638228
0.00996166217490987
-0.012226864301439806
0.016270804721795557
-0.011171559839419292
0.014782641340930273
-0.01377696558225018
0.004870418765500836
-0.010935360392679443
-0.0022484345398083457
0.018481698709542905
0.01497346607268074
-0.01581554557040792
-0.013338064356255726
0.022114029940222803
-0.050282452748997127
-0.011912758112690608
0.022076715917081956
0.030356120375447642
-0.05178408161152032
0.049847582623412344
0.020487057336941693
0.0533911377610402
-0.0016184697267829207
0.019775938281504216
-0.01005973178359663
0.0051091026966847515
0.06193677237557732
0.031477188592746445
0.05626810567820517
0.005154019674801197
0.04305599018039044
0.004408677789222634
-0.009902726858095024
-0.008826447695685715
0.015597537162735584
0.041325278398241315
-0.018787413792784466
-0.005290711744003847
-0.004939192250492575
0.018827256303881774
-0.005263698500837029
-0.011646716465971508
0.007057406364945559
0.01663737083551596
0.013491476593389147
0.002744760376079564
-0.038100136887787815
-0.046939125440212434
-0.03444033802486299
-0.028165483104621993
-0.032435969207239554
-0.0009656473955795236
0.009313729382975327
-0.0028283428514762512
-0.02514592334541706
0.0026605916624944086
-0.00437496137410575
-0.008034266564769379
-0.008295925404088985
-0.03159472332960096
0.004878831969434619
0.02962435727707168
0.01625979726775968
0.0180401759876183
0.04216627007708343
0.04327664145775744
-0.03159304535350796
-0.010361260986715115
-0.0011581574452942498
-0.02956877455547213
-0.021657570678123978
-0.003478404954440839
-0.030608886266778573
-0.0033568916606716475
0.04637302876228686
0.04670162838661956
0.006170341108181309
0.01933493151452182
-0.008767726730839715
0.11439916061829108
0.022288858497263152
-0.03048549286825693
-0.00803736426334376
0.01237889231886617
0.03265017518393542
0.021319801854012166
-0.023939946157294695
0.007800669445729788
0.03917099477390869
0.0187468153430325
0.007789001192754944
0.008253728633255523
0.011424339026877211
0.021415896056252763
-0.05567112053927881
0.03415017796384371
-0.01676052185451897
0.07025157159998871
-0.01612372157729388
0.002390425739683597
0.045678189795839014
-0.0008217181979380037
-0.03724548723337299
0.025996777576343923
0.015672756610916546
-0.025327926393800406
0.00017244903760610283
0.023794039858136277
-0.02007254295025771
-0.03297148438199097
-0.07495514410038664
-0.0031843897196973314
0.03356852062118276
0.027331966161430087
-0.007096494738948402
-0.06441018303084581
0.0003276809148017461
-0.00478448611502279
3.513588535191105e-05
-0.07483018185954814
0.0061298054297043774
-0.0577254822231843
0.047842844274163354
0.028976333415963642
-0.0344646656057889
0.013439750151646886
0.027499346180617962
-0.0051566715775771136
0.011497636833852827
0.010936053700951255
0.0412598943903775
-0.02142887745571913
-0.013757826960926615
-0.041421028161479356
0.04193601970484928
0.0013405535167067052
-0.016200547360051238
-0.021844777151654303
-0.011547455650022628
-0.03186581121961985
-0.01822424648274816
0.0130167759721591
0.009905123475833796
-0.0781907946617467
0.033157780775358324
-0.03586566744431996
-0.005552921503261587
0.037160938620884904
-0.01621098285480267
0.0040393816793803826
-0.005235964094795538
0.05019645708855122
0.04600079610305753
0.016472884042333158
0.021230764904582113
-0.020671108666096293
-0.0395840760820702
0.026530968708889487
0.002744596301044908
0.037083318000491736
0.004434204639679835
-0.036228452043530514
0.031139776119238155
0.005223929068932892
-0.059499100656820396
-0.02818678584769376
-0.04732620619663206
-0.004659668014804665
0.026308759405953296
-0.03911949754808791
-0.018749060744265366
-0.004503516740917294
0.03308359858033082
0.009536862921270527
0.05033959189872901
0.019275815047407656
0.019470221184324833
-0.08184656570378049
0.0010520915729349803
-0.02047216808750848
-0.0038571030284228402
-0.05723191225067875
-0.006851785565945851
-0.024625944227890734
-0.009186116615715431
0.0027989812284289865
0.0027060436704047382
-0.0155865159508104
-0.011887311494292759
0.01936724244572004
0.04868317568743603
0.019053317463015917
-0.03309645989931468
-0.012337058089371807
-0.005673595200976547
0.03652954966927975
0.08263554560782103
-0.014415686153746844
0.0168619932902979
0.004954723532020982
-0.030690182701386858
0.022431278993648558
-0.004008727140724022
0.008913251910101599
-0.001022233126333007
-0.023338608210861624
0.03213999034892485
-0.0002272444853940292
0.030137527032301267
-0.0005858163848271793
0.064172253900844
0.002106805785684422
-0.0037450243720622794
0.06214665282007346
-0.00966780631503757
-0.032035696900483294
0.017254336734556935
0.02116885160229666
0.042677327794623375
0.009421422110589547
-0.06335193499627087
0.014978750303398342
-0.008203698364485569
-0.0015487182900316117
-0.029946624782057958
0.05209226013604887
0.0017865498834525337
-0.013216604340170237
-0.006204503155324054
0.022544884966334732
0.015413369700873418
0.037806189483187105
0.004685202615887701
0.011088618409917796
0.001710517957936315
0.0012692354809811452
0.012864325504655954
-0.010338481076472627
-0.02723126652352819
-0.0036524675788831727
0.004218817614694782
-0.05805379600393936
0.026439094470028398
-0.007489520144802065
0.03482340755192232
0.011710140336442135
-0.007894925999543915
-0.016980083929436687
-0.024031229665249912
-0.003553703031818202
-0.04583564507709965
-0.044674303495323926
-0.016684913213146125
-0.011068875310920856
-0.0002847266238455519
0.00992189833364804
-0.027110482392121184
-0.012753333107470793
-0.0034981153232626835
0.06955279410188063
0.042199559949106215
-0.009853798269732659
0.007158441729703844
0.05369191544919101
0.003713267149292737
-0.03184575633199482
0.02681545235658456
0.010371453083235877
-0.08367081669012502
-0.060836418960017666
0.006157042849481184
0.0034888241714721075
-0.005690089658518716
-0.01057292737549448
0.04454252014220409
-0.007887439603743792
0.013513206594115604
-0.010886453256030222
-0.042901174395590824
-0.018671753513892442
0.01302417339232233
-0.025030220789598826
-0.0013541669213310097
-0.0007736628587554817
0.03982119408733497
-0.038973151296523505
0.0015773672944838207
-0.01767441367893691
-0.020583465961858054
-0.003108618247705419
-0.01643680586265522
0.014684514929615944
-0.015860604812818545
0.022137478523242365
0.008129773876368363
0.060144206888099495
-0.0047906190974231775
-0.024698316465024933
0.024376227905093726
-0.03233776064846703
0.016651961065380458
-0.03347771424493789
-0.0007313455579764209
0.022109268014944387
0.0114791815360758
0.0010210867343831906
-0.00017010890386894896
0.010696399634088645
-0.006043912747887038
0.021770266393501596
0.018875022475620756
0.008190784281054998
0.01090191092921631
0.01146749893497066
0.021061313108661543
-0.027269305266160965
-0.006689397136019178
-0.029976564955562838
-0.02604045760037023
0.07100653277777187
-0.009923712970293052
0.015180019312784574
0.009259911922562293
0.010923831517731936
-0.016678377456577673
-0.009377518205094476
-0.016861476716483418
-0.026920471116900973
-0.0009707640444751585
-0.001822928514995586
-0.04491916902514857
0.017583203371711938
-0.0031066440493886507
0.02883397402724372
0.002947571992115851
0.03243945587660364
-0.021194622682301014
-0.003869154618785176
0.038888011639551454
-0.03065071146018574
0.026273155108909128
-0.045506592244239606
-0.05853097743228137
0.05468015061247039
-0.006047408355671232
-0.054556107886634814
0.002789301522302614
-0.008930922004593977
-0.02473294367110732
-0.06142419313013875
-0.005927753974619763
-0.0020116808558683394
-0.03201696509349237
0.009529454631525588
0.009750016797635442
-0.011553747788488172
-0.018252663679106405
0.01258441641644094
-0.05056727088424623
0.009306418221204768
0.005644890469797504
-0.03143199339582607
0.03293531081442693
0.05049752465454992
-0.027567422224021483
0.0004828029762225317
-0.029170470701193565
0.016973477307485215
0.002463504116525651
-0.08835687146330146
0.0489869206805143
0.010439624884751093
-0.0008087657639467187
0.02701647253635144
-0.0027942116419922185
0.009771359372946278
-0.04323749419379968
-0.0217980154683209
0.016810232432691186
0.00042142589466578087
0.008240263833888836
0.023726381847564496
-0.00837851618542063
-0.02426174625253597
0.014007740471936835
-0.006195480053730846
-0.08994367919262157
0.02356734130513662
0.03902885963736351
-0.0016686955836315378
0.009645631819519612
0.004894586729774323
-0.012216647387426002
-0.020495298246340415
-0.008254092694670341
-0.001494433019845369
-0.008771756588312415
-0.010669768370620603
-0.01460768525985069
0.03267336711736178
-0.006736035630020817
0.011819284198914122
-0.03081197706129527
-0.07717566385026788
-0.0031538902443342697
0.007465205057894947
0.0007491509376554307
-0.022062890295847872
0.031796068339627406
-0.012421981591118311
-0.0011113655637595191
0.004755185125732332
0.0156789487473948
-0.017971718903458233
-0.03262961912759257
0.029288012066509373
-0.014601484451151892
-0.015543111562251374
0.03732427617728767
0.05200902985232748
-0.025213780452412418
0.007789401190014834
-0.006829794163496101
-0.0020210198399656268
-0.017848308100938282
-0.009307936781242426
0.035238580517506876
-0.06051144416574159
0.012006745740595173
0.023707212727738004
0.018371047106276243
-0.00825118610860547
-0.006160530254949418
-0.041596973737464085
-0.00929011885288871
0.0026717755699842173
0.006198419018068214
0.0040588788714502385
-0.0047602246351660694
-0.011489282829077137
-0.000892924454486441
-0.012352271395366937
0.044061267211999024
-0.0036572585689954424
-0.030393475465360757
-0.035075776984600876
0.02860931689703717
0.002464264287172252
-0.007591645619274664
-0.004236486907851046
0.011610906682530231
-0.017306206039070193
-0.024873378072705888
-0.04514392063329899
0.016153510857199287
-0.026436056565012942
0.028188525066471702
-0.02802322041755478
-0.02773995590017949
-0.004843665303951957
-0.02397286624505014
-0.017132486849896395
0.023207362263841354
-0.061669551993506724
-0.052595500471745604
0.002710611747830341
-0.047096724393671116
0.022387768245322962
-0.014912017149875695
-0.0031235071680484347
0.0760928854978353
0.03697585189724024
0.017120316318668553
-0.009629593314956445
-0.03639088819843448
-0.026517719032929033
-0.008941067701115874
-0.01848513954325278
0.009692007163536695
-0.03435774897248487
-0.041849099837152126
-0.023871989988502502
0.02062790879828498
-0.004640257128373979
0.05856061904362545
0.010261140595377903
0.002916731279343135
-0.003315256869357045
0.0408053681468178
0.029926865278046635
-0.001284023327977835
-0.029095759404032927
-0.003617986123495457
-0.07258642823061104
-0.011870726937981295
0.04653669478220383
0.014662629804447092
0.027032825640288156
-0.026882856358321824
-0.015079441298833382
-0.010103325589853326
0.018877522159633706
-0.0005891022782791275
0.03228282734413825
0.010181914349212591
0.020848373334611058
-0.019163362551709574
0.02687511086198453
-0.0022399506810825472
0.017180660215674902
-0.043352197570809436
0.013319771806176012
0.025017769765762782
0.043102444175121185
-0.012217741027319304
-0.02856856690517167
-0.02924158791403668
0.05058640244524123
0.02086223189516361
0.016590142097140114
-0.028858438117377285
-0.00538058838497659
-0.011601269410266521
0.03239597734944829
0.05172114878310213
-0.027398217550415126
0.019981743047914575
0.02942540895668153
0.03920677240434242
-0.024831490516592957
0.05362926761844855
-0.013972578012947726
-0.02161614650470825
0.019653937105348303
-0.021253856592855502
-0.013679317734909296
0.00409983253535185
-0.03098613221286901
-0.04690367276913934
-0.040052716107016356
-0.0035786660583770023
0.02689127431248555
0.019833923808705783
0.01412693931082354
-0.005914377738741318
-0.03487888835698406
0.006389736612784856
-0.011859179521527782
0.017233106705508327
-0.023956600053144022
0.012430209862052413
-0.045048703896099856
0.009740332821036318
0.020093426596825534
-0.013000610277774868
0.06099700691845731
-0.018595270554775414
0.0102453644641422
0.023730241136408994
0.02893247155985262
0.04194315673811588
-0.03285317280033168
-0.0056443867271663475
-0.003017221661551407
-0.035227972634840406
-0.018834928762719902
-0.02545410714967032
-0.028121716962437964
0.003373041097808746
-0.012354728636140892
0.004398134675859293
-0.005989516482843935
-0.01537256777777846
-0.0008304250594817206
0.005736166742057147
0.010125689534813352
-0.0019339121399115505
0.01835822654613771
-0.002716301526063427
0.02634604589729935
-0.016827900831709472
0.029111259764740015
-0.022809688767165683
0.027605200547205735
0.009159226987563175
-0.03220088537691642
0.010422791784701103
-0.013615111215870472
0.021255018804922622
0.004930246157450377
-0.06751695933166403
0.05208220973664004
0.015156040850013253
0.04215506799941097
0.009825667625189055
0.025167074553837692
-0.016103945689433078
0.03511009008227197
-0.00302309605777808
-0.03202952861994214
0.012708081751702448
0.025304781142499497
-0.03534603729987307
0.013856209451692216
0.019380048787471068
0.06338592362867489
-0.0022902594556586395
0.02206641525078256
-0.02125020452038022
-0.0043451164568794635
-0.024707339907809694
-0.04594136451133824
-0.013978706770917983
0.010745488329143493
-0.004738850671126162
-0.03024033760171223
0.011529763845269877
0.01093459513755498
0.0018689125034437653
0.0855039571965046
0.015289198075947632
-0.05570167854500269
-0.00974828409000953
-0.03448444151283433
0.0166879688329284
0.044368928785157004
-0.008632142069977299
0.023484402211465322
-0.004694318226394193
-0.046823124088897564
0.008903182588873411
-0.05217621563514867
0.023802102548604875
0.0062059570531736875
-0.002829414077618177
0.016571158416900305
0.010429408887233762
-0.018473928941933757
0.01022700230598412
0.030327067942953707
0.026652347810783288
0.021248355239435496
-0.008357544859606733
0.028431241846800605
-0.018973536199131023
-0.013130611872411713
-0.012375336805776668
-0.010634640892495573
0.0348862847151108
-0.015315138370458118
-0.016515505434097077
-0.03230982842841399
-0.05934380217880821
0.028905759310901787
0.02430029390045151
-0.02777628894991222
-0.024296249651220306
-0.014658660121380786
-0.023450835404792907
-0.007813648054349474
0.018230225762074528
-0.017152086736580807
-0.062008464257989254
-0.008370028623065502
0.00025956917692526927
0.006230650667011935
0.010816591454126336
-0.03578661493505938
-0.05410462440419581
-0.033845575870503575
-0.024105942244609324
0.0014143200202116418
0.02567504318050642
-0.007828401385658582
0.027767342119275906
0.0007205758946353594
0.03665509587223369
0.02346798638618837
0.023544924511643535
-0.00022939233825037766
0.04700694446265941
0.017784379746284364
-0.017136389082061724
-0.021864569095016707
-0.01475257879068546
0.04745711597581718
0.016608280874461086
0.031672532370586
-0.023056391068997983
0.0020662161298887058
0.026667980314581948
0.0015089145116809913
-0.02260076776599985
0.013891168138516857
-0.028924897981022595
-0.001472850412803232
-0.060622677359718706
-0.007260995382988739
-0.044905265389692105
0.005826359755817481
-0.019732774559387323
0.012043146933166956
0.007566062335831663
0.00891291678652658
-0.0031506520127480724
-0.018568826358787708
-0.017971543312498336
0.01487866432660196
-0.017689134444017283
0.007962181014871946
0.0007720841470474885
-0.014658320392125083
0.05961566190136991
-0.03206459731784982
-0.028505188242836495
0.03823481874876114
0.008476904016287439
0.02445182614751383
-0.04819475768663523
-0.0314499764310288
-0.008799432306501376
0.0024931649386583416
-0.04988922429381944
-0.006479305074827108
0.02975476009923328
0.0384561850811095
-0.03716962122695016
-0.01939797345289837
0.013443609103243414
-0.000976099258770598
0.07309786314727457
-0.002482853935733498
0.019551918968374018
-0.0016797094862667286
-0.03686714271585634
-0.03814173141930611
0.06486386399075386
0.047610731643891804
-0.012654388249879878
0.08172018382765547
-0.07260048477077057
0.016375966635170557
-0.0015312904365596457
0.0001801136869388493
0.05730520453092147
0.0337264961471468
0.02185959519866994
0.018936086734277317
-0.030417848608007024
0.0036414631415948905
0.05933820131727404
-0.016949788859254394
0.022392558555056837
-0.003193883414072811
0.00820007018313532
-0.0069293673899350925
0.012475151807358989
0.03884005808190892
-0.01339440711894374
-0.003317980811336467
-0.01275354070962636
-0.021772228350799075
0.00015601212472942427
-0.009357446270128881
-0.0037774425468004727
-0.057705161131260674
0.0053847592085987
-0.014173309883397631
0.009379543892232
0.0033072787928535327
0.019118384506672526
0.0592926052403034
0.00926935189920659
0.02391128253344318
-0.01950699423771828
0.019892021645247296
-0.033986785584083794
0.053171657687195874
0.01934103357110873
0.02987601385598051
-0.01147837523584166
-0.001496258428285123
0.0558732092043968
-0.025025588678995642
-0.022149689754217494
-0.013685074086362534
0.0381702350385842
0.016471469323822062
-0.008326528674222986
-0.03034356173211186
0.0028062086891799645
0.013971890486420606
0.00035302653212486364
0.009847637172520953
-0.01923808867389879
0.02600666356227503
0.01174279309396022
-0.018485890384797823
0.00196051662927494
-0.0029581348441062878
-0.008601855825165802
0.007256891893176907
-0.01496634297846378
0.01966918902055012
-0.009915432134397517
-0.03858847845277437
0.00419409691786662
-0.051606079712482
0.020279370237804885
0.021664386629107944
0.0270170459374366
-0.003014166186708543
-0.028528950339562917
0.027239795625984935
0.037592697964095985
0.010595893023220377
0.010852543626065646
0.006878367220688329
0.0021201290126011117
0.008613649555070076
0.01749903215643156
0.01002118362754602
0.009004539476780524
0.016424256564501485
-0.019625333260779306
0.007641542172037388
-0.0028995697254262467
-0.008076006098034794
-0.016662282622324293
0.02094775860355859
0.017908248907911387
0.021083115928805966
0.03708861351982059
-0.0071394399156792035
0.005552057060421945
0.05719592155576641
-0.0030018844368077924
-0.012529557135710337
-0.02255332039859544
-0.022090898766795385
-0.008333804515451263
-0.01943018017707034
0.01211075492376559
-0.04424893807598463
-0.02641088374142216
-0.02112652096949874
0.019280739949021016
0.0031554399763901336
0.0387036105888704
0.0015532272819881203
-0.006201040957742971
-0.02425457391246469
0.018518431534526442
0.05755031986700797
0.01792465855690574
-0.01835693131067095
-0.015555650183448169
-0.016538466521517668
-0.015017918052837283
-0.044295642374811386
0.021441701618132174
-0.014541158993809259
0.04976249551269342
-0.0036012132387221
0.002843508415605413
-0.008660564613886446
-0.009177816450147041
-0.023178724188063674
0.009341196413549364
0.013814429824291659
0.005800879400821737
0.00046893627270880566
0.03461439243227897
0.004293516793618836
0.00048257051886843426
0.01592046707182265
-0.026633664274436055
0.018551999052050787
0.01893680279079988
-0.0021756016583637182
0.030095451620212862
-0.04112323099410896
0.009031839151586927
0.0075859434387289355
-0.04630431253514978
0.015783313368349646
-0.01689947701316519
0.04565102516894288
0.02292012821451419
-0.05720289686779222
0.06211333306984455
-0.02412828288149807
0.01889080290188367
-0.0002741700538536897
0.0397931354853356
-0.032592402808198834
0.03342177717333516
-0.008689173488101878
-0.008483356593157014
0.04192040974810552
-0.0005857161874261695
-0.030424785757251
0.03777135312497298
-0.06950354475971945
0.018406339537009566
0.03583618519697813
0.053793700439905515
0.008857833081911392
-0.037675062728345525
-0.005640885192135165
-0.02605056879764869
0.0028611745734940784
0.02294613058471306
-0.019687119274437146
-0.016131417302070815
0.023011050827756577
-0.05237606950844408
0.048104319816630825
-0.014751522931148255
0.011092112840983805
-0.043621800920303516
0.004809896140084801
0.02102969335263166
-0.019063267857357756
-0.005326293248808802
-0.04086391754615372
-0.02213573100198339
0.00017953245630928107
0.025611623859052975
0.02713779351220029
-0.00860168494297385
0.012437923270949846
-0.02037810709275432
-0.012355412864901492
-0.012021536669634993
0.0007430028108506139
0.038651957896308334
