0.01911394900989134
0.02609310991729897
0.0016893064056613537
-0.011213547984397531
-0.00963685151218817
0.0044559353622280005
-0.014438333470945688
0.022699041527392924
0.03180097089566005
0.038538534261138735
-0.007462856965133514
-0.02522210130541041
0.015121346925250924
0.02964293496095866
-0.015582221445584401
0.02874752726333797
-0.009025804671557662
-0.008901802171721868
-0.024448777517589223
-0.008592732911852214
-0.050641049689951145
0.03941439245667525
-0.07537542304542534
0.002412157265379272
-0.032073468490523956
0.01839069747857893
0.0019177731932675662
0.006749382209319329
-0.01607245266155221
-0.048252336210256756
0.013916608359484002
-0.025650048046720345
0.04917057052578368
0.008574822187928094
-0.07709021438255548
-0.016637343889771113
-0.024403309485942656
0.011033156751062203
0.05022070505463673
-0.0048621709820267965
0.005660247390235711
-0.002386053596260048
-0.04770577147077441
-0.02872798227847537
-0.08292860415670134
0.03247649526320875
-0.03530494564792516
0.06616959686739174
0.03359996727804139
0.004286268193349774
0.0015136275649658421
-0.00936167711219689
-0.022791938989835118
-0.046944715930759745
-0.019442881150561274
0.0130018184988154
-0.012378353965538555
0.006338395635688537
0.008319471843788511
0.00221806437892547
0.0382677511790962
0.018898083175990385
-0.007105445724025491
-0.005155851209796944
-0.011140416590591768
-0.03975620796429936
0.04688047446165098
-0.01423622776855893
0.03126883869279044
0.03906090816855465
-0.055042350752837005
-0.007471436150871704
-0.023232015802660693
-0.047568455789418485
0.028606012136956332
-0.06543109029183278
0.01092021679862366
0.0038177169229463097
0.06334629605872236
-0.016439286591426377
-0.05357154755207549
-0.01127027609928542
-0.05272479027169773
0.0049516969457335394
-0.006153675361736609
0.04521720747547197
0.017414837146424576
-0.012917171551839909
-0.014516232481453133
0.06899714848666846
0.025936461234538303
-0.015638881723003806
0.003992714307540959
0.012412273281168505
-0.06610579095716099
0.00019837657683650434
0.020601692853662645
0.04282115562215275
0.011375260394476623
0.006863558772994225
-0.028129176484354042
-0.009525791048747817
0.0017858667741101567
0.003599458409092033
-0.04481582160104512
-0.08570420983929235
0.01453337622326622
0.010917260769244024
0.029745187484142663
-0.03983471930409588
-0.028783143673682933
0.03760478945521415
0.017578152145086505
0.011633706223634821
-0.025650378986989568
-0.006335598811466026
0.0026466464617069126
0.0007210666681062359
-0.012406261377366687
0.02514590513297856
0.0023312742038387175
-0.07463143319272326
-0.030920848841184713
-0.02093170731278092
0.006030194967602754
0.004223397956325325
0.01777066210325296
0.0034165571328210226
0.027247506294467056
-0.03432655962559917
-0.006391531836398768
-0.00046897382444155883
0.018352463543537034
0.030608325932353672
0.05072159446915961
-0.045827703179863476
0.06027121785223108
-0.004522643656774369
0.008372066403975547
-0.029663709428335676
-0.0034762050585664156
-0.0038556203337395453
-0.03942414232493073
-0.014861900483646535
0.027694130652524067
0.021631987186549267
-0.03702221553501381
-0.005714612176837248
-0.01409276077227705
-0.004351474691670378
0.0068832404183179026
-0.00858938016578721
0.014655767644664907
0.004341563289718404
-0.00035954641785102584
0.019158118543666402
0.006161425384925102
-0.0565522768659216
0.002269638380803189
0.01639879592236965
0.02148932020133264
-0.02161302164027324
0.012749048195091161
-0.028750036566463664
0.02214812662145831
0.013326666389128555
-0.03928254415694049
0.004022611636670954
-0.014369131317713437
0.010497649212828964
-0.03146397258445429
-0.018319135438038436
-0.025477389869406283
-0.052882132229065106
0.015652990008362858
0.00589563676650338
-0.037596950206809567
0.04660566402134145
-0.02175691752688176
-0.010380062297496431
0.018620115555635662
0.02432551453935343
-0.013384349978951337
-0.015949311204345475
0.028136387226016857
-0.020751972446910814
-0.005372828396758277
-0.02979695230135531
0.028752196644018492
0.019907030425693355
-0.029163715321843413
0.02589880122405112
-0.00931824061597692
0.02614666809727021
0.0015911512591291115
0.0039368826332463825
0.009533828603077096
-0.0007640645477046648
0.012374175811792917
-0.0073307113235247835
0.007076575250687939
-0.003634610880220343
0.0063249975878812105
0.04422224308684354
-0.012659288773962177
-0.021034006195404933
0.037386812183011195
0.023954408232984576
0.009349583956303632
0.07111916110550777
0.07550873598815663
-0.003011935128861689
0.05495871727611075
-0.0017784795429536288
0.053988356132273846
-0.03340328259171317
0.0347037136465571
-0.05580878489672054
0.006725947429289728
-0.018986146375154264
0.0016290700673740792
0.005101409309625693
0.02292974933339767
0.0016109304029836538
0.003084651420686208
-0.0179222990084042
-0.05926630452990574
-0.024926974038777666
0.02397975846925022
0.00501143262795706
-0.04993110552143258
-0.020434047598741772
0.03593522210916419
0.03748135926134068
-0.006027510610715799
0.04017164466511205
0.017899266083546875
0.040271894068487316
0.009916476321775971
-0.025330194230718736
0.03101287045182615
-0.03312932886651201
0.012383364807983696
-0.014757001266681731
0.02181122110537132
0.006742197367501102
-0.015120665516214866
-0.000286746450596909
0.05007310283899122
-0.007401950658774011
-0.034030237609982826
-0.019731647179119967
-0.007185179244987265
-0.006624967549215935
0.06163428220587349
0.005662036172654114
-0.003573167116650186
-0.028764215315278167
-0.032031773850174416
-0.006412215503498404
0.010318238045405999
-0.0211760913038221
0.0493725549048592
0.00461585769852516
-0.015581036404193232
0.048545644569318674
-0.04239368524389223
-0.021892440025817285
-0.003479957334226498
0.014671372902694943
0.014084836677234591
-0.0014628510233122974
-0.042342673377094395
0.0012657009045099722
0.005202956138971926
-0.026042445527990708
0.029357958906515456
-0.011539262469323408
0.00378258337246569
-0.027701249345871048
0.011275107026838642
0.020699246806898396
0.03382975489586896
0.023662675060382523
-0.008974938802640877
-0.045831204757966655
-0.030902086387431277
-0.024505728297423868
0.08784710854999939
0.04211981688969473
0.016082903724631597
0.039685641808839114
0.007700314299515255
-0.008389587779685298
0.017410057167240298
-0.04043115920411051
-0.021321743328682696
-0.03000217933321053
0.016439155138539736
0.04405755354404604
0.014569251776235522
0.015081616485768577
-0.04705288959162477
0.01863093606825308
-0.002390363878489238
-0.007050155901929297
-0.009154640451360295
-0.038937910529104454
0.006476466560566078
-0.0004992207225975879
-0.004858778522682775
0.002517395093519738
0.05944211957201138
-0.02446858297299783
0.001408691135571494
-0.05608068397497239
-0.030383297211003246
-0.02091201234492501
0.0272503566618297
0.030330080341870885
-0.02885092642369529
-0.02222544971053467
0.0390473646177702
0.04902587813023758
0.0074268443220320566
0.0046171541184632
-0.03389475982350542
0.000504462236087525
0.06311837867289159
0.012454802828080347
-0.028965290422968436
-0.0016307361570404414
-0.01367675773830482
0.00020066723268226776
0.015226908727030454
0.021100018427570463
0.055520760360806526
-0.012141490491716232
-0.03683678388654647
0.07168060586553704
-0.004551839749805618
-0.04175531108287661
-0.013519550417786973
-0.003888721062954084
0.0068167412593671105
0.021919359308723407
0.06479067491980801
-0.026797790983560835
-0.04873264638697032
-0.010641730260313535
-0.007180584547411292
-0.017426211259022367
-0.028499165768141824
-0.017261965113213384
0.04865524358431767
0.004884965419709701
0.019815813237403234
0.0019153369093650638
-0.020269325285519654
0.010684717865083364
0.025370907680804067
-0.01172630134688881
0.06266398058607066
0.0006461953945241115
0.02117251425378899
0.019263926220967356
-0.02946508076207627
-0.009359697506708687
0.00585658314817357
-0.01615134324262061
0.013606753734096838
-0.021330747552302524
-0.02170166455747985
0.013421492122543286
-0.025398563518370647
-0.01085711633527752
-0.0067039906966869
0.012736475728941462
0.0494032965344351
0.02580137835114484
0.005971544226226144
0.018840713150878204
0.0025860704302287417
-0.008095784627135049
-0.04441901376881371
0.015523545637034912
-0.057650410372980104
0.0063125207030974885
0.009382212553303265
0.041032413557881287
-0.0005185163818960414
0.025443829916858274
0.019309169682270855
-0.0006008245336406214
-0.00430493850670976
-0.01668466230673059
-0.0038890209853206367
0.013939297346185963
0.03063706657157002
-0.005452593228114295
-0.0023069348074843277
-0.00093829150428235
0.020828280154139366
0.05646208056948254
0.0031936727778941135
-0.011854384632225145
0.015145181108009326
-0.06001139653851071
0.036583156327947196
0.0116537788481958
0.01712282952083507
-0.0043900236894185984
-0.005575038279424827
0.008995177076306095
-0.02582136270303727
-0.008493980718178999
-0.013065354567447143
0.0391608678806576
0.006433388031693502
0.01961966290634332
-0.007329304624000995
0.03834745374689471
-0.0034033177550651136
0.02250484042340029
-0.03129203621526753
0.01141344917255967
0.010654294394769878
-0.018274250360554037
-0.04685817710580891
-0.009670544098224026
-0.03273357310055065
-0.04943423556343332
0.0014394243181266176
-0.08297600124711312
-0.004585535463962296
0.01189928478683515
0.022835281454016153
-0.02822213031750222
0.012604680383352189
0.03569628068397233
-0.023447292536853046
-0.0018829511171820118
-0.0009592333480686975
-0.04937315671930135
0.0010534902011361395
0.0563595429447325
0.031076195200770294
0.026991635966341417
0.049501372670957784
-0.005261353069941931
-0.031194621331137803
-0.023533390671350067
0.017673200086483074
-0.014879700015086867
-0.020476583257051675
-0.016095097915211073
0.0008642803578131556
0.036650489177347
-0.016735805045027
-0.01005583343386347
0.023365508356663064
0.0035106921191004115
-0.06994608145615364
-0.01150903940657877
-0.021742068937110764
-0.0157245373971732
-0.013441778782179035
0.0045548034597916705
-0.006958275413163511
0.007562861040351358
0.01755872751872324
-0.00498430036535984
0.01598851671821123
-0.0792476537971087
0.0051778748121232366
0.03591858406103672
0.03929402775346062
0.040143000952565025
0.005597474246081344
-0.01660232682998819
0.05134731904988244
-0.014678196291277232
-0.03688436676981864
0.0004586358962889964
-0.01340926678244473
0.002789300646272493
-0.008871968236517078
0.014003404888342678
-0.045109509514066184
-0.053743385473239313
0.03837072113538736
-0.014115578343344343
-0.029291713591453376
0.05120669854674881
0.011139505179697301
0.01620639717578545
-0.03476735814630151
0.012782013950284245
-0.0026684930836456356
0.027584224343570024
0.01542188351790159
-0.02230517188721114
0.03791979348225827
-0.001850159519943764
0.021113654409545886
0.01901729218642625
-0.019182615851265933
-0.014812434546320748
0.014056317973964805
-0.02914737451774933
0.057415331729738436
-0.03749781966863151
0.008196487720857645
-0.0003756937742111515
0.016839782596271037
0.014078217059385658
-0.015519766929284732
-0.03913976998699633
-0.003955778241536288
-0.011868066047254764
0.050661624788325844
0.026205524444983412
-0.12292888684056484
-0.033856461146450065
-0.036118321140599915
0.008050167893888472
-0.01782794095246213
0.02052016797435675
0.04143833636440317
-0.00423267705425021
-0.001949013141165407
0.04328413049634335
-0.030399335287128966
0.007513941153397051
-0.037281172614151536
0.02904695794243814
-0.03140893791388772
0.035700300780251416
0.0001768414835915268
-0.018196421285616087
-0.05462310412442507
0.07774954811171472
0.021740715093410627
-0.030502531164715605
0.0012186110616190411
-0.01099448147963895
-0.0016619317667274165
-0.005100108879929043
-0.018906811099726733
-0.047093790433014385
0.06067434888612925
0.006566824675285065
0.016832367246931552
-0.007996489993586374
-0.011563470826908204
-0.007760156037709347
0.023508203563233136
0.013117600693821738
-0.03409831522332084
-0.029966231898653578
-0.028613896355688163
0.05223240461006463
-0.01933721035862188
-0.007818237348661442
-0.0466574297381732
-0.006685607965816197
-0.005956117371603502
0.035045182710217886
-0.048841958402733886
0.023559656423688718
-4.2184169026701565e-05
-0.016684061066989577
0.0025364535958476283
0.029032895216518226
0.031032317253794923
0.02408142379168505
-0.01984182295370639
0.006115775546177643
-0.005455270166178815
0.024156983231607403
0.022468693009047937
-0.01404725266306602
0.0179911773817547
0.00807321530493805
0.01681978169329954
0.02546753295507871
-0.03806977073473574
-0.004835650885165062
-0.017087528924765984
-0.04461280284559116
-0.023185167481093758
-0.0025950603824476796
-0.033967198783714375
0.02325680687326875
0.007814687742679202
0.0635602131356587
0.030582430476548718
0.022647898517039577
0.03139423585523621
-0.03575415939225989
-0.06815842227499781
0.0012716919588460027
0.009232736310416096
0.007768160431696367
-0.04318556080680213
-0.009509848921630164
-0.018484276984148576
0.029064768110544415
-0.02135768390680072
0.006694067409491653
0.001406811297233733
-0.05734475687180946
-0.008894973566887156
0.009841503163222487
0.009535463319372328
-0.06541118599759155
0.051349059385965956
-0.010689835865154838
-0.07869433303364395
-0.039165223905172485
0.040767313043938096
0.002916935789788658
-0.004313828282052668
0.02306847605443705
-0.030479726945611792
-0.008582236890666303
-0.03200215306167213
0.08519542249219943
-0.008365355979173856
0.00499433356946832
-0.032911590576964814
0.02337179087255514
-0.006211625352714911
-0.002969394395605632
-0.037304666851064455
-0.009390302570535405
0.040202536558369965
0.026561771964963964
-0.04006454709480567
-0.0017041668618802892
-0.041204234607107836
0.008970910878469364
-0.01700345431153292
-0.009235180286493975
-0.01926300152344666
-0.01794027416055891
-0.008491684821810175
0.00942800935390197
0.059454258508628295
-0.016548058992073747
0.0061115433896283605
0.0022666393769024433
0.03754112809332218
0.005701570663662107
0.010286836925365967
-0.06506049547434092
-0.01055100075660258
-0.023335760791132944
-0.047813332471653376
-0.011542431612992921
0.01884379510515196
0.04128902172363288
0.014757806945879063
-0.005057279724457429
0.020951940347528772
-0.008407910070718132
6.176108755661636e-05
0.00039201268017513763
-0.06493752310302141
-0.002548963436126534
0.01496558759188627
-0.02913771921521298
0.003809122580410088
-0.001609830417178361
-0.0022986665322102234
-0.033495446261452934
0.01690556259130711
0.013367870310949414
0.021774292898317196
-0.047934700995937704
-0.003666690713068251
0.057377239610577044
-0.02616012904141092
0.016397455148172056
-0.06562679474450042
0.09069296673256298
0.009942274649892384
-0.02541561107725226
-0.04301454384696592
-0.0006259698784618985
0.0053684021249372224
0.006995345993943673
-0.01659304353761397
0.02934378130070122
0.03652471171326157
0.0236418669664024
0.030128469813813948
-0.02423842891073025
-0.02004150476226565
0.008430155971334669
-0.00799956828094228
-0.013621998015063853
0.028523085509971548
0.02749836791642677
-0.013081515582532097
0.013371855658246041
-0.0258483393687388
0.012697621003561355
0.013787528782656884
0.0031724769925417086
0.00011359372150363204
0.02367296250494595
0.027399409481004874
-0.00901645791316149
-0.004170642147478916
0.024463598789006696
-0.04529750492482179
0.005310937748053555
-0.019134557677687125
-0.0016631501699760506
-0.008890180891665867
-0.0002093477627019836
0.04627589006790662
-0.007442048017477849
0.06266417317125103
-0.042425010000807686
-0.007071583172254233
-0.005296895679525091
0.0006066833905129883
-0.01267352037626018
0.054359818743058806
-0.05164706281373713
0.0043351118558979836
0.07204116862129466
0.00551788358768959
-0.07464096260137217
0.015812837398662058
0.013560643329892085
0.019466775181584427
0.0060922008301277815
-0.02700814907558885
-0.004701544498050272
-0.020543978116745173
-0.007203460001028503
0.01012146845222784
0.01834708826434616
0.0019717950965919303
-0.015421179135201687
0.08148186701660025
0.05756464469970778
0.03869469806381518
0.014147674169915494
0.04422393209775184
0.0109578581255851
-0.03389598615029207
-0.013965578202125647
0.026116502230500185
0.008866370500234132
0.018110782732883097
0.08093839540617888
0.01050904088231966
0.012110531022175953
-0.04483311637027172
0.003117609650906967
-0.013094535747824864
-0.012831916044731244
0.0035082309616665487
-0.009880676409304472
0.027710215522954586
-0.008980202884124374
0.02822296738390173
0.04737302980501979
0.00548202947870771
-0.024105086826316863
0.026579861875521745
0.006576456523901388
0.0011001837785397366
-0.003881616233794697
0.004748251542570958
-0.02123155576979468
-0.012210789765610321
-0.01852080930501552
0.009217434940674125
-0.021779493631549553
-0.01620313654587116
-0.0008283335041210902
0.021389193923749335
-0.027398928973707576
-0.007356906031218926
-0.034166494349534664
-0.00419562436799606
-0.008791160439141675
0.02426961710000734
-0.0030838780546303597
-0.06993691302552986
-0.02727359924036609
0.003034062610749234
0.028465931316438202
-0.027983254971513747
-0.016206359883675955
0.026395817120874538
0.0018118625680276015
0.013321374345094098
0.005955504615821603
-0.000869210876378066
-0.033250271609069355
-0.02463123201992717
0.043087973947194096
0.034231974049567605
0.01817525666182001
-0.01974134030140876
-0.02261774447720544
0.013525453437202309
0.020492752022159198
0.0006367237381345907
-0.025198086887422394
-0.0198472668352778
0.009540303202679047
-0.04566056445786743
-0.010179273792042812
-0.03839923983025044
0.010552221309825752
-0.05359242225130571
0.019943256123975905
0.024224735079052952
-0.002553402574457032
-0.0033930977905127896
-0.012676596934870022
-0.03904548463930995
-0.017765856970513187
0.0033353075845246674
-0.026434044453759496
-0.007536557417471751
0.010895462145721721
0.018513366307429707
-0.01762972515457138
-0.024196884867549114
0.04598455968869077
-0.013782935119844957
-0.01858457743526229
0.03291650731143648
-0.04395305337546005
0.03330660489188654
0.0006078848103372675
-0.02995776641323299
-0.0095138416775812
-0.01687970252609742
0.008574841220957606
-0.003392245477977539
0.013117959595385717
0.007191266507382698
-0.05166058331887384
-0.06914711909873794
0.01239787442801787
0.03593385790568195
-0.01655883443289309
-0.0028245390734127768
-0.01412312637352591
0.00268392901754737
0.03673855350467295
-0.011856485209035705
0.0035128568131343784
-0.055112321124243545
-0.02589804338647371
-0.015998491714202104
0.021169665060734092
0.014893258312251023
-0.01623809530736862
-0.018804617761049122
0.0027777955087531737
-0.02153119018938542
0.011928610899226727
-0.009831427951965815
-0.026662508362262884
0.007279338996973838
-0.023468422237926768
0.014860145900847554
0.00977779056274728
0.040548862591279156
0.03011865874272801
0.01614532535875908
0.037493845620299567
-0.010331224977613032
0.02110806679518371
0.020486845707709086
-0.02752362355830887
0.006129578702165479
0.04953070132729152
-0.02959639007265104
0.01088382554861477
-0.01243449848741806
-0.017573921235739916
-0.007299662376264522
0.041471631862304535
-0.003869385944892352
0.015934378497470963
0.03720195401927751
-0.04734010108786461
0.0063834356629839965
0.014380495469459091
0.0023462703527016944
-0.007307109293857376
-0.02097697794731679
0.013950938737777599
0.0021836991843809353
0.023674939667084248
-0.0060579727846512025
-0.03476402971416327
0.024009203193400514
-0.01980015160465691
0.0007397863764430019
-0.009052382448745759
0.04496752356878035
-0.04651493954722103
-0.006568524106677969
-0.028206668468213607
0.026449502709396874
-0.00217698225954208
0.01263838632951169
-0.009481074946582738
-0.04159857424148436
-0.01532327740964884
0.03584412315746353
-0.0012837358562526292
-0.02381587609678657
0.053866144846182164
0.06670062516126249
0.05177801907381039
0.013577978392398354
0.00044306229110046186
0.004503894402969013
0.009085361680834137
0.003812749489183779
0.02015352995702377
0.010825923638697757
-0.047179174607085664
0.005117594098495411
0.03771436549872679
0.027601044240128415
-0.022705936297055182
-0.018904595233297853
-0.0008256461412839654
-0.009787088906694167
-0.021975986386367826
-0.07061827742745522
0.0007008491886529906
-0.004524946381317989
-0.03123785279767527
0.035642438597101755
-0.01422328474742495
0.0010284050324284961
-0.00982570240362169
0.014764792235476429
-0.0006672236467750562
-0.06058561591324066
0.010632676209817796
-0.008294208108182983
0.060064753612983746
-0.009314099059965506
0.0011500532740162611
-0.02415890489784174
0.028199227663602403
-0.009026398649049906
-0.011573688239923151
0.022645243555864412
0.0637441525765473
0.03896834446160878
0.02187128294924029
0.025218669309106732
0.03928350097715246
-0.025867545189346277
0.0018390404562495814
-0.007498395096525341
0.02685086837516242
-0.011083463112270138
-0.0011931264924850463
0.037843096433643066
-0.05631159827870952
0.011760368712309252
-0.010814530428459283
-0.0007951920169117739
0.010168113720365754
-0.020404154301908367
-0.023561438043766432
-0.019215144312765962
-0.004994689506760998
0.0019602330088708195
-0.017248107621012834
0.00392264608121689
-0.0300468883195307
-0.004160693969846045
-0.002056793586981514
-0.022466128253766895
-0.06536377475312369
-0.019771948038356257
-0.004713443255074421
0.029135414264308157
-0.026749185766664837
0.0022392834755289685
-0.029647549044026472
-0.00607277707556297
0.032430047872961824
0.012513351724685687
0.0004516786104767044
0.04821359057575161
-0.038090903087625035
-0.02905088488097917
0.004217758233567226
-0.03820651792785073
0.05691289288383466
0.041727760298982855
-0.005307335805557627
-0.028730273132324406
0.008275959264873909
0.023494885337677143
0.026547815592877326
-0.00836081621354172
0.0027728652476103504
-0.006178542497827724
0.01847929848889057
-0.004969193672141758
0.019357693684360133
0.017182531793947468
0.007594190242844284
0.003794265098719257
0.012227225285090243
-0.008855994729559537
-0.0276587668812187
-0.029183621072707396
-0.003455788416676875
0.0111555820211863
0.0459594388220889
-0.00145356206442531
0.02811174271842508
0.014114322270572889
-0.008285679444515838
0.0567163521873001
0.022125239906241066
0.08065034776871616
-0.031042113110851234
-0.04607141642043967
0.021219052325322847
0.027658914427199144
-0.04856730409910388
-0.020597679777785476
-0.008681864293463452
0.0295296763827885
-0.008683654907463347
0.016609064866878003
-0.007202951556238268
-0.028600036863046303
-0.017638700385806002
0.008144009053100478
-0.016782420067624416
-0.013214305360939762
0.048865773762470165
-0.022747835957930413
0.012228600632404172
0.023644191089589848
0.010262864598528727
0.02608555725733435
-0.015505870508882729
0.04740551840442656
-0.0015711518595016194
0.005407495354680835
-0.014341246763124132
-0.047518196002945476
-0.008340501739145252
-0.019038510174236866
0.02209580341782251
0.04058233549460436
-0.013088154030064802
-0.02251649543975091
-0.027348771546575296
-0.0010964944875684528
0.007203431566512192
-0.0036625233498134686
0.001485529155541766
-0.0029118899798021122
0.00993349845038705
0.012435151207585707
0.021611795233939295
0.02277267665706892
0.018959640213431904
0.05871684468376168
0.00474203154123661
0.03866201604782979
0.016843867129974818
-0.012933103528117057
-0.08758829441110835
-0.02532589655567469
-0.01619608563061004
-0.033594045136480156
-0.012599088298591448
-0.00562176972379423
-0.014192491286387538
-0.021789789013001905
0.02957707084046164
0.00429553309852837
0.041559207793421184
0.03479133361525307
-0.004104142277714569
-0.05592077881691678
0.029204321768922098
0.048435619061130926
0.023996977789030646
0.05969234452315748
0.09804142784958783
-0.00815766896333316
0.0038594920204443398
-0.012850283706603093
0.002998691499794533
0.03464567007906943
-0.022784295266837833
-0.03698440545157671
-0.012946961752323669
0.03163568770740716
-0.03113684714711462
0.0030156641012018433
0.015059265788125373
-0.011845012287519937
-0.003823391652672954
-0.008056909253378824
0.032477113915691025
0.016188135887829126
0.008530301457088038
-0.007554977732271236
0.013053358822589515
-0.012497645669176438
-0.02135074516002846
0.05484263613756874
-0.047964331048328854
0.030952824444689456
-0.028026260345981248
0.02101375097966813
-0.005110756631159914
-0.05931563197907211
-0.035532907123483976
0.005543824287875374
-0.029109089909068565
-0.002389902986930614
0.008138229436128916
-0.008199106716283938
0.04027281452827384
0.024807337805431196
-0.004459182519163199
-0.007194180602236086
-0.03074135483846401
-0.042782374997463346
-0.02815256125762076
0.03128535602440519
-0.009968364424101357
0.05360392655919527
0.05216076924229083
0.06335655259041459
0.011879051834465275
-0.013750288704019427
0.02208396631845045
-0.06865810944486796
0.012008485670323235
-0.08279687025360612
-0.015502772503302911
0.04623670979542315
-0.015707326416983233
0.011796868615629582
-0.00572498877930283
0.010360494459365256
0.007521586673400936
-0.008687502016098938
0.008472162589003693
-0.0010415934503566675
0.05141377395018605
0.012444007888561174
0.01953288159568285
0.006691706157196734
0.002685263308280387
0.021314828172953805
-0.03993323742811152
0.009017855523252127
-0.05712760642154504
0.05761795624139222
0.027764030858537167
0.054054342321116715
-0.00021626823147053492
0.030816762432366474
0.014774487714474057
0.007711869785578681
-0.02053249223402956
0.0021835829978546933
-0.0068384179938654095
-0.026058493354086564
0.007544029276281681
0.019476161806232045
-0.04120918067067638
-0.03693864389637922
0.025330341724412245
-0.01890301348669515
-0.007866635630487069
0.015520926749733025
0.010964834786830404
-0.05529825431120017
-0.03374415676011458
-0.029426039756548
-0.03489382525716407
