-0.014648982079371738
-0.027382099758967934
0.007258144861828726
0.024274723673940266
0.02098608330624668
0.004378556737853752
-0.005614093005489431
0.0019017115002784711
-0.03381402864057617
0.028043168301603055
0.014110531454738812
-0.015853100318758483
0.008490440351733615
-0.0055622784604460115
0.05104410718186003
0.05468046988384688
-0.0008577560761123316
-0.012781092015249422
-0.008627440342769528
0.03738635617355735
-0.027927661401606692
0.030683243747332316
-0.012594873970459232
-0.058183068303721636
-0.0042772739562165095
-0.03813227518283252
0.02020088524382073
-7.664291757615333e-05
0.012929053854534203
2.077671939791412e-05
0.02936153567215449
0.005284894299141985
0.010860992413182812
3.56742228614303e-05
0.02266835453977514
0.004036036392396551
-0.010357005221377134
0.000841877482936151
0.020804814956824777
-0.023731677800436477
-0.0035255615425425573
-0.040177068451683125
0.044289953738484086
-0.043606315500461526
-0.0266774955762843
0.01979297099714407
0.00575205934088014
-0.016032388213284676
-0.0425493525848404
-0.058021218882499226
-0.04181080567476761
0.009430600132588982
0.002668118039845232
0.0495480650358128
0.001956138140958641
-0.006026170172886201
-0.017357308482597176
-0.029451907916414728
0.030294826971010852
0.0027939152464917755
-0.020586441533866247
-0.029023107217559567
0.021128102918195436
0.034952712235791675
0.011870991071758706
-0.007443725428926515
-0.011246343736760011
0.005273201693391333
0.001999447374222351
-0.03975064143657495
0.015353979060944432
0.027839006545388796
0.022186775070310007
0.015144882075950281
-0.011185485780213965
-0.039101629004461506
-0.033836091882219005
-0.01453321745919964
0.011154477804218318
0.03444337679599958
-0.00441266156579667
0.0406280961855259
0.03919788298407468
0.020317597660084456
-0.008397050869566358
-0.02215646779164192
0.02484600831600231
0.0038515671363252646
-0.008168701514808035
0.0007710104761231219
-0.0313056064415243
0.020760978877354435
0.05160901961555721
0.03283394617269707
-0.010020908988015801
-0.03720465153901471
-0.030297396009867444
0.00789209540898329
0.006219527861730608
0.0057491885583505885
-0.01600125264875882
0.02596343542958506
-0.021515553856639773
0.007709924751932711
0.04395864655273424
0.03402366297401012
0.006138301089412874
0.024396281424482122
-0.03950598402063252
-0.030621819483949025
0.005574349666862595
-0.013464921379522295
-0.02786922359883385
-0.02276824994675049
-0.003966786101898793
0.02085845984030002
-0.03851021543414083
0.024568724342723534
0.005236217354896235
-0.025281159692810404
0.038999083566844644
0.033553577333777174
0.0019357242923591347
0.05282201816365958
-0.04790589208582707
0.010898013872521274
0.015703888073131004
-0.038351390610450654
-0.0026839740913129177
-0.008741053460616714
-0.012819926219947353
-0.022772725375040697
0.007087931918787857
-0.007136139764732508
0.0100552660883762
0.03688601219581427
0.011449764452182482
-0.04092221102721937
0.012906381105699603
0.00696268776384151
0.008766627023132939
0.0017772497521458485
0.0253807961046794
-0.036082217730893415
0.0298006506621243
0.021554851674571433
-0.014964493725044005
0.010216468037805652
0.0036560319690274027
-0.03255870985191599
-0.00497605457615477
0.04985150553097995
0.016280993618468062
0.034032157090995184
0.01361609942460277
0.025505752643681084
-0.009619924547958385
0.008376170502981848
0.00852161558296856
0.0023518847339837564
0.006510408282257885
-0.02295447964847746
0.023522774959407314
0.012908102115288088
-0.00032414364776186904
0.007700229838357881
0.01476962522887976
-0.019285228489018067
0.04809818330054384
0.0023030064236857863
0.0014542884809048738
0.014212183797326309
0.021635958701692052
0.005229837186155041
-0.018324355355726657
0.026267814770951883
-0.013425181180706316
-0.01801157589843263
0.0005686017727098673
0.01122570403366539
-0.10385894939091465
-0.016947284829378677
0.006204814272437692
-0.059470531691210075
-0.07089391855345685
-0.01622069569070006
-0.017151616168953374
0.007580287629221718
-0.017870662008041275
0.0002747324824685283
-0.014965758772477102
-0.004019371221895164
-0.10850656325578614
0.04868839337290492
0.06893437587990699
-0.0049338655398871055
-0.030039601428163105
0.06754101948786403
-0.02418592787864606
0.03894239276058053
0.05895047413359338
0.0058475235289174934
-0.013292069284756241
-0.05567661917658648
-0.00032936795182107287
-0.026030135142113307
0.005189393047525591
0.06950224013146733
0.012759305045411068
-0.0452499952833911
-0.020377244505439363
0.06307618155525994
-0.030628642129569606
-0.012616172655740089
-0.008740528124186337
-0.029454427584749893
-0.04512051342532363
-0.016207006323962228
0.022135536011795954
0.023544744882641154
-0.014430956961062365
-0.0029632412959681386
-0.007464529971895628
-0.0029408508733332357
0.01890611747789394
0.02095366940463211
0.0045056606263097045
0.0775654375426888
0.0007715439456854069
0.013836631694775132
0.03572482350513143
0.0323044157021306
0.02467775293792934
0.05872702609703451
0.02565886081150186
-0.01787535016956009
0.014832594882181645
-0.02721421468630343
0.0195878383952318
0.057187270902336856
-0.013155154377771932
0.03718536931249119
-0.014147411529882387
-0.017812880003981398
0.004953293486942025
0.019462557304497214
0.03101129996730855
-0.03356582096730434
-0.00960809137183324
-0.027549112237932553
0.035840652342072205
-0.021627382437711923
0.055696835672242415
0.017704544853520608
0.01595853180432738
0.07062862813911443
0.01009387585934269
0.030949441399180735
-0.03664276822288325
0.01231135623736862
0.0034589628778041543
0.027935526471238637
-0.016794801450445485
0.06004177743447104
-0.0037193475825867024
0.029338764126937728
0.06817182436537397
-0.03706472511872455
0.01634513784457848
0.02676357187546577
-0.04228689376543209
0.005673514765607085
0.004029647517024062
0.008456518572960672
0.032444089325154676
-0.05881718144119344
0.03530214698348965
-0.01870382387553013
-0.05618063431975913
0.013707270964445812
0.03647005798704059
-0.007758755845796491
0.025385868351562636
0.0020434520326461786
0.03334783398714294
-0.03637138635057974
0.02064495036033302
0.030082727502418735
-0.020894462883071112
0.016142422813088007
-0.04286457734992205
-0.011225498678191313
0.03273229152236867
-0.012877654857127998
-0.017507577421815718
-0.03237860462276258
-0.05285589850672319
-0.009650952121954456
-0.016830865587249513
0.021158419631042334
-0.014278951952142321
-0.05792590790708213
0.000852111850081151
-0.05507369346841842
-0.017435932170040868
0.005693548124066636
0.03356535865234171
0.02663339777473431
-0.0035494764015442225
0.007150919261543761
-0.025264197648641924
0.023079932881278572
-0.0067636693989498115
-0.002499130519977044
-0.040557858001205205
-0.043977373190898644
-0.07762175922906776
0.027761081062329204
0.03654458493269194
-0.0019225737607757622
-0.02057828314108636
-0.003214052071262811
0.009554440537138487
-0.02633204194553747
-0.031144781063494987
-0.018218808832767316
-0.03694288444731631
-0.009422657654956342
-0.00029876537622594974
-0.013933167811557658
-0.0650032564075439
0.006382571067033851
0.006888153729692978
-0.015612800804980486
0.0003884595497196518
0.05365886108725247
0.002328830487238539
-0.042993361602019775
0.004653394562295176
0.015903659466024123
0.0012625768168160274
-0.037864865852824434
0.027818124011114824
0.005609671138203696
0.013085768203407518
0.001907901282920484
-0.014711548699805347
-0.04620975400402161
-0.013217802035436804
-0.02459889736175161
-0.017872570006161076
-0.018867342788965742
0.015859637349701604
-0.03436205987713621
-0.06342702546719398
-0.0045363311578148395
0.024374375015465525
0.0028262608971259605
0.00585945711660381
-0.0055267801286868826
0.04323362715998617
-0.01738561980408487
0.005578594973788689
-0.033079198454990764
0.08792865005916424
0.02181036417239646
0.00509876243565371
-0.00023965162293489552
-0.0400444218315847
-0.020717294293600877
0.007940122312402044
0.0654072346184718
-0.004715864728221102
-0.026149760175838057
0.03876901174858407
0.02362909265031408
-0.009058643421132877
0.01941728860851842
-0.020935264470413027
0.022115277261715326
0.06919442517631802
-0.017886067966392975
0.020299261283536624
0.016224843907267892
0.00843892553678106
-0.021130158015664674
-0.017354657435310776
-0.03246435507889002
0.031746798094773175
-0.012468120322247193
0.023562961458506334
-0.009945940723266924
-0.058328779855335855
-0.0072938315436701495
0.009983390907606929
-0.07411033514022027
-0.03652832173618195
0.006772654896352969
-0.02135671918292972
-0.017366059585094157
0.0026296867565392566
0.03905920844837544
0.01002920367120029
-0.011966147926005387
0.03909480013904212
-0.006624986965740805
0.00394177084521713
0.018308946476685534
-0.04950711747168885
-0.019109234270826912
-0.03977300703570303
-0.002859854839841735
-0.05999428119862275
-0.016301954608272926
-0.06896441057678987
-0.013708861853152284
-0.04821808097589175
0.020921470644598254
-0.023967099041437807
-0.010754559922470312
0.031888405813840094
0.05886797272024347
-0.011675128895339108
-0.008997105462964108
0.06420477772956519
-0.00162881269963027
-0.005109464604850564
-0.016289921479284236
0.001125486327541073
-0.004368785180063462
-0.014285247143572393
-0.003178949971749372
0.024552646005808965
0.013322441485448751
0.03266354482877891
0.0005409177181457179
0.014512415495353098
0.007986074963689952
0.017716883524473516
-0.01865411423831355
-0.028490568442702882
0.02070958826934238
-0.010668981744959498
-0.021885231400381355
-0.0354148836381627
-0.07989145259429843
-0.0119798558482208
0.014082087208056766
0.0035164965861021096
-0.023548048947458593
-0.07134590170942144
-0.041165648723852755
0.04137786368253264
-0.003440992481373913
-0.03226361819363712
0.029360316859706203
-0.0009439330606528184
-0.014294534542750516
0.015283788759887128
0.01415148369334966
0.02218060936890142
-0.0016928905266590723
-0.023469508563820202
0.04720334101873092
0.014212782359525326
0.027421107104563105
-0.0009460700680446174
-0.020248780115411716
-0.03924234396788811
0.00010141862377373893
-0.007445492403722539
0.024730523445143295
-0.004907911361589223
-0.04219016466601494
-0.02172572218754228
-0.0347152966099887
0.016703595878775623
0.061259202896866115
0.005616578300796795
-0.008845888614356071
-0.028847195829707937
-0.012736693188169656
-0.012486426727854912
0.019366030593811052
-0.011600169272893462
0.006704446211641434
-0.0383601925045466
-0.0060535249421151
-0.025446126884960327
-0.05185053254496198
0.05099974755557152
-0.01940622452794793
-0.022442827455956313
-0.06670670979200145
-0.03984876228485104
-0.005604743077299739
0.035794993824489675
0.02096421991982517
0.03486613732154482
-0.008064822111016013
0.015422862288155979
0.016621352189371306
0.004917816960746617
0.02463820438041864
0.006930860708761017
0.01487269198427059
0.03473550251677456
-0.0007103469115104619
-0.01974785176602486
-0.005371612446088868
-0.009375792298284249
-0.0015164474064596034
-0.013950798602726504
0.004534773693828282
0.04435660243497194
-0.040568140297836876
-0.02341174079277005
0.06595899419027877
0.03289005881494057
0.0185210851863491
-0.015038661443388234
-0.03274110060103009
-0.020987090509349143
-0.02157311554173573
0.03735419325196795
0.018592724917175403
-0.0010509139448104713
0.011479832014305366
-0.003462046173210762
0.03277614275997998
-0.03350446776343326
0.010310161550812704
-0.017688103339779195
-0.0348594336012871
-0.010146464299876055
0.010731399943256703
0.02015123884817036
-0.0012581959502478708
0.07926214965672668
0.024753265459523246
0.0037307053747982796
-0.04565521156513662
-0.006188671581581709
0.01154439578617037
0.008875870602109941
-0.0164637130861238
-0.014236148465143891
0.017414958123354356
0.05756991982597961
0.021288212367799146
-0.047394315283596625
-0.008089531640883022
0.0353392023202051
0.026616761996201888
0.04239245946961243
0.00932345992974189
0.045288964769018836
0.01641662616538353
-0.07344110584855268
-0.005731803468720115
-0.04614739654772869
-0.026975315726931653
0.007302061258710642
0.017467292503800073
0.005715534284978799
-0.036242844408662774
-0.012802308552045706
-0.09901197367405995
-0.0025826857104714776
0.024973970081647485
-0.005377844188786412
-0.002489126360227017
0.014178527644027317
0.053118539093589205
0.010950212143906337
-0.003790709013734933
0.01487963398823161
0.013824524277881924
-0.1059959854328724
0.030254093169427194
-0.05541847522948082
0.04605285068746275
0.019897157029752574
-0.017255559823780336
0.018042801571074036
-0.015238041208515673
0.024394933367355643
-0.0026251353754684703
0.0035529170070344907
-0.01110207454932487
0.009355156976778965
0.013758597526717277
-0.0010652830148017683
0.014307344742274485
0.025346912261351478
0.010642494398376652
0.02936080603656514
0.045712983136749506
-0.007667534704555759
0.0037073224014869863
-0.012778254772176855
0.011683848210588618
0.005730412760039076
0.05520845773766979
0.07225743909851952
0.04505311325170405
0.04322410222396165
-0.005767521253686248
-0.013812119443179312
0.01812088436399229
-0.009514576605353285
-0.018567439401475226
0.021637359998965742
0.006304780397760528
-0.03288878196084894
-0.0051040506616474735
0.020811943427103647
0.012956829775640647
0.0153423058138698
-0.008922459419691572
-0.020612881330057953
-0.002889140052099977
-0.02359017960541058
-0.02139184066285353
-0.07724218456089378
-0.0077545249939839
0.024198770453950972
-0.01630137570744384
0.0015740834864429857
-0.04021180269946758
-0.01144138065236878
-0.034858397972809534
-0.005141268051078614
-0.03337907565176145
0.03608073771002583
0.016363648757156055
-0.013987236334561576
-0.01020111511922895
0.01191717304772961
0.038782508725759855
0.008727942341578405
0.01576129473042134
0.002426640766414485
-0.04288296187293171
0.029608127656456054
-0.002287347127143766
-0.014960284141258053
-0.02452403288284887
0.02362030796749309
-0.020312771872092145
0.0224333501653587
0.00795026658267794
-0.0009899450213786995
0.01451968969766199
-0.00651110484840021
-0.08752716367873521
0.03368980075353396
0.005729910773553912
-0.07088407708403491
-0.03873022204876091
0.04124483376370433
-0.001299179223382185
-0.019060130034960262
-0.005335432205722629
-0.009798816616477883
-0.05141217686389027
-0.004750860910290066
0.0011917000575975072
0.03021227380396115
-0.023954755570780018
-0.03917232450698106
-0.009707677310940084
0.01938082832910842
0.002091500998136813
-0.037576961600660576
-0.009005140081589029
0.013258484699673842
-0.00533268487775744
0.014106393848927838
-0.08107209842004681
0.022107438792374964
0.06363778648319657
0.00587325304065069
0.006673224207846717
-0.035785401628105874
0.022632032947368447
-0.05197744307572789
-0.004402014580756148
-0.018770010493516613
0.012401540719088604
-0.015195068475393168
0.03821537838514781
-0.002200611762595896
0.03775487240039645
0.03592571466217815
-0.00977916998460107
0.010402261670598432
0.04223107910364649
0.0069136470465794
-0.004543500660097124
0.07702287792683692
-0.014668268161231022
-0.006536585244653962
-0.007885520431266944
-0.009629466036915163
-0.021308201333516755
-0.0362651067901637
-0.03222673297955148
-0.02533896669489909
-0.019669214422022917
0.010779479904258656
-0.006941771029371603
0.004245440240714649
0.007462202049846081
0.027750642128393933
0.022525778517649846
-0.0156666842012953
-0.02507806521164295
0.010364886719750518
-0.004898223726633454
0.05197735424273281
-0.016602914798430707
-0.0299643423897436
-0.00027284237358128855
-0.013000145649166198
0.014750268934104799
-0.02121197705451821
-0.012276903739770641
0.003689073127559153
0.024428401421907706
0.0006862787936167705
-0.007053006479265724
0.023720458313758505
-0.012249576335628794
-0.014744094816917677
-0.019231652008561875
-0.04484994286338398
0.03642100149529205
0.06294810602765125
-0.03152533858862141
5.2257173200692345e-05
0.02034269476217904
0.020317364172818465
-0.019343700326513443
0.0006969734840501024
0.02908234024155476
0.007602233385393646
0.019733113027473565
-0.05959290402227294
0.007779895092182796
0.04549382967236057
0.013156134675184686
0.018343622839436437
0.012967846188470744
0.008627512568899296
-0.027929115662657256
0.008432288101106135
-0.0072456447399962985
0.05174673610710603
-0.022150755960252358
-0.017779613404568177
-0.003131885369579203
-0.020000420710582754
0.023731236068057094
-0.015147143588181432
-0.00993573507244252
-0.02102485215634875
-0.03041138215658149
0.06952832523158542
-0.0034239349331954662
-0.010895513096853613
-0.0010512165521683189
0.07258570882882237
-0.017382453509598966
-0.008874153105770307
-0.007241715925488766
0.0006961145094117877
0.0419085982146398
-0.01211613002876103
-0.021040048981968158
-0.025823900393536638
-0.01723084416373999
0.023629130069740586
-0.0049765667420138306
-0.06169452214324147
-0.004077507836568518
-0.048048292554544444
0.028225228481044803
0.03665707571537224
0.023270941186829375
-0.04906821574455018
-0.00027979114242090015
-0.00725309640632771
-0.009482498584857165
0.02248404877863786
0.004686289465921518
-0.053961865164067105
-0.0060820773405219145
0.03188534183414648
-0.0004966767585970416
0.027384021060512114
0.034305049188371996
0.031318438345727596
-0.004664438620741734
0.0640841296967526
-0.029236705796130927
0.0039033893871657233
-0.0029840724869502587
0.0020454093956526627
0.01702222084631959
0.003202079223825211
-0.011562868459852793
-0.0008622983853517733
0.03487774134177761
-0.01743554008437578
-0.001960887702091105
0.01674562585912534
0.006980903715657755
-0.015547586817998636
-0.036865702936093404
0.00984330254487976
-0.00536079072986407
-0.0033821052026374826
-0.038420328836071126
-0.013173895285892946
0.07627950764417064
-0.0071757695822539805
0.0427480129685857
-0.06513925605610305
-0.002097517495137561
-0.030346653207608022
-0.0066380223284483965
-0.025211988011346685
0.006871528672223383
0.07135224307530032
-0.031742916444279484
0.03817141795985558
0.01550064568604498
-0.008910342941824972
-0.00565180119725284
-0.04028113533743654
-0.014574165918232955
0.0022604872995449915
-0.024127996538646453
-0.0052361492881210225
-0.008980596756791692
-0.030612843007054285
-0.005218446140747856
0.026971238580334535
0.016397306479831862
0.06518727247741789
-0.058373806106368054
0.0212824693716796
0.024508023105641607
0.0009014024145850753
-0.02806405897423837
-0.02367557133971405
0.00952218556515812
0.01194688959777834
-0.021932064365143264
-0.017112491501810913
0.0018644754231422573
-0.06330180892161347
-0.0052492662134403486
-0.03461436883183593
-0.012376267217717358
-0.011207736889326107
-0.01944708750416165
0.010669022665970512
-0.014437778967286182
-0.004353797842040102
-0.0149746593173461
-4.9671594423385235e-05
0.019557583049497142
0.018490035941368676
-0.012820470321488933
0.04429563473925647
-0.01200938797975811
0.026554465105996128
0.04039156005268038
-0.06346426509897833
0.06146610104122907
0.005743784121784452
0.00706193002510334
0.01890567533062993
0.02219706771362183
0.02190335555388506
-0.050011351508154805
0.004314730799018713
-0.0010796045657083223
0.050823456716228115
0.037777041350279775
-0.008059643066595545
-0.025429987844666144
0.01616077295638704
0.011794542913052179
-0.06815713199474471
-0.036746833948532946
-0.03225463864820351
-0.01864735434517427
-0.009255780539847639
-0.00951529701396343
-0.008936382491461156
-0.00989383629288932
0.025570759499229656
-0.006720804445644043
-0.05728835751880493
-0.050651874473884695
0.023040896005383123
0.017228546387520742
-0.011126184645357369
0.02030281891975312
-0.021050228467928367
-0.08218370984057459
0.005125893030502786
0.025191384256479057
-0.014029078338429675
0.013497653504715728
-0.012424935212996759
-0.03109261362257245
0.05263340438518231
0.0011489905096864824
0.025432178701666447
-0.0030431370905033344
-0.03796424244284907
0.03479169893592252
0.0073575968562238124
-0.00035402123379157734
0.0049681524010697165
-0.037008155545100424
0.002573196229497533
0.05296565476172383
0.029681549211468105
-0.009482016431980744
-0.0042418165152180234
-0.0009095960508925322
0.029907227687576296
-0.07778512789911773
-0.06140051036729656
-0.018645738286423335
0.015661195974679153
0.0029541996796521247
0.024718861774043085
0.10286172599242425
0.004170030127710211
0.01866131771487379
0.005436747163181527
0.010796842504384242
0.006857396072617964
-0.03702749691076719
0.010514761827293377
0.04523904219621948
-0.0018801897120921678
0.0196057312760618
0.01309663462584796
-0.01623006089224818
0.0013254920354978468
-0.0048281288029711055
-0.0041983049118057576
0.01983600030037335
0.008574129420771882
0.00961738233414369
-0.009328092303699223
-0.03458702500738314
-0.05621317843224999
0.0101745331117681
0.04752411964105882
0.037019675994211985
0.061046332357037374
0.023837203885985783
0.036329445867190696
-0.01423963218586849
-0.04525500744846775
0.003992358620828575
0.06578772727511895
-0.016175610629440763
-0.04607802024448552
0.037674078200407274
0.002705092092636327
0.08074592437234959
0.009392073897216748
0.021449410234233714
0.0032940208048006076
0.010021394798077872
-0.042537482193466
0.004563776862622379
0.031319113840103455
0.0022180869181289515
-0.012100725600339552
0.017712909620112956
-0.012651294597379606
-0.0070265076572945595
0.0030626463896577093
-0.005656072506853816
0.037433998828664904
-0.03814545184806676
0.023886097084523442
-0.04409139231748633
-0.01125929438973277
-0.024946226216023833
0.0105467053719633
-0.007108456867809674
0.012364444430462288
0.006098824030261666
0.02322767365109203
0.008708262303785365
-0.03628692894575487
-0.0026926415723618827
-0.003257626994230922
-0.0013100301906639005
0.025879345550348223
-0.0014386288879292826
-0.028586744490986197
-0.012000491446069064
-0.004446667220694643
-0.011785032797202057
0.0431415175633988
-0.06004757559924416
-0.01833128988300364
-0.007871674258915782
-0.026661405565700534
-0.008311582748447309
-0.03035554855416907
-0.007578902141402613
-0.08904602577044642
0.06415629261581288
0.0440512179371075
-0.0389365288004989
-0.029740526135787003
-0.009711503498327808
-0.011969163946452185
0.010965996291473244
-0.029208613500222858
0.0069209740912774065
0.02788936011493704
0.0013926100554537248
-0.010255662983139652
0.024530147252287346
0.0241205863844647
0.048210279989392285
-0.023187411371590475
-0.005817943537656669
-0.0016119254180681829
0.020624726034873878
0.03590228933101573
0.01868949105733366
0.011898306253873933
-0.01823208045469104
-0.015237579434741867
0.03518045158047307
-0.0004409552271843574
0.014714179886995825
0.01743967209480754
0.015856825635156026
0.014006172119388175
0.021321594487156512
-0.014108798553411997
0.024471093237161158
-0.008532062294119427
0.002723710982188184
0.06431169014867501
0.0340573145152681
-0.010001893496248977
0.026586469538466932
0.005460372873195303
0.018419186568449066
-0.03733655075419137
-0.04111684877628645
0.016115754360559446
0.012311751946062427
-0.01915242810032191
0.033106435179928194
-0.02884730971706299
-0.02925039477975137
-0.033721960051502374
-0.031202789921023297
-0.015050918839981962
-0.01619999799244343
0.011238005277226822
0.03538264536873865
0.010861105585074573
0.03069345899306014
0.0022724570150486046
-0.03183920239681047
-0.05164630741829074
0.01667101677739858
-0.01841037857539158
-0.024411275236710803
-0.017188709020503363
-0.015268513654422715
-0.045576240786654496
-0.009394689059282322
0.020506858509843153
-0.028264043769590883
-0.02720801821263407
0.014277449289783252
0.005003031868244402
-0.02369880752798587
0.004965063948139676
-0.006793795016323478
-0.007236525667209724
0.01674373898909791
0.037333826491896996
-0.026277318169465186
-0.032259821127410986
-0.004428499874057257
0.02840290097927395
0.028154555907617444
-0.006651387643119079
0.02448419320138003
-0.026912022170090123
-0.004503365691941544
-0.0611947786240538
-0.0513100200635341
0.004300929065914301
-0.008696828093745966
-0.039116818387444637
-0.021319473978182162
-0.00684819758754584
0.02159276918216041
0.010405077562574238
0.026521192055421212
-0.04829150616203787
0.010960649774199933
0.006481942755892779
-0.013026974634043153
0.039215162365959004
-0.0137718718919526
-0.02737629080823217
0.0010446811678934366
-0.0109689820421654
0.06855381242755863
0.027894274976344495
0.004191291006907268
0.03268420835366498
0.0011143098990463126
-0.008629276564179347
0.016416963289815848
0.0028891188074535597
0.009450132248034048
-0.02373593267025203
0.022649066826619754
0.009324646984726835
-0.025991250206506743
0.014178409553447362
0.021699445582149035
-0.019038604633489324
-0.00609178121613986
0.005924467826884401
-0.01793549518449018
0.01878808371661845
0.04524971527005339
-0.011319371078933571
0.030587580657198382
-0.05930089529270367
0.04634030168399994
0.0007633766661526376
0.01599549448278584
0.011901294714351298
0.027583981280301217
-0.01842086922990999
0.002529470281968776
-0.02128748111336776
1.2451516668776688e-06
0.058805759707122096
0.018270766003077185
-0.02517626265202493
0.0006113686891940391
0.01752686020089895
-0.04973258416965951
0.023889178603563148
0.03302307933908557
0.04001960270501884
0.026402767260319492
-0.012354623193286386
-0.019554802002901047
0.018603681268036108
-0.011533205987179869
0.007456316836688728
0.009052239462884857
0.004635387902958482
-0.0034097848420130738
-0.015150779852154624
0.0053838920396505514
-0.026026362826141805
0.007913898282717024
-0.006069954140895448
0.006572344634094769
0.02131304746416497
-0.0031204845730565508
0.006374843953676934
-0.012603882086713154
0.04916741339658776
0.013708304453721325
-0.016790916186330357
-0.010044538687137478
-0.008801249054833524
-0.008586607188416896
-0.01178016961907455
-0.007105907613550444
0.017041305459343147
-0.0012363805130324456
-0.03073015822682162
0.010858149407877608
