-0.03301003846343716
-0.02703860852053066
-0.035802444088870886
0.028620468904190413
-0.004040713919600184
-0.01318241198146206
-0.022113563719239948
0.0013909401267086184
-0.03880615794693836
0.026783476368596397
-0.0034546997109789384
0.03323756122679478
-0.0167005705037119
0.04969365831304438
0.0177672594478119
0.03084001006031077
-0.04305637648353955
0.006929419929081947
-0.0013401801882937515
0.006492569904893912
-0.0017855625474312987
0.022905299545807643
0.03652773912670857
-0.022381765284983972
0.02165060654005956
0.015374800619981869
0.0019192649821620045
0.027247343759957614
0.010797292511511252
-0.0032163212495456422
0.02867129999599358
-0.02168351849785823
0.011137879513497418
0.00037758207046863153
-0.031116917292677727
-0.02257044184457158
0.05900993829043002
0.010106761637356094
0.02963004484418785
-0.014716955839284025
0.012422391653986108
-0.034490094891223934
0.05735944735794856
-0.018613249449906
-0.0020478403208999615
-0.03959271837184922
0.002355400819560676
-0.04342651828328405
-0.04598162682516713
0.03138779393123953
-0.005460561068204878
0.025795935757406033
-0.04925955921070877
0.005407352243750712
-0.012547719031774842
-0.0007463475929714073
-0.002295806652974722
-0.046943467160318546
-0.05315629588112786
-0.012292164678711205
0.010877669296064955
-0.010059971435884512
0.0422132132007928
-0.03410829695145682
0.02446794790380565
0.034957577979360485
-0.0037191349426885863
-0.011968564309320692
-0.004008547664406383
-0.01370431979565053
-0.06915807763774251
-0.00932743199692853
-0.004987978292993398
0.0051917933699390595
-0.060331747498514846
0.0011055701998360266
-0.033058948042616366
-0.011372039638039344
-0.04058140425808211
0.014204368710861101
-0.049316723722020846
-0.02394921571264832
-0.039150647662622974
-0.0035710249178588583
-0.05508057071183577
-0.008569169892383231
-0.01981435604716827
0.005677753309963087
0.03362415205040007
-0.04366383188891194
-0.014019756307762872
-0.006013517096174815
0.03161756393274509
-0.02152868879061946
0.03535552843894261
0.06671781514333584
-0.030994837096908995
0.031782726969987164
0.060008681618930935
-0.002411297931309078
-0.039410147006415555
0.01946480324498905
-0.02682390921726898
0.00807151834268902
-0.036665270871709045
-0.0218362987127502
-0.018941160924677933
-0.019524376104313144
0.029387160937004053
-0.02474366562031185
-0.00591043857684655
0.02563677866192187
-0.008519253046091808
-0.0019231831261102522
0.04651521141971927
-0.008842488044012034
0.03414715542009175
-0.012572867081972786
0.07057578799191325
-0.014138949807690475
0.05098282189977276
-0.021245370719174463
0.049810671688988215
-0.03990363368758279
0.07990524330248484
0.017415109603774518
-0.04141350889460119
-0.011112734966199677
-0.0334902777931589
0.006446571063074871
-0.018321245131735865
0.031475998730374474
-0.0036505171908938253
-0.049255015725603264
0.011770125604498612
-0.0392994953250953
0.034895479372927946
0.0359172296586606
-0.04080721413370392
0.0015066337791411236
-0.013291776063160335
0.01833770661441225
-0.008828839806216794
0.009945834263036194
-0.00048475835040348125
0.055432191143821204
-0.052652600904639836
0.033626082195667976
-0.02120161268416916
-0.022779499001205423
-0.0079537855786761
-0.0052113729486592125
-0.03341015514659433
-0.04044408553788345
0.007343551947738236
-0.011665786476241911
-0.005861016665985568
-0.033435357423780565
0.0015830519841865147
0.04082502696047298
-0.011365266853994808
0.02929542999732839
-0.014173342707741635
0.013964166259299218
0.004274620359065649
0.005311753410802964
0.0069145065337351645
-0.01692542291929306
-0.0469378380717288
-0.014010082151160584
0.0010432923368990361
0.004875602102052252
0.02395370884700695
-0.05156709423553038
0.0033707933895103224
-0.01807819406796421
0.006739523178578268
-0.004397561974903284
-0.027938149298358503
-0.009953642092816777
0.009537897657780105
-0.018003504201373824
0.040703666484064746
-0.014692686403737498
-0.0034032519289376277
-0.028366128475110493
0.007096908149345797
-0.04203777218266409
0.033015100411836834
-0.05012020719529318
0.025337547724323124
-0.014239314326780338
-0.017192942888085164
0.005529597655601059
0.08134795910788704
0.04600042667885602
-0.01930353646016232
-0.003745336621263041
0.03105489080908657
0.002051790127839995
0.00034097594711245555
0.05504989108653087
0.030852687179606705
0.0032290520467149896
-0.016770470423446704
0.038884306958364555
0.007610548520054963
0.05523860292148091
0.0005049303020838694
-0.0019581571733516515
-0.04769622954091872
-0.05733528179214122
-0.027024506387850613
0.015561922452041447
-0.018060071375810748
-0.021999903521308317
0.04346232865684574
-0.06723207906825275
0.02641366681734122
0.023887928030899258
-0.011492350183383888
-0.023564276984634237
-0.011538240942584809
0.008802844338344927
0.011587584821300836
-0.036400391396571544
0.05821389123189626
0.0014111472281134127
0.005261210508915678
-0.007996981166498803
-0.030475550014781628
-0.006885877906066585
-0.03781035685035001
0.020376573280218774
-0.016901377846437873
0.03255571213703842
-0.0123478891143706
-0.024746102258651825
-0.007226700360261734
-0.054907367245588486
0.029431488184426126
-0.018480859015629684
0.03176781857281986
0.017836265311213472
0.006839266259284463
-0.000959647126756449
-0.018053435310202242
0.005135058102420622
0.007358969000583787
0.012749315554577392
-0.07495976064840446
0.0020969983109633203
-0.04190596200888476
-0.015500938499733295
0.0074224483584103655
-0.019886367927738322
0.048682240668178244
-0.017977965115429363
0.010004301726844016
0.006362953985888544
0.0076249152194409085
0.016585775975352407
-0.007025383426890865
-0.0046226013059140515
-0.002098584066487973
-0.022798412008722745
-0.008545239417296178
0.010165982888089587
-0.008259300919949251
0.011531647335115013
-0.013031021611319674
0.05474653429479673
-0.03441356343601653
-0.02713885617295185
0.018922197514702047
0.04565893586991911
0.0260554836549472
0.02063027896593427
-0.04699378371471244
-0.025954035366108942
0.016168780121780534
-0.013618973132043875
-0.006516888978898988
0.01818481109604334
-0.0005638470838645679
0.018739508724870024
0.03843497257155793
-0.019870606410232434
0.015991443656496813
0.025101333047577577
-0.009527718884935714
-0.0013026796414330665
-0.046187755518882184
0.017031439340466935
0.032474853296487936
-0.02939255333506237
-0.0021330007607404445
-0.004278458966512841
0.0010873966309506739
-0.028216145395908967
0.04151565761528093
-0.07450710885581568
0.004032314247280009
-0.02184544841703027
0.10238108678648047
-0.010455460792424456
0.0003909374850357711
0.05500635394631166
-0.009687284685369071
-0.07501407316315929
-0.009492045826557008
0.0498057581992983
0.033003933652493676
-0.015871003455298408
0.01061355672569372
0.022231749941173985
0.016729206424973157
0.07092291437772308
-0.002862438091583208
0.04021849381450389
0.0033363910186638445
0.005321376457096998
0.012438434175695012
0.0011085251539352942
-0.00548647661376431
-0.05334316282415483
0.01995888459260299
0.027994585464473955
0.06708604889235142
-0.02387377706102115
-0.03932234826986532
-0.03239955051764415
-0.02189414805320714
-0.004767593154729752
0.003834733476196893
0.0017067122358554703
-0.026742926655476115
-0.013718237079877382
-0.0037473122967121917
-0.01936677527451007
0.0076927444726367705
0.061768206395061885
-0.00593378642353459
0.017663401731743546
-0.013183973131373601
0.009055028333319788
0.0218727928019346
0.07726889186354624
-0.010644485811209149
0.03176062907870872
0.05680280479661265
0.003510014658784129
0.04924755917774773
-0.06468948284126085
-0.01534106117130938
0.055842377859912126
0.03877752450477792
0.008056710130050177
-0.02390966506191293
-0.003432335836886437
0.025078987305579396
-0.0053685835860326605
0.06913813916168088
0.03580507793817899
0.0014101163167823541
0.00992696662034652
0.021400509915470167
-0.0026169634877137794
-0.02282999234572458
0.009367791692013976
-0.008572706946972885
-0.0169743676692491
0.010855518785404434
0.07809981111352636
-0.018779384065229533
0.02518949234503842
-0.015688348528198153
0.03526245729347067
0.007832657387025021
0.04352017441559628
0.02117183340182894
-0.005893881810610366
-0.04231523098316094
-0.012264369796633638
-0.03150218242372015
-0.0010242398812544587
-0.05396546019636764
0.014448073699582158
-0.008204165140994358
0.033437489837260824
-0.012965128868610126
-0.018730633024547895
-0.015875704158913075
0.019175306034264608
0.01861971153375756
0.0035586758602696145
-0.006403077624746798
0.01800650439577955
-0.01945213578099813
-0.0017347616519169848
-0.0541762549615683
0.06508443653914253
0.026309476038848645
0.0053365487020616345
0.04522849734119426
-0.007309859284570743
-0.007251305306223652
-0.0041086776679298345
-0.031053114051621856
-0.02818488344816238
0.03748433227965751
0.006067349956696589
-0.0005789844416505621
0.05785024116341074
0.006349414056847417
0.00032857212773801885
0.015004088680810945
-0.007624624147026606
-0.039587008275394145
0.03158369261713159
0.03989887486300523
0.0064071296787927825
-0.02646007453339952
0.023416647809000095
0.06372836614889152
-0.005429217042632334
-0.03844721057768623
-0.015895741957580357
-0.00750857114587339
0.0689899095910856
-0.032112145400910654
0.008829189593222707
0.022670657010388562
-0.03810782172363982
0.021061723561364157
0.02413550126932345
0.023911557641363785
-0.012942179639646095
0.006658820608438731
-0.0428913291874225
-0.013763215467225002
0.039892417902304585
0.017057251413668515
0.025117814120986216
0.03612942031693245
-0.021772962286152955
0.0027078171986390726
0.027102222947332215
0.04763982682553028
-0.019302323855995257
0.01983134221117007
-0.007011606444663874
0.001151993465101788
0.010143914371120446
-0.01730599635699294
0.0333074970865574
0.008293192404639748
0.02422688426775544
-0.0004257057166605032
0.0678414553644933
-0.017618502094818755
-0.010477498916341775
0.019486495072163827
0.02473098797126723
0.010515029279546704
0.030906743194663636
0.0008623218086612287
0.02037025076591119
0.0059513955514897176
-0.00387065223990078
-0.03974062511400584
0.08415558537424703
0.03848273298174059
-0.022658089886658545
-0.011676093638586701
0.0054502772087646366
-0.027312753870631805
0.0004108986189573322
0.010800219413132741
0.008539450711632908
0.0032173244784692995
0.02386893082123453
0.04659150788280951
-0.0150879167225501
-0.05573176831131758
-0.05149591762126994
0.042627166685733624
-0.05072759559595581
-0.014081979246402357
-0.03281291827197443
-0.014417958948925846
-0.02797532070131397
0.0011857285160769581
-0.030828495320657543
-0.006141626248893134
-0.023106124892500347
-0.05686345428194298
-0.0018602508421557387
0.022282730713743273
-0.03658577259899879
0.007946620324031681
-0.008790965490347273
-0.03071057123271922
0.004811686275302364
0.05215259095820582
-0.03673495914544933
0.025111218895313453
-0.04948424355489544
-0.02396407913458555
-0.017583916274907515
-0.038153507518623085
-0.010252046436225277
-0.013233840621345395
0.0027514700559705865
-0.03936851627739559
-0.01969827840839869
-0.003351380436348911
-0.04417522046445197
-0.08801358083488194
-0.03161697665273922
0.013340700201771357
-0.008754318224676488
-0.03066684917321975
-0.06937936608798521
-0.019504986143025756
0.005123684649657396
0.01611780847933289
-0.06170176384840751
-0.03386983121088678
0.03137606915724251
0.032725984754011235
-0.0033461505386894845
0.033127635929355186
0.005720103197364302
-0.017798515481380728
0.01489021324420242
0.015925597611544055
-0.031630984784994785
-0.02576094787636582
-0.010195161900954399
-0.01871215826561778
0.041776861754004
0.02498206956651984
-0.01210451752850308
-0.0012046125776765126
0.0193816603196517
0.0041607396627797895
0.015970465877336713
-0.06955800789702922
-0.01264557463087387
-0.0011855568998584945
-0.00873822046493906
0.07997961054831766
-0.02910625361958845
0.09019675063835988
-0.03289925161029199
0.02091748531112787
-0.003100298274110953
0.022990785915416225
-0.0126169417917968
0.007904943725093464
0.007411600468672217
0.005221213037827312
-0.012658414323883553
0.07218280333105623
0.025076666860966653
0.06584875063762267
0.008480182414351542
-0.02038007712297532
0.007800407823270193
-0.03281469713311834
-0.005655677432787087
0.01987504631433287
0.03382540555199445
-0.033120554406077085
0.02018670911571662
-0.023048031449792332
0.005065224669177267
-0.005741212411771084
-0.06967792160119224
-0.01365795036945621
-0.02553208167006
0.026715938298583066
-0.017528686432869516
0.033184092737531784
0.03585595816163331
-0.013758364054248575
-0.029916850199738134
-0.041173572194495245
-0.021516803749217515
0.01360005320743758
0.017283890729857306
0.023907588891800887
-0.006823615582161084
-0.008056959847275856
-0.01452718916953314
0.011057446729821285
-0.05867918656742945
-0.017651262442997473
0.017682372395355018
0.009558254437293296
-0.001328928322109728
-0.0357145880116654
-0.022800001954750484
-0.04291513114228142
0.004558807572259752
-0.01521388464543033
0.005003553041492065
-0.05650235181503616
0.06046817933265942
-0.0007099397418499098
-0.019285265445164998
0.00437719562243356
0.012397581749795357
-0.017339305143733576
0.0004606661884696149
-0.03244259908514129
-0.06478948594681715
-0.005106303758255927
-0.0121859890768101
-0.034821303236738425
0.009576133314748509
-0.028014219710203004
-0.0001384595249438968
-0.02531113410071137
-0.04556062276957633
-0.01812206157658738
-0.07268581126043444
0.03103213769683613
-0.0373661522340247
-0.021205992573422695
-0.0034718307140251623
0.013609961502091537
-0.01756547384325722
0.0028672767218533408
-0.01885978514489513
0.03626051194735105
-0.03382326026069508
-0.005323685664639032
0.0433468405213234
-0.008888106139303461
-0.03690319820800423
-0.009628921897115053
-0.015458057842008979
0.005008325860683502
0.0005163436741585629
-0.024402710866773387
-0.029093295465339074
-0.0031521268695743365
-0.027679827181628577
0.05728058240700655
-0.01662322571205599
0.049282346828832854
-0.04627845788236261
-0.016107359027002603
-0.005143964521623661
0.012068721230765394
0.009631529461452274
0.019676451823512624
-0.001085814202830325
-0.0029556282788073996
-0.06695660394139273
0.04834778962983561
-0.02681511668519942
-0.010963133426773871
-0.012952842935196114
-0.011821309675898535
-0.013388717146759292
-0.003223431632910478
-0.005676302149456704
0.007585795163091972
-0.02738446902971414
0.01428300439090071
0.01510638530108733
0.008503710227053955
-0.0607717996416592
-0.00871666683452264
-0.009164697697645113
0.02542338556220806
-0.036703119207060465
0.027598773852671194
0.03107693369646261
0.00554548682765347
0.027258501546595475
0.05908061833624186
-0.01660875374066151
-0.028223009248694836
-0.04001629941584687
-0.015565582236503426
-0.007816635129800876
0.011994725818157342
-0.0017990790285867927
0.022490221113350778
-0.033811116501227444
-0.02878986200014267
0.02933369738954799
0.007546566129963892
-0.005369128227575689
-0.010268400454613944
-0.008685615678884909
0.02785160087586736
0.013559453355832996
-0.012000532566101873
-0.026263434050993826
-0.0013045119115175372
-0.006238013122977971
0.011195222336175273
-0.04226845636049953
0.025394461379397566
0.05725281813645249
0.0008678275665745963
-0.0012649580280190843
-0.03489629818372738
0.012568581659853145
-0.02910596555779608
-0.024534113654087072
-0.03327863712312832
-0.005095866915014417
0.0027471637340459065
0.008308112690628255
0.04463474570537433
-0.0024500352605663373
0.016772979122426587
0.021902459866615685
-0.004366077211286791
0.003719324730938323
-0.009893945732238443
-0.041105897352792034
0.021841672762959872
-0.04478696030945018
-0.0020034899227378564
0.07968163445748
0.03356643043445369
0.04579083052775672
-0.0008170174110915298
-0.007207804519382663
0.028052145522020042
0.02897305093214345
0.0022410030672135733
0.018146514047124418
0.014563607292021472
-0.013136621191800748
0.012482819891247202
0.010662816784868146
0.011127332368558483
-0.025673372419280523
0.05479839949684616
-0.0031001071629086197
-0.047779725964923615
-0.030571388164542704
0.05188793675179302
0.014312965382173201
-0.009935703543028643
0.020618909897273188
0.04331999335581669
0.033531603912944366
-0.04049622210226801
0.004433428005069014
0.019329175095561174
0.08111435431537271
0.05636731890488922
-0.009608511314182234
0.01501186375318885
-0.04328606481665188
-0.01822433551681886
0.02695951747016465
0.042883294891148574
-0.03640981633827119
-0.0201742016030935
-0.0026494095606074703
0.02705194476868518
0.005106023518611507
-0.021800144236598023
0.03270750132686882
-0.04844904466324742
-0.020847960760860193
-0.0036192873875378383
0.02207490283903976
-0.042465351546340166
-0.0027075385171724717
0.025071164650881866
-0.013030108149153117
0.011337208707965982
-0.019937565429468652
-0.013633329946517298
0.005669758743075326
-0.010386176674046966
-0.03208004002621477
0.02395590472247688
-0.01027164669991853
0.05037434592265429
0.010883770479103869
0.01211393209262569
-0.0015896860466025405
-0.0330147362305106
-0.007972404960250236
-0.015081835698647706
0.062370164533235475
-0.006347763579905168
0.03403646782810568
0.013584652791893498
0.022791785851531618
-0.010784735363211952
0.025315794447799498
0.0016927317506390388
-0.00013519121165330675
-0.035132127272522067
0.029773962629235057
-0.022532898219774868
0.015015685791675778
-0.011071458401605443
0.0031125645630959656
-0.04759672535042574
-0.0019046188373855319
-0.018926928659161808
-0.03621178743156754
0.011839620281888568
-0.0022985680125266143
-0.04650209455094107
0.008363711599967518
-0.03510354627071351
0.016036781783929744
-0.022308237700193075
-0.023393905721466175
0.003210212072148459
-0.019263400950928627
-0.002401179081609147
-0.0033102608087542075
-0.013998544102149192
-0.022854422169607307
5.764758301505981e-05
-0.032954965422027756
0.052254461490894584
-0.008481310679853337
-0.05494771484175376
-0.0018033751548678823
0.05766351335983112
0.03532727988658801
-0.040000963869422285
-0.0013306563737570324
0.03377685051479259
-0.0014586632279983537
0.008222571532637607
0.00805109468761561
-0.020418782960511882
-0.028151965066862645
0.024187882523268794
0.015339168027360189
0.004844529435732932
0.0336700304705745
-0.045542229931491277
-0.008220179551869189
0.04849349175460703
-0.004264692700538499
-0.007883662393336542
0.01660537472789085
-0.05966133839702968
-0.0002880513284011466
0.001885853858821795
0.018370589034953984
-0.01739649153572567
0.05208033094230025
0.04501164988448446
0.049408665158694805
-0.023229587985303217
-0.0033381942039555374
0.024905796077915987
0.004703653420764496
0.028048272245259187
-0.026826467467017695
-0.03001870608332537
-0.012152322400973395
0.04488863675876193
0.016973998543635637
-0.017712379962172408
0.035209496679817986
-0.009663195345166997
-0.031391005994697366
0.01345531976751442
-0.011474265630051923
0.008893907993481782
-0.00983346443098442
-0.025619413849155875
0.021148536267219555
0.015355834001315589
-0.01954100979665201
-0.03338375939921618
-0.03987632838492703
-0.018761898223288543
-0.0009910013680729376
0.039830526057931685
0.016204945291625264
-0.0074700507625997045
0.0019248795139538576
0.03731265309677375
-0.037209228658781617
-0.027882447282516088
0.019050876724598178
0.05216876823439397
0.05229713284773204
-0.008050361930437077
-0.004701110920288038
-0.007083387971023636
0.005844548723636252
0.012311324454644201
0.0002408783145350946
-0.02072262098076406
0.05326323767400085
0.046294481871946506
0.0019612492455278064
-0.002101065871371701
0.011760320084482013
-0.026160627902997016
-0.02307208741846035
-0.0055252573208207645
-0.07594899088631711
-0.01452585151633041
0.029264027740167734
0.011542300374790973
-0.026238258121271806
0.0056265289223161345
0.025516133073463766
0.007773492264928742
-0.023170769755931832
-0.003827948934940612
0.014654869317990309
0.04883803051936204
-0.02920836633872097
0.04535650567433016
-0.0495923052481576
-0.028044103845285523
0.02534348060820657
0.0003250132137737598
0.030617809905267527
-0.048885450859018104
-0.026787189789453526
0.0422903533769375
-0.03140908106530696
-0.0016366276555904592
-0.025161692778209815
-0.012241309565008735
0.00442514931061186
0.004465041526845552
-0.016912921400892886
-0.026022761699364322
0.07499958168685407
-0.03141457080687258
0.006555776106086197
-0.0025722294785679094
0.035956456283724035
-0.007371355806955306
0.011663190390413091
0.010933292266955903
-0.016160340962899124
0.03173733361350772
0.0007986321535575272
0.01569999268065813
-0.017098877958491864
0.029864165879182444
-0.018600587125060408
0.011789899497006193
0.011964204347378434
-0.0015886006386349025
0.006634874426224216
-0.05171334132341351
0.018373798239753263
-0.043320496369464535
0.03414577938597672
0.036416995678117674
0.008282581055279958
-0.010647739634742331
0.0041299177481838876
0.019116527695424827
-0.006630860361593397
-0.018798448641588663
0.010122278696896019
-0.009115223088752794
-0.0077457752198603225
0.06733938366525263
0.02710778815115989
0.06090647986015104
0.015424404905630549
0.019242081249627667
-0.0006482671678023157
-0.009020308070850037
0.02132550143030174
-0.009857341419682027
-0.04267934485047105
0.0637943734586326
0.0012239582027095196
0.04316920793302881
0.02471621917665272
0.03415575593888943
0.002693349997622754
0.019284839857729826
0.014402185474211945
-0.026757596900181632
-0.003351518530581542
0.018131601632419187
0.0021900918286612663
-0.006527595053730816
-0.012235616659719048
0.052498322428333716
-0.023151051378620006
0.03702324182618199
-0.0326757564647172
-0.01812599969740171
-0.03461601217037562
0.031172282639149073
-0.04376428458133208
0.055307191599426965
0.01575839456835537
-0.031923473111792264
0.005666449947914148
-0.0062747736180676274
0.0344116893084668
0.018832532958538824
0.04106260864932572
0.012069245033552273
0.020186406250369916
0.020302430895120047
0.034204322258440854
0.009399483724356197
0.003107076047269753
0.04425717525600929
-0.0155099087824812
0.020930143340453497
-0.0015666877636340282
0.005063709982825042
0.0419066744198271
-0.029504410569311485
-0.0024086121798111747
-0.007097925428353101
-0.0011739571864787981
-0.03732600804901355
0.021444394285287906
-0.009051459372616845
-0.034779603256088275
-0.09976554663397291
-0.01021536975814127
-0.03265573300382297
-0.004090765014109004
0.005829295740926089
0.008687661785725808
0.016573013582257438
-0.0008383545731435319
0.01586557914542262
-0.0259537236007403
0.0010960302018257694
-0.03963981704038679
-0.04971722182797397
0.030907786363734306
0.010128875880156936
0.0016490653375074132
-0.008087699256268783
-0.02728857754743042
-0.008617269326647416
0.02017983479308175
-0.005998226537678987
-0.013743062519213202
0.0180686342756102
-0.018805164181294406
-0.0653887868018133
-0.014445312482069282
0.010900213983612569
-0.013192664535757535
0.012300752819830837
-0.018285303055866474
0.0007480719055319939
-0.015986624664983667
-0.033703660575512474
0.020773826078606047
0.008062467457312268
0.0236180117459583
-0.00834106863000636
0.03251523223904563
0.024196612974904257
-0.007443752841149855
-0.021705825601334102
-0.006461227530590524
-0.05183078751677394
0.02144033979437342
-0.027981996302025854
-0.008427032031826598
0.030073964418634292
0.011886242980865547
-0.024682854773663866
0.0028815774796764533
0.007295632795939889
0.030868950242656117
-0.008704502559039524
-0.019221855415684577
-0.009935650559701265
0.048780102539660766
0.008480228886269764
0.02949544405885078
0.032180409903574875
0.024584041830066433
-0.03817889562558759
0.006036706375484241
0.0036850560014825917
-0.03237934595614296
-0.019603481855729923
0.0293947226197389
0.017639295008602448
0.010374457970677096
0.05046496422140301
-0.01110702757730345
0.02120943193774787
-0.022500829371395453
0.04043764640288546
0.007649981141721125
0.001178296962125364
0.029732432449750674
0.03506058582616126
-0.016279523869502585
-0.04002427749024075
0.003976616232843177
0.024590885118326748
0.08093384584896568
0.01252112405890575
-0.019690396660189874
-0.005238828960505403
-0.03280102990591605
0.021803336229168822
0.02599234855917759
-0.0176348931910134
-0.007362000015662165
-0.02818292222186636
-0.0473081086951542
-0.03445563906542083
-0.002398784172384229
0.04705851119094536
-0.009242708420247795
-0.005014693986221086
-0.0048788262365096835
0.025114656051123094
-0.018162106334512942
0.0050027699784439186
0.037757067474960715
-0.016372251294544463
-0.004016833499669211
0.006662153262724085
-0.005546115875969892
0.0030412060084978824
-0.010224827831315952
0.01455863775440658
0.005507909038252376
-0.033450123256048576
-0.011512275242149105
-0.030054276858911905
-0.036446389890378406
-0.028892972309861674
0.023656930796094964
-0.003146198534606592
-0.06798869031611177
-0.02617555508165511
0.013629265601356825
0.04903496839728147
0.016221098405135262
0.03666219736177414
-0.010639179983165449
-0.017712284658317274
0.04387244747550029
-0.0011520929634708519
-0.0029098018210476123
0.026627008011626246
-0.011881588452474404
-0.008462857434719983
0.0075365608794116315
0.0317320681087126
-0.013152851096812393
-0.05946250449282456
0.02014750139982521
-0.0077664078232990395
0.03163754122160087
0.0036814586426300623
-0.004864690799172739
-0.011544780542002336
-0.0029209961102951085
-0.022488369593329754
0.032489976969619264
-0.007590143460765301
0.006753185990441571
-0.02989012113744558
0.005156982075291695
0.009083654729328068
0.031803574080646664
0.007848785112692732
-0.006812820334513066
0.0019499205167060572
-0.006109426855275228
-0.03197909029502354
0.03895961647736235
0.014235393566127628
-0.052221306470750656
0.010336147335763955
0.01840971059806011
-0.011875843019387494
-0.00010651249388696312
0.04977948633584827
0.007776581527520261
0.05489770033149837
0.02098845780281955
