0.040637253700871546
-0.010682305648912626
-0.02173389591864719
-0.05715093010373072
-0.0009148042235174574
0.0035374624254325697
0.03666067672498376
0.01007688518582894
0.02392722880851416
0.018336192352963205
0.006263941816055227
-0.033613777408562286
-0.02053086700259391
0.0432450718216361
-0.03362035512035884
-0.01033522602449597
-0.029402218130760657
0.00732623077395159
0.054024260222572125
0.0035196418517868464
0.032277450813853956
0.007588731315034568
0.03872628813360328
-0.013588348915671563
-0.048187048965787904
-0.03076802437661303
0.00954672583650341
-0.017017853897277682
-0.03522526573552214
-0.033222806746226914
-0.024885125672021686
-0.01858148605142933
0.036585446530976055
-0.032950409497226066
0.009969793472662393
0.002008486202206839
-0.03761934798856644
0.0046609097264014125
-0.04597768181517003
-0.049295664140256795
0.0050978960270707755
-0.01719913819906394
-0.011834538807886087
0.013662094904498925
-0.03977209024135604
-0.06919234741946553
-0.0173347428774314
0.042524251525262104
-0.012629862659500852
0.023739894359282712
-0.010485073100517538
0.00954189851780042
-0.021151988107457234
-0.003911691806296387
0.06971027989749168
0.0016498609650002496
-0.016458053030492907
0.04174008678023006
-0.05280147879110252
0.017834230524802656
-0.02076589328622633
0.046690084272271545
-0.006300885451014445
0.03157655694675986
0.01667786931307625
0.03133061592061209
-0.01929140147411075
0.013294685979152605
-0.017545789791918415
0.05963588418613542
-0.032324477256630645
-0.0252572148115158
-0.010922550870341547
-0.0395081700796317
0.031571800891648676
0.03358654620801875
-0.043396731685355946
-0.019119401444508802
0.038987038680324645
-0.015337590322799828
0.00015182865527238262
-0.025387288175329637
0.028366238854938653
0.04512963317072222
0.016687280155250936
0.019744497897671173
-0.03207350526979909
-0.012470638729561645
-0.0348741791349492
-0.04624868647898295
0.0009946894888535852
0.058848417785420874
-0.031596351238540966
-0.03230876679472084
0.018237930721368253
-0.0292509015078103
-0.021945193406875122
0.003022475733959626
0.05634091451411257
0.008568062281038189
-0.00640871623365838
0.025462897531227553
0.007616194550866627
-0.03703460394691172
0.012018032353876468
-0.054539427660272054
0.009126374270099812
-0.005891205737577223
0.001050391312983114
0.03611410769674891
-0.015364724835290252
-0.020881547886067896
-0.002920942157967329
0.013640201423056985
0.024530093262808965
0.020213272854846552
-0.004547199315044357
-0.016916360338652337
-0.03120078490227652
0.01874484095422573
-0.010314830158288543
0.01980425348945403
-0.02858078254653855
0.016617182177288196
0.008704866067646706
-0.02416384370137632
-0.014942537023649208
0.006370032805225238
-0.03752036911404416
-0.038869629635762834
-0.0007439141314632087
-0.022755499159353213
0.03292756123601359
0.014608441459901074
0.003239971303112109
0.00843239242595752
0.04877608024362057
-0.009660547148899303
0.07427380295521605
-0.030400592036408106
-0.0001475352197063954
0.022777810393040093
0.037955313717793024
0.03948683745758824
-0.004514294609161558
0.007241913094863255
-0.0047283369662758585
-0.00812545263150745
0.004516129309230819
-0.021869053813679457
0.00857760552885815
-0.0543721933224146
-0.02281762866675927
-0.0012934396384255478
-0.008376621050918827
0.041238761776559905
-0.0005962541898865588
-0.0045699467655463885
-0.0003864624049867792
-0.009556004384907266
0.0017488827657441736
-0.003906826064369319
-0.06270679113308396
0.03519748173791395
0.02970983058750909
0.0011830695453865976
0.006125740348186547
-0.016615335565977017
0.011552157136868954
-0.017722013287663457
0.045916718142488024
0.004204444852178329
0.013807048324768197
0.02051163336390392
-0.01434354547678993
0.034293463032537226
0.012318020157214955
-0.009300895002863485
0.03659696234929894
-0.02004163675920132
-0.026242195331708264
0.04584311087488221
0.0734772519399776
0.0016409690704096277
0.010725283700744765
-0.03814646556643049
-0.01628653383642004
0.018867382040298048
0.012855211885405976
0.01193329197888269
0.011506697967974521
0.0021545046676123996
0.01184420007684337
-0.0015198997170882357
0.016948604759379877
0.0003373249640982561
0.03286405598028128
-0.008457661929373467
-0.004706712862915494
-0.01503661969120889
0.02947411640648453
-0.03830019335298511
-0.00029550726675890314
-0.008655616454976646
0.03525131269531615
0.015239118975112554
0.02268141818600691
-0.02689470542608102
-0.06660932617672131
-0.009415124164839991
-0.01492821709066817
0.037955177114781795
-0.0012754186834834378
0.013164150323874614
0.016108686977874067
-0.010730861613799788
0.007893160825529615
0.007411158157377356
0.028500947359441524
0.003948588672141317
-0.00570549291030135
-1.0741824800608577e-05
-0.058628656545971006
-0.02110355969606022
0.0169392972253075
-0.030379113501087903
0.05128421359541627
-0.03781331130305605
-0.047431606527491676
-0.02321173712522383
0.05323662504438541
0.025815728712743447
-0.012294392496896001
-0.03946305574275341
0.042073281552987625
0.029003749967361145
0.024266184977150117
-0.024787667848002286
-0.0008456594908668067
-0.0031030655696812127
0.004447518338345097
0.028356835105722154
-0.017663535299104506
-0.0030067617805219576
-0.0457642630052934
-0.0020876138920123905
-0.03885190761390292
-0.03263749034859854
-0.011549375006611061
-0.0310839760030832
0.01118246427614062
0.05993422675399848
0.010529850003821195
0.004423704444921084
-0.04278648145734316
-0.03154114695136436
-0.0006500375526653637
-0.009880624192108325
0.04061063962882143
-0.00420576054051344
-0.008157028984453729
-0.028605361042122864
-0.02399544940463941
0.027412978838199615
-0.019486717827789143
0.029789740464490524
-0.018055760354748936
0.03946376169527047
0.011354963659440323
-0.006275350062063387
0.012107088412898594
-0.031845043108134206
-0.030079734536857614
-0.030092424820029915
-0.00940811654483108
-0.011832474667424939
-0.022113967479766697
-0.015134556031032049
-0.02157854332311198
0.05667807299691513
0.03141112975704525
0.008021101217353895
0.004592801834758082
0.0636859170572659
-0.06297829856004133
0.0009225148247190617
0.03670219525390747
-0.01887298374276487
-0.009245526736639871
-0.006777649082568953
0.040802333261316735
-0.05526437901696561
0.02258654470224253
0.0988127037992943
-0.03479724099384661
0.013568871402477175
-0.006340049630132343
-0.002918528513571401
0.01872580965719039
-0.04588740124484861
-0.01942603079630758
-0.0637770662159527
0.04624284465659984
0.029793258135527793
-0.05384443232556279
-0.034707638537351995
0.029108991247510905
-0.00632640253672626
0.012509299892352931
0.03561707387751178
-0.015404753346957897
-0.04205164179806752
0.030577869765114896
-0.0029518649670317774
-0.00892418770220792
0.009565591122486611
0.025919411924952368
-0.01354755511135277
-0.032171182211995886
0.006275797235798664
0.01901244514907636
-0.0012011271376819897
0.0058042631572328696
0.011866718555032128
0.036906965750060944
0.00513928845006582
-0.005418867822040229
3.769413770766961e-05
0.03459100386689616
-0.0015865433793903019
0.003981755517294174
-0.03221904746259408
0.0059764624585672485
-0.016859294573185267
0.02404790171527121
0.031418524016584855
0.0590132448365966
0.01137394600893856
-0.04100309833397808
0.03089733351272725
0.009948303630202568
0.0037653501227588163
0.006951644752989266
0.004459206064709364
0.04668312384202065
0.008641116539006765
0.01903370067459947
-0.028148375272088067
-0.013048119089380136
0.01031480534759955
-0.02763511913996795
0.006941585292164068
0.024439862701023198
0.003062986947997321
0.0035940603812405704
0.040622415933898176
-0.021805655999535316
-0.027065907541397004
-0.017876403719953846
-0.0014308824318503784
0.006098123454284846
0.01784212814943365
0.010189307116417613
-0.018783852875000586
0.03165763209118748
0.008140646722854146
-0.04032247383446341
0.052425504187564385
-0.005899681086868723
0.02657377241061683
-0.006636896854600346
-0.029851744122128963
-0.02364555030871223
-0.010005860886617451
0.02197091136040282
-0.005577676853092501
-0.012251158019187565
0.028434578064072572
-0.0005063759282961128
0.02856845865523776
-0.01983156943588041
0.04153101602935824
0.01601074710365913
-0.012301402069234428
-0.02254843003961625
-0.0036224793199769274
0.001233514234284849
-0.0253706312853848
-0.0040757508764203195
0.026442912470218207
-0.022436709529651513
0.013280341319390638
0.01358812002487715
-0.005398805320209702
0.04170707340136112
-0.025038465552589758
-0.005963875897912732
0.024141985294252336
0.00174143133353471
-0.04845717050355349
-0.03243842538203473
0.01670946687027666
-0.03376877867032888
0.0338395142118726
-0.01891578081786346
-0.0032946657332799502
0.03301746440005763
0.043698643989531084
-0.011699431817779002
0.06869953670049697
0.0488933173262792
0.03524677157316148
-0.009164858388607996
0.010045420934981864
-0.006484923382183896
0.015954664193432236
-0.013563827239399072
0.03919871392178581
-0.0010419910698345168
0.008596148137812181
-0.04415664393886749
0.03262924517262669
0.03161732973372091
-0.0005855197744868449
-0.02062283265282842
-0.005142242724881253
0.01404230975368704
-0.015060838743613443
0.0434377898232859
0.03199861341668515
0.039691625233882866
0.00529073138764223
-0.04476300793943055
0.009949229808678123
0.015556289741346176
0.015253672054242391
0.028231453852764442
0.03642885723169174
0.0025912545076005582
-0.043711700613146255
-0.031189969773501407
-0.024550038607100966
-0.06690637319338227
0.04870061983875043
-0.03721340475555737
0.04193987082323785
0.0315605650219891
-0.028235678439385403
-0.005459532967570091
-0.03258521102441884
-0.028089252516097712
-0.014746816808126006
0.005681014383684409
0.02318410044381601
0.0319830613651214
-0.051232685086984434
-0.03395518160120692
0.0054712183437523355
-0.017545730770733223
-0.009371975759844815
-0.03002202974264775
0.016263506089050816
5.570024039713768e-05
0.0005927202316792888
-0.026236493635574773
0.04265226731258381
0.0021302951959959278
0.01759399376335647
-0.04365356252547092
-0.011622243690376977
-0.015310995125590695
-0.061648392394099215
-0.015829434578849406
-0.03241037101675824
0.019933631524290785
0.01029124290003697
0.03974011267431327
0.007017970808247567
-0.02938522391042607
0.008277096562565874
0.04654006316398521
-0.0407967930577541
0.052522565157103296
-0.0019944447155229683
0.07146555091415208
-0.015259141670053607
0.017821900051255342
-0.028081661705719792
-0.03807832365250866
-0.0022013663215340352
-0.02301042708130598
-0.0014311900249152916
0.0204657662530324
0.004404324206433739
0.04945057438360448
0.007380781816060415
-0.017493529666064687
0.043133191103114685
-0.020079653400202645
0.001364587940957155
-0.05023141167280477
0.0020227008403257735
0.004706265474157637
-0.025650489025317292
-0.029166265491410957
-0.01255840631315023
-0.0321958744244316
-0.012468076710824992
-0.004337335336867745
0.023994567559598022
-0.019140372925974976
-0.012618427802288987
-0.029813082337753257
-0.03359314640619606
-0.06618491673723964
-0.020884415962525042
0.017178120817311866
0.026576127714537122
0.029232154533789106
0.05322224389522753
-0.020835918006612036
-0.033022316795980285
0.01229664172740828
-0.01705825892002702
-0.025193117098890876
0.015030005878160582
-0.011539253547548806
-0.04008752218908608
0.014391036586468814
-0.023819966034635685
3.9324822643389706e-05
-0.0044656521062679325
-0.01767543404925853
-0.00035822229590407197
-0.02108363946120654
-0.01758987656104547
-0.018974162281880716
-0.05603168370988618
0.04430775355851931
-0.0036133588181576437
-0.02598725433948452
0.026292022985175665
0.022034784469724785
0.010978506643400212
-0.014108446360600461
0.0161304437327719
-0.027367831186413897
0.007355706608872354
0.009345051057381922
0.04113536601692156
0.0035558298878386944
-0.03312067162749674
-0.010638066101502357
-0.04172594056840756
0.038463703119513346
0.028117037419767857
0.0481826643251309
-0.061881653173850186
0.003825574393268774
0.040492865142322164
0.018268893911477166
-0.07629922172275974
-0.03864132119714307
-0.04211504759487076
0.00869986847018815
0.008161854256434526
0.008604934400838555
0.010910124495610941
0.013263371123175667
-0.027566767238988744
-0.020384381148275062
0.0071834894037012655
-0.014888722592015036
0.04291750639853472
-0.02746870411574212
-0.007570151216986788
-0.006393125840442174
-0.03204756855392365
0.012491963909973536
0.0877904448694862
-0.036486921083092774
0.06230966238690174
-0.014094468522964084
0.02087851638232826
-0.03350821285803658
-0.016679749513692645
0.012417062189467452
0.0071456929525323285
-0.0275432607244389
0.00500563624985746
0.004948780506282404
0.020492440043282843
-0.010741200839076462
0.01120472587923892
-0.03817592807184892
-0.031460997349606404
-0.035686646244564545
-0.013065426017525205
0.026468731168752372
-0.008690785375914474
-0.006936503571977122
0.00336091008610549
0.03992874225045234
0.017466940705609595
0.02331297301570785
0.00976483683393746
-0.040974713894732055
0.01459959235258236
0.0010367113026885529
-0.04806633037091408
0.018926294912718394
-0.0023359127786113797
-0.0037681829254013603
-0.024992692052523406
-0.020344088314805244
0.04401914441679864
0.029588878884269962
0.03040981066653124
-0.016217334558829767
-0.020315383154113548
-0.005169639744974156
0.004696345021019485
-0.029532606780977372
-0.0075362420891795494
-0.015806768313805973
-0.04517554234178721
0.020067995069306437
0.011422800888382486
-0.0016708112048592287
0.020744302832365794
-0.0037848441409962267
-0.08290653553913241
0.010718007150038596
0.042016222604012804
0.014472788338525397
-0.017754646072077426
-0.010885120684005663
-0.021064956769778754
-0.03376555979405
-0.008069139001831718
0.05761180314219355
0.01858701340626933
-0.015465522486531456
0.02874151497909716
-0.004327261432909628
-0.024833836432281958
-0.008601344563862268
0.03497170959936561
-0.020943614702020216
-0.05654823376365679
0.03733146047575051
0.010043754968324914
0.03914006808398716
0.013442704059322403
-0.005242636678182557
-0.015989334814735738
0.05573929568533101
-0.012428962258596642
0.04267983567791965
0.03085920999977752
0.039970011091533836
-0.02505528445039549
-0.004737463123109452
0.048664451877828516
-0.01249832236614957
0.04128311578727132
-0.011862722579379233
0.001192220417127629
-0.05977616900987918
0.019221622424168854
0.013115383946386621
0.020671497466128362
0.008686705918170837
-0.010800327791379726
-0.003039891584427831
-0.0010274650250765773
0.05582428483557986
-0.0005258165571166857
0.022414219008683105
-0.008280908039817117
0.007190773439372269
0.006024828147802851
-0.031116306420900276
0.01795458434035624
-0.051991849848657304
-0.005852084908142461
-0.0084622673127848
-0.047128675918944485
-0.0483560072320769
-0.042847852671766405
0.006803477969915371
0.018770456386259907
2.929245579446906e-06
-0.03355973931494959
-0.012244034413583198
-0.02603986231477489
-0.010815240899767048
0.04471253674206615
-0.007170327342351994
0.03785728903960961
0.010436842711064157
0.03351227006315216
-0.0017400082609785948
-0.014752052916175524
0.018136828039629432
-0.037549410173896444
0.020782731623847243
-0.026405143243698435
0.052777016162633056
0.050713725967208474
0.001734784464001205
-0.006988582873819387
-0.01788710979821335
0.018338686403821063
-0.017892935556184247
-0.016848371908914063
-0.007872572654526386
0.00479155363584896
-0.018393151840872698
-0.030450838392739245
-0.01920290098877125
0.024998657288231998
0.01534373059349981
0.008289957512795933
-0.0019943050085720654
0.014050982253631
-0.020323309583080366
-0.00953655580468624
0.026937717132223767
0.004387927495609432
-0.008103614503390796
-0.025295773474035176
0.02414686590583113
0.026529596594293867
0.04638717881848629
-0.003651968203470293
0.003998924665125793
0.0022325164182518415
0.03192652468968179
0.027938847234059004
0.006441338185997553
0.013536967918148107
-0.0003699421029277304
0.011574665199572532
0.019519178666263695
-0.005010572350741582
0.03886249730544063
-0.005863663056767322
-0.006410320309707891
-0.032731360826256356
0.024016566712096527
-0.04371718614716369
0.02453836624151263
0.013438481443929867
-0.004305494675339537
0.0023442415223169882
-0.02838241622987446
0.0008561686834651361
0.013259661689435723
0.03154673042603255
-0.030279125908293895
-0.03136288484795396
-0.04459417225799765
0.013931378451308327
0.01565928523430017
-0.011063373455109283
-0.03927994081036612
-0.024325298925743376
-0.02162917084898678
0.01254116008892899
-0.039451701996203944
-0.016731597547118934
-0.02695317409484776
-0.023422088110879678
0.00274500566275389
0.014774704794897191
-0.047386320518247274
-0.009539035230646543
0.024359796700662455
-0.039558259032253004
-0.05424850116678876
0.0015184797519892951
0.018631106635632503
0.020857007913842117
-0.05095974616059891
-0.009619617657413787
-0.009080424945666259
0.029581106663372346
0.019690847552007684
-0.014589901688204454
-0.025480777345087344
0.02009607668863761
-0.07529676859209021
-0.04441627342057654
-0.0897243893850739
-0.025304326482600056
0.043701437836353815
-0.05424364017777318
-0.003797231198264204
-0.003621662720337266
-0.06380244167716954
-0.005996066528648859
5.965077338094402e-05
0.04853812349286987
-0.06492115128829358
-0.013061378558276526
-0.03788218505177448
0.017580201143465948
-0.01283405975549218
0.003887747552546045
0.057510551087436204
0.015467780510983738
-0.006691217520084861
0.009560542442005012
-0.02245178026530016
-0.050475639763771604
0.01856573770401995
0.025352970487885818
-0.025439212223586142
-0.006091555044158731
-0.06312572605468295
-0.0811244372223372
0.03114610016718601
0.01089455463912904
0.043711436343781426
-0.004306709882009016
0.022427835080297484
-0.021307927639133195
0.013970741972937645
-0.006392279575633949
0.013626464383991175
0.023056691054506633
-0.008310584835712979
-0.012156289912685544
-0.03374985263697565
0.03768843111746167
-0.018157465751873533
-0.10883794626158674
-0.036967063771609125
-0.017669979009527388
0.055789779257140605
0.024501862561800584
-0.027090863000600776
0.006713566398765451
0.023543016775774545
0.0035807657303715225
0.01304027890539491
-0.007019404283280126
0.010304982119320792
0.012900777886416184
0.001666958116249409
0.016448955190618876
-0.018164680358995208
0.03404170115377757
-0.03728240410928769
-0.02151166393251599
0.011991126231124513
0.0073893773005379556
-0.02534065822199886
0.03908344761144798
-0.02028017768213548
-0.0018078141661380918
0.04071097466919906
-0.03359773866391536
0.024029017432813042
0.05184207048360817
0.0008890240841371446
0.0009605768592144859
-0.06348365597952631
-0.04451060013293246
0.004261418968645005
0.03509453008761391
-0.03220785391768234
0.0036554874350432295
0.050010931120288565
0.04012481766342208
0.01283483773567305
-0.01678850654800438
0.05973288873810979
-0.013399375024458197
0.020536485336364048
0.007419788523390838
0.005613946756021031
-0.026565514195125872
-0.08231197158672962
0.05033691059584151
0.0044625156887095375
0.002372928843028651
0.03575853425004454
-0.013637532176550178
-0.04279093102309293
-0.01271142914656633
-0.008808324021463245
-0.0038726033060320977
0.004599750953387841
-0.002061800500793956
-0.003505044129772513
-0.040418062740206984
0.006194468297987079
0.02477024175771497
-0.006803125845331788
0.04829469823205444
0.003790228537670539
-0.0038137713344138526
-0.001370452398924409
-0.03516659702356653
-0.030097137727185655
-0.008651984223340717
-0.0076599766883349
0.039812157171496734
0.03986134903783635
-0.014146979779615385
-0.012085209671753501
0.05818678066533975
0.01823438122447058
0.060037369697320375
0.006395535391255732
-0.00960237637721858
-0.025484711419244514
-0.01909762271960048
-0.029476996001861933
-0.020767839673895033
-0.02451282103776382
0.046259071257147406
-0.03482794381473851
0.032622055320689396
-0.0067760877605541215
-0.01244572041476826
-0.008830105656308752
0.02242864978602608
0.0069336196696623545
0.015495029325312715
0.047856007634577945
-0.08954076632505932
-0.02905117295692262
0.027694483622593705
-0.004678419889815368
-0.04266680299533596
0.046195253075291716
-0.0006133577916130244
0.004432797969199134
-0.0015799726981758633
-0.012338978292683373
0.03636312977703394
0.011717384649143127
0.055061586509656514
-0.04279119068282717
0.057449513189674
-0.004007824717170352
-0.033977988079289534
-0.02373273246180107
-0.004735720332312174
-0.01595832947168657
-0.0026288268611443255
-0.040701439820617386
0.0029993352065591566
-0.004466888986753182
0.02589871354625901
0.01360980092739878
0.009651972720223714
-0.013633262141337091
-0.021815159953499957
-0.0046822322053940105
0.03626714285783136
0.0018966717235016776
0.05907283054908294
-0.016354716930571108
-0.04562835462999101
0.06560733425504418
-0.009225938827207264
0.04207337784478493
-0.0031257216067429737
0.07310965165378179
-0.0037029289975924976
-0.018327050745142275
0.016707966380573487
-0.0028451067619261875
-0.027206209398404575
-0.009417257982685182
-0.00266470353109329
0.0012130760576737117
-0.011229750269980831
-0.0034715966675150554
0.011504982158329558
-0.0072395721672653636
0.03286595478203374
0.014497987062371187
0.009394844081983173
0.0010658880838664573
0.056572354047124324
0.021964090707819774
-0.06320608410240604
0.006250804568201771
-0.018048995106561345
-0.004560229494833788
-0.04281540971210296
0.015674081642192913
0.003302142928711732
-0.022509690590083915
-0.03740507786471527
0.027067253143015377
-0.05045703989898756
0.03338077024951207
0.01930924646214765
-0.047883639187089
0.04853530706201729
-0.023583818761215618
-0.017898867332936146
-0.0024520346663451415
0.03307540772496154
0.013220311222774858
0.04094519499140628
-0.003119089285258321
0.01518623265504314
0.0007162301089128051
-0.0077292053268251636
-0.01785522009720771
-0.009481109330504939
-0.0030637475761477163
-0.03007226219029193
0.030978331074663867
-0.02274791000126392
0.02017358395539767
0.0079432596649937
0.03989256862705723
0.0041162278056446466
-0.018662112153638243
0.01860247019691638
-0.006937359642037513
-0.020603266003121245
-0.02558163824892123
0.01349372891150477
0.012687423070287876
0.056755357120680444
-0.000173994320787134
0.014313685085557632
-0.009574996195674132
0.03487081603070885
-0.011314510634958202
0.012462343680652894
-0.0057987563835879795
-0.011763722860035374
-0.03882060467804513
-0.003153102750878735
0.013633446624086196
-0.016069348687619518
-0.06150183108616366
-0.0295405250875144
0.0023773331134763613
0.017428750941738715
-0.018864869110380596
0.0137058735160711
0.03900782302513253
-0.03163234762486875
-0.021718370060917716
0.054916615613192374
0.005741009342785328
0.011580428150429182
-0.011672432249982082
0.010516444438388322
0.07403657816189728
-0.009970173443597066
-0.03658230452211657
-0.029840165218477835
-0.01702826830712684
0.00300623252958876
-0.03949784414596284
-0.0507866267108798
0.0017758701709059495
0.0060734351304641745
-0.04610381631164686
0.01446910131096296
0.04786953214077497
0.029573564051670248
-0.04238133304319718
0.024000096748576567
0.02063851671918727
0.028119596890561756
-0.054912691733423155
0.01003675467421079
0.10177372262508347
0.04729519896718912
-0.06315811727313883
-0.027722761008698412
0.020605359421610007
-0.03645778344485776
-0.01859219495523573
-0.05328884841099176
-0.002058682510494283
0.017420278602239284
-0.01441822096206421
0.008048086587201995
-0.007287341288832483
0.041360826875042875
-0.03533861607503187
-0.01508143840842544
0.06131302733704593
-0.02416534669354431
-0.013840167031548
-0.013025773271744062
-0.016070077955526764
0.02840557679080071
-0.0064873566328352275
-0.019786962113990843
-0.0073565123349131276
0.015584990056216115
0.009622034188721295
0.018648325687469085
-0.008740422971954308
-0.010117206091014354
0.007745237329903208
-0.001088053046810585
-0.029145126969185066
0.008374386513828025
-0.0212332337684043
0.00013813976973067694
-0.002376416397348793
-0.03829655300650148
0.014271627802472998
0.07067954532777926
-0.022865695366202803
-0.04730699989023704
0.019817830452012505
-0.023735668246427748
0.01882383578480349
0.04536344246349141
-0.017852968538670567
0.05374509373757995
-0.0021702366377680483
-0.03329266367038261
0.002222295320823543
-0.03153183500063545
0.051456264385414
-0.02789674836885618
0.019069154086067016
-0.010413173729719836
-0.039911672145704326
-0.017368971765455127
-0.02932608339202261
0.004184202039255111
0.03146174285102839
-0.02122565837377776
-0.003044987883577046
-0.022085530768534048
-0.04766717847767533
-0.022108775779223745
0.014436748555607809
0.0039891051868106535
0.022005678712393763
0.011389996881148137
0.019078576782157176
0.015100534189413277
0.03095132790165542
0.006872459477508901
-0.024623710134563857
0.0006467607656199522
-0.0035120716986645735
0.04692774344396707
0.025762955005139955
0.01973183554346306
0.02181467031027397
0.04851988852071667
-0.004267407295532309
0.03871326723282843
0.021080615789871866
-0.00032495824484597577
-0.030042749155588598
0.014584752448003249
-0.004663066592037491
0.004624681989706801
-0.0007311923615183369
0.014939920728253852
0.048842588201535524
0.010476587437642449
-0.02625154576890513
-0.0331772322157933
0.042425149765687085
-0.03044034062429784
0.014052206650547305
-0.03214922579407389
-0.0331065498019965
0.010208447140698212
-0.026810672019993223
0.020766671041260534
-0.03967737369675711
0.008053100659781614
0.030467586451046167
-0.01814326942270618
0.01523974077229964
0.062164599408854514
-0.05031893981950021
0.03004962844785356
-0.007109312323547942
-0.0166286666884445
0.06113902795358137
0.01810444401254416
0.02577963798471591
0.01462272707717292
0.008676607757182908
0.009192539333397951
0.03665285460883596
0.018041551348370037
-0.021184378954757065
0.01515592861039988
