0.03333701737537592
0.030451490731861833
0.020495131925306526
-0.0539528837479678
-0.03057886491939831
-0.0054735064680896
-0.02137799136455571
0.04027236981032903
0.01969298116321273
0.006230208597447127
0.028755466300535347
0.05406687189389167
0.03198688450713837
0.021696473981181574
-0.006239382655329414
-0.04144884648469588
-0.023328756279803086
0.0012168997929514782
-0.0678703885204608
0.0003773524764594002
0.03639238570437126
0.047822121122728656
0.010919371764035204
-0.00817841464645012
-0.0072398864806183846
-0.03682933967742954
0.00661761629975959
0.014293528768881956
0.05617347160323263
-0.04172849074543871
0.022748803217710858
-0.0032031111619141043
0.03538617055568831
-0.0022530810227663596
-0.012107826517966928
0.04180618144660632
0.05195090678310453
0.006733314753216713
0.05097862171612742
-0.0002805257119053481
0.028430130513597898
-0.0010674336254912864
-0.002213343862844696
-0.022816996863226295
0.011487532237902151
0.05940340414269496
0.0008771264018253031
0.03374868053262195
0.03949829652983422
0.020648386422679466
0.004534065633010994
-0.011046356996033402
0.009840622670632022
0.0030873348411542176
-0.01568721879333299
0.008324489348649782
5.57970697884288e-05
0.034699088585850434
-0.0013071002650895053
0.017548415702493762
-0.003957624452840185
-0.048473170327207604
0.05825891774465256
-0.009994213960266144
0.007254918873574853
-0.006993579870760893
0.011188854164122958
-0.028737181482670085
0.012543365185637135
0.025852318213669588
-0.022033510356676698
0.010994076081910721
-0.025015561922082267
-0.02054387243155737
0.049664818611944515
-0.018824769689900756
0.041673868817164186
0.015761897469322623
0.00584746587562112
0.02655371626310071
0.011722475574215139
-0.036825695200855976
0.004511345641851445
0.033477819234568336
-0.026068435965323242
-8.856011377050141e-05
0.020714077674296144
0.026302829390915265
-0.026985060578502078
0.028579363327203275
-0.05748267937987841
-0.018507911299527825
0.03821207280982125
0.011381126878707286
-0.0038079046219746
-0.06508225524766098
-0.016094010207666144
-0.041146947264113075
-0.026878688861835406
0.006075748379760088
-0.04967353470776954
-0.011798808263759012
0.020630903912819125
0.008606446816654324
0.05825644910269173
-0.0408596168580351
-0.01256709746013028
-0.045301514758374004
0.022671461773036812
-0.012339336281653434
0.02602905456551576
-0.022975688440134916
0.007026720825793665
-0.033912398799796524
-0.004536794777874663
-0.010477913426520774
-0.048137694792825245
0.016477873266960416
-0.017493823775800773
0.06378325399800208
0.01691582464882504
0.039663733276858404
-0.002185978570367453
0.00011784495905364438
-0.015073998784931873
0.01925793418480659
0.07104039592655734
-0.011879111591015496
0.035236745793811114
-0.0004818493441978685
-0.042742894148139074
-0.030336298966534416
-0.007195110099036474
0.012726477348578452
0.0040178588657990965
-0.01633744356645098
-0.003911211709871784
-0.04446759070326258
0.027943314499336652
-0.04888389277508057
0.013641162131914516
0.0101040047237986
0.048037509019045056
-0.00537698901300156
0.022554830422290402
0.01699801204681943
-0.030056370664636792
0.015674938580738207
0.0405321531940751
-0.009365336559507222
-0.015993945883686994
0.006544316054181055
0.0325468173177529
-0.008637701556409428
0.03753873287618559
-0.0251787822094514
0.026205187189647417
-0.06529625083795283
0.004100806429976135
-0.004429616517843664
0.004052248080867596
0.01802930366540672
-0.025763666929538853
-0.031103315653504892
0.01766004006391641
0.009232456475003243
-0.015699295940976944
-0.0017824551140619611
0.05003244982524104
-0.0194170465526047
0.02304014200573611
0.03240126704585732
-0.02112322158886769
-0.008878731449572415
-0.009769676182318686
-0.006976579914950692
0.054842763656311126
-0.03451452742933888
-0.05011372580419793
-0.023457702741034554
0.02141028135512887
0.032764730178497584
-0.03780740584464867
0.017573208627211567
0.021125480023934367
-0.02097687952029276
-0.0020800494012889344
-0.009316861518438685
-0.026729023158351083
0.006820464015145043
-0.021791868822392813
-0.004149227571114666
-0.016365065286632837
0.02760980237382247
0.02589591661073416
-0.035596725807822145
0.05637483940329384
0.07174982091891657
-0.06485258949036522
-0.021485652212799307
-0.028849008364256884
0.003519002853464762
-0.0034339387374228763
-0.023299210270433687
0.054282757963972444
0.0360745579686734
0.02501287571408084
-0.05293611695734981
0.07948168584819378
-0.01882106110613131
-0.015278041472690925
-0.04690711479418157
-0.03962611472336461
0.03594149712578051
-0.05400842123860982
0.006907798406088283
-0.013725810565505026
-0.05188314956820831
0.016190193174034268
-0.015753012005659296
-0.019375220784616416
0.03716659452175942
-0.03405220706007949
0.06329182670412073
0.009349669658057164
-0.024739131188397427
-0.013109023288361572
0.026719269817541434
-0.04190667020926274
-0.016953241346894517
-0.0031716169253101978
0.04457910730415332
0.002119833908749991
-0.022961966002987392
0.09028509662678057
0.049801361355702595
-0.03147622634367566
0.010489039154036858
0.019660112705772278
0.006815192285489892
0.022015176587866093
-0.0072920677677967526
-0.0228716275890726
-0.01505978432752466
-0.013430233876522514
-0.0025863554846953583
-0.012139313684202256
-0.01257239559815955
-0.01817448157984395
-0.04891332402855236
0.03603263582026658
0.03408949345739533
0.0026458616550941085
0.0710282252688671
-0.0023728847909944444
0.020084819096597383
0.05912993409907035
0.020419698649891935
0.025829063694820915
-0.0450724311626963
-0.012211736121991619
0.008055884006900379
0.026435170413048013
0.015077490525792908
-0.06480244171760065
-0.010718896601539563
0.04792034593641912
-0.041277745583669735
-0.018158627414965194
-0.033812732949022546
-0.042317606672697995
0.006848883839341751
-0.008998037681671456
-0.01593366421340265
0.00821820826202479
0.01362894863310951
-0.036252929001515694
-0.00537655663912207
-0.042517943943816396
0.0017654140631026413
0.007677946334611856
0.031085598313766293
-0.011506014854018984
-0.019795005702691288
0.04032838837817349
-0.002645998389196263
0.000765606070966747
-0.01722917555506562
-0.0016607505185552668
0.03783671792567679
0.03568857629375992
0.011930151538614672
0.03679256278204033
-0.0394904556369597
-0.008065065992097489
-0.026949135661748117
-0.00973371047843846
0.007835784990307241
-0.03216146808272555
-0.0005864530167646042
-0.008500921058775746
-0.008415836060580469
-0.030049087793340454
-0.008902133951862045
-0.04061643988500284
-0.023228540489672142
-0.0018556806966783372
0.018964975030869503
-0.023532626319109105
-0.004021623738998316
0.02818286752363494
0.009971463848491048
-0.004362055607435231
0.014062940669641774
0.011585279530571741
0.04708435121226835
-0.0451655564492103
-0.04946913944167798
0.0203037800091346
0.04526417061899626
-0.010435381298505152
0.021319481017836314
0.008872588497555737
-0.0176034934505043
0.059970840308894005
0.006502298844058634
0.03906851005965886
-0.00947788462453997
-0.059724105793494235
0.012354733950728454
0.039622308198075495
-0.03142096940375409
-0.014512413484673251
-0.026954586311801972
0.010631367837378355
-0.038115652979647335
0.0012709902844975903
-0.019590738853862616
-0.021395039909642227
-0.02253469074495947
-0.009501179536925777
0.014545928011420631
-0.027846571772921182
-0.017240575914670615
0.008308640244951562
-0.017238986996171164
0.029374933068845158
-0.03376296990663449
-0.02006073789516686
0.00685823014960276
-0.009476250999756691
-0.013455679420454916
-0.009272134717940425
-0.021361968957115115
-0.02107971387540305
0.012059125643746905
-0.02489450102158578
0.02593978022104113
0.0036867050801376615
0.0202805959692275
0.041720969220194706
0.02090845831085305
-0.004347998184194303
-0.01375596816269781
0.013103252940861168
0.010562034321957256
0.024414613291507223
-0.02481522711683858
0.045659665624853074
-0.003067597192057758
0.05161450976827402
0.003511348499653368
0.02855793616458175
0.04402531719752941
-0.03049904839562088
-0.04580433426975321
-0.06430572479007568
-0.0075363303392902755
0.01722219880468456
-0.012907894228260032
0.039798986914755016
0.013758642953006122
0.011073481167271368
0.007113632545946996
0.005417829628773489
0.009842180285786937
0.0032516069533451556
0.03963210331736807
0.010090418715326602
-0.052238184425512264
-0.01098468881018517
-0.015482329927294203
0.03460949912649937
-0.02694698364233393
-0.02395403931248139
-0.01289710856653597
0.02351874769688832
-0.00327857629368191
-0.004466690274478716
0.0024535909169908516
-0.013973789992466885
0.007765189434271966
-0.027386550954322984
0.01997363675004426
0.00027834871549118603
0.004884266024635466
-0.005674020096274435
-0.03396488987490106
0.010811926504851728
0.020988632546155545
-0.008825460099226946
0.010653004209445973
-0.05156871960388393
0.017582874797552155
-6.199841337894049e-05
-0.02897280107617579
-0.011574334722173322
-0.017085748870565864
-0.00706261902331526
0.0016733433747435971
-0.014677196585002574
0.011049318942732856
-0.031750089679663404
0.0122801320380617
-0.0016584078333602488
-0.009833394809080444
0.04083010855912052
-0.021149779094753556
0.05568794031208375
0.011475765350791952
0.040878904056322586
-0.0027574337824486156
-0.005881720745907309
0.019876392464144875
-0.029902007280169424
0.021252328026387143
-0.02819700286503877
-0.03781281190706763
0.004169027761806293
0.02392909550386049
-0.063732242793947
0.0351381338837036
0.026165136091453392
-0.012661578831788058
-0.014563144979711031
0.032698818835967376
0.010933086963684235
-0.03322526485940939
-0.027038798014517647
-0.015903873413812445
0.03909659641417945
-0.02502017339430912
0.01588973762478751
0.01830202299753897
0.029754415902002538
0.04170543723907157
0.017484682479480457
-0.015992276518738833
7.786427300745493e-05
-0.020681655208639228
-0.040446971499146826
0.0534793323438842
0.017620843922573813
0.010201810695168845
-0.02105768922432907
0.0023257359451008246
-0.03847475150385242
0.011309234680467491
0.046967017239680275
-0.008858739793499337
0.014110384534655265
0.0471811547240763
0.03259408239669687
0.012256030697508857
-0.004446039461111968
-0.024685507820720595
-0.01815114638751314
0.018856621009920676
-0.00882562686273897
0.01122328598127089
0.034208531480552674
0.008379435232794347
-0.010127347753992814
-0.026609535344159448
0.0014686132579816798
0.013201236626735585
0.03099187582889644
0.008272682825260249
0.011412975341408822
0.0991779020816725
0.009308876168215269
-0.01809835638777097
0.06666957845661176
0.03086999535942068
0.013851467652750749
-0.005061848137674138
-0.04642269287519294
0.029927450822489567
-0.004309450767607431
-0.02079552595257584
0.023560237171698126
0.029815713101611713
-0.01040504332016196
-0.003379814012373882
0.0008891927174551299
-0.0003813506993861271
0.025751094794143947
-0.060297132194649924
0.02951557415232322
0.028386297402287715
0.014440602954751396
0.015396082604932304
-0.019020203414319033
0.0027611669886734
0.0024128559210993545
-0.013358203474349352
0.031446784721701856
0.01796694450197421
0.019616818012401577
0.010312311233208683
-0.0037194537620166305
-0.01048324438571488
0.02633165742112632
-0.030511965994411087
-0.00807010796323598
0.0033425961022160076
-0.00878354827643661
0.014557248857888535
0.05478105207669392
0.0075645449405727025
0.024239595545991914
-0.006477706853754047
-0.019244615031051335
0.024473582404815532
0.01440393348216775
-0.08980699076176402
-0.013874925105831926
0.045202376684490404
0.050499353767032754
-0.04534223704857355
0.005551872756321965
0.010974778268115626
-0.009058933101837714
0.028262714495024953
-0.021268766757092245
0.008863807088703633
0.0385998957551385
-0.05346006263956702
-0.06454965233616801
-0.015435978037242547
0.03909327130068239
-0.00521360206814121
-0.031214042538418158
-0.0027501070406075663
0.011588290717495304
0.005573450790944965
0.03875208417232447
-0.02230892189236163
0.04409908257694497
-0.06919511430922959
0.013483332769480825
0.012100229358774379
-0.044007326720947974
-0.018698666340813755
-0.019735690820788413
0.011307028282925815
0.0265113303243076
0.07542209874345684
-0.034627273142149945
0.027294938679981555
0.01291843743838985
0.02048528420953139
0.004576184565817519
-0.02679425365918906
0.004372434895871109
0.050874040798622365
-0.01585312679016215
0.03249567979111441
-0.03632918723134202
0.05430143784163238
0.0028539734714120384
0.014271948132198007
-0.042074124592855706
0.0050084218898228524
-0.048036617854486374
0.02175985391080124
0.025783614806466584
-0.01673820195346744
-0.029259282419129406
-0.025448327931657952
-0.01678832394227374
-0.004013465951610705
0.024920236815185185
0.005222205188684156
-0.02898734896838008
-0.024800352324802374
-0.007620597437076556
0.03497193028909135
-0.0070286050575654405
-0.04431215299312601
-0.010571809512217747
-0.015861237751003947
-0.016452905160009218
-0.03563397326109804
-0.030272773484037726
0.014378805309751818
0.009356811146338654
0.03256982461681918
0.006913609614041455
0.019019064479449302
0.04114039656087476
0.0029408285276082227
-0.018858832274114806
-0.03102123147745267
0.02304694103065629
-0.02997942703837552
0.009321164279619312
-0.029297497911907125
-0.010696175064432115
-0.02672303026859995
-0.0012593080720172888
-0.014365635198769853
-0.01712168246320005
0.005614389277043995
0.000388085598951818
0.02649562356740199
0.053185301561409014
-0.004788101676443305
-0.014191382564896037
0.010290250652199177
0.018263976509485913
-0.002852573534969
-0.02011786132367045
0.011847358383887096
-0.025952733212915493
0.048731497627153265
0.04141201855671037
-0.03343693246598765
0.015011498140598364
-0.013499830181935438
-0.015852927733199466
0.031608421651083136
-0.002588980699308934
-0.027011405771670334
0.007909672876744123
0.005366269499860298
-0.009231391233022352
0.02042260072103332
0.011839913692545789
0.09131240202414209
0.016262023977739674
0.009569911857372179
0.029077058453218983
-0.009521403746551459
0.03238114699546762
0.028319738252062694
0.029759940418845613
0.03682851172684719
0.01675194803953548
0.01986309725388473
-0.024966948769894057
-0.01651791059150371
0.02037092392104588
0.013587328712159386
0.004305772889809385
0.024704094928618928
-0.012103875756890986
-0.020296599677523532
-0.04184904457846044
-0.011643061741580333
0.019034107066922934
-0.0017468742048163306
0.022540950504804595
0.0229791236501372
-0.020135418825091986
-0.03178415590587601
0.01094900512455216
-0.0016188107269693888
0.03211389201336533
0.031237568854557033
-0.006703036314846538
-0.02611576215339348
0.06051422628109978
0.0043189771109067125
0.013124818916529815
-0.016716717176116076
-0.01472073081592928
0.05157710479392856
0.0005818616944919937
-0.012117674162981975
-0.011606298979314877
-0.054380023640648686
-0.029060356606016913
0.05513537433836923
0.02012252280912239
-0.008912783921813666
-0.03482804758124197
-0.00908021333631594
0.015198732067397134
-0.025015014146783834
0.046220147424705
0.02099996643075555
0.0002589313175916388
0.009302857728547392
0.03280413322095253
-0.018812422631674517
0.04404905982825276
0.03851264756864856
0.0005799277095892775
-0.01264209066281716
0.011623845792919824
0.04435244600489986
0.012575851883341625
0.03128008862106595
0.007040862187265326
-0.0015378951951488934
-0.017382352241839746
-0.028249808002546745
0.000530030932208197
-0.027430280474369812
-0.025044107360157806
0.03884831142150425
-0.0006438710433195592
0.04582922544913744
-0.01528071490447783
0.012387267519136111
-0.010001873963339753
-0.032785255678333056
-0.011516149198679658
-0.021410625009924113
-0.008232411968123238
0.003984506199871019
0.05134779738386743
0.002862993595438895
0.022151952843805525
0.006019162786382849
-0.02178109917731987
-0.009078013725833653
0.02734677160611453
0.020646571099784756
-0.010878072583815663
0.004173159798979214
0.019259865936088194
-0.011148188577226794
0.02085060384117247
0.005985546141611391
-0.029770938377775613
0.031699823951415546
-0.011808900800359295
-0.003137621110002598
-0.013592251603686753
-0.06517601187655972
-0.0014317063652586747
-0.024674047353852504
0.02197332322378116
0.013915295864348223
0.0031351278982328997
0.032853360047901826
-0.0014268499678965758
-0.028883447356432664
0.004919173658834253
-0.06214077226383831
0.001085422800965085
-0.014344067924791547
-0.0190856928625125
0.002604992394394116
0.011992951544047755
-0.05187425635924847
0.007882539890677463
0.00942382244776256
0.023199266122769836
0.04052473183689034
-0.0023805044508834233
0.015445944894359884
-0.03885997564061662
2.1661313625601527e-05
-0.004775801440300856
-0.04599511840500672
-0.014127845465704208
-0.04497786921117016
-0.020792628206011875
-0.002341379453855945
0.010938629470870383
0.011611413160637603
-0.012364826434287386
0.03320320545844497
-0.06310403683906424
0.09259638188111384
-0.022437912652547024
-0.018585327168657875
0.017493080389098924
0.022099498796048774
0.044180127098735866
-0.002858254745738781
-0.006081611563050229
-0.023520583820833562
-0.009028728060757116
0.06133826590226889
-0.00866847744252735
0.03519302926336643
-0.024053811011707713
-0.035555264117137234
0.0265832936288786
0.003930501775643564
-0.001464867336845774
-0.02276384562170387
-0.040366351300300723
-0.024236578221055804
0.029186186948007144
0.01125056493543046
-0.01781069760820674
-0.06674364721997503
0.000893652831051586
-0.004975694774324465
0.007725298266845232
-0.052104203787231955
-0.005378457883324587
0.02884283558833603
-0.024611521639840747
0.005456812395757245
0.019419497448961216
-0.0706608210547146
0.009286700423364639
-0.019867096923423103
-0.014842941787783654
-0.0321507462787233
0.0017469129531980303
0.00439379663728505
0.004134348679070731
0.06352662607965591
-0.03177433007892335
-0.009707740388355264
0.03261539984188106
0.027131756861704704
-0.01685093273774896
0.034018124720614294
0.07077810525197929
0.00946549294375374
0.02726721498610549
0.01338050065578178
-0.054915332115691995
-0.003002077841784237
0.012628185165766036
0.05820810398300591
-0.009328661373851103
0.009796293872593712
-0.036429038467306385
0.013657749311911643
-0.015586483369967857
-0.0056051299496991495
0.03551898240996961
0.010079368467666903
0.033140190170866037
0.02209209865943326
-0.001504652155165343
-0.01956114076590641
-0.0047561437772296634
0.037804515665987734
-0.03061908273931648
0.04295127203562971
-0.018525266893360214
-0.019528273840102143
-0.03631019420128773
-0.026025197345328616
-0.04621790781619478
0.015995739973505063
-0.023988011104886946
-0.0068115458954059035
-0.004261767829017387
-0.017721419147545266
-0.01991701434870895
-0.04672870317233066
-0.0027968780062271764
-0.06429444530985873
0.009867076365865726
-0.0016404261550051534
-0.006869037839965654
-0.035817456474302956
-0.016784253412195655
0.006506910374695706
-0.03635085368665729
0.018972235482072237
0.00870731236789828
-0.009218409198247186
0.05143143296640261
-0.03708160214148737
-0.028266206792649236
0.013308732320012397
-0.065539694873755
0.006871681342021824
0.04139522942253129
5.952940641893383e-05
-0.019347231612915097
0.054783048961536164
-0.035851733266884116
-0.0444201139787143
-0.008206541633473017
0.00014742736489012067
-0.03520178649911512
0.012090582181510975
0.00012936939175809686
-0.06767411624528662
-0.009427188650801567
0.003147369905386499
-0.00886045367468015
-0.009773136455268214
0.005820976555670252
0.03627545876076992
0.06740032812396529
0.017694685911147447
0.0519080421154068
-0.0064473909698944286
0.03143477963875882
0.0016226911011248115
-0.015738428914334655
-0.03428885777410266
-0.004900971884021318
0.024473237160190918
0.0280707063542148
-0.017573060205530316
0.011413213736702458
0.02490355608283871
-0.026141813395141746
-0.011930715238066927
-0.014003206947975614
-0.028517174849931628
-0.023092170011088993
-0.04419928546461434
-0.04637332124547348
0.03838989607572087
0.024136111737109577
-0.04497732341566811
-0.047922479237790014
0.032589341221934874
0.000670355281701021
0.004621577378469304
0.0013469154485116536
0.004311751433134705
-0.020768994143501633
0.0012585474144785063
-0.03719223856995269
0.005367972051535904
-0.031676247983228024
0.031032202162892483
0.018136844239278402
-0.08765774197699865
-0.008891893932729694
-0.007706685152260042
0.04690323383954191
0.05029426309198824
-0.0495183180691003
0.04933537723994763
-0.014144474754466037
-0.036423263887231945
-0.007289080918979943
-0.006740109126513215
0.04133059417339802
0.04230584990913032
-0.05557537592172403
0.023829807927334842
-0.0055174188527345475
-0.007011176722490227
-0.0003363528142816526
-0.008692745965699265
-0.003367805518777749
0.0593718696513158
0.01081713924346984
-0.002856449656957213
-0.02443533589616845
0.006601375317977585
0.013268520398405164
0.019962953830452077
-0.027713343577272363
0.0030656763296163046
-0.05150948572130397
0.015308450043477135
-0.008255469208194704
-0.031428129747240914
-0.0043744178316752124
-0.012272416373928278
-0.008780354123358087
-0.014832245072435376
-0.009182190584161878
-0.004215387630248568
-0.02825729062343204
-0.006860236933968467
0.0681683047346098
-0.06448230798400023
0.006773496353911918
0.03232927156214797
0.029307735549643693
-0.003929901693219323
0.02228877970063986
0.003780785221857006
0.04994463525760666
-0.00978461750173653
0.027118238812040504
-0.0034098582112533867
0.019904552573864923
-0.03119317676770735
-0.0026735681227178926
-0.0008019537665795901
-0.010330201084116603
0.03943822189137527
0.04113680178584097
0.002735962983071248
0.04800716707064966
0.06445563627388368
-0.03155614767547214
-0.0009842222510904823
0.03187929386782752
-0.05299039248668164
-0.02922741081198766
0.016701191283755815
-0.01295316875598464
0.01860841745727242
0.010881728445725611
0.010155013410084
0.055234144788222694
-0.011622203067627566
0.026594681596068624
-0.02110395792410152
0.045379399216324445
-0.0003117883234348188
-0.02766095201467784
-0.04763379844085557
0.005073798662924914
0.001240649363821793
0.022698129473007433
-0.008445508626732512
0.0007001897829040326
-0.06901285581208767
0.05526643754889097
0.07462546260144359
0.044471468377723485
-0.012744561187204843
0.0038374812659919366
-0.030919743827963104
-0.009270518704966405
0.005253141788744958
0.03136015515324644
-0.0027630319644503932
0.016431894140053502
0.0056911452986199065
-0.04228685317231999
0.04521025707703372
-0.04737676188917145
-0.05653311505589803
-0.018810061254593752
-0.027619515698038565
0.01466078165393106
-0.0011849357316967037
0.01623020514889739
-0.011107135382909118
-0.026917019599349633
0.0006117612662747084
-0.005985971704424159
-0.014007160366658677
0.005432496507148948
0.011769426443199296
-0.03918703734886457
0.014977085419884755
0.02992732087457494
0.041124284616352036
-0.003621283320086039
0.006939217177384032
-0.04461490521308334
-0.0172538972527694
0.008643586726634222
0.044355832311589405
-0.04960857937436921
-0.010632104009643048
-0.005642816274650842
0.021846476322669565
0.05630203473736538
0.013406286410580975
0.01789138759270396
-0.013826114192974226
0.03548648423391835
-0.007400658848658111
-0.00940337667134966
-0.03693870146862511
-0.051697239345452756
-0.03881851424194902
-0.035033052102047414
0.017533705528161934
-0.022500029195333716
-0.0055026527768592915
0.00897447787069106
0.016234968218945506
0.032165753753784325
-0.03716680873534682
0.008564143491151364
0.014384780183902383
-0.050536755886125835
-0.002804434411430182
-0.05916688277319628
0.0164589492777597
0.010290884749597103
0.053787481399870274
-0.07788612669428746
0.00042047638171465953
0.0014953304517961552
-0.03619628290997244
-0.018019760161570073
0.06513319823597444
-0.0502921233132423
-0.030549230607661522
-0.009968645623600366
0.0011575202470503073
-0.042537135241286245
0.0036155993742680967
0.010949192115240801
0.02217892876867854
0.045365950023330597
-0.002771108552206071
-0.06569846438634927
-0.04990930421949963
-0.01886252799348903
-0.012917143229564304
-0.06086483515304293
-0.007290585172418913
0.045366893060268094
-0.04259295289710887
-0.022173299630121712
0.0004905531228973337
0.019290528264545873
-0.022959901249627795
-0.03310159793423817
-0.0031946305510438294
-0.025861009329379254
0.0037258502798021603
-0.009833499490054173
-0.008397045247652462
0.010483185981346017
0.0009735300378069353
0.057852054130600676
-0.0234924550501318
-0.03647568685630139
-0.002101758011571425
0.0034403347385600896
-0.08473196433229262
-0.01548903128532622
0.0044408216665655885
0.020486745395901704
-0.024052632120424952
-0.021752783488623584
0.01264679029613271
0.007420831328544944
0.01869988903851096
0.007623937963079965
0.021775009400365367
-0.0022129484401688508
0.008146672320615172
-0.05148030795090819
-0.030480854152892485
0.044359278865994216
-0.03306897232235182
0.03715146078923327
0.00032392584594965275
-0.010393896249638785
0.026896905407792597
-0.016510909856232554
0.02321975142665807
0.01104880099265496
3.8411601264696894e-05
0.0020082255628570537
0.0083678898258253
-0.014890668607281981
-0.04129363617769832
0.029327812239872984
-0.02274683627908392
-0.03942177911507879
-0.01450034973267162
0.0009687576340680499
-0.025207837619386168
-0.018696438811900168
0.014838896467046897
0.0035654996192518297
0.041602431743299806
-0.0052840104527703
0.04835776571242487
-0.005110819137604252
-0.000871518376859943
0.0037134951464883738
0.03706716430161013
0.0020543103513396984
0.03359806477554951
0.00045815355437755286
-0.03228776010148845
0.018645678766890654
0.01090318276969641
0.023298304480307112
0.014495254245927024
-0.03526499134084796
0.015132622984008156
0.020280768458768247
0.017904914614976446
-0.029648418139861073
-0.009857145465599156
-0.010525803897167488
-0.026082489916929998
0.04685418134954049
0.005463876021859414
