-0.05527036312112013
0.0066397048784607865
0.029188055424617703
-0.024682620714501828
0.05594128249607035
0.010086486509379744
0.00414239065568829
-0.032298593653170324
-0.03454415270073252
0.007615685673677731
0.005182561753990491
0.0008152965929425003
0.016789557978875377
-0.03895904078595886
-0.004318427360573923
0.017290415778075854
-0.0496825088089848
0.010954815998499687
-0.017808070159311552
0.010563700633503934
0.04325411447342902
-0.027905889951789862
0.012142630139007253
-0.02386839717541754
0.03796071175730902
-0.051296682590596894
0.024456622486555973
-0.0229278493710553
0.05576709852644767
-0.049799605977672
-0.024927059527453825
0.026352631121784202
0.0243766846618875
0.006866447816849869
0.030895529916788
-0.04532838893461518
0.03280355726643786
0.004640227983992564
0.019944209590749332
-0.058766950734688135
0.011879767957947141
-0.006987240436968242
-0.013626835718726901
-0.003964802410640721
-0.006372410954152447
-0.01915611390545705
-0.006725154395250737
-0.024507529594868224
0.019203336464645688
0.022557031215159992
0.020078172988020313
0.011062310422055171
0.04466916784838682
0.023995967281592867
-0.012991886954203133
-0.03912924197187958
0.024294227110448326
0.018248974145822317
-0.00713277498677496
-0.012784379157667515
-0.013196686586134182
-0.015443222731188993
0.051508702979050754
0.057382648245063526
-0.011031210249638632
-0.012968309310015783
-0.0341297805301723
-0.027396304692964654
-0.059374930167489536
0.015186560321796112
-0.029860770730727845
-0.011311134839918769
0.032975978919387104
0.009003131205811586
-0.009932216303553499
-0.005487788336140242
-0.040968380225923876
-0.008092527848859506
-0.00341867995403911
-0.03219276030549675
-0.005280217040032055
0.012750066744704554
-0.006128448163861781
-0.007729165113604222
-0.04481055128401142
0.012315595720985784
0.023244664730750108
0.0029289719090087956
0.04188752900248994
0.0025300805099622106
-0.004965271372888956
0.024620740268087738
-0.023989623387535727
0.012165728218710757
-0.01275553912872643
-0.013536050749223335
0.024333181199213846
-0.00699886582887153
-0.001052850357183762
0.02680813043092102
0.013245615636308192
-0.02994810874520202
0.04244034854550271
0.015413807138533984
-0.0029068963639701483
-0.0125089289268334
0.0651599969117881
0.011100360924706665
-0.01235911638306187
0.02351708952700746
0.0017584809627430318
-0.023537560388305907
0.017565158663227123
-0.03338250835388293
-0.048481788285609395
0.01604385604303907
-0.01754340540733023
0.008417330694786758
-0.006347661648311981
-0.004411065983960901
-0.026406300902815195
0.007961201916409966
0.027821255020431188
-0.009426326468564214
-0.0757684952992124
-0.0268956057336632
0.045160930768769224
0.03065781003371037
-0.04407854128301696
0.0055250506442026705
-0.010832105821762791
-0.024785111384689466
0.016493013950731716
0.022161876531038988
-0.029627136360655698
0.004907612575898202
-0.016852166127072896
-0.031647739455065355
0.02919062104008069
-0.013850149111565959
-0.03738227956345471
0.013109506647307468
0.07338105963801876
-0.04233156750606651
-0.0027712764054468693
-0.031534252637058245
-0.028301201016347498
0.012916791702757313
0.010371303578566454
-0.025242648400042648
0.0036321202999929055
-0.03376566433654394
0.045017324604214315
0.00919564650157419
0.02742231051459104
0.007492083510143254
-0.03266358088734526
0.038638975882946666
0.030000813806009625
0.014849946369904067
-0.037306113238392676
0.033763360493893876
0.00207801855222883
-0.0008230051929528686
0.01577332098709201
0.01181021422646242
0.0290263346489584
0.013980462116043098
0.010267173341534753
0.01218508561760188
-0.04694192251899539
-0.0029269139194830437
0.002171059699953067
-0.040436647734089955
-0.020767192448921154
-0.03433753584795321
-0.043640577128608284
-0.026464342975310248
0.005425238373867531
0.0038561422010773595
0.02703202830920399
0.029572693638698685
0.0026135936218569782
-0.016538755980447687
0.05536612919996974
0.015235724245772724
-0.01305742739733248
0.05959008106787751
0.006759913555135562
-0.01654931658037177
0.020696722736192105
-0.04313644731855689
-0.04355200016841848
-0.033905395416387485
-0.03028456807385588
-0.004691609090909076
0.030731450695501254
-0.050855235684577664
-0.04866685816899753
0.003022634665488298
0.03943368572762257
-0.01456878063947763
0.012022923418305341
-0.02526548730682938
-0.020999556322741236
-0.08026661830355461
-0.006558925311975561
-0.008666959449576272
-0.07359424812751779
0.047330687949896255
-0.04533138252941548
0.007453954606716618
-0.0222201527761844
0.010602824516546679
0.02216882000706159
-0.031192027572944554
0.02140251964057245
0.018322941569621578
-0.0471779081718429
0.009606489690045968
-0.023328587700192412
-0.03356667470495882
0.04056831181697809
-0.018149425267761043
-0.0060818880031200066
0.010498180106770328
-0.021038906141965755
-0.07584253227688235
0.040847697361277406
-0.07632223578981248
0.03629422309252216
-0.05827455822201775
0.03145458523515274
-0.03098780366670949
0.04121980076625945
-0.021210680060973118
0.038846311507965726
-0.01222404121631997
0.03569376658961831
-0.004438779949817394
0.013229862946338993
0.014196688272895474
0.008764822225121545
0.01324072554721638
0.026789264529964472
0.0011728810288270405
-0.012314745387502296
0.02138425581089529
0.009518399834975903
-0.006679852480022621
0.0012859147851626443
-0.014618556973209774
0.007699754039745981
0.01035239148582699
0.05325806745305457
0.08767005290031357
0.030866823989855515
0.038649734438342756
-0.017853122690606363
0.0245717566085427
-0.010087232849993088
0.008794116043158214
0.0008217086624672813
0.01985643658445901
-0.02159840824651101
-0.08021849808738553
0.020876587978368614
6.742903948291471e-06
0.022337103188313695
-0.018617461167859922
0.0006986512894550665
0.013034358149668157
-0.023378979301255817
-0.022479532039828814
0.035894014833571075
0.006906685592620859
-0.0037631329325123935
0.0398259933973563
-0.027797912828842405
0.030358289077361822
-0.032855939855399786
0.048778305232323696
-0.005740203585411293
0.020805890259071976
-0.009728650382273038
-0.01057774159228594
-0.009856009310244376
-0.024054803787227318
0.0479505092507617
0.03549580802957717
0.01892905574846974
0.007162996137249489
-0.01233884423814637
0.03462708288165944
-0.013287049525257149
0.018537969631561856
0.02427693083288677
0.03673182665649987
-0.01804405340660274
0.0010968151552495254
-0.03611740431217936
0.022645519044670843
0.012021083459885751
-0.04558451634591073
-0.01996585506826175
0.011796513486993333
-0.024751281941816083
0.0015118170153027057
-0.014209143411313825
-0.01943837595531107
-0.07933236191682905
0.009595826363176347
-0.039954905219223784
0.04325415171778726
-0.021475932370966552
0.03740256781463602
-0.011808868909999054
0.017842734547243954
0.0045336169205601635
0.005186801416561902
0.007825353651102753
0.0005034617012307552
-0.011903728904045964
-0.05045154904439574
-0.01029485636183476
-0.0516111211137282
-0.03674420629945687
-0.07193187289259025
-0.013568439064790515
0.009935097821000986
-0.008580679312432456
0.02186219338999121
0.007856945937542673
0.01719400566191573
0.02443236984145165
0.045551630219752955
-0.04661776627926258
0.01227136970675301
0.012989595181904465
0.04939374208625852
-0.026442734133103024
0.002865491548183839
-0.008502022152669039
-0.058518497649397726
0.019519268281237713
0.0016567303942755965
0.08698214312255809
-0.002106681270417054
-0.007556177327745382
-0.03884126866427327
0.005079742906961439
-0.004970959053236007
-0.02007211831861795
-0.00906725140466272
0.023152638829587652
0.01642197726830006
0.05547366820964571
0.012915910993419905
-0.0037452254706839888
-0.014465009500312905
0.015063028403392823
-0.02158069466562695
-0.04212906633253186
-0.015116073075878445
-0.04821957099684395
-0.016588779653592525
-0.037127802502340074
-0.052175671025770705
-0.002589559373776868
-0.0407012873014359
-0.01396665273256949
-0.02936105164622414
0.0343426301544539
-0.05992499041773102
0.015631825060602473
-0.021410484363776044
0.010186307811393217
-0.015347347529046405
0.014125193124108875
-0.02925896479349908
-0.026854639664972264
0.01996861174432712
0.0008657258204901797
-0.0038962743490981826
-0.019929746135220378
-0.01701070933744231
0.0019321074263666347
-0.005494234458868153
-0.008363351604825184
0.0003307956836956713
0.02160367286708704
0.057130252396885496
0.036599542111288824
-0.030935998380446843
0.018737846256496087
0.05578059827214977
-0.04168745117500241
0.026025612755275648
-0.002394804497647698
-0.03320854374597788
-0.03891423900208971
0.027593446303915678
0.03969379131393633
-0.03162502020639271
-0.01933540966273454
0.0068972547497272675
0.028564556444901048
0.054574991406837914
0.0023588502950752867
-0.026636018155002997
-0.060651374062921315
7.756364460140605e-05
-0.06330812207529299
-0.0062798451113111435
-0.03182762049209907
0.02579803575657636
-0.03829413044802918
0.04839498451047827
-0.005661482616674629
0.05135126641544398
0.051515443303142415
-0.013902665706154498
-0.01694058432479159
-0.010689137725356667
-0.030985445426084984
-0.02757692118941346
0.0018805222285509533
-0.005949029255363266
0.07966101356979365
0.0032356334448613456
-0.05092661679669529
0.0009145615766618221
0.011872314065353757
0.010162706035810813
-0.029296764979157786
-0.022928140183818745
-0.03820696180992061
-0.03673061507647199
-0.011286758256397888
-0.010862761937565284
0.012779739882765753
-0.007996589211483286
0.01952461314853913
0.014760655184478291
0.025454660606737456
0.008971665448069674
0.04768761638647879
0.03459828263898618
-0.0035183808282642313
-0.0010374358417341697
0.020633394895824785
-0.01615388602658625
0.0006485783303206193
-0.025617379061698514
0.05722666540394103
-0.020079913334825266
-0.024945963020530287
0.05789739291110669
-0.04150032909989918
-0.01017965861255455
-0.006531607960484473
0.09279650206351459
0.026647545272497287
-0.0031593398305035042
0.003430591179162569
-0.026605425870879496
0.053529775094737844
0.027215849961384594
0.0010311392995178842
0.008916024125029487
0.0356430988405249
0.0031415628494612063
0.028067535979844807
-0.0066379038139652916
-0.018089403424438297
0.05244825530411516
-0.017178005796523833
-0.03177827214229988
0.04406798635341611
-0.006800311034006729
-0.05845589334471142
-0.013531030338786531
0.06567942652542544
-0.005846760155784752
0.00821784784801136
0.02601600403095545
-0.017455189186777756
-0.00786632971887068
-0.028022782372765884
-0.07340872126486692
0.032175817360146214
-0.009172341477413781
-0.0028801430540329885
-0.06519337378008759
0.011949019441312284
0.025696817894256648
0.012063833177606915
-0.011660281178165633
0.02348095139794176
0.024165363177003865
0.031392150427974504
-0.0009537523212271625
0.002459570157744505
0.02098544332867415
-0.026331599097283623
-0.026007394573025956
-0.0029741417522497217
-0.03506253158738038
0.039393662310814884
0.0074674994709329565
-0.025115375369497258
0.042837437660817185
0.011907220435049994
0.025393454194339922
0.005126919241780207
-0.02120725012239634
0.008719659960676735
0.04179737264067512
-0.014238651733598277
0.006824028779187184
-0.014999905171872514
0.0031912108424206487
-0.008073491976298966
0.032658409403793734
-0.010925571222000155
0.0023465094820599368
-0.010310117992710218
-0.007640122546720629
0.04181326900958285
-0.018340395398546913
-0.045434810650856916
0.008917325413624281
0.04098737125487555
0.02765572924970673
0.013668560496165709
-0.039246375791061036
0.0004430397078582008
-0.027127964019341172
0.027985075043828106
0.06750932594490003
-0.038888012527053
-0.025289324284368416
0.050903017900141116
0.014451721709622554
-0.005845094760949311
-0.014453644829736009
-0.009736116868949542
-0.030470975511277802
0.013415070693307683
0.0029011267555933587
-0.010815036760066038
0.0027133676626091645
0.01868478356188153
-0.008938113667708416
-0.0032331687694442204
-0.00882355217197072
0.02039824869294979
0.021768695753164785
0.0042169070216264044
-0.004044844820981386
-0.001695085856899209
0.07010631438731031
0.004978152040543574
0.009680406005383497
-0.03669047394602585
-0.007455599409561625
0.036594186460601134
0.04147607559816423
0.02413566594348957
0.016706359423489928
0.007565255120934308
0.02277498200758852
0.006928715016548746
0.0024482326545250967
-0.00994487428942079
-0.05632186965934994
-0.01772848414498194
-0.013919771851012811
-0.0024524171791257903
0.011533391459471848
-0.009574263188245884
-0.015239933531307535
-0.0213322854052958
0.0003548905093363078
0.01774014313170454
-0.04240804031791331
0.006354838963858209
0.02225706445516124
-0.01972980623839424
-0.027980714824917756
0.002422035390343486
0.0003173782525539105
0.026533987815351927
0.011734869276792511
0.013803028103105732
0.0283735111563839
-0.023496805467474093
-0.029151894326814993
0.020135149752368287
-0.03043597628244335
0.003852733496095541
-0.03163542208962562
-0.05547082398780725
0.018425748840979528
-0.01010212225894304
-0.05965516466439227
-0.017655062357094253
0.01264746895982682
0.007148640715500273
-0.03615347407256418
-0.025838580689459302
0.009224281609544823
0.001048543576862124
-0.00950358567985732
-0.010189680013918434
-0.005393496445482248
-0.04943774664562907
-0.0017332606151067487
0.006391587985915129
0.033184243754897653
0.03487917208600539
0.0021167079457310002
0.07216257964390192
-0.028854268377411778
0.016443185288508824
-0.009090673075402771
-0.03734138215967447
-0.03355350052604264
0.020622472690931877
-0.01737636272671329
0.027399549590040127
-0.025639244599780432
0.007596713840639104
-0.010632776220144054
-0.03640381222378495
0.020933794967703565
0.014873558872716035
0.0069425103010863996
0.010958198774155594
0.02736093353122193
-0.05590249170475282
-0.02693400833166854
-0.0211560940763305
-0.0479934937017086
0.02174404111631345
0.018847174415994015
0.015880673809722013
-0.014781695066542611
0.03588390458873179
-0.0005838117186764718
-0.014522164753636414
0.03846051186976947
0.045598236894530964
0.028175758033364577
-0.05677033883577887
-0.005313001906065962
0.015514075876673316
0.004872090111080965
0.022933888792229642
0.03097887899104271
-0.011586394476193274
-0.004279380742181213
0.03558924950901831
0.03138234017537389
0.011901447957039485
-0.006249614150429122
-0.03666942441350419
0.022720510858774773
0.03297891398273747
0.016423299414764628
-0.057507776804675316
0.025822535530938655
-0.028007661877516805
0.021554252566714456
-0.003844215728542316
0.02810862814000305
0.002280093849498873
0.02179623727189182
-0.031198345822630202
-0.003729054751886693
0.03629643725326669
-0.005158854500520749
-0.0165733964744527
0.009177065175134258
-0.019920863461066068
-0.01656544124990644
-0.027593185553528722
-0.03994437631148721
0.06488653409949051
0.009618655566468702
0.014338842761516568
0.016820380747354435
-0.03435465559273132
0.010718549758964555
-0.04338219999926158
-0.0038586044089555863
0.018145307788186783
0.022848377707236245
-0.0009406112182222327
-0.020016908433592003
0.005696708288611687
0.0275549223872675
0.013354507352905538
0.00520409953553375
-0.006954946870757383
0.026125066880127515
-0.013371455301744025
-0.015548916162765125
0.028299295153027326
0.020628350988305393
0.017874201903907934
0.010291487395348046
-0.018366414218032045
0.029067831394072877
0.03882168448873936
0.021940532445792613
-0.049754504307850285
-0.00764616366038353
0.027050061893650865
0.009842309383497588
0.0036103071545916386
0.016518534757526803
0.009116638621630476
-0.016721548120298482
-0.01760993315608132
-0.054340066288828336
0.04469490980755184
0.020638624435979032
0.015471668046662213
0.012310169055092888
-0.019622890590491996
0.016227362266842443
0.0518716383177851
0.014677108744622382
0.012785466497743307
0.014978601020561682
0.017297866967398417
0.04680272141136804
-0.021345829020119764
0.08654604595933893
0.0068895881105644815
-0.017774532881324235
0.007931539124097059
0.01279010209080724
-0.0201199787540314
-0.030391279068347526
0.04399085878489139
0.002868542686940908
0.011789068510970205
0.025141392179515176
0.047006161206994836
-0.0020541504093679343
0.005577236948269771
-0.001917618062117285
0.03006278604265033
0.038934518416142046
-0.00023189000922219438
0.00013915323781992848
0.026041494235287982
-0.0445156416685516
0.047076767721041884
0.04781494868712662
0.0006883366522946181
-0.018385997681501384
0.02189545169249117
0.014792360631265546
0.0063265735231042034
0.037196846464643545
-0.013856603014760136
-0.004864163957486761
0.030473360183446763
-0.014492200263429532
0.021603456440230057
0.019442750983305217
-0.00435223045477133
-0.02217945538074653
-0.0344199054428778
0.057852190965117054
0.057562177172155435
0.0258971554564993
0.006580701041204948
-0.0013057109425482114
0.016490816385239523
0.01985548449315146
0.013586845642620835
0.007146141630240077
0.012279581791751046
-0.0241836026094593
0.0005509739176862575
-0.011586676270676602
0.0312407577947739
-0.021744597229507757
-0.006952051085378752
-0.0059861505672786
-0.018142886685734102
0.00990883115052224
-0.013546043944714278
0.023781317545268455
-0.05377147711022675
0.006672481038264991
-0.008809733616221152
-0.022594689986693145
-0.006408505493277215
0.021350743627549202
-0.06229346209542789
0.013515582450295617
-0.017396560373932196
0.056738359846313445
0.037286460270080174
-0.004130400843290809
-0.0053934186480562845
0.02820271719257224
-0.012553678354729725
0.013608780141642376
0.021177464374565854
-0.03091110774369551
-0.0198684063744804
-0.003363368394256261
-0.03835173819228725
-0.040502880801916157
0.021599211665316587
-0.04643377866674756
-0.01238021462323463
-0.03878802047809259
0.005686591138750179
0.0006066726902421647
0.03701586581340634
-0.11656298231534197
-0.00334521575396207
0.0005169256963925673
0.0017816544500649503
0.008342228071165029
0.04081973747284811
0.061308933254879246
-0.022740240801338983
0.048547970417123304
-0.014281471247348977
0.013998313495091128
-0.006090950820620151
-0.0009736824461329241
0.04768309349218476
-0.034522095407969904
0.032202383775275845
-0.026548065296826105
0.045452638559719594
0.01234215603790076
-0.03965244037166167
-0.04036284746815158
-0.010851731469098585
0.00610839609143837
-0.0812327934003978
0.027587474944559792
-0.037713066573043304
0.0157375719495434
0.02144961029855469
0.03551244940489673
0.05143760244523162
0.012534534577539705
0.003878781161048676
-0.006848001723247089
-0.013892852330125011
0.00013393135299334473
-0.005821682147366348
0.035406403191883956
0.0024899706733558314
-0.010368630147446085
-0.020524156405163693
0.017465219511674367
0.013335158938672443
0.013146198920090172
-0.04095869497862366
0.012600213522801077
-0.018023223584018856
0.019057130645496943
-0.0382566664230923
0.018943848106253804
0.020442040992540263
0.015237179681965286
-0.008134682830500058
-0.01977023649332045
0.014465169630326857
0.045546090965605746
-0.04647099698670292
-0.020785424997806792
0.044347709944759915
-0.039345397901825556
-0.005978862679308785
-0.059401497237439066
-0.03283360653842132
0.027244459599160605
-0.038811065164429975
0.011081303598006948
-0.02764520332822679
-0.020594031152592694
-0.016095647852834787
-0.06821914356305568
-0.030016504961028458
-0.0934553588805015
0.03228098106489166
0.0026577298744137547
0.01803485963533795
0.04634152855992394
0.007714193802250915
-0.0011619931650510929
0.006853550735246696
-0.013101315394233643
0.026231641831048653
-0.03240828284259078
0.039738590098877744
0.020231361918042326
0.00759481214138181
-0.023513399619864178
0.023438367106946186
-0.01646458944678637
0.012278714034868297
-0.02200663424468116
-0.017060426808657745
0.005333876534861968
-0.011734665307123568
0.013820098512037816
-0.004113315030698502
0.02908974754674735
-0.01581484866457797
0.0028684093513900778
-0.010783141990647914
-0.00977626525277945
-0.008669101760273
-0.006458076888547353
-0.003732902741613854
0.0503207408099354
0.010157167965572976
-0.010810253083395038
-0.003634842353314406
0.00965400540299091
-0.04508574219164231
0.04468981164965325
-0.032405935553844245
0.05840514476883577
0.028498821039167142
0.03674693286432249
-0.020787106693816775
0.01794990978304313
-0.010062501312765017
-0.023151074078131897
0.00016828575347726865
-0.05872178968665171
0.014700785781201858
-0.01771998191300047
-0.06914026773497464
-0.016737900550910123
0.013686429279977928
0.004658221841583219
0.0025568672999007652
0.03108184997715108
-0.02976936928433202
-0.013630142956771549
0.04280492956449372
-0.009487882003594334
0.0019422479256952202
-0.013404169244269813
-0.004449543106229374
-0.000425222767439861
0.009326614261466996
0.000918335453513704
-0.026941597610723178
0.03709649632603154
0.03434450089927128
0.03291112993763754
0.042249136504186706
-0.02166284303430279
-0.007124414782859874
-0.0328562472298682
-0.024419732265221934
0.029131459849144944
-0.035905184231443774
-0.020653152022248156
0.00139431925553311
-0.00700600983622368
0.002495982539192824
0.04834997661300946
0.005037577622969297
0.021160372818341665
-0.04822243775984897
-0.03494649297742766
0.01226357494958771
0.0067683613454755575
-0.006955284346501361
-0.02232428729933387
0.0024605578685311705
0.007042580483973659
-0.009800377785729003
0.02547232476956048
0.00901649744252168
-0.009615860765821431
-0.026530930107963833
0.00683705063429739
0.0519513142315173
-0.02406578619435455
0.006081726524639465
0.08315813115167137
0.027614933383089287
-0.047593730193588486
-0.04092856239633943
-0.0002556094272232049
0.015053465660036342
-0.0307894454845474
0.04977921463591385
0.01519761774464958
0.005641192222782863
-0.030896592036274505
0.009092918607232674
-0.012834024765226302
-0.008248884858254531
0.00316608814756726
0.0017848782078839006
-0.0029423053824473677
-0.021385526294944487
0.004419265413135115
-0.0076253875795770434
-0.005559458641792369
0.0013603127412720262
-0.03317015452616625
0.012558205449620007
-0.009938073164564276
0.007857819675111856
0.04816340825399173
-0.003311951889274773
-0.021540594729623715
-0.047797066087294546
0.020816296200087587
0.027247085219276233
-0.028270890738943975
-0.03044983370054745
-0.08420279665749762
0.0463527398346222
0.0013899817489118316
-0.0662264396524548
-0.013693422523475355
0.0061424613280131974
-0.036968723344112074
0.003351784068525596
0.02306649292972631
0.024917981479094905
-0.017332052191663217
-0.01237363370687585
-0.053247260669284736
-0.05958778006618747
-0.02983996430263055
-0.049681344572273085
0.04694380478655136
0.016313329124955145
-0.003286670808275897
-0.04008543842890498
-0.003275257614375463
-0.012653002168705525
0.03199694698362402
-0.008378259210606986
0.010371579255468
-0.01252026206958558
-0.04088840277378019
-0.00922323957221068
0.022268683517988223
0.05610654364474062
0.003624607555670309
0.03654378948640001
0.0025240193618788235
-0.0006242726447434765
-0.031282453173106704
0.03528005767966842
-0.006506400353392645
-0.008991015310821667
0.004860376356321572
-0.052439962535890616
-0.01620467578286684
-0.005491961939831704
0.01307120540729597
-0.010089986276651901
0.005415020651165026
-0.006806051832940289
-0.03078370879665385
0.03152693055760266
-0.014986319305744003
0.02288887638557195
-0.00038126810499746947
-0.03409365617141256
0.0296156046647349
-0.019238855484264534
0.06016992301200603
0.034228277337737055
-0.03390233546460146
0.030602187501486838
0.01867952330200444
-0.020265216591016776
0.016096520634186727
-0.011485601659412658
0.02101387917955928
-0.008828157705372404
0.03598897657696902
0.005890688236334417
-0.04281061505626791
0.005528010400778273
-0.04968012323977022
-0.0563919924840988
-0.018795738977406547
0.04688416381488565
-0.020020290519527056
-0.019467913290100107
-0.016546775421781325
0.0028815167136390187
0.01768562216386304
-0.013846834096249292
-0.021492041102199058
0.0007916402169153657
-0.05936509438604106
0.019728350742560796
0.0007531123141278536
0.029619597652474874
-0.0023766373483813693
-0.012354903997085135
0.02422584106208055
0.036345135264460864
0.005822467771428863
-0.028390596708145022
-0.0333047673836738
0.06467713136244864
-0.004290284060912105
0.07699604220899209
0.04551815304563148
-0.006614404437847022
-0.017247109706351158
-0.04567122812259928
0.007415614460993417
0.02447268169112791
-0.012262419471961473
0.004730875635810512
-0.005868679726315308
0.023154135243848222
-0.023875463889709316
0.0700471095502557
0.04705367304323283
-0.004033742547221995
0.006536389729031861
-0.025771642336422915
-0.002425014304060005
0.017194187418761435
-0.027648781832268432
-0.00373469332689098
-0.0037919346703823827
0.030211545344429037
0.04745457576248074
-0.02772188157034969
-0.02030868218723084
-0.007676319917467739
0.006905551227569795
0.005644595726886032
0.03511842904658444
0.01154740799985624
-0.03080222567793055
0.0313322224167265
-0.019684941142108607
-0.002881158570681384
0.00822036795635573
-0.02772514371242585
-0.015800519399620353
-0.021312714061125098
-0.00034489118654957066
-0.020548483119323932
0.03591096198618348
-0.010906891977993027
0.03579256951127335
-0.008795465034459002
0.0013019504855103583
0.014580795326440322
0.007094665601306422
-0.02547548523367807
0.015897204571896622
0.041815471284498806
0.032282629888127634
-0.02200664612147329
-0.02329883488660031
0.0157767117500523
-0.007009858584398922
-0.037075978738481064
-0.01967550783851698
-0.021026712743147317
-0.018530458378531317
-0.003077548787744204
-0.006140706492822206
0.03141464220347314
0.011642997796094198
-0.02788744003754285
0.08327599675935986
0.027273253003985688
0.009565323631432565
0.020790216935614295
-0.00727355030345582
-0.02432312995175702
0.015877811820726784
0.049785961898179396
-0.0018238171469752548
-0.02854166619075698
-0.016780135145437306
0.0631358857571473
-0.03064724790187221
