0.03527428658036984
0.06000858277045013
0.05078359089768308
0.010600848220565203
0.0311683286913451
0.031996904465751014
0.04526097971258541
-0.0011142171234033926
-0.009036980884668639
0.03515337966732306
0.04704446947379394
-0.029002533743955887
-0.07271702808260644
0.031406328999224284
0.013334429002952506
0.0005796315417601201
-0.02468704679963105
0.022651597642026098
-0.03560832789066532
-0.0016243113151742227
0.0017532512543884
-0.0008423226659317422
0.004542192516511475
0.07593807359533185
0.016487348507595593
0.025560689902284762
0.021440112357301155
0.006865369244660194
-0.02182827344532907
0.011568691154858925
-0.03872086913385756
0.029058668215150955
0.03521075829914568
-0.008319769754667476
-0.011580129537930018
-0.021312744297176514
0.008701643027879702
0.004163674775454845
0.03302345250596265
0.016268758034311312
0.022661979248254197
0.01845588602816126
0.038226922879479465
-0.01149342765255618
0.02128728458882646
-0.03714698377440774
0.021378575114447632
-0.012265223147466031
-0.001044784656119821
0.008150805665826289
-0.01465349428770878
0.031918357747048126
0.01625202382058931
0.03727062436731874
-0.028702342598653424
0.0026228572748388163
-0.00931533736944265
-0.001616068870293995
-0.029207579178447473
-0.03936974788665361
-0.009068791461626487
0.004523063955699616
0.051539162688975716
-0.011503313801297533
0.02929230396691932
0.032565565213005146
0.04579464291902329
-0.029882083114070784
-0.0016157215595585873
0.0010131166122345336
-0.036697650416171616
-0.01737751406318978
0.00845329590534993
-0.026441196701686306
-0.030670185219784787
0.006834228234996687
-0.028723451076946294
0.005094626571352528
0.002590153357738318
0.018464781232303457
0.0457754864404801
0.02450826642505843
0.0059035642600501455
0.05272878940967517
0.01400870568901264
0.027887944288254342
-0.0048138617568756386
0.025871995321031543
-0.06053011735545658
0.008027006319724733
-0.0017159489203530235
-0.05632916278205538
0.01803395268699502
0.03094626272045066
-0.015345523879821318
-0.018828592309535694
0.005903314608847472
0.07776675373942625
0.029011577660451152
0.01749691282157852
-0.05094248908293239
-0.03429245996847514
-0.005891635918529245
-0.02149228703406223
-0.03396098198904885
0.007341968068203975
-0.012415456814111528
0.045103354930106414
-0.0045894569261187065
0.07381141513486691
-0.011291418017537405
-0.04891822258570842
-0.027185864910314654
0.005027894682408417
-0.023202783480024344
-0.0019600569005305867
-0.0042999151183277465
-0.02235262681408467
-0.017825839141175456
-0.0378281384571488
-0.031991672774925047
-0.051342533818062704
-0.01932705578467874
-0.002246459920550956
-0.03243652272354615
-0.05201615306779339
0.013697069423842871
-0.008987878701088175
-0.0017715566888342634
-0.03722306529249025
0.03565059973716517
-0.031540330767667234
-0.030435913388969515
0.027456665291805196
0.039778453381740714
-0.03965904588128153
-0.005997504232971016
0.05022180603608507
0.0057764356315010605
0.014878437466119741
0.017763596988064553
-0.011067067331332763
-0.05752733548780382
0.056390223350034796
-0.04186696050369741
-0.023774444828666693
0.0029069903032395636
-0.013125973421817127
-0.01331703907818133
0.0024220348772475107
0.019970808895655348
0.023595298799173058
-0.013634900364397275
0.004006603728934369
0.04027249309187902
0.008168721397324422
0.0026001254860485014
0.013737346734726721
-0.03787317142509061
0.029313992739012865
-0.06381370217754838
-0.02137076132284329
-0.01298311048654818
-0.00915614093995504
-0.007652277998643098
-0.017086448921767517
-0.02172860172375156
-0.02079188965872218
-0.04464144836896748
0.016114475026308386
-0.008677307695764839
0.0033057615779506825
-0.02502347296647842
0.03160114828866075
0.017667553941431758
0.06668766658798851
0.024374521128465658
-0.0033862096449480327
-0.03496641504133752
0.012321872330624416
0.00020096737330959038
-0.01038699054196396
-0.034491456411165654
0.0042946144304146115
0.019664287471268353
0.014032779473037193
0.012302612037664949
-0.007126527051485675
0.054107709907481386
-0.00471597645395165
-0.018855523221764158
0.030167203199594383
-0.04175490024194818
-0.010921067043832104
-0.023527817572186555
0.012591620423339736
-0.0403202344673911
0.05551360784837597
0.009983666634953937
-0.023560882004300104
0.03427237300694998
0.0013560170111775796
-0.02668504281068937
-0.017038969667621962
0.020792190707835462
-0.047651713522997456
-0.0038270333062880085
0.02014464429144972
-0.005055299962252207
-0.03255193823837688
-0.055783606343382856
-0.020253888401673234
0.04452233655664201
-0.01358810934342654
-0.003225496614090597
-0.027203531041287275
0.016139305864453203
0.0042264777074026046
-0.005573294707359176
0.01816055104110771
-0.012551648613941493
-0.02979651001670327
0.027616698242988735
0.008882780926290782
0.009048919295677164
0.024468018307271286
-0.027137016915386357
0.00187526213657622
0.04304661277758027
-0.005261202755768498
0.002819190425550055
-0.03220207271985184
0.05536538810659695
0.0046465633200054824
0.010920266176373433
0.005032644222242552
-0.04048605760504381
0.028916477647155752
-0.00275442739072641
-0.04479512903708645
-0.000698441183636729
0.022844552673093307
0.027203650228733358
0.019467329507507555
-0.02231564152369236
0.012565554318903629
-0.0031523663908060674
-0.0032972444980652387
0.00013318261817877084
-0.017804062909675053
0.014059500127993308
0.021965787224116472
-0.0027492850575560313
0.010815146697000289
0.023449283579139404
-0.009040381946644614
-0.011786533847500454
0.008258180667256082
-0.005940452727812995
-0.0008815715314183931
0.017361471222401857
-0.016828273846092107
-0.027737057953935846
-0.01955896115237032
0.014408928024380164
0.03727340178994781
0.010286595727651506
0.01708582902859615
-0.03264683625148177
-0.010567636905243013
0.008319469502246645
0.025353073145820883
0.022094984819062472
0.0011781062205709404
0.04741287945759232
-0.06179016879373901
0.009014179422012953
0.02617491587974558
-0.01949986562186301
0.004088870679577463
0.019508868833878295
0.02796832701174784
0.032389450299380076
-0.055684271993148196
-0.0135290333241911
0.006791145405287466
0.040658802914599335
-0.004817205928279219
0.014638719723899974
-0.014036795417566035
0.007020314799134453
-0.057362108457479015
-0.021827141808189794
-0.034712464181943146
0.03801194422561322
-0.015104180570840151
0.0318291902553338
-0.02857742194517213
0.005146465846935511
-0.001377844175565755
-0.029994357985087584
-0.019868359874839567
0.019749256220187795
-0.07301690121157203
0.05484128547765055
-0.008324479992029794
-0.028555350145606034
0.025248078610393954
-0.00902560528081186
-0.01268505649043579
-0.011663992535177992
0.006193350707535082
-0.0055329559087300365
0.0075552617973951705
-0.007885772501644874
-0.011408546167898388
0.012187903395819039
0.07074115094292771
0.006184731377472502
0.011622614019710188
0.03329666502488302
0.06823963887391879
0.006606684282255602
0.025370550681175625
0.07311626888289734
-0.035761746278522556
0.01010469903167865
0.05870282142249911
-0.03169836622381417
0.0038053695977159257
0.02105792313943974
0.0015326115742568282
0.015587524674524001
0.02174625191302855
0.03680421437359572
-0.023359736850980157
0.06795370546529983
-0.01578407704307297
-0.012926266478562346
0.02375916425435674
0.017551687056144693
-0.04083829783351245
-0.01156193571319886
-0.030541431629445184
0.008581350184205586
-0.0005561205577534536
0.008632405579017587
-0.03833686808129868
0.015502199426524064
0.00549629448859169
0.01264029488873936
-0.02498318078416781
0.029732549704265268
-0.027117465423024137
0.014528366758384271
-0.0073619075847144435
0.041739210925029045
-0.007922538176956834
0.03158762914122371
0.005289341159370377
0.001266220068463443
0.022723655281885528
-0.04966682669429011
-0.07119442933730646
-0.0010695699027933048
0.006855202549216437
0.006207437642416671
-0.030420698762247716
0.032286451840820095
0.019019899483392968
0.03155422852197064
-0.015399847676536777
-0.03674167868783007
0.06063742606741837
0.06767980080753626
0.02970337173281789
0.03380453963170238
-0.00794530855340967
0.02620343601896057
0.030898814575579102
0.04696892563024384
0.010921938488358497
-0.013472478587751389
0.005334858009953549
-0.002319496966911281
0.013758672563579507
0.013795422697266031
0.023856736189132303
-0.028335126416053943
0.03753276082006512
-0.03250198109487464
0.000807721658299698
0.02389841891610604
0.024005781871273956
-0.05430532077951548
0.030636050310298944
0.0318218977469145
0.0033789928501892904
0.041785386419085406
-0.02113959420086044
-0.0008154983827412387
0.04241186172332862
-0.05891508225599355
0.056418647926215634
0.018982454209239462
-0.06290936532064928
-0.04105066085350697
0.048867669479363544
-0.03201592005682935
-0.025893014448935468
-0.0028878852591998436
0.04441816667121167
-0.049306471228218504
0.008084646032867408
0.02124144344856843
0.032486295128692715
0.021821416950886244
0.057507536273659794
0.0053751376419008965
0.030868051925470156
-0.017720311958944995
0.018483344822977223
-0.025439143176103397
0.03889248576984886
0.03468426801690984
0.016405782627816536
-0.03918045899030388
-0.03437756485387837
-0.03567155667612899
-0.015522410667648392
0.024686971645225646
-0.03060110965867216
-0.027424720468992976
0.04371702777644102
-0.02621801894372674
-0.06320591189987247
-0.00870760932459469
0.03873986415906197
0.008863455034706612
-0.011375242265436
0.05442904563095291
0.004061988304494038
0.04427389990941798
-0.014685648531546571
-0.06271414614659224
-0.007077100440816665
0.015361407076982617
0.016045379016188924
-0.02950485051427761
-0.03251724209204818
0.02129313588832144
-0.008672618921258113
0.04445077618979408
0.013617407928676823
-0.012899064832920987
-0.035632742205375496
0.08721723253763658
-0.07792653057504573
-0.012478081472878754
0.00819053444203338
0.023233524352951746
0.024352855518043
0.029296550010606437
-0.07728233735365352
-0.0006688191430059182
0.0029858804179222565
-0.01831526902021636
-0.0010649633604549633
0.039092620742629716
0.016684491033890757
-0.012772804197723324
0.01956417890944801
-0.007712608638418495
0.0034941766998992855
0.010972708014908815
0.040791118415709135
-0.034474063196628
-0.032041354407830805
0.011107063015124884
0.007793291895440589
0.044315334467656634
0.02536442831059215
-0.0294640704280132
0.024648270256314917
-0.012260303214702648
-0.022381633322851736
-0.019307194282673006
-0.014008490578222465
-0.028958071735715116
-0.022463975953307815
-0.021473427309521263
0.01603997961408714
0.02899921905484098
0.043378161174846115
0.05068164527962817
0.003859587396632943
0.007884031976053776
-0.0002680908332893423
0.01303410541580303
0.022193518306467992
-0.09270768067604891
0.027567239094030322
0.0038493785560826705
0.008555284048039395
0.023236665383663445
0.04147304796628781
0.015901178227723772
0.037230210419658266
0.037560256274578006
-0.043004680413713595
0.016760950221162467
-0.051702478191021514
-0.003565255524387801
0.0012760511785258571
0.02111531373712412
0.04022791076812594
-0.009965189323136236
0.09153177987015097
0.01235790215334323
0.020949628364120884
0.010853105027836514
-0.024352246114694713
0.02893790541912069
-0.00658719329012501
-0.06102755634691039
-0.027397868776535522
0.004295109427842536
-0.01786024855931987
-0.015166773114613057
-0.010029252354621217
0.04201045575258304
-0.02210239275196005
0.044806898994600684
-0.007785415057902098
-0.04902560493443604
-0.06274951009743748
0.04622977924786469
-0.004556034963312383
-0.008381148778435293
0.009130068451335566
0.01071723332214823
-0.015457984375208417
0.04574861143717653
-0.014281324488187865
-0.01570987833307029
-0.03199666809352727
0.0007380866264049389
0.025989955524004942
0.041417876009261466
-0.0034439207000874807
-0.013761625182145203
0.06041674331913162
0.030086879267993777
0.008346177042584339
0.04078007556785377
0.02360882137956047
0.014035744260616972
-0.01926629349185441
-0.029279286888178255
-0.027660280095920167
-0.057790149492059614
0.044336175027426
0.009591711292239022
-0.07832178728041925
-0.010017301285995813
-2.6889816787224972e-05
0.01980427431197428
0.01626293336292029
0.005465437720632761
0.05640226396871793
-0.0006707748083692177
0.006998572190145466
-0.006350647450518791
-0.005789989311881166
-0.05682648827307864
0.02004512124575227
-0.013692670974128556
-0.01143042226028752
0.0434701631585264
0.015271673666603652
-8.649613953117689e-05
-0.006833312484812358
-0.014350146409906474
-0.002222116158128685
-0.029603140948478792
0.02502186485759951
0.0038180498091425767
0.036074729240511104
-0.043917056451354915
-0.008531045099644446
0.024341285609135167
-0.02166374413154297
0.02011935479541664
-0.009902673232886981
-0.008425357495944823
0.02009484351007639
-0.055415259702362454
0.02394411719757225
-0.0387024972594664
0.049584322629889765
0.02381679121098588
-0.010433717563352951
-0.018723384699000332
0.020528782358984813
0.034945966477035496
-0.031834937899689664
-0.03128517300728037
0.004092887747887969
-0.05163369255202017
-0.025884438268389647
-0.026658620705967362
0.02411039377518271
-0.02354134120560859
0.04733296127908709
-0.024415401870897822
0.019630186437730276
0.003391451854137145
-0.03232143292406116
0.026685323652987553
-0.003333820539465533
-0.022347911039688643
0.04998586191916817
-0.01677807172302386
-0.011489155296928006
-0.024328296938923716
0.0449291084072665
-0.04522124145798868
0.019244021103416855
0.025867311235565866
-0.03008587999811037
-0.04281468431260566
0.035296175584812406
0.02194333240605723
0.015086458246739962
-0.04685107085655907
-0.014914186628241169
-0.018986396744344894
0.023508565439165612
-0.01277571215190935
-0.010751496052735452
0.029093855876301238
-0.021521800463775134
-0.020600613717945956
-0.0004985428648532544
0.04758124349467559
-0.024395606154283583
0.008940615089678241
-0.007391109455375947
-0.042096772206252776
-0.00477643110847504
0.031376184836391804
-0.0017201930478636085
-0.032571127947347955
0.013389398285327031
0.028164003872474273
-0.031495511917417916
0.01911266808393928
0.02341842328273173
0.01309131349647116
0.00337595223946572
0.003947836876638731
0.00887060543755008
-0.09035574988118376
0.057600267086695474
-0.01389503740317365
0.046925917609961836
-0.004128168545643126
-0.004351162228881936
0.017126022411599235
0.010469464168243577
0.04987609126402719
0.015398072840135222
0.0008475455620521418
0.005277618843456063
0.035229184905457386
-0.07593357861082253
0.0015582826411718804
0.05362074731563824
0.022593240633489643
-0.011928287218010113
-0.012198286083114473
-0.03388329297733025
0.036699870061970785
0.020826880252515785
0.024186749658776863
0.01590012372045815
0.055075205776674505
-0.009692540676673366
0.023513632082960954
-0.01727593524150135
0.006637970035545067
-0.0005391602712915838
0.007163061217786525
0.023467636996452653
-0.02004404439485525
-0.03365302699540709
0.02381235208604829
0.0573960782970048
-0.014357925477362461
0.0015954822207962453
-0.006906408469477362
-0.024975423492899825
-0.017428057292053475
-0.009962027840822002
0.020936109600706403
-0.008087649343964125
0.018483800762043805
-0.006753095579413485
0.011692938525763964
-0.03095542409944017
0.04032237664605329
0.002874467500277534
0.0026448072519222555
-0.044087341883626084
-0.026351432299366175
-0.016549572322072506
-0.014591404596136373
0.049433689181149064
-0.01343392053581849
-0.03434048052337017
-0.00896541987231723
0.04521555820241409
-0.03303139079221078
0.026081650162332524
-0.057035661235699184
-0.012107335547681638
0.037230529885242336
-0.08997848626952194
0.004966397874164723
-0.025782180097035434
0.010792777272618865
0.012166264804906506
-0.037995511429604854
-0.033932631652433876
0.017833898133088034
-0.05102107830804915
-0.03972435058969744
-0.04629367903752414
-0.04822528697674871
0.009991912818531602
0.019793873759804997
-0.02491962655549229
0.032565271245442604
0.015077554839767426
-0.001333796382069837
-0.007314853157924835
0.007646343702548758
-0.04036310281979365
0.045368888031271495
0.03320118806751945
-0.01442987019398131
0.002996402065181074
-0.03917163479427117
0.0014728887411921798
0.009138980219641976
-0.017205893964076093
-0.015054807583810868
-0.014115400725619854
-0.002340102428837661
-0.049361530039139845
-0.013435000319703114
-0.027914589517671708
-0.058548474310386525
-0.03785764966731288
0.019527036749631632
0.002241223652061314
0.039079672659496474
-0.04153816467501839
-0.0164502832524035
0.004129896718904099
0.010915736517110603
0.008977332755299617
-0.059471238071846316
0.04006746428344123
0.04152301227528935
0.019546286976829
-0.012947836316095753
0.06444869303759138
0.02633409510071424
-0.03336571053090346
-0.02746021720661957
0.011805513530293717
0.033264454839238934
-0.03775323173657967
-0.012265738568085036
-0.001580976138417676
-0.03687297922341462
-0.05690186113032851
-0.04296603214755073
-0.013648388731695113
-0.011300289456621865
0.052166378035217925
-0.03381069637869902
0.009662325272197474
0.06377475728473271
-0.017390640251945935
0.029062506680220347
-0.02277456884927958
-0.03862245584151764
-0.02792272394170187
-0.0008785558215273477
-0.04719136016966764
-0.006875546781212918
-0.015329384413559249
-0.022505644828509808
0.032881648163093996
0.02235103697973861
-0.009136131985066546
-0.010091708454708996
0.03191129977708176
0.030953457822720316
0.029715787346895225
0.009430519642233291
-0.018888737448731534
-0.003167155742315429
-0.013666767338782646
-0.03786320915870645
-0.0294083688463053
-0.025788461400405444
-0.014925907168275628
0.03966989932579356
0.006866900044470214
-0.028069505080375895
0.0056451507415775145
0.005796689810641576
-0.026127803749839588
0.03017785671578024
-0.0035731576670011366
-0.0431568099905808
0.011402648244383846
-0.018037696407646745
-0.0029086480711572327
0.04678224084984671
0.012466443921885112
-0.009021420513121747
-0.04031066869937731
-0.03855697410141209
-0.01257414345872656
-0.022495040825241015
-0.011883712397053542
0.023150664889504267
-0.006146786808633204
0.035943237520289904
0.018081555246395594
0.011849164315740075
-0.021654072603081078
0.012479702642755225
0.017378725807292727
-0.02581400483345756
-0.050868481374161834
0.05863114246657069
-0.029756331964850457
0.022649367597929494
-0.030345089509999004
0.04367965111294814
-0.057076156272799584
-0.03728751294215222
-0.03666707739016241
-0.020406489964788114
-0.02317094356339182
0.006645777907487908
0.006075122561115591
-0.004973035702569472
-0.001347118232196882
-0.015420147867671782
0.026978602108821373
0.014152490638914722
9.985974712619119e-05
0.007965077677323391
0.003000719111035656
-0.010250067250490205
-0.017328112601625402
0.0036528663090174044
0.04538436769068667
-0.007462160444498593
-0.024700459314825816
0.012063047957124486
0.010720401856715923
-0.0025639287073569985
-0.017993257039316098
-0.048249530300853244
-0.013666349526815134
0.0027826984438720755
0.01040848676337059
0.07200062979823474
0.008921165656536566
0.00480944248784418
0.007949673905142427
-0.0029658799348644136
0.0059038011510617406
0.03419826709946665
-0.008803877684001505
0.052567546297407335
0.025206522409742305
-0.006141775184711612
-0.011085378760114803
-0.019863353714766108
-0.055387897260927424
0.016180807417646204
-0.0019335781437326207
-0.012057401780473974
-0.047233825148333845
-0.019085780723946167
0.006200629284165113
-0.016649015616980713
0.010634284237334283
-0.01056217089646191
0.02674483471108791
0.04965980750236308
0.03624427789230773
-0.002871157944750697
-0.00770316754820097
0.014883413963108955
-0.022417743024369465
0.03195733866411214
0.07466874779001463
0.04384706371779075
-0.0034944857694781217
-0.00403853621262839
0.01009002008123627
-0.042972985771228385
-0.0012217938847597358
-0.03615933010962976
-0.04743195210833791
0.005916818992959828
0.009901827660064777
0.0664486938266945
-0.056314933024840044
-0.04969065179012231
-0.02831360817709428
-0.022026575102804924
-0.048186318795625536
0.02737719812199398
-0.02380957052175959
0.0268953348678036
-0.0052602125252819215
-0.01970200004186781
0.004783404454587988
0.008580656481896048
-0.01711953015818751
-0.0009520479963720316
-0.02827943067104492
0.03888821587876193
0.010532656488509215
0.02284551724286806
-0.04322031585793398
0.002983426191735439
0.031155524411501146
0.03537894398650263
-0.03520709934133861
-0.01498228679875669
-0.021809403452380697
-0.018653541710885808
-0.026818761935916154
-0.02159329213655796
0.03711730709362847
-0.04018070346537223
-0.006569166489236329
0.012439970404926512
0.012920686898687798
0.02341671643579472
0.0036156407429479417
-0.015498145531528566
-0.016173337051123626
0.010520484174277462
0.021078899786253213
0.04596296834931502
0.00029244334926514066
-0.009038096386884643
-0.026983918177769694
0.009367355052748121
0.008540068417737627
0.012870683028718164
-0.04799923715235782
-0.044362127884705484
-0.005768429904683327
-0.016312946516315756
0.07729995113640915
-0.035912114771443904
0.021300822847786692
0.02215256066125749
0.007948467997165282
0.009394874132683691
0.012816119515209563
-0.01644652127924203
0.009615656027404865
-0.024464767342828438
-0.012838060028698467
-0.04184893891102072
0.043973842538693755
-0.018182151105769987
-0.005494113407084656
-0.04115925872106188
0.0343147221121328
0.008233524899034853
0.025901910410739894
-0.023925123468258237
-0.0351909524253163
0.012802208146492295
-0.013886450965740236
-0.001452177981303661
0.011812894191643709
-0.011767667354049816
0.0021317099956104533
-0.009154552128341013
-0.020236398205809986
0.0007381004758495603
-0.011766102492143491
0.012652561055823108
-0.05937226578520049
-0.013966411245500564
0.03777520885925266
-0.016818943244856267
-0.018776849925248393
-0.018213967534689866
-0.02442475605019817
0.006288799333916332
0.014251127166793096
0.006546219967736586
0.001384210368831309
0.04025865005197296
0.017063212414460984
-0.0016959771761508912
-0.017083421501507087
-0.024817334141649182
0.0414378585347153
0.008850750608605995
0.056668916110766986
0.010719576858657374
0.05106653949164617
0.016172517573012198
0.017534589039803
-0.011795181614771265
-0.06800541204462564
-0.03288802388114235
0.004442627293154472
-0.013834365609070224
0.017005308994426406
0.033070856323857145
-0.021049325705893233
0.02583309476231292
-0.012821338752778386
0.003289647784037737
0.024959802741875838
0.00915961802236915
0.024287561661615047
0.005922568068904387
-0.02881692933302955
-0.022686684073969877
0.002105471379195759
0.0029665506274232306
0.00941570639962986
0.013034277712906085
0.0008588906571747703
-0.0007431102458365744
-0.00019676405504263282
-0.0030365999512046147
0.006626405599818772
0.008739018795354943
0.021185072885785108
-0.024519738937582154
0.038687566261343724
0.00694102143314931
-0.0053467846904224695
-0.02974525418319272
-0.01462804244221788
-0.0172920585673877
0.04927654688602767
-0.01611690552022257
0.02662677128759256
0.005772761554717349
-0.009699378545029416
-0.005069533852117188
-0.013554212700411194
-0.014048434173936648
-0.03142578722742832
-0.010673055128720993
-0.01584234880473338
0.08464323001431015
-0.006342268466442293
0.05547999792727297
0.014685629940426477
0.022677099985419447
0.006732161109719309
-0.04480157418692163
-0.017400741943789676
-0.022823992635699532
0.004400340139637673
0.044269472230822705
0.028747840621945932
-0.03504026055103163
0.009944626456252688
-0.017885716491507355
-0.017097648838544595
-0.00010416855239856824
-0.03005856609148006
0.0047023457850677965
-0.023176794815794318
0.019381367158133222
0.029329172281049185
0.029409060514610903
-0.03445053710756305
-0.051050153965179874
-0.04192613499154902
0.011850198735824248
-0.0012815132293683654
-0.02937449149472003
-0.009258435190219953
0.003657758063802635
-0.011199311632350988
0.007097265489759775
-0.0290665937665683
0.043996448784383954
-0.03612241298697122
-0.025955981202932993
-0.039888658260077293
-0.01431817755522308
0.04526925355887428
0.032951194113485335
-0.004727177940076888
0.03700880184329157
0.008748120090086282
0.021914022836201818
-0.0024811116427591617
-0.024008259284419527
0.06462660807059879
0.006955875783176065
-0.016891113670705442
0.03698713665713446
-0.03275952978477669
-0.027812097071488722
0.005370858977047152
-0.036375539837786255
-0.01298170926918653
-0.02402455868291437
-0.020363948822774574
-0.0005923192199547271
-0.025548932915709484
0.01376072301149559
0.0021335763208437347
-0.0063835137484326045
0.016182668537616574
0.009440329151270474
-0.023634931268912213
-0.015352552367122256
0.004521026362719268
-0.017178809387024967
-0.01524468935721909
-0.046665647650137226
-0.028305080208039495
0.03731798193508531
-0.009418313874444025
-0.012155598178232745
0.021556960763955618
0.04378183602410055
-0.023700459708523306
0.04907265846407965
-0.01965315272376439
0.024611502575797726
0.0053832164306554416
0.049383243365809015
-0.02155928018371962
0.0028835802326803955
-0.005459313795936751
0.004503246731547743
-0.006158028217486192
-0.04048240741406674
-0.010503028949110246
-0.013576516391087187
-0.015363674770433933
-0.0366846814548924
-0.008074707968842458
0.0005026400252222819
-0.02501068725932131
-0.02927305872485761
-0.04667571552657344
0.021928343969640884
0.013403752980895745
0.0011884594863267133
-0.011467206374583474
0.003364546574103353
-0.023211021830816397
0.03561798436825276
0.036720436682760316
0.026186489391845483
0.02777699349140348
-0.010169751292523262
0.0038407500017046117
0.004716811972439706
-0.0015864238293003179
0.006257840853579183
-0.05095234795364295
-0.02068165577399002
0.0003527306149151804
0.026628049699987034
0.028861071307402772
-0.005856268692084119
-0.05371327815613092
-0.028422219278984064
-0.04333317204602081
-0.01352366489619432
-0.024098086750492062
0.007484170987952102
0.013931360892247856
