-4.273189023133317e-05
0.03411045284405707
0.006204963485727516
0.015688301743596776
-0.04969006689942093
-0.0013849537802026015
-0.002587078133175705
-0.022345543471832846
0.07885183510680993
0.030354466669162403
-0.042509166636823734
0.0010502658190674815
9.417707270827438e-05
-0.0028173008692888757
0.032162322264028875
0.028260282293394577
0.05245211703969358
-0.017782519283391942
0.006225879113329376
-0.012509550700581934
0.01162437214613792
0.030884310234691653
-0.008169465101168059
0.060636981933104954
0.008783991744678168
-0.01867682155184701
-0.012097175643868308
0.034828686221117997
-0.0288182292198024
-0.060602402351987696
0.06556795136850982
-0.00345605253494217
0.0016000551006789701
-0.0007024340672723453
-0.025138691959955887
-0.051405973062082215
-0.021941302292140138
0.003018989041479075
0.01059227240698397
-0.038839313250137314
0.024469535942045973
0.0035257808745890744
-0.013243737229559507
-0.09932120680162398
-0.010114450528083118
0.07496110418797797
0.010249717764112804
0.035743820349090294
0.021662237111192095
-0.027786840878114893
0.011343890922606372
-0.02334913741703806
-0.010688052578032382
0.014572498045412885
-0.00680122100817345
-0.003495524628794374
0.008663628038799553
0.026047573155618245
-0.016714874219159407
0.039434920581668725
-0.005159133070798484
-0.03737042006214881
-0.008722745554905473
0.018881749875333666
-0.02262167552444083
-0.031180231372645695
-0.005669418800792767
0.05969131786618291
-0.011591389792998586
-0.02049057051161364
-0.07302917841224543
0.011666691454154676
0.05125797795465262
0.007704327345993578
-0.00017453361873461464
-0.011619905842195612
-0.03861228347545541
0.028967870037410946
0.018995572688431148
-0.008699147861486662
0.03525655814095948
-0.030226870620050663
-0.01847389650924784
0.041092682782801426
0.02767870576565839
-0.014486320935226563
0.015978219847954497
0.032592601332059254
-0.021472130217867164
0.01835029183424093
0.04968855368408467
-0.0009492143977359184
-0.0337788267583644
0.019831296820226958
-0.006797730568959881
-0.050321000359650224
0.008018984978754522
0.030035514600822284
0.04888635658450655
-0.02711311384938426
-0.015080858031774282
0.024117644845206853
0.030763567548810926
-0.014239457013032853
-0.019302046391680015
0.008015238692714486
0.009222209953889131
0.020069940905289522
-0.028664053951999
-0.006712880516978285
0.03486581700532125
-0.0011061669221446768
-0.03134287367675543
0.012934164971274092
-0.04409253554707099
0.0009969803573899102
-0.04220530368565758
0.036734089187401696
-0.009895845756610925
-0.02936214113578146
0.020712764388453455
0.00671283858642789
-0.006092012947467093
-0.011023613058877965
-0.05945767009034746
0.06402761390343738
-0.015360777004915713
-0.0378142293369861
0.014067865616743901
-0.006738295652839419
0.05498134329210654
-0.020454160398981545
-0.02567021500916564
-0.019597531137357876
-0.0026162994980245286
0.014874251471448203
-0.014765886400554167
-0.021363698089724607
-0.008695286652228603
-0.09289877695564616
0.015283746357110908
0.001935109450004035
-0.024633629166003194
0.0068757392948748984
0.014435226369010273
0.02708845627879551
0.01961749605382775
0.02677178745362629
0.023742745326474753
-0.01653202742955786
0.025712947222045035
-0.03526946991460298
-0.03690668802473516
0.015702071567391545
0.007635949705909236
-0.009630901716922585
0.004715742457936147
-0.07634735598206649
0.010848991760638124
-0.008280254181237517
-0.02535307494706944
-0.021282393764297327
-0.008938361064528713
-0.028951693581960345
-0.019871621601953018
0.05458891679115405
0.005514660336061834
0.017749041898036756
0.08698396039848404
0.013516731815401228
-0.008271273811273676
0.0014763490787455084
0.007777038014019903
-0.028096125430853564
-0.0038484265101870235
-0.005578298947372774
0.013052870497103759
-0.052869150099005204
0.010797785362826674
-0.027896354092967823
-0.04799356874924612
-0.00334502677571942
-0.01765091288820988
-0.01244698840767414
0.016567322204682114
-0.03125048064850219
0.03303867179226105
0.028591239989729123
0.012556306353261822
-0.05375890205729038
-0.037036924607172804
-0.015001253641286107
0.011915907974856218
-0.09452701461974854
0.02574158517857552
0.04740527443442781
-0.03294695859163884
-0.037974814766364134
-0.003260570893959083
0.035371154226939615
0.03070178155006384
-0.026633194776882488
-0.039787571702493536
0.009673701235722266
0.020675284184033797
0.038318015532562984
0.007244010594941565
-0.011936252287305585
-0.04357225475016698
-0.005965163455081334
0.07929468542158943
-0.10037962650327271
-0.001335426067543869
0.025059647904382993
-0.034520737626433325
-0.004914324154119177
0.01031691271675693
-0.021216041931189113
-0.012562827021760672
-0.008420981181494543
0.026502739849647034
0.06016594775280451
0.010195746889703506
-0.024647197145235736
-0.017751398428619038
0.040999342595004394
-0.008191206274638221
-0.010264926503404503
-0.020763065162777244
-0.04463098920368047
0.010710832913355154
-0.037690788990600965
-0.0027200879745711464
-0.00834291586137783
0.027687840264934194
-0.03246379853534345
-0.009605348828785039
0.01816930196802995
0.009328566496848968
-0.0336523822765562
0.011465678945756088
0.045779265158651786
-0.016734463592658674
-0.01576470845269313
-0.009748210494487068
0.007780890215729941
0.01453359010578437
-0.007313824810190659
-0.02570157274995114
-0.009987799988788805
0.02411992867840652
0.01382537835371784
0.01397662162389343
0.01580069246710085
0.01672350911669373
-0.006417580226109915
-0.04163492597334581
-0.021924348391306615
0.00581260094902472
-0.06384033809749078
-0.013799697603029609
-0.009741149059508463
-0.03734822096244678
-0.0040615769260917995
-0.009591710302639373
0.03987794396578013
0.017061811621096327
-0.0034847048046240904
-0.023536965314866605
-0.015354620571107635
-0.04255031605400302
-0.006804302387334666
0.08107440945687047
0.012058964814392248
0.0035318681528159496
0.008768423661576442
0.007570120953977201
-0.021401540420347375
0.04584659818247932
0.04043567088548228
-0.0515911310199006
-3.7852392871589444e-05
-0.038651939956541544
-0.05168543563059504
0.03662833694775281
0.01957815596081751
-0.02897426299519583
-0.008168648092033137
-0.0030597270028366813
-0.004263232520128383
0.05213504133025656
0.03603694412022199
-0.011279670745138613
0.05831207201912049
0.07012008135981383
-0.03593385748846646
-0.00016974324775545342
-0.011986171874269255
-0.039519452944011366
0.03887440282226877
0.032874266689840365
0.027497017652610065
0.043796583933906175
-0.03799033909395135
0.014573385883074287
-0.008795096668326431
0.022356163472154574
0.031170101273665405
0.0186889043804691
0.03707943140245997
-0.018061682567125092
0.06344615379473537
-0.08670042189735173
-0.03928146340635463
-0.029603473098629995
-0.04351077845923558
-0.003532622178055199
0.04772666858908769
-0.018609339819868873
-0.03905810426314288
-0.010359098595582683
-0.02275998351993777
-0.04216798428546934
-0.00444568921042279
-0.029577657848741445
-0.023144813725973233
-0.006339638308948695
-0.05148350935600816
0.02640487545897382
0.042989199634628814
-0.005732158877453414
0.002187312457202201
-0.004002531501052336
-0.004574893468205581
0.03106676202161683
-0.03537810694546997
-0.023397154808047622
0.007031220154751524
-0.02282447385604161
0.003062640757488286
-0.017486484239180138
-0.02786771246834031
0.0020773651797548927
-0.04426754385041425
-0.021753533893209536
-0.003652421333338632
-0.055956655559979536
-0.004349908741091455
0.005414320479133261
0.044810027686925956
0.009780890250100819
-0.020802869348795203
-0.002226330578155645
-0.08808756517931439
0.0051215242571795395
0.04760872010932154
0.025708289542754177
-0.021581264241530392
0.011631699505614036
-0.019297030970661554
-0.024414357413767816
0.02024686491583427
0.007457991845389909
0.04012425002650323
0.001753891711281622
-0.009502242994016264
-0.023648276719039147
-0.026376945108910754
0.010397787486934746
0.039550835994891946
0.00823652421133176
0.005828041689964137
-0.05346995819327917
-0.025266546183227323
-0.002681404346371216
0.024492461982885187
0.007149813113873032
0.0442546266218065
-0.012120496969753017
0.03864960192676873
-0.03611571688246465
-0.040136138528021136
0.020717839593285103
-0.02586407200584096
0.024213075412608875
0.001983227463340292
0.0071503471743537975
0.014771692107812822
-0.023287228190947553
0.06181485301655034
0.02453207825845681
0.014005858323580884
0.0024774159388089956
0.006813888751054034
0.028462720127161112
-0.01590264393515768
-0.04409318493732515
-0.039041710875420084
-0.016468292554089308
0.011448460143454657
-0.052098086805121915
0.019986117946113366
-0.04646933918648137
-0.031816238878823795
-0.014936250898393738
-0.043697683574376846
-0.033546743334175455
0.008265644087004888
-0.04722076572739625
-0.03617636493024341
-0.07231634967720453
0.004375679654183512
0.03951978999362643
-0.02179682862732448
0.013197877900524763
0.02615877785738449
-0.03792909990459895
0.031153364584457707
0.05325465082993943
-0.048077421695326285
-0.00970999726361332
-0.020126252924860966
0.0009886856661741586
-0.022145357980542017
-0.01952991009774678
0.00264387067655537
-0.003632601668210346
-0.011187305341794714
-0.009891495283156339
-0.0010514559393314108
0.06426448184821294
-0.02281962114124693
0.023125289166251395
0.020809644200389735
-0.023158307068531423
-0.015312814677534009
0.015639419643766177
-0.031489415496054544
-0.005386800363776258
0.024910811705751136
-0.004763551911675885
0.0339217295410618
0.022238916875143143
0.05802251506148892
-0.011710573097880076
0.017176703916019106
0.03867376227263384
-0.0016415976870405445
-0.0034538971803343985
0.02518827866849844
-0.007919968003009134
0.0025485678937708545
0.010933517763411574
0.019034913103098662
-0.019988766063413533
0.0054265303564999265
-0.024976230257984743
0.03525307790591849
-0.019667806334253815
-0.003787262694190727
0.04439196161762819
0.020727477503817374
0.03481932488591389
0.030805730950507912
0.001165258841873727
-0.007103447746250518
-0.022184117480839795
-0.05757112926286575
-0.007885751473820419
0.03642692542462366
-0.016438310796006807
-0.054834614001682686
0.00849094157204117
-0.0010095215591179266
0.00867709193135901
-0.03543886523508667
-0.004315963961644297
-0.010767994724630352
0.004804071293602257
-0.006892365641185255
0.014083399143684443
-0.02217514960222334
-0.02597966432280313
0.004508138467372196
0.00467552878113667
0.05517070424043275
0.05136370146231608
0.028150121812575986
0.03267103797855133
0.0011533078887077215
0.0004891300968795593
0.03483050868219972
-0.034964961678701646
-0.047930137309300506
0.026760063994809468
0.021135980581749484
-0.027080767551379448
-0.015509078997877176
-0.001181527942763527
-0.0492677764716387
0.013624386896945591
-0.014688064467592998
-0.01976545514319493
-0.016986460237156806
-0.006851214019785989
-0.014306183480783783
-0.04881512722987555
0.018872174900529382
0.04656356853891393
-0.0956653342741511
-0.004658843883072812
-0.01216322885122228
0.03720745444679223
-0.012642259919477445
0.04088753391375179
0.03373948872634336
-0.0018977556625137016
-0.020144877254345044
-0.008322818793530654
0.020780545521306506
-0.012636881229986257
0.0510306003310261
-0.011976746709621434
-0.019307983248758775
-0.012539069543316694
-0.015298771937850668
-0.007366263148428347
-0.03172483769396839
-0.043478053175647714
-0.015364671359530808
0.015327914803136406
0.02397761450801303
0.019037676955813588
-0.003231666454270807
0.051137517305187195
0.017890662282704216
-0.007436427038837352
-0.02190081162669054
-0.020085892352880167
-0.014741526452643828
0.0563173693330572
-0.016943313314309417
0.0004829900653441615
0.03343213887069772
0.002542264718689151
0.006076172973244016
-0.04720050014505891
-0.037495911663951
-0.014163006392758686
0.014258634188329879
-0.037886335665759385
-0.0060838142093036
0.013125318249293047
0.004078742984320045
0.044760983394789
-0.019223811521943048
-0.03809376352427535
-0.04988252289466623
-0.03382834186416705
-0.015214659468048041
0.009678789144480485
0.004345147961022704
-0.025305140775042815
0.02947753232332019
-0.01232381933058409
0.015838956172746877
0.03975930263855593
-0.021302858312024307
0.059213909422266
0.02456928158013293
-0.001773758227387792
0.0006443345220801548
0.004115360433499051
0.016832448567766632
-0.022746657279617916
0.023181533874370507
0.03316197174955578
0.0031838471815755216
-0.034649608568616666
-0.022877330267723466
0.0025338062792701634
0.01714235579403257
0.011264796272186925
-0.0291679241517623
0.03986269582921677
0.021133535375595383
-0.03565702622427765
-0.014155056923091193
0.006465625221276964
0.007934305933891418
0.025525769111665705
0.01836186603322001
-0.019054360085012875
-0.009685483304709721
-0.023664668184969713
-0.0043408116978461584
0.012816431384803085
-0.022678420875755712
0.005039170057703527
0.056900235213149485
0.025844792939082456
-0.007797722694976268
-0.0008636296995938734
0.0019310438495365142
-0.04454467254031764
0.005995686671182862
0.009177433696284308
0.026102545700901585
-0.045205357535625046
0.00960103548325577
0.012986738127164357
0.00655516870267288
-0.019885637392874887
0.006717017643667427
-0.027625575192002406
0.002301453181802804
-0.04462056570460832
-0.0003051734143175819
-0.0028556359159418137
-0.01741432083998899
-0.0032436892360595414
0.02188352992082512
-0.02394093268121307
-0.031324772492883235
0.026585602417347906
0.02085467647786816
0.05533042976411945
-0.012400186107335785
-0.020737457267026013
0.030202537525765013
0.0030435942002375663
-0.020602907172588503
-0.003943168068237229
0.027178105514380903
0.03727739281333778
0.03614678894868071
0.008775018845141083
0.04024907622195502
-0.02541784250658641
-0.03100330392252599
0.016759290153275954
-0.03658772090968469
0.00936460491878754
0.038152904887598336
-0.023986594898168227
0.014891136568645175
-0.01004984415740289
0.029090207141173028
-0.017093211534419315
-0.02469431335263454
-0.04842294886396925
-0.003473189799510828
-0.016382561653916383
-0.027138624131062366
-0.019178620552422393
0.012403492728191764
0.01014089454973699
0.022342268196953785
-0.001188152852160362
0.040366814975562236
0.005966247563620695
-0.043286715269457945
-0.04527602752187533
0.03325356748442934
0.019444464611793496
0.01120991792760137
0.015533175050678446
-0.015009840681626387
-0.037644248874767305
0.03539520870516598
0.03071123412808014
0.04557107388457394
-0.006299008427606845
-0.028754517623573114
-0.0023467887247216705
0.021682160964972132
0.05350114402404728
-0.02078949916551934
0.027066027209277893
-0.014705235964688847
0.023762808463949465
0.03842027980584033
0.014484949037827304
-0.002310699419214575
0.04856108273733758
0.009102126676169636
-0.015386765553218107
0.02410451429100578
-0.044925809230648844
-0.0223678214382937
0.05351072871917463
0.0013543700649164354
-0.022121538748419045
0.0227550696370627
0.02750294097655455
0.010123811694403935
0.03567718806189993
0.019830565583322184
-0.016428536506210737
0.0027609606337226592
0.053862478078443285
0.007562335931917959
0.04195715238780063
-0.05924792571232635
-0.016126886028710808
-0.012532916860431906
0.01091129815434523
-0.009307380494391086
0.019200514138024156
0.003561173366145564
-0.010870742315813421
-0.018076427947876634
-0.024590501874672238
-0.031728902316549956
-0.03674430673049985
-0.02103059350602297
-0.05484259446655581
-0.034188868666601965
-0.024075129471055327
-0.01797647856654482
0.019362146709105382
0.04147535563691821
-0.005654468843741188
-0.0003253061026686042
0.0124399400975549
0.03382324963140003
-0.019136804815477696
0.01732502173315961
-0.00435673609115064
0.07780460421285049
0.03449021785131087
0.005275585224075727
0.0011933169257497035
-0.008846343564087256
0.004996127551570755
0.04500373891901292
0.014354005165770085
-0.011890487575226254
-0.01893529087006751
-0.025532071957416982
-0.022314999489728413
-0.01396097468658112
-0.02586824243213642
-0.00632955017338547
-0.041358730491458044
0.05429513403264831
0.04454018582263617
0.039923949637135726
0.004717821126524075
0.03818414344933438
-0.003755683831508391
0.015111894482832585
-0.011542994746157914
0.005043149463032018
-0.01634334291887543
0.021124199020575635
-0.06271399537597602
-0.02050099860603328
-0.0339407984528629
0.01863731517013525
0.0265287816718603
-0.018023085134492932
0.08233592795845515
-0.027434172216271143
-0.03926622955586843
-0.0035419684045266816
-0.005588458799320165
0.029040640934339303
-0.013334107176858151
-0.00627124778461299
-0.006864480427474319
-0.02735251920565012
-0.015018394472170843
-0.01078999389496409
0.03951251964075613
-0.002976220489965083
-0.00013946671247699888
-0.015917770848203325
0.00637514061989743
-0.04873123996814009
0.02018386477751203
0.06369706533963759
0.042791725568407206
-0.010237239204880169
-0.08986745712702544
-0.022794051548934328
-0.030024922757338837
0.004793055317568959
0.012334543220957854
0.045073470490492935
-0.02522462353274243
-0.04461087857010595
0.004410260102811649
-0.010788424932033535
-0.01768290029270335
-0.005340567792578966
-0.012851474105696733
0.028016703372076665
0.01604203858922088
0.03207142567020524
0.007261874441942739
0.02764400046591466
0.0005831209102479361
0.04102125741354022
-0.013787574448977888
-0.058369216793722124
-0.0036585058280147204
0.012933489908323242
-0.017159862237220293
0.0021759500697383525
0.0020130870978885013
-0.040158217088064135
0.040345505516835634
0.012509715916166373
0.0004991962635800863
-0.0541690894948544
0.013230842158016448
-0.05095488535716209
-0.0079027417118274
0.010709349596654153
-0.030802380743780493
0.03413445480011813
-0.033003045631190796
0.0010724197573553482
-0.010037519135307149
0.044874061874265125
0.0216474012610518
0.020250635700764436
0.029933205394043604
-0.0015820077697113644
0.03205516579497386
0.01158396572437483
0.005434431841980431
0.01732454219841557
-0.04689435423188525
0.011267804329069014
-0.021049833536406635
-0.01109149579467203
0.01977236630763308
-0.009911672038617226
-0.017862040103306283
-0.020112154006959558
0.05807707013569802
-0.03935652170921942
0.028386534532496264
0.025953997140649245
0.004748486111695075
0.014182554508499489
0.015155642640726929
0.021761438342505147
0.01582296416605466
-0.02156711681288394
0.006847228514771811
-0.007231262684702631
0.029607683189063677
0.026991689994870227
-0.02540427919746956
-0.02852469408827723
-0.02102321896765761
-0.01329149224268881
-0.012491669362645782
0.011212312971279708
0.02734031734475717
-0.003708330049868597
-0.006463774364402624
0.057407532494301396
0.03149348451748805
0.03343246201540248
-0.013494957808223386
-0.058578873781742424
0.002387761510723738
0.04637960751244927
0.024255150071887412
-0.045430390885421404
-0.03515151748395112
0.03921259082632168
-0.011546789978442468
-0.0008008123881839106
-0.005913194668629143
-0.023448601282764766
-0.0021917960742318904
0.05091649565185913
-0.01535813806790187
0.009195272616338492
0.011132891470997512
-0.0023704010720930905
0.0321880785551165
-0.016410985721594294
0.028072500457286806
0.007759086471450384
0.003819570036609807
0.0031724315781957698
0.0054531349675551975
0.005668889127465178
0.012717949753432167
0.0046649709306164685
-0.032082393119713164
-0.03118668999395792
0.026101276467857367
0.010020434212658661
-0.005659103429448599
0.006625648371337036
-0.01354158463493946
-0.009925510102889066
0.04107399503022469
-0.0011524253109954407
-0.012891914901976954
0.02962564437168021
0.00585053358321918
-0.017787691927124347
-0.009969060348870133
0.03782289013511337
-0.019333695372501934
-0.020990217478362688
-0.0018979738233849933
-0.0031005543417087747
-0.03455078184501925
-0.012281666055723447
0.032604481257353636
0.0017386925023480397
-0.034437189186420865
0.009651955717858174
0.015588557588563182
-0.014139962944699762
0.01293701794814673
-0.04428059892543377
-0.04481079715430401
0.046510309528106676
-0.05149341549507819
-0.02158611914992146
0.013291618701762271
0.0070436415550766745
-0.015520764938902263
-0.02340924026514279
-8.762371153948738e-05
0.018953947342456142
-0.04664015685883043
0.0666923483075626
-0.00047536355584884343
0.0345439314225477
0.008840308493529759
0.009787483456917772
-0.005897268789597633
-0.01916216118674748
-0.034567231777130523
0.016894812986871278
-0.03938087177056858
-0.03987327169389412
0.10881643137621534
0.02357606250397307
-0.002448195328179545
0.018771622322329734
-0.05015262277955117
0.0262094979641973
0.038148347341413945
-0.07046007317456161
0.061339285450685316
-0.03184422773991418
0.011666729116832617
0.017890118263196236
-0.019176455928039515
0.012002617949805689
0.0032037138988298907
0.04282288397311536
0.018531726870003238
0.04895549522437602
-0.04322951365045031
-0.02323784140403192
0.0261341318292173
-0.011317598115743495
0.004893759693766171
0.0352102417928157
-0.010134869767910452
-0.003665487558032963
-0.0490582662024319
-0.0226346636577719
0.01668534239918864
0.018022166533584755
-0.001746654598009281
-0.005290767030184271
-0.05626083931781346
-0.03961606506429167
0.02986165001039672
0.019330699313041384
-0.017869735285812788
0.06135908411653861
-0.0019082479311688502
-0.0619539849375409
-0.014241985245885854
0.02366993723637141
0.009735318542707391
0.0016570408736212266
-0.022563845704385577
0.016479667730259318
0.05305287341769563
0.0025201920303129254
-0.0028355768331015524
0.004171124661982029
0.013191244220969473
-0.025352053329790625
0.007481542244495876
0.02489410172497976
0.006230313232770682
0.03189357834050305
-0.02171649342914121
0.002886411899901941
0.01699791563440457
-0.00011589470463567693
0.0010978414305714702
-0.009519763612046395
-0.03527465482135626
-0.023977982846105576
0.040782934231885705
0.004937956101263133
0.00965535380383144
0.014499297869901605
0.05165947272768395
0.02006518006365492
-0.03733861628284168
-0.01833012695960267
0.016631171145636867
0.0013599555866376923
0.017361450020739487
0.00015532307047071947
-0.02754546512539301
0.004764325653161755
-0.06307520260708158
0.02379467882153448
-0.01991055936142064
0.006693700643181093
0.03479254958406721
0.005927844611795148
0.006457732321153088
0.010993375503407616
-0.0246767668980457
-0.01872181300382995
-0.017314114041651615
-0.039085070716861174
-0.01388700919937359
0.01674148146414914
-0.025782920755831554
-0.004534035105839438
0.015644088284000022
0.01528348266058891
0.0907863676451884
-0.0033813682213571744
-0.05513304362427896
0.09267298513858219
-0.013238138880652473
0.007564547745567924
0.05496753873581994
-0.018523579713805007
0.004206914816442704
0.004585160297113339
0.011037476962577914
-0.0014672234369508316
0.012321301086524947
-0.016476292862381673
0.02081642465267812
-0.013619249498347821
0.004185802159777164
0.02481427832708462
-0.009681442358720985
-0.010713924650515886
-0.010147989128615777
-0.01872788288183049
0.01616628436119408
0.023592343076491332
0.0005541396388918446
-0.00600759542993511
0.03051151846349819
0.015909507703174366
0.02851177168648903
-0.002871107914089043
-0.006484302664994472
-0.026556972861626938
-0.0056968359922890946
0.045863823737691725
-0.004043468985657797
0.014634439111229997
-0.05272017432761443
0.04876165251056241
0.027709115397790036
0.010757016481010684
0.05799187887038645
0.003715158424094554
0.04177017654852307
0.015193263296233628
0.026444991553785838
-0.02977572831015268
-0.013944572806914721
0.0389282218766531
-0.010123268974790938
0.0012836093497469749
0.002560624888070764
0.04565068034148405
-0.029501883608329123
-0.02256783216483278
-0.02441383099972498
-0.040689910224883614
-0.0014511550838275109
-0.0029701685786270994
0.022004285858980305
-0.023799041036618413
0.0221997612249916
-0.025920293317173812
-0.018910183433884443
-0.030693557069254036
0.014542264574452467
0.021560103915444405
0.059225097651532256
0.019146881170151578
0.019413552796858358
-0.009905084215870663
-0.009112734195712369
0.01289287744062531
-0.021339389769079224
0.00808433960566052
-0.011848173060966315
-0.04092309553644665
0.01726339263596729
-0.01683043034559031
-0.04368108797978802
-0.007677137330137626
-0.02442308241730785
-0.05481781363112776
-0.00713667921614402
-0.001783170085322388
-0.011654185068434207
0.01188303967723699
0.006145460872904286
0.002726231205847884
-0.020713064973441105
-0.0068063034662005995
-6.6614391823224e-05
0.004546021057828416
-0.017278736869986745
-0.029561500118083138
0.03286439190043132
-0.02211878443376416
0.009737174839731596
-0.031715728054705385
-0.02141781722371525
-0.0068249282499719425
0.011014435113227907
-0.04720382422321378
-0.02534912763327183
0.017272144736980247
-0.029662974476075365
-0.009460054667558414
-0.02241876105389999
-0.02294408435780362
0.009894875358174548
0.05153722634741247
0.022332944986139153
0.00868673723567879
-0.015495604598946245
-0.01570700664940902
0.013197926839230087
-0.00207952615062889
0.007995542429532628
0.030468465628843065
0.044579229766191816
-0.011763241681297524
0.029028288705703162
-0.0027785504634487168
-0.026901169929317847
-0.0187791309624231
-0.003394445846516741
0.010957477051375049
-0.04188796129554674
0.00451315142308094
0.022927424254987467
-0.05258158899101496
0.033367247541526875
-0.049623422647191336
-0.02405003245908371
0.011748714830882493
0.002014624852554633
-0.004793430213489154
0.05470313036880783
0.03140950291969256
-0.022520027476519995
-0.05277755304521461
0.05256683422003384
0.007174181218718736
-0.005060225318371783
-0.018531276668215007
0.02982556668152342
-0.012416243145462975
0.044397786950305114
0.04407080815654021
-0.002830522166970189
0.0034125713390713093
-0.006914953754273215
-0.014249816161520587
0.0333817992458324
0.013993528328661582
0.0212150954594731
0.021052574464228476
0.0028763755634633034
-0.03472233582696174
0.03076872421782937
0.006251355589559159
