-0.016844228564615957
-0.017627203635017588
0.021959197181546115
-0.018920376249583325
-0.03516005061876227
0.0014610180673452944
-3.639344590473753e-05
0.026126529037310726
-0.0010221492900134089
0.020324116796741676
-0.014070504092420196
0.029470808220712408
0.0063028975743255515
-0.01741181118140472
0.04147606326754835
-0.005125633933400045
-0.006524090121675544
-0.010065979409659946
-0.04356097314683618
0.003575219529996834
-0.03448906125852026
0.028604586162723773
0.028168746369227005
-0.017900944564761413
0.01214471554813643
-0.002917511674354388
0.00047441620757277
0.021543636725240962
-0.03398596010789555
-0.006895493289813867
-0.020288707221630033
-0.020988256458892136
0.0038236449288033963
0.004849743370567565
0.018882706826752332
-0.0567251857025396
-0.0035900372153348384
-0.008796291210338121
-0.0016393694977693367
0.016729136084589886
-0.00771148434828784
0.00441690196470303
-0.03370425430455779
0.04053713226503978
0.012152442106695957
0.011672685528061128
-0.006159140130724121
-0.016234396426981032
0.03669244385785062
-0.028509942502315394
0.007206470825754125
-0.043798816749030245
-0.02034787681646026
0.03766259148409378
-0.03698311649852689
0.0017394976758952948
0.03968838867191158
0.021404882720392204
0.025267476111045163
-0.016500129599176582
-0.00011321627153441895
-0.0406557951090508
0.03646930593688679
0.010741639191931909
-0.007701983877410819
-0.014173851858904607
-0.02126787564303948
-0.011616819241087676
0.02569645286722002
0.02927140088966146
0.033960643647440676
0.015727497881293975
0.013020643418122809
0.025176982993119327
0.0279883674799934
-0.01494742416646546
0.027064580076889572
-0.0001246209349469804
-0.034480220008254965
0.009254425630754569
-0.05556953595793946
0.007446716479621239
-0.0378442234511476
-0.03619746140683154
0.01668789330199654
0.01570149134047968
-0.017028080920983815
-0.008843254047914535
0.03295242321929253
-0.034106822215422626
-0.04003638032764647
0.05217969605578775
-0.033119419822600346
-0.007418454419449775
0.011097842716909936
-0.019078363703796678
-0.03291488293707775
-0.012165263118113358
0.04001140301907938
-0.01667058185375802
0.019966593314356608
0.011611611036726857
-0.020988434423849706
0.03330726537307647
0.00917369002246572
-0.004799505743772893
0.010866303723426566
0.04288116612064591
-0.016951843546564507
-0.009161681734372784
-0.024512709681338403
0.02772085978176955
-0.010495545030114257
-0.01216245048914774
-0.03562639428444431
0.03194941502606395
0.01799357767774594
-0.011033160389703436
-0.00798339391862374
-0.04482222432228827
0.015972738257694533
-0.014043804678861665
0.00960804238666783
0.0024656225834677518
-0.0008830627421973689
-0.02254657650231206
-0.02090150467050055
-0.01415435248413002
-0.0074270657597392785
0.013023148432016641
-0.04663190984212459
-0.0035669296800591426
0.03855762579486583
0.02370184710343547
-0.028638353558584285
-0.012260255532613843
-0.017620891656787478
-0.0017150555312358529
-0.03839959680531098
0.05390833493509908
0.013911026448826401
-0.004999202633610806
-0.0068788238207925945
-0.01731862506199281
-0.03847593170211234
0.02049576745889234
0.003261078724406078
0.0013968913177503544
-0.02003023113287416
-0.02179537634644305
0.004443733109670769
0.011418368957299613
-0.01309304288687283
0.018170822039912035
-0.008043163767432445
0.04243944748470361
-0.01596655711991704
-0.042678190020447315
0.040340315417268284
0.02592772746413584
-0.02887006782965395
0.0218793086667427
-0.02193093937641169
0.023132756365160587
-0.036152867336134716
0.0271670498452644
0.005367246065623111
-0.0096692694850626
0.05987840074997932
-0.035403558485643374
-0.03042130175876388
0.0032875577476235373
-0.01959984811692693
0.018019798200626505
-0.012328933894381408
0.023198120267523693
-0.02140319353575644
-0.050144588549411916
-0.012548034743196736
0.013278841048687864
0.08295042812637546
-0.010032762040601485
0.05805191310630383
0.058629419284366935
0.03234521005347771
0.019688811742060084
0.0032062873480455814
-0.04575485344093478
0.041013990431999395
0.030372484600767587
-0.03284848904070026
-0.04381209689219362
-0.05245958367217608
0.0347744956599441
-0.05883692025533414
-0.0024218401776380507
-0.017709716340921448
-0.0003982507099195065
0.01456990078695703
-0.002394165866618839
0.005261755321471334
-0.030541853403827073
-0.07104728840023297
-0.021079635134609167
-0.0025029196433970177
0.029176673407107
0.0010489075132684188
0.022797457457504965
-0.04470751535576207
0.006514563765082708
0.04548948086767374
-0.015412296462973877
-0.010001678760986453
-0.02861212977534585
0.0283481855011896
-0.008071452546932515
-0.03697693210793372
0.006594706933238729
-0.0011860144859078836
0.004846226609545772
0.001434768536983188
0.02507071030904263
-0.010837005484598051
-0.03862837296987054
0.005370696241330934
-0.01507379061295262
0.046009168218213346
-0.03651579383099676
-0.0728254507337815
-0.019817370247449822
-0.017567832052687065
-0.03419021824484543
0.04481198472195028
0.028293863622348304
0.009276494987373029
-0.006069870503379389
0.01761257129989509
-0.05036369978642869
0.006715734822616459
-0.04162862110602102
-0.011112279420871457
0.0013739685776443693
0.025900247122940923
0.028510462036285662
-0.02334492351613194
0.016656221752470834
0.020434466526782154
0.02099146315491096
-0.009886185006089038
-0.025670327770740187
0.028941383978750655
0.030308590910043606
-0.02209896620122795
-0.0004950528161705614
0.01223527075644096
-0.0034493633194924967
0.021071274657153354
0.06377904022465113
-0.006897743468383247
-0.07093003822116707
-0.019007295949715227
-0.01206716919811977
0.02155003012743585
0.059941568112649696
0.007799964587985708
0.045372089833411046
0.02082810817288806
-0.07159691875060469
-0.02296758696449071
-0.043090681754425264
0.05086383021142764
-0.013158879482246947
0.04963504939664881
-0.015471747388699723
-0.02845642340121548
0.04715779130491267
0.05949447900627724
0.023698002436464385
-0.03883968498829172
-0.024329714167947946
0.0075680264356744135
-0.04593887432842993
0.01024906876543192
-0.022216088075416193
0.0033031885826363704
0.004389788617765357
0.00683001204756474
-0.01399794836401027
-0.047054788106329105
-0.020752031928103605
0.027533651500504408
-0.0008232968465724369
0.05590327725672919
0.020612235294803535
0.03390760683604482
0.0003109727434751283
0.01629067677532326
0.0019080500250570184
-0.03869254003657818
-0.02962521305655297
-0.04144426429094025
-0.003865600445328603
0.01723076863155577
-0.033389576103856636
0.013191992609759933
0.0028714143971867775
0.011478801204348738
-0.03874487020213415
-0.04263139823383187
-0.022061357924608463
-0.011670187774833495
0.015913774018143256
0.0226645290389249
-0.013526266863085558
0.030008031360870668
-0.002883419683422194
-0.023314146466072747
-0.016688255550992424
-0.008409077427316227
0.02615558604074626
-0.006035430286368219
0.007898759104757156
0.016038221430079592
-0.04600856051182867
0.0022670291494825577
-0.02582130213448727
0.027344330848433723
0.0076407180164399634
-0.02533453455246735
0.04833827856027408
0.029515365218398155
0.060671415950133374
-0.0093358956144028
-0.071128825431898
0.02739298209874298
-0.010600850803534791
-0.0013022720665518933
-0.0372155966257695
0.007780830584743947
-0.003458202828719102
-0.00872967468112986
0.002119337832577987
-0.016654073211494515
0.03855505733733167
-0.028261876548123357
-0.025171744127249897
0.0709492074451591
0.04386833797554303
-0.02116154018143743
0.04314786843011018
-0.030554863311139255
-0.0228187415548955
-0.03945508135460452
0.01670269646198718
0.013576110266087274
-0.03149827460798505
-0.006851235832603826
0.005570506011932856
0.027282949162240975
0.00033036299821463016
-0.01386590254482425
0.0506430473745012
0.0029675505645624235
-0.010452444301906814
-0.05562006630104773
0.011284601457560706
0.010405517327161159
-0.054854574918640056
0.038910975391548384
0.05047278219942483
0.04320825302913363
-0.05484196700189371
0.03742204715184333
0.005670139619836666
-0.03299525980221105
-0.04761899746963203
0.01958542205031956
0.017728406339871505
-0.03361465736646349
0.0171461218460821
0.006693953388901065
0.023623709571635166
0.019692504154366946
0.030656199326293456
0.018591072312991074
-0.007708053685694545
-0.02504756396404907
-0.015023201342776014
0.016963641830073203
0.007595182782794605
-0.020074887722948832
0.015226443467855996
-0.005015321585686214
0.013243788986669853
-0.004971897827452085
-0.015188019816693028
0.03244470051755079
0.013658346582486805
0.06652777293523718
-0.05799492232901518
0.011829424289245563
-0.01631588648018498
-0.049750539280452644
-0.016388599596437823
-0.0007840051075968746
-0.013205145790682498
-0.01960254743923053
0.003327004670781039
0.0025429169678718383
0.022435082355901744
-0.005537636596301198
0.018198154938639736
0.024076894004305245
0.028373693853095468
0.03523197743472755
0.019846473143305413
0.01987846774950305
0.008298932291528336
-0.020413680586332177
0.016321739145041463
-0.004811621627359509
-0.024734970240730677
-0.00656175171755557
0.0326092675428891
0.023411138192639857
0.005654039800329852
0.03392734955311079
-0.016029933941722804
-0.03166248586604759
-0.052405122312852805
0.07087605571146717
0.015812312218263524
0.07514252556617416
-0.003964777675239648
0.013552033031335696
0.011502726175888925
-0.03433266410420865
-0.0014549438971991882
-0.03599009225572003
-0.06338116680531639
0.04706431929697775
0.004037564651965706
-0.021549331938715874
-0.04436442997723839
0.03313371529168452
-0.035197545352081167
-0.01305396918421286
0.01338794425424474
0.007246037344164811
-0.009306449307311216
-0.043167196110327564
-0.03516864630305665
0.05133026952184302
-0.009904173659867168
0.0054968038363223505
0.007690105995614688
-0.005293976711915101
-0.022901388528606043
0.017540061635743443
-0.03700058335714512
0.02369423017235446
-0.040380390024894276
0.04033011589949515
-0.011323308836459422
4.305629672600583e-05
-0.042214448095705785
0.003147441827100673
0.029828138021087067
-0.0016456304173915423
-0.006348958327981678
-0.019378957050241893
0.007471495889622883
-0.0004990891026892165
-0.013250046491047062
-0.027388268980368304
0.004075620889677794
0.01935660774018071
-0.023084288457408297
-0.043928758068558206
0.003963531306104382
-0.02986853071628309
-0.01101529733143526
0.02345755327782836
0.03244766442098365
0.09032974163333463
0.01350611801947951
-0.031355351804877286
0.019727594977002525
-0.006125494009943361
0.0606733123237099
-0.001543298654366223
0.0453096485309019
-0.04049373067437855
-0.0041169380593150465
0.022029585339579553
-0.01715533702527092
-0.034569591451371576
-0.006742628797714574
-0.04974366301264136
0.0012191936610980272
0.03129987960628647
0.006233008559889522
-0.02634049706649881
-0.001963623242345235
-0.03174515608463535
0.010652204854552512
0.018745366592300132
-0.032905555861009614
-0.04700005451026738
0.02478785663665074
-0.04631851393562501
-0.027785805747298272
0.01871763959724129
-0.024451377635781816
0.005490286338030983
0.051004135328506006
-0.03172350818861168
-0.004070018494740647
0.019324818063257393
0.014440137740906096
-0.0338121198907152
-0.019819203652168133
-0.03339890033482061
-0.0043632444369525935
0.004912339325185559
0.03969464687548115
0.031416579330410026
0.0600886250841882
-0.005279116345490514
0.01094986704727526
0.008505364128612665
0.010620371590808784
-0.05025611533170009
0.007611979345357623
-0.004406193251955564
-0.0015369421209232498
0.01644128123708761
-0.011081048195203298
-0.06842810129347657
0.0014147680080347264
-0.017997450448801623
-0.0014456528187408767
0.0031818244573275636
0.0007892270786926969
0.03237594577251726
-0.004580290005157865
-0.01228370714811457
0.021896505451985262
-0.012302319719895392
0.04379248591951653
-0.00324746389771527
-0.11338847112384914
-0.02238448964982531
-0.020503682103017364
0.06528448457705144
-0.047607537408667425
0.023754100137245243
0.06259608539811552
-0.04884926877998676
-0.011713901670036204
0.003169750580921374
-0.012276126037303617
-0.009610098917358995
-0.009032240272017619
-0.012630571556311396
0.01587881770896419
-0.0456740789847577
-0.03967651569506281
-0.00968867611257193
0.0038734906201644504
0.015666059463269454
0.033356240156754
4.2541691410858564e-05
0.002669900748754074
-0.02849123225472531
-0.04637033677365043
-0.009431413315405654
0.0060141169064452235
-0.012642635297565989
0.005976701755257688
-0.006147674549545671
-0.02174781650022754
0.008466676187720268
-0.004994799306166262
-0.03719735014013594
0.004387413693721955
-0.03171351743417444
-0.013020681973285887
0.01825368282563853
-0.019534792383918663
-0.009605806965836784
0.004258212725494367
0.017515397328346092
-0.016945696391690315
-0.016099218100244755
0.01293477679722556
0.0026306580042397064
0.011330491800529901
-0.03557588237969153
-0.030986294014555948
0.0356416805556433
-0.02526999697810234
-0.014548921157176138
-0.020270131934545542
-0.031061786413981263
0.012333340558130096
-0.05870058779225212
-0.005223209489856973
-0.0002119861622591999
-0.001967849828778212
-0.0004019576190010139
0.00818150866733782
-0.033726843381221894
-0.023126167882712056
-0.00849046995207186
-0.010279441537429147
0.05373201968583757
-0.004375718926094463
-0.007203908649487522
-0.0025059215620629465
0.014155763715124685
-0.029140035906067632
0.029100480388118917
-0.01794844498601858
0.018431387722237465
-0.01867095194411533
-0.013122181375225564
0.05828428735981952
-0.00026176149450279944
-0.002440472687631886
-0.06797100871268874
-0.002966775634143501
-0.003410736328579073
0.006088066303828107
0.04746851227115828
-0.057533655654004145
-0.04084407330396284
-0.04971423938882306
0.02583580474981453
-0.023627438529053385
-0.03758724901991032
-0.01467597209607545
0.008993480425754256
0.006346054065152837
-0.02009138046062146
0.07697559487332964
0.0155127888898774
0.04830424263722127
0.036733750488023215
-0.0013463815703128794
0.04209909277189665
-0.01627195684784092
0.03925458832825143
-0.02665266297933606
0.08414945618272983
0.010888933123596796
0.004181303769113724
-0.02820131691086954
0.035840464470235096
0.03363888275824526
-0.04024013561404799
-0.01663784543448467
-0.0002003706604047868
0.009284401110157195
0.018375016336688515
0.05166467014850303
-0.009821385449554614
-0.01982955872388606
0.027055876049055787
0.052699927765252175
0.018922959691705623
-0.00852170625531544
-0.01908539439977718
-0.029663926778333603
-0.018438413457371048
-0.016278785999122296
0.002458855345805837
0.011415812940864268
0.0034467196597564452
-0.008165366102050434
-0.01630943739674313
0.008842790863243771
-0.048597747856965176
0.0037074016448822495
0.005099073700689401
0.06497048989768293
-0.0016774935721571322
0.030128938305582338
0.030315946853592613
0.00024160565641891558
0.0022577451707532217
0.003089047722032385
0.0036583471192782008
0.01276347341600172
0.008211721816566715
-0.03826381421612794
0.0015467218044204597
0.001467867562914216
0.016291744219486152
-0.0051531713883632875
-0.0311082346327117
0.012297971089476008
0.020440434434649313
0.00953769112727191
0.000710670869202283
-0.00906481715134728
0.0096726170342943
-0.04471315321445082
-0.01031480981106483
0.01042365059714536
-0.02035281802412624
-0.0317417855693215
-0.0011411517566687563
0.021765031094821204
-0.00901056367625374
0.04605555026936798
0.05283701124949394
0.005296739800690675
0.00422827561139233
0.030184114039778876
-0.0019023162433827623
-0.006125159029120651
-0.026910343275731073
-0.054678329195518495
0.03881141081594925
0.016510736193729076
-0.025208845638880248
0.0011929079818868086
0.014413213687490465
0.010287105304604556
0.010191541389691723
-0.03559084600533313
0.022034287869528872
-0.015002421456407693
-0.049739870001978485
-0.013053839243652105
0.017751466151973594
-0.005244662087501326
0.008159697287375192
0.010316418438337211
0.02403900465623191
0.0924866399125123
0.03046003488620327
0.016235084439999877
-0.0016125343546301285
0.07035514460282719
-0.009163189588807373
-0.0003253784067444801
0.005313875125575494
0.014492457564946411
0.02113791697257803
0.011731337190991141
0.006406302847838048
0.0015250234920449782
0.01376180278467009
-0.03665766583150072
0.02024643934143992
0.00596297114665821
0.00843537423375932
0.036213453418181114
-0.04094166996687352
0.024172872958039944
0.0038001905917358146
-0.03307279232865695
-0.007782355927993241
-0.014253857160668288
-0.023247374022687978
0.03992203104512702
0.01772395176951607
-0.022455432955402962
0.0649535327611248
0.020915706982645627
-0.019373771549639048
0.015185340810300882
-0.038159945987894704
-0.009548710042718879
-0.005209920695647358
-0.008667811902399509
-0.007553318195795319
0.021864184931841887
0.04680837538087321
-0.02447153671080009
-0.0070847647790715975
-0.008208350724750927
-0.049050150077958925
-0.02239396064869146
-0.03146559502943216
-0.07164330955687814
-0.0355483811037886
-0.009925520126384514
0.04579867109426725
0.011242785868416923
0.012375235527026686
0.0010060413491338306
0.0368137551598755
-0.01648101156934584
-0.0462158307413172
-0.02713195660318212
0.009768568633432659
-0.01585630702651306
-0.04203318542749376
-0.028895295456710452
-0.03823854809143602
0.009115849826215945
-0.0033772288919486277
-0.010174227130224447
0.01834979186359637
-0.009933604017065608
-0.006642727686869272
0.0048970747292748215
-0.06181319068656172
-0.02801400955006686
0.009475733742274473
0.06094631100320184
0.02653109064110535
-0.017209817221637197
-0.026294890459474488
-0.0388688672015507
-0.050356146654100306
-0.001733994927888729
-0.016839329775189284
-0.0004174027182460365
-0.05021519722420791
0.03536411923945938
0.010111600207390522
-0.001383738904942463
0.030148690268692314
0.04535260992016695
0.02526678983690742
0.014340196347195189
-0.014681198011458367
0.005728224496680933
0.056560856447170196
-0.021006356801660655
-0.01702113914450458
-0.04560442878507493
0.010531536561248915
0.014626552901894968
0.04174452048406357
-0.0037445186462139782
0.03647394873349471
0.0669560272686975
-0.01963737063604595
0.03001387200568246
0.028086136670788284
-0.017462723523558037
-0.02962628873756167
-0.019829856447010276
-0.00782444050657616
-0.02683993103222597
-0.057250886134428865
0.016254738172383033
0.054901796511442995
0.01173805275307671
0.016804743282003022
0.012909329668236099
0.005619207774007286
0.015558674751183797
0.032104155839097766
-0.0031534528757556396
-0.009718694363322527
0.03868242994112969
-0.0063890431755366855
-0.026860791720271223
0.016491712402979787
0.018429072967023584
-0.024214893091683166
0.0577448852435475
-0.003280617063609666
-0.0032313767336403757
-0.021151175949651272
-0.03991230030909023
0.007443921808381528
0.01706181483826383
0.0068773184811939244
-0.015483155216603359
0.024210230449326058
-0.0062453746779984635
-0.05029216086066837
0.0574749081206931
-0.03877447389566462
0.018418701335420663
-0.053611559608425605
-0.012478253971099973
-0.0759567494779512
-0.030045842617001883
0.030497568794753294
-0.02610235628433822
-0.03336431813597716
0.00691322290979303
-0.04267863624894253
0.013271349165115567
0.0381831577031342
-0.028133582446079934
0.025070815485894512
0.009748401082086229
-0.020173400228122126
-0.03368639350575984
0.007864013736425009
-0.027685600018904227
-0.010558410980384448
0.015912679159203517
-0.0004533312635621903
-0.0022806684326427224
-0.011357684250163752
-0.025159483728046262
0.0062347501127892335
-0.018505436652669058
-0.024305961884686315
0.024404623787560243
0.04093608703997482
0.006191297079776596
0.05589097860754239
-0.012400950865951364
-0.0011014321904489486
0.005135892712078694
-0.0052544167118095154
-0.010745645312243377
-0.005915533945142658
0.018039544290313778
0.02442317396944457
0.020646497687104907
-0.01338170759792797
0.005695235249293204
0.005277403168790242
-0.023931163896251207
0.00812992729251755
0.005080729663570816
-0.013178357451328733
0.03135695259222119
0.01721915020499316
-0.020100637349894302
0.033085126591592476
-0.02475971450321582
0.027365649901376923
-0.004457297105693521
0.025088318349506415
-0.0004864639774308916
0.01022564552653881
-0.023482271229860754
-0.0024206654388249055
-2.4285292806788658e-05
-0.00443545335304271
-0.017970597418606453
-0.0209557008567153
0.00687119701682242
-0.03685264874506205
-0.009238535836715918
0.010641555565373297
-0.0007725324714060457
0.021052845818543744
0.013898574406000803
0.012396429091732693
0.008239015804492818
0.059165120271299984
-0.016486401983409022
-0.0008217500626467763
-0.02634851933052744
-0.04380915620293153
0.011459982702177258
-0.06680418878214212
-0.01781846251680222
0.01193721632383984
5.0253959297373974e-05
-0.05339662974209151
0.02158369282288728
0.019240092635777105
0.015826025532823723
-0.031380531346185854
0.01818261536374311
-0.006250379277743263
0.031238345531381974
-0.0013674646473407412
0.027838550105663586
0.005395943649956225
-0.035951612029281814
-0.01537762647708684
0.08084933396276872
0.0023399450260952136
0.007268489258241914
0.06252903314543097
-0.0019953958179926815
0.039838496419937565
0.00854046520258864
-0.025583837869370785
0.018156353281194637
-0.048632709749320414
0.05587156313010865
0.0019273640737514568
0.023637758906929818
0.0017472242341507068
0.03485049568977753
-0.019734435324665404
0.061194541619941825
0.030935173509181207
-0.010158785688280162
-0.00761363515725446
0.03641808769949902
0.016428648339961632
-0.08082148401113345
0.01683994494644137
-0.02094092900988738
0.08040626298961347
0.020185588974860877
0.014647404408174516
0.014153669607833697
-0.019989053648933157
-0.009548856225405297
0.0018025296839503002
-0.01060968696997483
0.01085318635034478
-0.0058081402349387905
0.011699488862808954
-0.02185315153381483
0.031915780979432505
0.05276934523019894
0.011504866461445565
-0.01148108001444712
0.035986056679293256
0.03437440719754129
0.01590739038582639
0.05988443865899347
-0.08455468711537431
-0.005354313931449254
0.014804200630096812
-0.011140629352636313
0.03187127796641079
0.030771428710622013
0.020143921232529047
0.001258007299151564
0.008003603567925191
0.02312633606141337
-0.03361464139715942
-0.03446423610248414
-0.007418718090536396
0.0131880669493875
0.010341690807796766
-0.006599085767251062
0.007454870584203288
0.029594594288343663
0.004020750669123538
0.008067287571855928
0.032953250246500615
-0.019496961720824737
0.014348993041768201
0.0009730569746372771
-0.03366454126532927
-0.0607723358528284
0.017068855600656588
0.03549369666397002
-0.03311625626035688
0.01777970536668903
-0.010220180194864675
0.04472310075863216
-0.021232011245801128
-0.016003983390727332
-0.004841899042833987
-0.008669701199235583
0.013242366021514239
-0.032843088455960914
0.0007064655545266787
0.006871610172694785
-0.028970073342994486
-0.033989477439209256
0.04026655891368283
0.019999884107195803
-0.02824028817718062
0.031108392241338517
-0.0030719294542666782
-0.019426413505664732
-0.006309598642122654
0.005316902117805264
-0.018628154102231228
0.02496750201298476
-0.00491905467182614
-0.011452546399475828
0.017349864046668932
0.05662385097670984
-0.023759805735314027
0.009047755587207489
-0.004589347074062935
0.03195296831458363
0.008241200568165002
-0.040187278382284995
-0.02293291758945658
-0.009522566045826505
-0.05796988676502664
-0.025881704397012036
-0.027759881628700998
0.09449398831740076
0.015378550897011118
-0.024338571724057612
0.05033983403864339
-0.031979358323228096
-0.012852414776961519
0.005555967249686565
0.03631436787646658
0.068511667360759
0.005062751641722399
-0.05013784793345859
0.051634220624307836
0.024601211143943532
0.011819106943120725
-0.04648781951623932
0.021522901947910924
-0.01286868279020415
0.0007364374919644133
0.042947573854847695
0.005765682929574209
0.019076912808166275
-0.01115014308243146
-0.01866170172262706
0.05757913225745288
0.03765411907613276
0.04394352128451459
-0.0073247096384081
0.018760676790535603
-0.040562224696955
-0.018706664856891802
-0.006978065609325631
-0.045117175475707316
0.011533864748191732
0.04122116594652496
0.005185915147793767
0.03209047278631267
-0.005648327725464266
-0.0007340594108277955
0.04570600260010866
0.009865877337737151
0.02807222270075936
0.045810193633086395
0.03147116825670129
-0.04386200046481355
0.038559553631607055
0.007432933978660003
0.010959117167579429
0.02638192614220382
0.019667060104487943
-0.015387035888592566
0.015626241214668143
-0.009451303276158014
-0.012638234104564076
-0.011706086322424298
0.011227821844076714
0.021176245874260355
-0.033395326464387115
-0.010385006410194684
-0.006502831242008727
0.011225968154847511
-0.00408954762582456
-0.015284277758736298
0.025400458131943544
0.022655022207377435
0.08866200371927561
0.07106788619333648
0.028101426901473815
0.039623083217434324
-0.00759662987402808
-0.031613925647038243
-0.06540789776998848
-0.022183894323576002
-0.021365478410688362
0.04836154810215373
0.009405410162638583
-0.0184861370930055
-0.021773562902362837
-0.08650198945336081
-0.004705311062128938
-0.0013275899719794061
-0.004001413072911711
-0.01785111318886196
-0.013857470991613755
-0.01339559167412909
-0.015171310856592811
0.013536599877653193
0.007303682576812908
0.03327637227074378
0.021028371324808694
-0.006963452235959739
-0.03424399462476038
-0.05706847723873655
0.03489177785120893
0.012624200473876489
-0.025453415117136224
-0.04694314760837881
0.053662076542524785
0.023058699753780953
-0.030979513666581304
-0.03637235197988538
-0.028454750685300238
-0.010141442819120543
0.03304166638564997
-0.0054053615555016525
-0.008476010838330703
0.014466998512091097
-0.024018772387146975
0.014838455506375248
0.015342019138733743
-0.008292892013585284
-0.0372546653314173
-0.03953562755466398
0.012868064858969866
-0.03645393371034883
-0.05900547770075044
