-0.02964940773991129
0.02689381544795041
0.01683850759860092
0.02919833675320707
0.007749980755971379
-7.276512472036702e-05
0.00989091470090554
-0.0013162650382685264
-0.01772908885116967
0.013760872666680643
0.009050784597307796
-0.010115437880852444
-0.039777112194822516
0.01369542468497633
-0.045292198977155626
-0.00043616928507252237
-0.031694610350272316
0.08667285837267831
-0.015401141931521605
0.010434019350710831
-0.007201507059068963
0.006553746725905137
-0.022354043618678824
0.036158073981284185
0.07951578298747469
-0.08220486456464078
0.024385148145086317
0.006634682818890355
-0.018234915110936296
-0.0009728865383344109
-0.008654588712722408
0.002078992001961092
-0.013281810067730982
0.0044457037199229325
0.004831706930895344
-0.02515324601596368
-0.008884652728458087
0.007912178978626469
-0.003951241442875577
-0.02958371601136681
0.00034423690164352746
-0.0344134661875129
-0.007500832331858752
-0.017591444856689443
-0.05107127922667762
-0.03214892834440786
0.008845727359819196
-0.02671964770125548
-0.003936630815749277
0.015383307519297361
-0.03744547596540879
-0.020634852444606732
0.02569418069031474
-0.012734635903973661
-0.009263314765423308
-0.02384276169442094
0.010235508037261545
-0.02043790259441033
-0.0144014318751316
-0.023129178534749818
0.036716659457696234
0.013171844632365261
0.04991239686706921
-0.020480353717841477
-0.011361436617404507
0.0237016247029683
-0.010799404962950138
-0.021317110043062863
0.041556491945836715
0.013356119707639712
0.019614863920692293
0.03393683789706318
-0.04097621484749277
-0.0310971650177852
-0.003789336887005599
-0.03567597219849493
0.043522306129348216
-0.0033769928202538844
-0.03715758300287039
0.007684433676287903
-0.0012025643543470607
0.03317761876793351
-0.029883490419560357
-0.03502095739051678
-0.03650322750539309
0.023566256020680982
0.03523635832491556
-0.0059789758947242574
0.013654121933094088
-5.772304384448951e-05
-0.004133104987524863
-0.006769922966097813
0.01450050240999657
-0.007193451412254428
-0.011019034431521347
0.03897175127761668
0.011904149002913141
-0.006791227694859213
0.006717596850559419
0.011095288108077778
0.001548316325644402
0.03425181694577529
0.01758334235750054
0.018256512505501067
-0.027337588560698546
0.024773580394480136
-0.0029680782984888737
-0.008562028312586071
-0.0020207265526589794
0.008604002683393303
0.01748441010163494
-0.0244143431944435
0.014169658614213014
-0.017790981717007808
-0.012448357556691086
0.08910185578254538
-0.06014077558752247
0.01691324330527151
-0.0398727904311039
-0.020154304228329013
-0.03500577563039382
-0.018411818085233077
-0.026072189164372494
-0.00551228463277103
-0.06885287046330178
-0.014934665535108641
0.0020820666900581253
0.005660049781336732
-0.001644059716569416
-0.040264178273056964
-0.017851076899159116
0.019665436655132505
-0.008362296388623132
0.053634586401159444
-0.0003439396747588455
0.0904694807109054
-0.03547902103987858
-0.014167362539027692
0.005294910547145436
-0.007395862837379622
-0.004166183880343412
0.022750309355435986
-0.007395492017907213
-0.02001128537287774
-0.002318886289263519
0.005126043548731435
0.018754485135034103
-0.0036780321192280106
0.002041715256954111
0.04860703762863119
-0.011016567430148103
0.03060759476872669
0.011685720302620274
0.019845163778082126
-0.006693468197885034
-0.004835795323713937
0.012779302571206424
0.004364410975363527
0.003926057083904954
0.005085153741524193
-0.003970974344942816
-0.004804057646870003
-0.01149608433345414
-0.02756677409621542
0.007363674570523396
-0.018714513194369977
0.0007308267699548048
-0.01809567292189741
-0.05949748133516616
0.02862395754238534
0.017124793070636107
-0.00352007186998454
0.014484209709711827
0.007026433184479576
-0.0004752673005119672
-0.022533998170535828
-0.020444726151891104
-0.005427080235655786
0.02710103774877248
-0.0034337757173528312
-0.025366212439674737
0.004919502693850943
0.0016446538149168877
0.00014627879227703216
0.008345949426923271
-0.01753659264771896
-0.046295624890720824
-0.005659347246059636
0.004475957131159503
0.006063934379903177
0.035390273517234574
-0.0004621171334753995
-0.006482085299494973
0.012664853047784813
0.04588532310754837
0.009449976679172994
0.029055900363734212
-0.0358710195955505
0.0004289622265050224
-0.04066208188843845
0.024723518107559503
-0.04250449288384766
-0.004204916613096391
0.06626599070249928
-0.001661940984441751
-0.0202253575555082
0.03430479547708651
-0.006808995795724909
-0.005789952579899435
0.05107532884427308
0.007705506704699065
0.029725022387847
-0.003575696512353285
0.014052960564503907
-0.040001014493470245
0.01925910344895683
-0.005750880663937504
0.035492207702296476
0.0023260439023827053
0.013319611816149057
-0.020052980009404024
-0.03146645281674456
-0.010584509870170934
0.0254377857246981
0.013642520410901854
-0.017862048584017125
0.05862591190331875
-0.033476565253594014
-0.010531374412231615
-0.01572886364815504
-0.01277996866742163
0.008467263891766889
0.016864457265350807
0.07422633405316796
0.007544354457396016
0.09314229764408483
0.012196560355698499
0.012969848825801598
-0.048161833693187266
-0.018252986365167225
0.0022095296459835483
-0.007474530875589128
0.005315684089759505
0.06273965742285928
0.002723277024682703
-0.003692524795804372
0.003600857140213409
0.02295023089241319
0.00786372597118459
-0.017409940560292516
0.002360535683452338
-0.005010420476473306
0.004593511657027743
-0.03673806839580625
-0.036169978455201195
0.01677932409777681
-0.015144798169470676
-0.003171677730777024
0.04176746856485236
0.0014735630855693795
-0.014008333459298392
0.0034520845222185182
-0.016238759882091416
-0.04506701666739451
-0.05651525674379635
0.002596707455580388
0.04534523992881101
0.0009137331037386289
-0.011388715548417432
0.028409340817509166
0.0027955655847871695
-0.01245661905283199
-0.02499943416972184
-0.009713325987733825
-0.005694640049848523
0.02237276165255358
0.03638894799160834
0.0008696143310553996
0.011678821743378915
0.027752079433852335
-0.011397254122321761
0.035370189751451134
-0.03731008723329072
-0.00832330990584779
0.047501502147167626
-0.08319890192715743
0.01127016785655566
0.02245052116394256
-0.05030705594431058
-0.03335726003685191
0.007232207530222645
-0.04870507557522497
0.033103736244147294
-0.02880707840803593
0.00668671473516585
-0.013789760024101982
0.002638177297410951
-0.008576990897567808
0.038165215709762175
0.02570902914513575
0.01764989625522803
0.03156894854865802
-0.005846002538161387
0.019777927014288564
0.01976440869657326
-0.01513729898009008
0.00842935284585045
-0.019969981981909104
0.002705662971653254
0.0027407262489234172
0.014153394884154675
0.010603175757835176
0.021174379058989282
-0.02661050513577687
-0.030578371276075367
-0.036222928809969496
0.030566471764814297
-0.004997510293197866
0.045706588263817204
-0.026838900199281198
-0.09966299223753272
0.005545690431806168
-0.01468411133326633
0.012914700821464132
0.0014954431976232586
0.030955763526810644
0.009648884505600856
0.03428695405110958
-0.015463270583256299
0.023011319478007868
-0.035761075567594336
-5.437231510593974e-05
-0.029382674001403142
-0.010539918312035566
0.010212600846597478
0.015740951702242045
0.008861170358727882
-0.014461527587771424
-0.022352764914009664
0.034022891051458864
0.004855076951634135
-0.021883338335724967
0.05715251149312948
0.0032995734874723746
-0.00838641257023756
-0.022409497315079727
-0.03171887351013437
0.006740137028565584
0.00453994938415573
-0.0010033742527146043
-0.016311747163778388
-0.005873288679832221
0.0033069676802248604
-0.01364713382769612
0.01381211102860538
0.010742928269065484
0.0024507060602977897
0.0034063001371209454
-0.04553292289358044
0.046488611953879044
0.007989305885820402
0.15347945623804635
0.0005790743729004119
0.0019414101322189426
-0.06412506078111485
-0.011288009576764268
-0.002638024116268589
-0.00905877692408429
0.016141350395966085
-0.02809063786179977
-0.09037887489679042
-0.001101525742303583
-0.035939594184428235
-0.008878705172122386
0.011693103164916892
0.038609130429230046
-0.00857884954110769
-0.0183301682067299
-0.02230834054444694
0.004004962077815097
-0.022496742753484338
0.020760949891251334
-0.11182272553725202
0.0021633569358467954
-0.009224245976767707
0.008415109996488016
0.03717280017235652
0.010806184405291689
0.046954843644310164
-0.06702790533229645
-0.013934648775876397
0.050430803319239687
-0.0236154987378987
0.0152658002425156
-0.0556886577836384
-0.03256526045668532
-0.020680851807661268
0.06244542682677992
0.039403875607561166
0.006767493616820053
0.0076103854147547955
-0.004972782225254218
-0.012682600427373644
0.022645835130985
0.0440775037241107
-0.027270281489911088
0.011176945100311945
-0.027341452481809643
0.02599384304142115
0.005814708691209989
0.06997396947679344
-0.007075640457601605
-0.021399756385277715
-0.008976446473670876
0.05622530026998544
-0.004468971246540518
-0.03478887745902575
0.02975252430938532
-0.0032103771759069023
-0.018776830456703923
-0.0008669196384118179
-0.04128821944207366
-0.029096699965701026
0.005214796501209484
-0.029484520917334188
0.003453394210226848
-0.0047258802324196955
-0.0443266658264963
0.025038805177983
0.008635189900731356
0.0033375830460747147
-0.013357074387046948
-0.013739464989337723
-0.0037744401165849054
-0.005177870725504706
-0.009972245666491686
-0.03675804804190662
0.017067390086405232
0.0039670460172253515
-0.04085083539811679
-0.014552847832691581
0.012259130704913199
0.009009002134730531
0.005161452869712809
0.03409597299116654
0.01732443039131796
-0.009163206678108438
-0.05573234171878827
0.010540132792377189
0.003213362973776511
0.001153236396254389
-0.006326936446627737
0.0028188500108058253
-0.019118703941790858
-0.009308104232800749
0.014862816104544258
-0.023905231908524074
-0.015896087583448622
-0.0018071614019676884
-0.013874568618707195
0.02387263435376936
-0.012297653032797496
-0.05984298850848282
0.03204604466764444
0.004310993214564601
-0.004078705027937731
-0.004827445556505952
-0.0002972757122760125
-0.015560466650081052
0.0004951656072065936
0.008652166990725981
0.029438288331669456
0.006074531784913858
0.015923399209942086
-0.004849906190141758
0.049561515878755895
0.020799474296344145
-0.012921357715488985
0.001295806470005094
0.023937428290582412
0.029418851194304985
-0.003857560053422933
0.014377285684242548
0.022914155655204712
-0.003022763765490164
-0.03827824159177963
-0.006747787674768335
-0.0009446725797643455
0.01646139505440237
0.005648212782487248
0.0004356939489552281
0.01196500239297528
0.03435522875725242
0.01748777564892821
-0.00047799472825791266
-0.00434312506692435
-0.02351490465690426
-0.011788445457901595
0.004606187357425933
-0.08462860014429552
-0.008726058513161055
0.006089770029073133
-0.0020517440334231214
-0.005952856293816474
-0.018586228607156696
0.0022237707191034915
-0.001398411220626136
-0.0355102562396592
-0.01572040680406727
0.003861446520312596
0.05362866038970211
-0.029938915562484524
-0.06875283568023881
0.001329816733929753
-0.0030017812742532406
0.07948689043035115
-0.004491695049347875
-0.022079859272177284
-0.006857139714881935
0.002229623543902713
-0.00836530674743472
0.0027501186927098814
0.04389728854343775
-0.025620170334999193
0.06115194437405631
-0.007788104603201391
0.04417268233460086
0.020316729650823564
-0.00631440723064144
0.018057430100439562
-0.043847037430975434
0.033323723541929175
-0.0032544080750134983
0.003970653594069227
0.010712400635547095
-0.024349592445139852
-0.05165911604244596
-0.008958624524267376
0.05102621402304202
-0.018388605031323415
-0.007632244510026485
-0.02082284481133969
0.03830512234157501
-0.014334067487743485
-0.04974625200085024
-0.02343810135597748
-0.0047277871723820685
-0.012574114924118123
0.012818827662026473
0.010308120529406847
0.001127965275770247
0.002136986074935061
0.06238521645686708
-0.012257176760636873
-0.0054408310718481205
-0.015172770152826021
-0.01859447641925381
-0.008411040337341908
-0.00883458195218624
-0.022549537626752388
0.008504781662346321
-0.025777502739645613
-0.021183912145363474
0.030220295164959943
-0.013491937929452826
-0.015884350081929954
0.004799360864826442
0.009831096042421108
-0.014594328258181343
-0.001919356809383494
-0.003315742530481116
-0.0067345030061943395
0.001826102347677166
-0.0035546298767594317
-0.04294423733717629
-0.017205547364250538
0.002516146087625776
0.05021856812821817
-0.0034131621897289977
0.018724277028665717
0.02068687739296259
0.0027756073429275408
0.03036011993034948
-0.014650190262223193
-0.003952062507916139
-0.035220313864283086
0.029530344892247564
0.0009022133784451258
0.00449252307437738
-0.007466408652605519
-0.13336721206760666
0.020081763643182187
-0.0011558110001970816
-0.06711683982590713
0.020199416312327845
-0.017693223724965436
0.013180059701225967
-0.04062904753115753
0.06823943347042269
0.003505039914577997
0.0020769597617206126
0.009681584773277204
0.017028927086013588
-0.007145987322205306
0.00104455178642052
-0.02769486567997292
-0.038923018205612996
0.009951018620570554
-0.0471273954284274
0.029556967092299467
-0.021448566179217046
0.08389515568981738
0.021331410074585274
0.01940877506928134
0.011810946565376448
0.004833651868495814
-0.0036501950351675405
0.030382432152769156
0.025537244693923898
-0.010992428575572886
-0.045473044785816964
0.0038586504795291385
-0.0018469186384669906
0.009859039592918919
0.0023539381944391964
0.05250151399026116
-0.0014051801877690887
-0.01658942107137247
-0.004949996679500115
-7.726137953071621e-05
-0.04759177382292537
-0.03299931753727779
9.306148373413244e-05
-0.0022921472219090883
0.062070282386278805
-0.008818225346748075
-0.0042947847120216156
-0.01751654354966362
-0.0005585444202987807
-0.019865968351517136
-0.008387488450299433
0.042192749233861966
-0.008145243643549897
-0.0052701746926437565
-0.01898788607835619
0.020296836203202395
0.015229140137456205
0.014441153688689968
0.009469264373128823
0.008854299052391252
0.005335978167286558
-0.014118532728972035
0.015042764957938395
0.016262339741009737
-0.011043187204913854
-0.006319050045748407
0.01194044710198125
0.03226004694014778
0.0028465417992129404
0.02301142851653666
-0.013071434884992662
0.020162891520052333
0.03469890425474145
-0.010465247825385382
0.003927728318727774
-0.018027665585703248
-0.006886492949806396
-0.030127799631240595
0.04823257727923321
0.009746086649051034
-0.0050098803265366905
-0.024978301156319948
0.0015261863689631468
-0.012206383978806235
-0.018740886723721296
-0.018836295193710405
0.015464644000089837
0.00504879973508471
0.013585222602976055
-0.043368748828702855
-0.017439292132445137
-0.0014093085048702077
-0.04199588062297368
0.005028423721617842
0.03104345040153635
0.007467472542294413
-0.04240436009139575
0.020007441707790025
0.013125420316441453
-0.009214122622676332
-0.014708327821858592
-0.02806879405803892
0.014199404110576935
-0.02278205977424552
0.027012481026034024
0.001237584980027982
0.12203971959856973
-0.01931226823455558
-0.010221329039350122
0.010818050904572152
0.018957181188253912
-0.11011763576300122
-0.021719798824565536
-0.011664406785777993
-0.013591429584479097
0.0010055908250670765
0.020619974866520323
-0.03341952879807592
0.007012017988827925
0.009962029233567378
-0.00952511490231134
-0.015649140467055657
0.026510212699007486
0.009187242546449861
-0.022583701505224155
0.01595526023541987
0.02784488247463082
0.030990688985910918
-0.04607291315355957
0.004062870109883654
0.03787739949222085
0.02304846263215697
-0.03616840374028441
0.005687260681988343
0.0060772020630012556
-0.0227061052775193
0.017941384657907195
-0.009072307681482249
0.0015371332095175318
-0.02877372090601276
-0.012428190725372566
0.05534527216186215
-0.026858917105967977
-0.009131961028345806
0.07876502005906044
0.048779527999241214
0.022796824510832796
0.05475446594099238
-0.04921853558601585
0.0008196886818016008
-0.000903563642944789
0.01753001590549486
-6.902220354910596e-05
0.015414362114203708
-0.009181306371929345
-0.013546358177676144
-0.04016158207890626
-0.026097373779824254
-0.04139966320576524
-0.0101400557336871
-0.004115263770472253
0.04018350223941287
-0.08528350027655114
0.03314059868298301
0.014906507832393999
-0.04209549537211095
0.03476143161314802
-0.00204017742528479
-0.0016134479228678722
-0.004401631423588218
0.004465958547958237
-0.02301531333204842
0.012871989467148673
-0.0010207161863209151
0.011427750669264835
0.004450974009099949
-0.06308518465551469
-0.023741603413653577
-0.01774223529487384
-0.0025192336117047993
-0.009979299018166271
-0.0058730853584635975
-0.006422764908506058
0.01841725779704879
-0.012968766304185385
0.0005561606699768003
0.006216183303738313
-0.007819959554131879
-0.013924769039950574
0.04057541213353739
0.029699579858872616
0.020085826699281106
0.009593243095542719
-0.012038744322177983
0.005681894918917615
-0.016395136142832403
0.017390590866655804
-0.01532790545332083
0.0372945002145529
0.002537603142464476
-0.01987221957093169
0.03396084338224683
-0.0138353241800442
0.028395582899796473
0.013616003980227307
0.006116087036031626
0.06050394419731552
0.032144081792956324
0.00551999772205573
0.0018965522006727652
0.025106021341028538
-0.020452500418712573
0.0011774707420422875
0.01477518170261795
0.030742555456118436
-0.002372141961386625
-0.07861942362509008
-0.0018093415756488557
0.008262803350404134
0.0005774761715421367
0.056550336980217476
0.001347085825287074
-0.027660529956707734
0.006722708974857387
0.0030856279110815085
0.022591209277036194
0.018984638096511817
-0.03674274550997582
-0.036383213165190706
-0.027639512361400727
-0.008324363710067497
-0.021877127616369382
-0.04704737804263376
-0.017104659038295153
-0.0024536703423665364
0.025623839037471608
-0.010939111462237878
-0.017543548404164243
-0.004390121969148321
0.03467234868283898
-0.0013254859632983666
-0.12025623010818229
-0.007842730985923292
-0.004538470433189808
0.064352654609202
0.0201630772034737
-0.003651932109042591
0.01884879139665226
-0.0163455990504059
-0.014392836010762897
-0.05717575299502972
0.010791102626623948
0.012169986745422615
-0.0166397095859727
0.045928107437956896
-0.00929088119677008
-0.008457504765283449
0.0010198655452307239
-0.020995283788536177
0.00021843254319255803
-0.012800801454538411
-0.021699959329204672
-0.09917395777298296
0.021162854302742302
-0.04285510873438471
0.021136631356552225
-0.004606549328553339
0.0019940087294087953
0.07037990504364099
0.009810341865716953
0.004592660170620406
-0.009300851497618225
0.02377850544721575
0.0005428045517391787
0.013134123403231624
0.020174001838011543
0.0007787108319675043
-0.010530789238826036
0.018223834337403235
-0.0270503123211188
-0.0016578150056975412
-0.0038129220359074795
0.05801483746389561
-0.015943583068272198
-0.03771685888294784
0.03444376571087917
-0.008343659080745284
0.007421736133204006
0.019409786238339534
-0.007516292458508781
0.005633575338634546
-0.006220089578471737
0.021333129677296142
-0.0037430792190696178
0.01993643858869934
-0.007286359999422117
0.043273195674823815
0.01031435055962142
0.00268712089274547
0.001809377569036523
-0.0012421642862527605
0.01404359336922724
-0.00391501588145953
-0.014437004255744372
-0.04203087083584965
0.02318099651688041
0.022099503222048126
-0.030177189062060253
0.03643979736982702
-0.0037934716598340594
-0.005927876063190547
0.023306997177459935
0.014986198319565474
-0.00035733822183598384
0.022383031874043884
0.010440400971184842
0.005324751210894895
0.011197227008302599
0.018937103142940677
-0.03161514387848713
0.010128206872320463
-0.020542825163992206
0.030306638690129683
-0.01910764630753383
0.009763695404369013
-0.012381808025780715
-0.0067712460258726685
-0.00028856070317341196
-0.031976019540145006
-0.038460755820213036
0.034034692836349294
-0.0038101728397246693
-0.025461090093795477
0.0033126747189276104
-0.02174351476120821
-0.010191307740089145
0.012835480414580203
-0.03700418848606724
-0.03945515435697917
-0.0006963483538415372
-0.00734794857096123
-0.012927914043695409
0.01251589100978555
-0.021944169577811232
0.03925884012964539
0.04618888161025547
0.009800383509510027
-0.028876728640938716
-0.006481431558343556
0.09009221295052859
0.0032818367784995654
-0.007550407293677335
0.003139877507168301
-0.011038576536991683
0.010385819369574554
-0.01424014330117334
0.002824058044258964
-0.0635389352081842
0.008038217076036419
-0.03192089117960855
-0.007673926576225606
0.019052017854166017
-0.023588507067587187
-0.0074618989100675775
0.029137105684094552
-0.0176157799082394
0.01148873056455799
0.011642254579787138
0.01941246868298691
-0.00718424806199927
0.012170203330750303
-0.06048254493861653
0.012760265882300737
-0.015865189723400418
0.013913160640601751
-0.00824836983053643
0.022679948289070898
0.005767124087842943
0.028099941708609005
0.008950492705349401
0.01733599361730374
0.001466161831255418
0.02717377771864754
0.03246606066653928
0.019393665721429535
-0.002569546357516776
0.02333558065075706
0.017835914187920587
0.03525410729672209
0.01493077793907484
-0.10530233709352753
-0.1560449890272583
0.0058482563224193235
-0.01028830305195126
0.032553245974720334
0.006888919373419636
-0.004358024317034502
-0.012983726210342697
0.1411561490827799
-0.001744506179120345
-0.1198673519588384
-0.01965175439118211
0.008502211516643338
0.0003288138219880729
0.036796495894595625
-0.08221776194386221
-0.0030264699542085598
0.07133058369356209
-0.016771055554862205
-0.02337647993895092
-0.00477981581067546
0.03227470744970099
-0.034545717443793145
-0.005043063066921828
0.021291908259417628
0.027713399246769136
0.008912188479954692
0.011308726357745833
0.008611619356706702
0.05406142190723192
-0.0012886871400792283
0.02518549924729126
0.006880040248827565
-0.0002737282270545974
-0.028659765851984702
-0.035443898266536
-0.028324343311832846
-0.05372334294189519
0.014546318539235078
-0.0014992278802703535
0.051213894173286284
-0.01908663601909446
-0.023801284729304952
0.012511871039761431
-0.0034672267825806304
-0.007359874559521766
0.006386160278574544
-0.000861725650645384
0.048133867690671926
0.007659852519564303
0.06309647978128866
0.03820293027239635
0.0342338417234238
0.01951722948485895
-0.013501485507267453
0.002963698639419865
0.0090713665127457
-0.05916333933033885
-0.0026113368171635583
-0.02766047984862814
0.009424315392258428
0.005581584574275606
-0.01201703020838545
-0.004902229580909722
-0.0015756845837042355
0.035578989921701915
-0.02742676123205046
0.022582803160032087
-0.012577184945096815
0.025673878429979764
0.005830586410218276
-0.0004133213237490758
0.023380406808637663
-0.04906756375457082
-0.015107547621974643
-0.020773262910097658
0.013959353226407421
-0.006968062940021653
0.01848668055227065
-0.003893619653568507
0.00991944029413252
0.012318721858148267
0.00753921763890522
-6.601386137985403e-05
-0.00032006100078417043
0.015937640076905627
0.020279385892565737
0.007351936893702505
-0.012924037295749908
-0.007506997945593209
0.05109292562454415
0.0010378375560801648
0.05720970834908211
-0.02475378562527527
-0.007206009211744417
0.0019002293867745113
0.11300699519926596
0.013147539707799786
-0.006722086511909275
-0.015169060384752077
0.0024531550617279065
-0.014323770700585586
0.002096544163330204
-0.01297895892115099
-0.0007673453704129084
0.012150179963094114
-0.010873771374317916
-0.051026025442064894
-0.013237000427726887
-0.005834840141066482
-0.008697047421515086
-0.008551815970364963
0.004881429671369631
0.035070696306506034
0.0032261383532839237
0.03331605481122228
-0.04935607068502292
-0.008441135703740886
0.009742489382556665
0.00027131241717444034
0.024391109517570748
-0.00513173456249659
0.05465798210289107
0.0007707449425596382
0.015726529215541234
0.00813148937396146
0.04544678705264076
-0.02592807647283788
-0.021064009465554784
-0.016500706594408724
0.00741071404675003
-0.044119197910525876
0.019956639069464523
0.024613357040238208
0.027079286499123445
-0.0006183689092434668
-0.02058797078111829
0.024879268873084018
-0.021111547791494777
-0.0029215315793016815
-0.013538012781137646
0.02226005052078923
0.022124107167872813
-0.01219107781558996
-0.01085807044266984
-0.032999418220711466
0.096816099816877
-0.0004094877432589826
-0.033636181101338904
0.006803217007229101
-0.020771257792030453
-0.00264790638372936
0.008247191910243253
-0.011414639079725716
0.001690834088673648
0.008924227724557957
-0.01676595195377718
0.018364348716962346
0.021152474902967677
-0.016917915002880098
0.0030317466437390097
-0.0017819576092175172
0.031240495503664856
0.0416402422888466
-0.027978926190753605
0.04583826970749066
0.013128152209550943
0.01621738455634364
-0.004415790110893049
0.003089232157549128
-0.004210042005641575
-0.016109279929502396
-0.07441067695469032
-0.0009961880352844844
0.06690186191495558
0.007955756763424514
-0.02025126391320903
-0.003111474368956367
-0.07201648667222721
0.010170215991813126
0.11041261294814711
-0.015630562171151278
0.008414601717637075
0.010075031423358029
0.030136014977208702
-0.00028347822542005815
-0.0032145621389303033
-0.00484298085288288
-0.05369967302866494
0.004876025671320126
-0.006911200363874922
-0.01094724524743407
-0.019655801569931613
-0.004262373880112119
0.018653244197348
-0.017478754466744434
-0.01925047751610166
-0.021894027118668523
0.002117838401808853
-0.0042115895200950885
0.03449008004071408
-0.007478159843556314
-0.01438214316330641
0.04109744130420115
-0.013833316427895984
0.036461013218279464
-0.009282008422263078
0.007578105154385213
-0.01510505779472298
0.0046931038355547475
-0.024644135048837706
0.010703285268530599
0.003350407731043343
-0.03783645277478555
-0.0025798859301176644
0.033117259967475575
0.009139727557319096
0.016139378160328087
0.019578641522679293
-0.0008518346610670448
-0.019121131672471713
-0.0017553997240957468
0.021244336199199906
-0.06113393734713981
