0.032921133615840086
0.031112711178839837
0.01710342728025922
0.031953257621325296
-0.0016046092896042118
-0.026019513898975655
0.009405672552576102
-0.001923039667434722
0.01806650924575222
-0.04545150087616595
0.014043802849299352
-0.07241775579783173
0.030506720190435023
0.048742409752054856
0.03272387601447627
-0.04038576755272776
0.013288144047441516
-0.018240712819075314
0.01118277648698803
0.01881987738888923
-0.022777765542100696
0.048670324280224046
-0.0027813245413263084
0.0068323238406285325
0.037532354990570976
-0.03669121387797916
-0.008602832785628413
0.027523063810281564
-0.0013379104153613272
0.011678612407174806
-0.0515204903041459
-0.062080828156376576
-0.0053947270263088876
0.02329950139520213
0.03117307960141755
-0.013821163901396878
0.010703861606032747
-0.012621502710851133
-0.033179912974359294
-0.03511824702957636
-0.03214617313504936
-0.004942988685977278
-0.06600147402020176
-0.04631944407213526
0.01507805517727791
0.03213849446401469
0.05591232836439165
-0.01563329900321497
-0.025857555261296804
0.05597956791121039
0.011067222418125511
0.009990040703255583
-0.03421002722205999
0.014877782103366181
0.05603292311584854
0.025738548383196617
0.022699778797927072
-0.04584765394948959
-0.051173637575181764
0.03734364132121336
0.014798168686878676
-0.03319087278068304
0.04410471311228064
0.027768504464037204
0.026625437387850857
0.003070461597753457
-0.01587090692108754
-0.05894456746264377
-0.08355132190049515
-0.03661369987743155
-0.03916002390080494
0.009125840470847869
-0.003983945922866655
0.0007855216458686184
0.03249048784634078
-0.017264438081622507
-0.03360537164251427
0.017199790858232474
-0.011041145128314995
-0.016006614901788827
0.011868037214937122
0.006648020497578409
-0.03552880629362149
0.022602302948732878
-0.0236335841909937
-0.03385268348257622
-0.008818466854823225
-0.01809115749472698
-0.07214796152321269
0.010640074112956838
0.03155894919333462
0.0522085366864395
-0.006822157672571809
0.00589356946572291
0.021974321771451408
-0.05507514793124574
0.004972983489022776
-0.01418856827148095
-0.011552557265823014
0.03731767462598933
0.03322658848667425
-0.002312077263558868
-0.0189546642130748
-0.012731236302863947
0.0416529916906602
-0.035520673865228045
0.005456393797187978
-0.002102300556629312
0.03771733644941742
-0.004741641846114299
0.09178820467989997
0.008992387400709758
-0.029297684808039227
-0.00043491413792414504
-0.016263244817419267
0.010305047850658711
-0.016130492429664713
-0.08171665098819024
-0.032715162131126886
0.012005015111584716
-0.0517533330072524
-0.029205269550675275
0.016764633566020003
0.014482877823525664
0.04795878112063153
0.028334285775956855
0.00783376278797539
-0.02848926679949787
-0.023061143585333354
0.06471822949002558
-0.003991439617509219
0.019733707535379643
0.04342530418150458
-0.03234802263640173
-0.0034071759033096377
-0.0020677978171056354
-0.001816689757524913
0.007157578009062956
-0.03255696991514674
-0.026993466015933748
-0.01489741459534841
0.031115001581946328
-0.0028088745512656445
-0.03323149454737727
-0.026671259057798023
0.006103343892044171
-0.05241359059935685
0.007100347771215602
0.012831202675008209
-0.02241182238414235
-0.023520247618435162
-0.007090461688948526
-0.033363474895991334
0.05448142599728872
-0.011755255890224659
0.024195824265923142
0.018379978150054415
0.02292865355666047
-0.05068127918159369
0.03160487821819599
0.016051766071656766
0.032786111317331994
0.051320787071506925
-0.008298472326012886
0.012467839815471516
-0.035187970782899716
0.008951466797068063
0.00656251998669007
0.04086114095905604
0.00408683366023649
-0.01523345025877791
-0.0003280466534050957
0.01572797847780348
0.031742180243547816
-0.07253015326528282
-0.03023055575488943
-0.04073397632638797
-0.033620090984883735
-0.014248386469553714
0.0037198622085423652
-0.0693147068184146
-0.04399860466982916
0.0627290867410089
-0.03197595483927037
0.025961081131220823
-0.019582505850193707
-0.011795664987954195
-0.07587915944214176
-0.0035835950611421467
-0.0028816056417545117
-0.07020250980258376
-0.010658180320291978
-0.010807588209862431
-0.007271840284115846
-0.038974729898267085
0.03183803753314797
-0.017109573573330712
0.01194358303716568
-0.011858108205397283
-0.005638323424091723
0.010247617870138635
-0.02946287346046117
-0.010204995488693754
0.011360888455010473
0.04354596228333861
-0.007225388975730481
-0.013894808105983989
-0.09777169633592676
-0.035093533245203326
0.03507629382235334
0.0012329471773177313
0.042918562158263264
-0.004146192692809562
-0.01586167754249865
-0.026561457453697618
-0.03587217106392588
0.04776328082075955
0.01814083679766125
-0.05730040416666428
-0.031781366987594255
0.014871182921256618
0.0003784561926715632
0.03617856546111183
-0.015582383844696476
0.024896562737031565
0.01630855781075145
-0.0034808414994781578
0.03958481587282562
-0.0304359978474051
-0.052468729558970986
0.03124448968328666
-0.013915739648382918
-0.005480923689109629
-0.025741696258063836
-0.00450479174552255
-0.03441561356666122
-0.054055282334246016
-0.05076474330286398
0.009376481118043465
0.0741219037146525
-0.0014248208008933471
0.003061977771202593
0.0013120814417334392
0.0041505867875550025
0.031487982356888926
0.00029836670149329807
-0.046575914728220515
0.07826079006283523
0.01144282928936971
0.003301385601040904
-0.04116833723334665
-0.049588257699080325
0.004433174854203712
-0.004715327105828658
-0.017765081344144718
-0.0163463369554744
-0.01508697838439769
-0.055353571105673356
0.0022269209308025265
0.05423454571293998
-0.023423586951832314
-0.0275403656823776
-0.009006141308479643
0.02275730132374515
0.047626795051952026
0.004473771751694454
-0.004009713225512897
-0.018045014353403596
-0.007065148502232519
0.03662784834795438
-0.04555954122378085
0.03511385453833736
0.003786975555911645
0.06117287982152252
0.008722559640402146
0.04632184709480596
0.021733523336628584
0.032546556055448955
0.025994714128954315
0.055325840624354874
-0.04867256123953948
0.026742138909056714
0.011960536961195563
-0.007754851578537318
-0.02288154431443593
-0.002618454073159739
-0.05700991405237492
-0.003244447988905288
0.006424281035591085
-0.01375533574444891
-0.005331012256676858
0.016044827748735266
-0.02874955838088874
-0.018075675302475322
-0.010360318137849357
-0.031773176206834675
-0.04872425430925068
0.04283621864695184
-0.0035307965445764526
-0.04509464661262633
0.020377178972537224
0.018290892643815254
-0.003685620056165173
-0.04062713921235634
0.02964582086079736
-0.01674423717547083
0.007884038346358608
-0.009843495484158511
0.012439953441050854
0.039747271026931236
0.035683395758063105
-0.04336099902506302
0.028490444136979053
0.04272161648696346
0.05076848080400326
0.010467167377827534
-0.03189352558421455
-0.024323488472671993
-0.014547042603535941
0.04065493961320213
-0.05700095162644761
-0.02646903587002121
-0.025391497773616
0.01153579435584663
-0.015569839001473917
-0.018965849863734813
0.06788908078893992
0.02313017443761125
-0.03013603973475457
-0.013192159836554276
-0.017462226076233833
0.015966678547779438
0.012250850909780436
-0.0458200804811385
0.00291406644483232
0.059710892485714866
-0.02145662623337255
-0.00503443819241549
-0.003984969628285004
-0.016183870523717635
0.0015844333709028415
0.007657979268484548
0.01396016951237412
0.01762412383306293
0.010119568225502053
0.0018626105263550004
-0.013792742297555428
-0.009588644340387243
0.04997594480459995
-0.04845374611805783
0.013196688439530877
-0.020004756252102556
0.024219596286009695
-0.00850426599725961
0.024968631574144733
-0.03814869379896331
-0.005755389277374102
0.01803652070893639
0.021129363517306664
-0.02540994872798394
0.027645197213848983
-0.009286981450520227
-0.024251497894856137
-0.006212175429357801
0.0124856189460924
-0.013548778497499895
0.016553303697349298
0.007738930045025972
0.06329368841370299
0.050150584449329835
-0.005404627643396638
-0.04701917633683908
-0.07300453960571648
0.01639391284732903
0.010232788213594616
0.01685701256354027
-0.01833129753182878
-0.07158016195660584
0.005540865176506971
0.08122208468887761
0.01133885567719015
0.05509806789098503
-0.015530227153966692
0.003973435336778138
0.022236102533042392
-0.0002850774014450102
0.00046822376922974645
0.023139441982293105
-0.0009760305002292744
-0.010712082385703234
0.015265488974626944
-0.002594750217004651
0.0273866438027099
-0.0024547937565638795
-0.004678632059335147
-0.009397125274451325
0.009601449029594363
0.012773350198152476
0.011699591780545174
-0.016339198411916438
0.011922077521791018
-0.029156635990596633
-0.02395243197486048
0.016275929097502886
0.056581414141687755
0.049044031842690156
0.00024773333525836977
-0.04519880777781506
-0.004690345589935522
-0.008255772223153063
-0.014572319321276506
-0.05104944910619727
0.011784417969548548
0.0023034677232433172
-0.010760481272814993
0.016914934560295674
0.02995780554166652
0.023207666530180554
0.008571276017748892
0.048899596149137026
0.02418274642210603
-0.012027407330484453
0.027020904137351236
-0.008703935064377015
-0.039303792842928946
-0.006298496707746552
-0.010564576383330046
-0.011698744005208981
0.01846081543184402
0.027882021657325267
0.04244630100230627
0.023615393811061133
-0.021657171287383155
-0.025429738643342623
0.02419581449702249
0.017021038929269046
-0.009288040646517356
-0.003077503035439765
-0.008307669262787252
0.01155113929837128
0.017517148177892017
0.038687613270607345
-0.00379246595783681
-0.05153884868853058
0.03255557101444156
0.01695648759583248
0.012217328612118132
0.0113912809050334
0.036584216279729034
-0.03449333289990412
0.03720541038814304
-0.018075978407031887
0.015799837266899777
-0.018975300598723783
-0.0036917480033598197
-0.009664059306886389
0.0434150388278361
0.011672510802720248
0.020513326991496137
-0.059203632075530775
0.0015249830428151119
-0.054116549235520534
0.03861447552724783
0.046844459244132136
-0.017957804736118108
-0.015078596426804603
-0.02224658462295216
0.049912530623222054
-0.018791797052173678
0.01061427334750125
0.01631012280283689
-0.058904100012559045
0.03349910857784606
-0.005103724464598242
0.025129467825228593
0.01867703981368671
0.004149781245094795
-0.011937723654551521
-0.010846175611466165
0.025809981299803438
-0.018129060857188045
0.022666193926820004
-7.472130462800604e-05
0.03997512669322386
-0.008881766900901825
0.04135819412994233
-0.012981184454433898
0.043830153699684
0.04346384564224179
-0.028071043514022117
0.015004427110732108
-0.0030766359715652574
0.016655761414741795
-0.061541223474490606
-0.03214808098840696
0.013341358504057916
-0.021601223127018114
-0.029687844117563034
0.018771059239478735
-0.0079613306271704
-0.029623675657960036
0.010996960856338452
0.04345498269710456
0.015951470529653244
-0.034791953050944395
0.019944728308928666
0.007680614052927085
-0.021802647222280886
-0.04416314953889017
0.023953476965738144
-0.022020106346779852
0.008721492728177318
-0.01074734163314114
-0.012478322217067924
-0.014930069000573863
0.013766817747156306
-0.01364122634458344
0.057989578185119954
0.025496069012183084
-0.05343211659962574
-0.0024814466086534944
-0.008810956746265091
-0.007127359295021413
0.02359340743478865
0.0283418378687683
-0.030666873350155197
0.005600344485516429
0.011241131458811211
0.015438215148904913
0.0391485103377946
-0.041064861648505084
0.022880619705548916
0.01562706715538231
-0.026205957238430992
-0.008009934708728128
0.05475736496839988
-0.022756903201702355
-0.038512056264271226
0.0176421151183267
-0.0028404732217629644
-0.03592395105258209
0.021897984575485075
0.006953983036767698
0.02601880173755555
0.013741733750234792
0.008950564881744187
0.020165118866067627
0.013385288509554234
-0.01936951691847174
0.022634380926313622
0.01814166465411373
-0.003239790254877469
0.04465933465903731
0.03197894985568762
0.006873972054544526
0.031170720667803884
-0.03802196477166553
-0.018921788601299526
0.015161654439363303
0.009605978945153778
-0.011412083401690816
0.04640452102520033
-0.050472583665066385
0.037679075866109434
0.02423984397716166
0.017156017515239878
0.06673229852530682
0.01627650791247139
0.018007255541656983
0.013503877687063863
0.04965996105340019
-0.028978167077543946
0.015316695734326246
-0.0013657769304505963
-0.009125385068782774
0.006483159953870525
0.02706205712406126
-0.024233460362075226
-0.03820749485798945
-0.00010963879029371461
-0.031808883203999855
-0.03952292057946912
0.012770528926023091
0.01503822055283642
-0.002166661678781954
-0.020875136179676918
0.020968809787195578
0.046232796015730465
-0.0371174287164136
0.006677831153416267
0.004035005016942691
0.045043378193270894
-0.002882811820429404
0.003582085375545029
-0.0013895645597956931
0.010669561161342054
-0.011066817367060397
0.009865388477746578
-0.006512059152933224
0.05845686646027997
0.0037302722793700386
-0.0008940531478562676
0.024083696673112154
-0.057608297882995825
-0.00681761427762199
0.018860130231773974
0.01912003404366893
-0.006957452484621842
-0.015562617079884909
0.07563320370069619
0.02758398781643009
0.004042892636381512
-0.023238314145195428
-0.0139712075059903
0.0162840243320732
0.01566815794555097
-0.02350385930261076
-0.03504743063202396
-0.02275255528340002
-0.024120140513698683
-0.01387542525227231
-0.020734065463720735
-0.06570770017416437
0.02648633004602895
-0.013862463338074574
0.022412436344780635
-0.024601633111526324
0.041376801243076466
-0.007524397592463897
-0.008609406702708763
-0.04513522089906767
-0.016236072905096505
-0.019813000271894088
0.032718915290698154
-0.05568492690142949
-0.025290057813352848
0.003916489302154072
-0.01871859901882442
0.03389284639888474
0.027240498664451655
-0.07390437822901136
0.03980329007235786
0.00807010829264128
0.04940314126133129
-0.020655852109771482
-0.02391409998825693
-0.029209699548772894
-0.0029752685777992526
-0.0071800443635015926
-0.020331573792998353
-0.005833287727825445
-0.011694269991907745
0.030249323927376958
-0.011441199449927818
0.0023830819489257843
-0.01571923767730441
0.022782892948121667
-0.02085114115955469
-0.035825446536708896
-0.041810284336401944
0.015096220544269557
0.009820948038800466
-0.03200661506547951
-0.020764427299869367
-0.022284978920506893
-0.022906956033266306
0.00026841308520105943
-0.02645686499152864
-0.0011905498597556228
-0.013236619490226233
0.03451463033043201
0.017162998487645572
-0.017652017932898334
-0.032175203439467
-0.03987086923893537
-0.06776239276386266
-0.006049590652222285
0.012575407766707625
-0.02111925001504868
-0.004293987073834172
0.01995734101692544
-0.01464417821918105
-0.003382154815809237
0.02561473478384007
0.05395175406974646
0.017788376854487066
0.04142342871262608
0.0013335946660400662
0.0006417132067329478
-0.01877007433917621
0.03969825662960187
0.027629565619230117
-0.0005862540611830501
0.010448261839102342
0.008280318089923126
0.01413699707994165
0.009459804653314028
0.0362205774260351
0.03337517602675566
-0.012752491891854394
-0.009992207486576005
-0.02291961356312245
-0.018865961390205226
0.001227751605024467
-0.03800268415430085
0.004633366143478791
0.023039832558184696
0.009338081761464936
-0.041891621412823696
-0.04270765766574553
0.0090956354982771
0.046550890970926066
-0.0030273943108315585
0.015091575580021582
-0.022343438959214576
-0.03131440284425805
0.03429504138316868
0.002926990348292843
-0.010503164460283104
0.004953770139337813
0.047822725631598
0.0331251923498928
-0.019327237452497904
0.007232702713526034
0.0010641008605329792
-0.039745123798965554
-0.042506719333151435
0.014216144070975021
0.013736307990733256
0.009994593632223036
0.015049190559360992
0.026164984738433567
0.02470934379466438
-0.01658532971924009
0.0057029014159278605
0.006317738041375615
-0.02992355238379786
0.02826479118553948
-0.05097308727302655
0.0006545471446570407
-0.02166891378392583
0.03916670379732008
0.003939457930122148
-0.005785168511814947
0.015409280193000391
0.013760781764731667
0.021326033606836353
0.028230216280800607
0.005207998432395281
-0.02972881060292831
-0.013600790317046281
0.02540372309450008
0.02697437397241777
0.04159425973935172
0.019468528383797184
0.04799106600263351
0.016299614076129693
0.0341206542675543
-0.005868215891514695
0.054465880239027424
-0.016895783429455538
0.04496325776069827
-0.017289517840015825
-0.0003352848244502962
-0.06106159311783164
0.011671823479458922
0.03185693910402258
-0.06300480703891995
0.0005995248952143457
0.014493462304095355
0.01220239150676816
-0.004280409587418747
0.029361721179765758
0.013113192315908361
0.05884467276224874
-0.024215531343065807
0.0031161715383028494
-0.018946059350507655
-0.07734940900219431
-0.003547746331951203
-0.013797875819351803
0.009564442948647152
0.01854506430417328
0.02125631150831151
0.05369635496539779
-0.026198105605300465
-0.03134712684356762
-1.9213473702553573e-05
0.03804037244662167
-0.018750118080886485
0.022143967074473952
0.03030890945850539
-0.01181172154944006
-0.0009112798837981977
0.027411757100351222
0.007779699156796594
0.021889698160764005
0.01692618415152667
-0.0004313024498400934
0.031129310098272904
-0.010164732054176675
-0.028981244107855256
0.02672352884323984
0.01081712656176201
0.01603105280767082
0.01575194322793108
0.027822387355553754
0.0037075586152706804
-0.00785618313076109
0.007653619895578188
0.06866632910158196
0.005032631280054054
0.01925648345851154
-0.0546550793831381
-0.016742618446731767
0.013916289300340596
-0.03932236049936679
0.034680004525302906
-0.010402451532194542
-0.002981518931424111
-0.036102465453420225
-0.04605444002765415
-0.02174669719171949
0.06382657631453802
0.0376703651132851
0.012757699992565028
-0.008504925696648903
-0.03716749946628574
-0.020643349202686845
0.006887631707920979
-0.021582957325328493
-0.013320877279680336
-0.046930364624638114
-0.0034280015045159264
-0.0009287775704682537
-0.026541941284204257
0.013050144662782145
0.012285926188310087
0.03650690059044709
-0.0012522373685582204
0.0009019133914165511
0.04003385543810522
0.07444808701355636
-0.06397299707728211
0.049154979855443454
-0.05424166130720823
0.052732017302727266
-0.019568131880914837
-0.001007701647064787
0.020130836419659695
0.0107315659259091
0.03710243443123255
0.0035136412168361164
0.006542955221409823
0.0066252548473963516
0.03845085231216947
-0.040766330849658534
0.017628872007823457
-0.009896848940883688
0.008444736298306176
0.01640108538033098
-0.003094014301681615
-0.03870825933047457
0.03087541530914997
0.010837695214163043
0.024137758510384792
0.048277275886170416
0.01710993860979943
-0.030591106462571876
0.015009838558026156
0.003405691740572172
-0.002993126675250806
-0.00026099328739199524
0.045625320191995174
0.0034087050440015838
-0.04140321700953938
0.004889257009670942
0.029814388055311968
0.0007054860089704369
-0.021837373601288665
0.00029630858652882985
0.013574824462771468
-0.0037951372318745834
-0.008829821908516009
-0.0598534614983067
0.016189977788276858
0.008641508062597145
0.045650865022890647
0.01700962018489022
-0.004305057188650185
-0.07836994977987059
-0.0020156697229195726
0.013493534340897152
-0.018048650107948695
-0.010122629382764953
-0.03269863415643852
-0.03402683148768649
0.031012887904127397
-0.020762190503534884
0.03804097590171985
-0.006201451057030183
-0.050051492143784834
0.0043734077903459
-0.0024375329626741982
-0.005375271888754271
-0.05496253170317371
-0.03008835435580814
0.05335875087299997
0.008055985698100504
-0.04775308462640332
-0.02367019066636362
-0.013565278883779102
0.01080553427253012
0.028404817814990133
-0.034300001691852905
0.02908987696656107
0.010548913468455207
0.023693654145110477
0.034290352926373065
0.05838540468825471
-0.022495525893902985
0.026032988003839918
-0.04409490655000932
-0.014919718344054185
-0.011862416295425598
-0.009125680270792845
-0.045714764295012054
0.01677197416837781
0.010969157150630463
-0.0063362587727452515
0.01268592592136939
-0.005612493687555794
-0.03450345036667572
-0.011804380874437382
-0.004502326676871847
-0.003689240631075222
0.01451065927840227
-0.0115184730045263
-0.02627765428374474
-0.003383798676371578
-0.028461012378657367
0.032552690500074755
0.0026198140812650613
-0.03279705549814147
-0.022978190715307743
0.014666037732905009
-0.01758736102697867
-0.03555018606863654
-0.007393787524864476
0.014352950815057225
0.037008140768972346
-0.030542154232513063
0.022486345673834764
0.014089978420381021
-0.06623181697424053
-0.01796935277547028
-0.022218092197510333
0.017994786659117315
0.011413252752638551
0.021166266376841627
-0.019656840944130477
-0.03094592749033993
0.003860734174905185
-0.038861711508255924
-0.0011211651357734091
-0.014399220730246331
0.060324727062798233
-0.03573116892506732
-0.024327757896266625
0.02064732277084848
-0.031364462597180946
0.008228297467213975
-0.05524318941633554
-0.0032384105735758745
0.00010358750179631795
0.05248930645383659
-0.015158299392643198
0.008613661317873555
-0.03118407124127263
-0.01087245662432648
-0.006871318087351701
0.0036491529075741293
-0.008078099339817268
0.029471297377353628
0.010085353642426964
-0.06897305225055873
0.004075421368996663
-0.010515835648710434
0.0033967344167853165
0.015531851073624814
0.020882498918217775
0.00533855967370578
-0.07129187015301393
0.013788960543708494
0.05494108205374081
0.03329767937663507
-0.0030740291512092164
-0.004405021660419768
-0.0114234313485343
0.02447972183011929
0.002295153441123748
-0.03904688157935004
0.009144171812098516
0.0029174030269807846
-0.023667855121741556
0.01195126474892825
0.031841148785227515
0.005702031907882372
0.008942986321384823
-0.008490329500386135
-0.014496805891489694
-0.016586792980437835
-0.02093100828119285
0.027023968433405557
0.040362749700415625
-0.050810053781516214
-0.023064187308225584
-0.010888931327706576
-0.02321777054118417
0.0191045520460321
-0.04968214358647228
-0.00405990576351517
-0.005843965903236559
-0.01355387704170711
0.03781325699370145
0.015080529320138028
-0.027514332339942812
0.0009824698506803605
0.014704413457709935
0.016184373687151678
0.032374672622220345
-0.024282378554706455
0.01355328773400105
-0.03067205380420277
0.004317999028748573
-0.0004377163196811505
0.009023391095000893
0.061029843214160606
-0.004985653436575065
-0.02297093498573014
0.04487337066847199
-0.02040083111545954
0.032679080501088045
-0.034187838298748316
-0.008831149532630946
0.018027523302886955
-0.012236727876433599
0.012146496698956327
0.01989783137027729
-0.010468144939522217
-0.010321781400192733
-0.01740486482501169
0.0483351741352778
-0.03008204862490077
-0.0028123792278792244
-0.02386302635475955
0.017265229718564798
-0.021792622745274663
-0.047856364390626634
0.008297751450760693
0.05991220364050175
0.019948117247047356
0.009764317117399113
-0.0063158646391572966
0.012028907880161945
-0.013902449473385856
0.0010947789919288564
0.026415592142905706
-0.010111999607675165
-0.007839005148556129
0.061482893643369854
0.036601547676732155
0.011585653226710681
0.028193429091288948
0.03266111201263298
-0.06244434245729848
0.011064287787136905
-0.03687922881492479
-0.03792050698709746
-0.007412714514217509
0.004560760115049605
-0.006270895062642817
-0.007631465085134141
0.018029972244370227
-0.049502437495316465
0.005864760526443361
0.024661237591800982
0.01310018126372426
-0.014340532036765252
-0.005997076109755683
0.03233740126674726
0.004079190969915624
0.033018498222519316
0.05522881704810324
0.006602750958655034
-0.014984810432993916
0.0055906585860949366
0.05674222777416225
0.010877609418585345
-0.0019517166666809319
-0.04395223170907019
-0.027594838041704168
-0.006133469652829614
-0.026370599009330063
-0.01977049703469979
-0.012737625613511262
-0.02700506458305409
0.0185823045499527
0.009441406088148094
0.00025489994049693554
-0.023572967312408318
-0.009574262060888718
-0.07643863682138193
-0.0038266930694681057
-0.014973921538010948
-0.018526763135307163
0.043538182264013375
0.003704584076625888
-0.01057196734595861
0.01964321490598585
-0.047906711253896034
-0.02331459634879374
-0.04435024419671084
0.01608496048234419
-0.0072956117058835665
0.022443815018134614
0.011870787373544578
0.01704747190602084
-0.033514292842195016
-0.008331244720741973
-0.06361126392195095
0.005953311093736477
0.0008605297767413172
-0.0054176623294437945
-0.03320004417128579
-0.01926278872178096
-0.024440997996832685
-0.018045825981751
-0.015924946858554185
-0.002999108036511996
-0.01002331746736064
-0.035139023382943065
0.011732044246779514
-0.007638143236591305
0.03766843977103876
0.04100512278344168
-0.027600156309434534
0.0055092656507939155
0.042141791449332534
0.00772980613502926
0.008660035009466037
-0.047987386960675275
0.026963994026693198
0.03528591036530684
-0.04222822647764206
-0.0020000686364410407
0.016082784619694587
-0.009407268126878253
-0.019126096080223268
-0.012752379739077557
-0.02826936824618615
-0.009301528734010765
0.004307791228204564
0.003807264665502482
0.0026358860176293806
-0.008858952105409284
0.005929212388483363
-0.03902994926297073
-0.01856175882051913
-0.007697698745606409
-0.005395476062456628
-0.050776545811071834
0.02540383148007517
0.04148194764756613
-0.026346732678750276
0.026131106705774395
0.06095801985814562
-0.007429378289493407
0.030811749731109315
-0.020709087309091084
-0.014957357183867733
0.007869821772823865
-0.007761374714891621
-0.0007658907628087858
0.05511067722051033
0.0009032809737144708
0.017116854881070995
0.009881078519745724
-0.02594934656530323
-0.03421200259327858
-0.012792906042728676
-0.03642311675844257
-0.036754728630031104
0.0034323666643981997
0.011905239420594379
-0.0009137116013777679
0.004310256167996378
-0.00475589979864449
-0.0014474517224250928
-0.019736375989515078
0.01507897997118924
0.037405509340866644
-0.01318037118848615
0.029537179089266893
