-0.004582556888937684
0.038925123921830215
0.027552677982960263
0.0032239139052159175
-0.0734525361164727
-0.004644666866891663
-0.007474768553009615
-0.011919814942246431
-0.0168216083798546
-0.06329150568382935
-0.014362813855012282
-0.0015619973622791336
0.0555464020061275
0.023499105469310968
0.007703259902881367
0.05097635888910646
-0.02170112362911034
-0.01090260554737966
0.019412849859887688
-0.008471865682114785
0.01143954901975392
-0.0008602587627410226
-0.030792614080457293
0.006265537023013374
-0.03239221297313892
-0.01600624008440873
0.016005275666664705
-0.0022429158972713348
-0.037724363008716885
0.05006723857893639
0.0023690502725700648
0.014654570874750274
0.013790343761595339
-0.009575752568966108
0.031245194831600206
-0.01276059978873504
-0.036135664708999794
0.007926931490550392
-0.009358367105920055
-0.007438096137364767
0.003283052192370556
0.03395407747400411
-0.043138852136379364
-0.004142514092536591
-0.006880622614369083
-0.030901793733090096
-0.026050734969069813
0.013105459196887827
-0.04220734911813919
-0.04248138008928088
0.022413394928913057
0.02093429928745561
0.0020469756157448214
-0.01873169352847369
-0.008524780199264828
0.018755677615309822
0.06724137483791513
-0.07953426188802766
0.030742971269699545
0.056130778817986234
0.023380017240245406
0.0014852577752894108
0.002416748489312454
-0.03893098053740589
-0.0010527329237931336
0.02258625431801003
-0.013992236935469176
-0.051949579264665965
-0.011410409117861984
0.027028526140713507
-0.025104351622128998
-0.05941443565068757
0.03197139838908176
-0.01034040303674533
-0.008213741745778897
-0.010196062117289838
-0.008945601921868157
0.024693998521362698
-0.0016626382464389328
-0.03777003777918166
-0.01208963806752836
-0.010099708559760733
-0.039379294214816396
0.025469962076910924
0.022785704339687327
0.01828676290550308
0.030643805952447423
-0.04038813390198005
-0.046335250504524195
-0.020291741565451653
-0.014425368731083028
-0.058870371551134275
0.0350072647098949
0.027978025271496818
0.038116739356630215
0.042606969161081205
0.013200448724803639
0.01593448186773747
-0.033763540796966564
0.004611096213549429
-0.03580977598494964
-0.04930841724509555
-0.021420471364032936
0.05387629793137238
0.0293744815466222
-0.04824832960649199
-0.03558744173344933
0.02440883795551882
0.02688413688789017
0.008112212119040108
0.011766019308314786
0.0034936839788833017
-0.021068472732897872
-0.0003940355360150393
-0.00910472888129408
-0.01589116098645056
-0.002078590277036853
0.03913702727413829
-0.017522435636165762
-0.02332560797850669
0.05863765727582802
0.0490016108483937
0.03486007043213423
-0.018823374571551695
-0.05260779974649114
0.022818515863154528
-0.01842266506891772
-0.051524037262260396
-0.08039012622086568
0.019533483666815326
-0.020491795711385288
0.06492865489530539
0.016633805668814765
0.002033661575418723
-0.05376200222252437
-0.012056233967659096
0.017011407515325327
0.012294699873582683
0.012712670776102483
-0.023534802508187756
0.009085503485526992
-0.020502721445143902
-0.014054809259585237
0.0118850514325012
0.02814605307325704
-0.07084821637410219
0.031898301271722405
-0.015013789439882816
0.038630696695103425
0.04047514015242656
0.017002581565960528
-0.03360806375401003
0.03350411203677711
-0.015618039999248882
-0.022406146099084666
0.03973603101356483
-0.04420419893315983
0.050167160870193725
0.011382628458599223
-0.026245837158673357
-0.023800335014370663
-0.028454377965987765
-0.004141422759860146
0.0030521567620745275
-0.004021592391167951
0.0029575677905794087
0.0498637768416754
-0.012768647102188816
0.007333340340089393
-0.034331669664190004
0.01678439738691945
0.002223271780289339
-0.03025878610886713
-0.007677972909607004
-0.006759266561046523
0.0014835747000919068
0.0551128994978956
-0.043171246822866605
-0.038540517598884515
0.014664121055490269
0.05943162483296252
0.010808120602979435
0.030931060775830112
0.06925646574143383
0.023173951486508873
0.007083342895281238
0.008100903244050642
0.032819219945813397
-0.04483256527054149
0.02037185733082131
-0.00021912816421403928
-0.05367832156200623
0.006666829373020167
0.006067029177812169
-0.0035152788886034948
-0.008993074485738857
-0.016101573425245888
0.005644545464936998
-0.012938779235414543
0.0030344567291159994
0.021780704648229714
0.037045696009559134
0.0636524432950671
-0.007480098261734261
0.007492998856159602
-0.01637128135341401
0.03431234312051985
0.010086547463799032
0.004444106601923725
-0.04722414356181892
-0.0068103767151331375
-0.0004461682827972467
0.007793383488669606
0.04914953316450773
0.05433834120713562
0.004002637596636506
-0.015515879595702312
-0.0321779523695414
-0.05296819593737467
-0.013943703426413932
-0.006763287167858
0.004887109572816217
-0.017624075453648826
0.002410180346592629
0.0003987229637596031
0.010766195372060635
0.038348305642534705
-0.04540888937280935
-0.02158017548989113
0.031451836948976596
0.016358804617028787
-0.06046539278670801
0.042147547526409986
0.03008734820853394
0.0034293915838585244
0.0230602357520137
0.047690295009380206
0.019285617015743738
0.01250136236219218
-0.017089721892126274
0.008634589392725272
-0.014047591677391082
0.043900576419081835
-0.013552351005367804
0.03758686577492847
-0.001018292011136199
0.01113586920861298
-0.005815245511275501
0.02429211842233563
-0.016628660831095873
0.03770075675350666
-0.0564306064264892
-0.020019316424066406
0.03946518628820644
-0.048887922993832156
-0.01979661479963159
-0.04089801228242242
-0.006029983606912743
0.06000379214250406
0.025156178525365336
0.026660779781841035
0.016437840779022387
0.0015184107838205124
0.026197912284111776
0.03524268824168498
0.01656968348894027
-0.007478180763343603
-0.020167461157943226
-0.04971500385469462
-0.020914538858483277
-0.030506569716947957
-0.07110917426893071
-0.02649014945176857
-0.01568104722594857
-0.0009839153380950788
-0.015640677802676563
0.025906364734477955
0.00724710996399825
0.0020390977583683387
-0.0259914618244225
0.027573201233150227
0.021191684124977433
0.021399357113532247
-0.015412574585359653
-0.012788989243615904
-0.011153523492672564
-0.040999606760121765
0.00826335156923533
-0.009239981493994251
-0.02583763118981105
-3.0936363348300994e-05
0.06442819729436473
0.032177915256484994
0.011676340386624606
-0.0192303351692428
0.05310045570785179
-0.020435029508036922
0.009146232683956678
0.012036801347159655
0.00094634554683118
-0.03312384550559407
-0.005930891310405059
-0.022378982005852293
0.0034809431775647296
-0.01417875926664571
-0.0038201133794435534
-0.005801273964857544
0.01642809148836604
0.027794739048921466
0.002796288203854607
-0.006042056714468032
0.009841001056288877
-0.00434015310309754
-0.02072793320372954
0.020798887996871192
-0.03179597288570966
0.03294462214065283
-0.02780476817476943
0.02795777058981807
-0.0066638659479990965
0.0031659561881719534
0.031944163384187825
0.0018241117512382832
-0.0068561064379808355
-0.024261016575082228
0.012719141622326268
0.010867068787275887
-0.03794130059537012
-0.016089813189892162
0.022433483853375912
0.019142680166457968
0.01557194457511904
-0.00683901169716423
-0.04152521471021608
0.007363753920670697
0.024211867438967496
0.005635340891107141
-0.011280525799394318
-0.03432066579004269
-0.005278315958881881
0.023421474349873763
0.00661590732622338
0.0160117839572324
-0.009448912176707978
0.057051747990534946
-0.028910430340887604
-0.04208602102096167
0.012967652882754829
-0.016784847347410918
-0.019014225122543926
0.014284362535714005
-0.011851609124250132
0.017289106260883105
-0.040623883590085084
0.010864802382567509
-0.0037541448945996696
0.0019289399571134438
-0.021687587398570532
-0.01552598864970905
0.020731422547572122
0.018906344766455974
-0.019194733641329637
-0.0033004243134341807
0.03030192728400814
-0.05422397283359486
-0.018883736494033115
0.041692922935331896
0.04178531137756644
0.05847683145089569
-0.004686131055798568
0.02471661745193103
0.07773446443850397
-0.02518043889018412
-0.02208302143837616
-0.00203927015213485
0.04128394906453349
-0.007953607028533687
0.046459249884720104
0.016416845837212344
-0.02723661497394269
-0.04077573436804561
0.025035078800018557
0.010287853405859864
0.03208925129926216
0.021981473524001656
0.026470391918933085
-0.06158020171990618
0.0004832825353054512
-0.003230109024381294
0.06184551166879293
-0.04164450798160897
-0.02608325405045579
0.002745109190383202
0.06484989620024764
-0.013545306933705996
-0.019844096812205097
-0.0507387592477734
-0.017380628001032145
0.006876834507965055
-0.002630494710899213
0.023000930038267815
0.025641826574714435
-0.04037437620262045
0.004325473405507253
0.01628552376375313
-0.03308091625382898
0.002703022144578457
0.011783532788506027
0.02475610768954054
-0.007395648247462187
0.026466370461865812
0.023838701068786702
0.04626531431135339
-0.027431964923773696
-0.014376315457181484
0.044411267171942374
2.786800727334447e-05
-0.003594626246447779
0.03639113939651367
0.019324144246268438
0.0011335339457979742
0.02337386098958478
0.0052561034728638885
0.012794994614350798
0.021099419217803873
0.0030213982378083154
-0.008407601745649201
0.010118779562363402
0.03828024919412782
-0.028827193227190243
-0.03617947490595371
0.029977002265520684
-0.014870920197400949
-0.03861807887854673
-0.04724325460444604
0.002313242707584741
-0.009922773919118857
-0.03582603926204397
-0.04856904232990248
0.03612732212468699
0.002657088500858985
0.006975578093205414
0.018679035394112063
0.04315187803973468
0.005723758043654765
0.030678439098796827
-0.01605101970272625
0.027178915774201045
-0.010044741984808075
-0.007022547381408184
0.018871761767263705
0.03808472613704785
0.008632739782734022
0.022515890903756816
0.017059615765249204
-0.0019278348654004035
0.03726303334509717
-0.03294368558557966
0.009282411950144944
-0.01282588383721486
0.03587090275301796
-0.010700796621536078
-0.015424997334037209
-0.00960008155142258
0.004663482512285287
-0.019076763182958603
-0.0005243559322406249
-0.01005814769102728
0.061754060131483865
-0.020335454738604958
-0.019825792817212137
0.013241036235424957
-0.008460443422212463
-0.028787566963617305
0.0154628073025388
-0.020909704809508753
-0.0003447354431104578
-0.02772151726083863
0.023907515279747264
-0.03127637831652518
0.019849524255830555
0.009084971077797621
-3.388972645349977e-05
-0.042494362409098166
-0.017422488648421493
-0.0094518056925086
0.03012044426683188
-0.08361367261094699
-0.059574079211712705
0.03132454252618135
-0.055028321345191776
0.007463695403445631
-0.0025587981759585495
-0.04118966549877969
-0.04023426500583367
-0.010877269954217512
0.014285931421617737
-0.015648810331945744
-0.060745246808336345
-0.012090554614484881
0.008200491259473933
-0.047807885087093355
-0.02288474386093107
-0.0006203767418421938
-0.02700725576927196
-0.0021154961325886732
-0.004634079183707886
0.021896472156793224
0.022733353879242142
-0.03003839915715555
0.019714368360033267
-0.0678974493785883
-0.005076784877651955
0.013912549809216959
-0.026495947885526006
0.023883451869239066
0.03164060812863877
0.019412612551886817
0.01063547354567506
-0.02567761819567174
-0.00717691040391751
0.061622834024124065
0.045652567360811955
-0.0579760791373243
0.02174507659187762
-0.0014268446205517981
-0.020171738783681576
0.06178172272589336
-0.0020381651762628275
0.08105073672889439
-0.00943277231600159
0.034678322348265574
-0.000690284585520098
-0.002657181875005882
-0.04953061301799792
0.006221490794742214
-0.021140546404520545
-0.013024682638747863
0.011384695582026677
-0.008755551316315193
8.617699861056738e-05
0.0227948387745338
-0.003340364374448232
0.035996816861036646
-0.018376505282104605
-0.0035917697460038024
-0.008879364840346649
-0.0195890806744011
-0.03648151851456812
-0.04378266739046726
-0.022272043228751273
0.03939468270409591
0.01249765944901953
-0.0164567657252761
0.027512112798019645
0.04177660744320089
0.0029595634202183594
0.008732951963293214
0.028354638166783224
0.0030354177749612548
-0.010196748954456965
-0.01893742604214466
-0.007450094410268678
0.02670111205288452
-0.055307360612638065
0.06405062144253003
-0.018876331789559195
-0.013270149013959778
0.0035290558580813496
0.002542554336375906
-0.044599342314984115
-0.028856814571264246
0.014534516735225288
0.03735783982167594
0.026380000463221524
0.028087028798041026
-0.04476573354573224
0.008171895356227104
-0.007691292609249847
0.032940369424907134
0.007662925660675794
-0.010039947439826002
-0.03859811997617219
-0.010989838357539786
-0.018186721820245756
-0.006286375788712898
-0.009876842893503286
-0.03772505240320598
0.0043601448795087296
-0.0014804234770342977
-0.023370171366533795
-0.017278588081821405
0.004205236024162031
-0.029333268898376133
-0.039674214620633
0.018326460291925948
0.02972609693560912
-0.0160894967223117
0.009484986784342841
0.006442907556170242
0.014355164722979662
0.0027649432023907033
-0.03762338429371291
-0.012275132563635103
0.00792146532410813
-0.011993642195325466
0.006740071451091229
-0.027651716171844802
-0.01949092600351896
-0.01386303944485766
0.017618752786656176
0.03023487188643389
-0.008993581586693312
-0.03285378768965651
0.023897726724917676
0.0032010078490713346
-0.00034263194742952484
0.01999974190776753
-0.02072824498831516
0.023198840468156335
-0.0098292017864968
-0.01264083173165799
-0.01858230335206679
-0.0002796114769738969
0.014516896218702677
-0.005004888806837996
-0.04710775471222778
-0.013193336699009118
-0.015025718521866986
-0.037295154758577795
0.04352688266037035
0.01264345692624744
-0.01302107560856099
-0.01673164596136401
-0.006939918814782614
-0.025393046864119518
-0.01978969301782595
0.038235057314725325
-0.027758810149766
0.04326732107287892
-0.06679283252232587
-0.010672636193979856
0.02068330610466728
0.0007622706572154739
0.015840984241315508
-0.02576482821205974
-0.02572699381030711
0.023496903290303357
0.003111300832639522
-0.014969717523831166
0.04087476617767146
0.002224367297847519
-0.05930597466282235
0.0012159723284832684
-0.03178713060125404
0.07172285666677752
0.00399643778346741
0.004804091640676531
-0.05551252624767226
0.02264048712640381
0.03596593184238544
0.0035432993264983437
-0.016609874410306424
0.0068330903152255046
-0.0005171927242620683
-0.008928052162885043
-0.018893266963033613
-0.011522044101956067
-0.012581407148520008
0.037363800121234185
-0.0055369651544539735
0.016630254854332917
0.06728475798614965
0.0020794309465260075
-0.026502264021498696
0.024509446062340467
0.037732163189558854
0.05064029664157605
-0.06854194281883275
0.025811073318059565
0.0030242370379320906
0.042081136576997226
0.0006002687349449807
0.018156639695336117
-0.009301605514600852
-0.0032767222910188225
-0.015658007987007422
-0.014639741324752547
-0.084969845562888
-0.009314285592701513
0.02777333410195044
0.037802267371924096
0.015977338287690726
0.0020787091736867657
-0.025372820899559088
-0.04382167392499049
0.023327576617346246
-0.026850217609118245
0.03129603405961825
-0.012565549218220427
0.01533649441963735
0.010949799456403566
-0.02309002717480131
0.03896725116151967
0.014390147769303743
-0.007893376483945431
-0.008385158447390474
-0.021331869454186768
0.01274549857071322
0.05793327297726974
-0.017858738626493804
0.024078001288244655
-0.006929112291912342
0.021401992756110735
0.004714891602124111
-0.02680568227215566
-0.0008021478295979473
0.04043923067741318
-0.0043119212590635
0.012916394084769403
0.01238759049981955
-0.023239196732994388
-0.016635671713661718
0.020692170441450365
-0.026335348288641723
0.030721664273027884
-0.015613013986296637
0.017828292581289925
0.007789258117737523
0.027071445567959356
-0.022338677830908
0.03180522846473884
0.00915962243932363
0.00868192534941344
0.010143465770011007
-0.015513484322352923
-0.0473689272567638
-0.042756845919926185
-0.0037507959958208454
-0.030158154288849395
0.013563469591018137
0.019406992075468487
0.0019341302598203864
0.006992947210893758
0.011427856524703338
0.020474465196064096
0.01599085441610895
0.033891097034411316
-0.0293426009782191
-0.012253524960737573
-0.041061013295161417
0.027477077218068444
0.00039052591760555856
-0.05617329067548281
-0.0042195354585490815
-0.025437357805276502
-0.016421626440956554
-0.03209974290846933
-0.054001522714721154
0.006368115187314251
-0.025271522654963706
0.08386128358756885
-0.001947271865090261
-0.04347305453327489
0.04622671964442624
-0.033387554863949176
-0.03503590889696
0.04287433818238951
0.040689590496674005
-0.00812286952864211
0.019617857168773855
-0.007706704841250358
-0.033620943248684074
0.03568629894371192
-0.01294174605799772
-0.014797610576690726
0.02547233002201156
-0.001043397061100412
0.0015708606568532119
0.06096721012590307
-0.022815024260963736
-0.005842329446990975
0.016012454835632
-0.04321701893321854
0.030156151145439583
0.007701311707126934
-0.037595057909702904
-0.006790917916003355
0.03762863512738538
-0.032932507462226826
0.03144483390699768
0.08163564988706286
-0.019546599831786002
0.0719698917521484
-0.018717848433314654
-0.017915054166929907
-0.03487754278378506
-0.04381357062674826
0.039557413294658665
0.0015069513591980603
-0.01777143801679572
0.06649091395746623
-0.02994423870191907
0.04767406253121742
0.03506074268361514
0.00925533898629141
0.02461020349533151
0.014805450346197934
0.004124331366218599
-0.015511829749756421
0.02509872501072295
0.0030905585375952368
0.0150208087552718
-0.010889909801275218
-0.0471607660420659
0.004327119838753918
0.048639201139545424
0.0016402346537765008
-0.034675114617962466
-0.003165871515455351
0.009668294934240198
-0.07464246377144268
0.021675881749956515
-0.007307617012395799
0.025092961642126637
0.017340727968745754
0.03430470248261742
0.031374815158640046
0.003964018932417641
0.01715599450193366
0.04022185541012007
0.0009899373569383526
-0.015107664952429847
0.0600729541034013
-0.04410915046143287
-0.03726981543669206
-0.04367698503165359
0.017933380952083328
0.04523083022328844
-0.010300440577514995
-0.02828277987781194
0.014310182884756046
-0.05960269108504993
-0.057743175511824694
0.02443292838992083
-0.008788744923185801
0.034610994072163885
-0.02258198207396941
0.0006499700334054485
0.03274647694310929
-0.019213108236609794
-0.011661080460222104
0.004369257594708587
0.029351017682462108
0.006569653508933941
-0.021924386518193582
-0.006571504026760127
-0.007216758814384622
-0.04375447181064114
-0.05088587130761907
0.031579759501046155
-0.022300581713732105
0.05203719272347368
0.021586177714966754
-0.03888185154105721
0.0020658725669535265
0.0047439487295904475
0.032057541013410844
0.03268089761059879
0.06658023982084799
-0.019767422061126177
-0.0483735199205049
-0.007814509531729205
-0.0520784808812402
-0.015133060144910126
-0.01706473324349465
0.0077140879726822565
0.006852695331274005
0.07577782361700268
0.013432153226820254
-0.009200542528827432
0.013839782464238394
0.011299383027427735
0.005194223779230272
-0.01965677616430521
-0.04092872662638008
-0.008907165994379096
0.049651269138585336
-0.03085823446843256
-0.0016604717517869434
-0.0024691362977331565
0.04194973360702998
-0.025082901699975933
-0.0333858971721079
-0.02847957973671109
-0.03350007623116515
0.02228299228878092
-0.021218399671382587
0.0038492191198466253
0.010681942723717435
-0.009882007339565952
-0.034132085470761214
-0.010937208925946972
0.015014351282314117
-0.03634787450817716
0.0007700578450544464
-0.007686549577175472
0.017297948888545026
-0.006835587601966329
0.04705050248039862
-0.039353352547131355
0.06535299806813695
8.42749907409917e-05
-0.005247916980083618
-0.022259979461942532
-0.015675272188231115
-0.022048590483913902
0.002842967313560367
0.000527660862398588
0.03071334185737729
-0.05064293917285072
0.04252058462718121
0.0073356800798281795
0.008533592542768855
-0.05331655056589951
0.07402950782477606
-0.010298077786047155
0.011435965164403516
0.010723274950007298
0.054333399589406355
-0.003227066273514366
0.007979593050629395
-0.02220146937214652
0.05098087643192071
-0.02236282577180598
-0.005352631997850525
0.09442457978706857
-0.054260337375274394
-0.01667175080893531
-0.05225743858969012
-0.032195580679517125
0.01830165614319635
0.02503518143023903
0.048496314304507994
0.04199227819473567
-0.07597529924563245
-0.003322004632457685
0.00575680108424566
-0.042306540057385905
0.0017276370900492848
0.012100502211475671
-0.02969439386545602
-0.01963759187627349
0.003997853255435101
-0.052707254504929475
-0.05749618084194609
-0.037544729918532097
-0.03221734038818467
-0.019155978570281555
0.002019174621150568
-0.035850381810943174
-0.01355756321829041
0.020319435496671954
-0.008721057890430572
0.02610139668685532
-0.02064356124472675
0.00843231093166638
-0.030918897908041622
0.022161820122154712
-0.008802497710511583
-0.01216290007254617
0.0223434081132261
-0.01824835370730083
0.015340558563420335
0.03249991320820009
0.006655506901729534
-0.009185279657395209
-0.041042150968084994
-0.01204689733765305
0.010431637748363495
-0.008656412214846464
-0.01705782545590925
0.01320885690709405
-0.01819625087803396
0.02314538523814279
-0.012874197099266958
-0.005343137833523003
-0.0471879682972928
0.004801293221712866
0.0007098079589742796
-0.01586294416534665
-0.012407982821411253
0.01248361129304406
-0.0010409520973241814
0.023918707561374156
0.014822136189502077
0.01562197498760627
-0.027722128077436157
0.002663745327694912
-0.03789785582688916
0.009960709630050354
-0.013396126972171721
-0.007141819269680848
-0.04533067635093956
-0.00818153863818285
0.028410555690556415
0.02090609932137359
-0.018911690574480205
0.028676192941563067
-0.012366973087398526
-0.018014182563702703
-0.002101671729737839
0.04907925585864979
-0.00585881456844844
-0.008420403848200869
-0.01742011601136738
0.0046771528788420785
0.031367271115064745
-0.01205356416608543
0.03955114944570355
-0.015533403534487325
-0.015559863430410027
-0.02116682347373205
0.0011496989697921934
-0.006796109964033188
0.04465790710419044
-0.04915792446414954
0.03704502201958544
-0.03323387366845967
0.02476500128111466
-0.007447445096936125
0.004503874117358663
0.03126568782789824
-0.0009566926795122421
-0.02304780327140574
0.02376957583471135
0.014159693932414915
0.04382219238174581
0.02336780638691859
0.0022336080391891734
0.05579245489598848
0.05597154856676956
-0.016289522910932767
-0.035763724707102054
-0.013360173185947878
0.01802999147867746
-0.016758199374923694
-0.0017376448486907453
-0.0003957113116349692
-0.026296488062598836
-0.01804908463869796
0.0025677367894420483
-0.0014267159441016817
-0.019887695853846938
0.017580283532307103
-0.0017474956403244484
0.004604041912844732
0.028902045239477387
0.0476045054015679
0.009888645462217516
-0.027404364179498448
0.05461221544098694
-0.0021020186073869057
0.003978080656939921
-0.006036694402358139
-0.008125188558733199
-0.014003818971151438
0.02686280849629434
-0.02016698200943708
0.030650070936832332
-0.058880734777873645
0.021440486429893872
0.0076573410440045776
-0.042731205865659413
0.004363928073097271
-0.03727117512946382
-0.0010152135951192586
-0.026362712644244234
0.017917612705744056
0.019990854820294106
-0.03955551535440414
-0.003866101586627334
0.031383435477091784
-0.013366483696838818
0.046303804559293366
0.007723898954072132
-0.033379702452876414
-0.019687640060517472
-0.027010101960367797
-0.008014267605088119
0.0009738362652713122
0.004480957455445539
-0.09560789030654639
-0.017029118938476504
0.03425243694829648
-0.003052819547259639
-0.006239632463392702
-0.024874956943853756
0.021779390171750842
-0.014202350214831768
0.0022872632690969603
-0.007666823924815135
0.004486963124588136
0.014414062107073288
0.028044401250040173
-0.015399602072150832
0.007563053824802776
-0.030204441637084484
-0.03667249807221927
0.012310196317375363
-0.052578786006952226
0.01394003651613347
0.06010471049755889
-0.011696392216180872
0.03351271463593663
0.0038051806281257346
-0.030057857017205748
-0.03617592454425601
-0.05265054438749523
-0.014371092174465801
-0.009600854298002634
0.013142698032492947
-0.036012070867617506
-0.0020956262674770338
-0.00917358494763479
-0.019352523076219933
-0.03338090874941238
0.007601499395762905
0.000644167334405951
0.010359008970514475
-0.042628490843753995
0.01875545322105255
0.011141571301256379
0.04360347845980772
0.06725525651585348
-0.004827338011227295
0.018110545192054694
-0.008357651133650572
-0.007279592774572024
0.04241165983779041
0.0016350810260211146
0.042483016077123736
0.011971985617281416
0.0046081178824936815
0.05110992870070642
0.008538851135314936
0.028646786829767498
0.01164109702552929
-0.006987976018534679
0.010976291202947484
0.022860621779077044
0.017589875326607496
-0.026684244809927243
-0.0012610790486066433
0.0358691084579049
-0.01632794308758808
-0.028989593027802664
-0.001132986862218432
0.01659594440446604
0.010649186644458413
-0.012937064542799168
-0.015732516778562217
-0.03424742482904916
-0.025617200685554165
0.006091923867977109
-0.008268049569694734
0.044556403564685425
-0.011672908853950132
0.02512423914888242
-0.0015091068179587325
0.002398791428656317
-0.023355224491945874
0.03658637986432645
0.026220374471971314
0.027851129115078747
0.009379467909153968
0.02976601251039106
-0.010670747761241625
-0.018252012135692518
-0.047318556702164914
-0.01944484210109843
-0.0011243883549746456
0.010715115492553341
0.04288366680257584
-0.029993761143388337
0.049237541226480934
0.009317812821566615
0.041162249843536954
-0.02518720740546081
0.05370473588314316
-0.012100466994425269
0.04688581974705142
0.05592091090133259
0.024290485560169495
0.026750609949996847
0.014049920741150503
0.0667618050601787
-0.03179080573843075
0.017017640937872922
-0.03941046224473089
0.02380597900859132
-0.02968504411181503
0.029217355347342357
0.02454959986419137
