0.08444715893492485
0.016376490568449545
0.0010905725579212283
-0.004121144184496142
0.011711785008005848
0.004088564573226058
0.0291501691582499
0.044513038537165886
0.01327402675226856
0.0164661806908649
-0.012798995464724794
-0.016531541956754946
-0.023619553854504673
0.029321948641715754
0.015659487514922635
-0.002922663522646084
-0.018510328204782586
0.011392290470316325
0.005455805159190059
0.016242722939488245
0.015261189059546714
0.017032979372267186
-0.0134008936984723
-0.010666509107354854
-0.008117856410159854
0.0371981330927794
0.0012638447460166227
-0.02310063821304104
0.009207328378886732
-0.09525497848968308
0.012972160743872424
0.02579458244012296
0.029986340717782094
-0.022206676056735295
-0.0026259006222295813
0.015264544109412114
0.04673130675014394
0.03443555830598175
0.006817038418370845
-0.014557229098795348
0.05834738024193257
-0.009433409815463763
0.05290560358462692
0.08268776720043386
0.0157122493753483
-0.0107613506139624
-0.03449950924629155
-0.0038167009854070074
0.035615707688230865
0.04156859248107235
-0.04489185128052272
0.02592944877204154
-0.06006802043080021
-0.04740350046407475
-0.01092885048337904
-0.03674499784390585
-0.04740964620571611
-0.025256950736989855
0.05079728328302948
0.009197856542907496
-0.007591020203099214
0.009682012006812355
0.0075721226357519135
0.07924573857913926
0.0030660009581077487
0.008061491108530463
0.005553025287027656
-0.032131156489087646
-0.04015612902549195
-0.033894183030876684
-0.03865470491674237
-0.029843974687442123
0.020127883563849997
0.004758512152229029
-0.03033547570204151
-0.027813727416937866
-0.0332987562279885
0.0033045587959068304
-0.0009276412819307139
-0.013297583351018338
-0.009191732441681453
0.04140298111257914
-0.013940650876588278
-0.0016225019393024728
0.010273335703434229
0.042007025622773024
-0.04363714968789748
0.01749783840896068
-0.0014190669082520607
0.09010629687578971
0.0019793137321006526
0.04713000149446862
0.003527904992997057
0.0026787795871978655
0.029144842760105004
-0.0389655234996078
0.001789281271049053
-0.0019454440035119372
-0.011846887791713934
-0.04764414325640015
0.0028740230523274543
0.027046275850694756
0.001010044266759165
-0.004918473786243097
0.016790873996104613
0.00951593814192393
-0.0029720761193267197
0.019894591901283336
0.008544118442595035
0.007737850250547311
0.05802609871680075
0.016893149882071207
0.040335861746421835
0.005312721567351436
-0.00829856684362102
0.004298235804240605
0.019979546076509976
0.04043103969910182
0.03632316461331374
0.0670673740979592
0.002034232381411642
0.026430435816199385
-0.003332714311576584
0.016859832359535906
-0.007163856592502293
-0.009248941485295658
-0.01634974924016138
-0.022783176704923004
0.01514372238435235
-0.026384562723058027
-0.02771320384576111
-0.03216061470377637
-0.015117671302439548
-0.008548546438805857
-0.04155147764367344
0.002954267790823624
-0.0069848828336023586
-0.025574402890724886
-0.025185983266166764
0.008954253756185202
0.0077517311902255215
-0.06174040823642485
-0.011529305382008616
0.020849025179819708
0.012552124213222675
0.012547820692942302
-0.07350771891814402
-0.023764449812117252
0.04493987985320121
0.025320003202593113
-0.005403358378736039
-0.026673010324342876
0.012310058886880547
0.024200206302792297
-0.0021600900303564807
-0.06357797232006919
0.007290551735856594
-0.003096804766338853
-0.03020131663624067
0.0074245761501359085
-0.05573107822716711
-0.03157132532350611
-0.008472290104150886
0.00281465621604296
0.0035024980632205743
0.006899317294923506
-0.029970049398861037
0.02561609931199092
0.016828342874460393
0.033831918791182414
0.06566269455804834
0.010737087345830808
0.006401136320525788
-0.023570540218455734
0.014503069349710821
0.0016704362018157524
0.011643475648179772
0.02489747135197426
-0.001386846696492519
0.009029484213143067
0.009735860283771476
-0.0870596856208608
-0.036469255237613823
0.02610216683970525
0.0035163854202128844
0.016341012195013174
0.008947212122433833
-0.008609598901454985
-0.005130261006423858
-0.006861761803362062
-0.04467453650013704
0.03690033620804211
-0.02959242816445335
-0.030754487062789933
-0.01836889006194377
0.057165425565189554
0.010159810674723532
0.0007637710439929876
0.038945871662428966
-0.013871528246650361
0.01282262948108298
0.03235492705594376
-0.004915112271013035
-0.03853367938654875
-0.00691543805112035
-0.01207079966048478
-0.030830290220602324
-0.05558307448062342
0.06692858637338017
-0.006137517130830369
0.027928313960805463
0.007644891314462207
0.00015330980691845113
0.014459881330610491
0.04008761634268551
-0.006436896973839948
-0.012778268965866752
0.025204489927351297
-0.056333986314466365
0.004228009474557027
0.0271866155473403
0.014579569603074301
-0.026688717867817596
-0.002453125099346208
-0.007944648350684957
0.0052079900375783805
-0.010988007473163081
0.019099723729818385
0.0038011695031191953
-0.030849379940670888
0.027035802304268258
0.013700882938799981
-0.025924656958302816
-0.021544044576200398
0.03160766020278369
-0.005053354554235013
0.03587222801627236
-0.006633176437211814
-0.03773283435045297
-0.030739325907947136
-0.025737264830254708
-0.00446409736337632
0.010660497428295957
-0.05785883143812266
0.005599101000912611
-0.003913840413708841
-0.00656837037740535
-0.02274787692947141
0.03198932070602957
-0.02025394262273672
0.024120137166069082
-0.040819931494115815
-0.0666617975998552
-0.043833108215366866
0.045385613312209666
-0.04370763274807453
0.009205255617360438
-0.01725204164063113
0.011664972376978321
0.02027190081948441
-0.02112811291955861
0.0024565233580600915
-0.0254505247396732
0.008124421053514071
0.016189030427278466
0.010588697739501355
0.03090335641636838
0.002108568681857999
0.03549360275890827
0.021683790411985916
-0.02833832534352603
-0.00810016903868278
0.033642575722104606
-0.0008368479915534694
-0.037702071852443814
0.022813894352301897
0.0009254966241625984
-0.028760889025288203
-0.010877105430523967
0.013000335630113158
-0.03525146207815878
0.010647318723236201
-0.009549182358261542
-0.017403995712917432
0.028542375487005608
0.018367226690404546
0.013778728167953613
-0.057080542936744236
-0.008260669381924851
0.004536709891258792
0.021243340757143018
-0.03648051454292542
0.04706540756917101
0.0017336146891613166
-0.03598939653996104
-0.021065653294412248
0.04281085284881305
0.06155113150426487
-0.005475394704145825
0.018070067368254828
-0.02284420290851747
0.0054917180462692415
0.03878565566527972
0.009385949520445637
0.024183865007768857
0.005024380291890742
-0.03320403457482062
-0.00907138435714823
-0.00940215914125893
0.004298241836302209
-0.0005792455359491204
-0.00799041310081794
0.033085028098602524
-0.023851852106982138
-0.09845794152424042
0.021218993274680426
0.05788892901448093
-0.043964301690573436
-0.018859236557729826
-0.032471785642220585
-0.016330358739205554
-0.007413895690214231
-0.010775600702995188
-0.0610029422716172
0.015124200337039479
-0.01706923299841021
0.005440070614253885
0.01518449546521436
0.01831738085889194
-0.021844550211661765
0.039010089342743255
-0.0701395161131863
-0.0048315143892769955
-0.043169270328043026
-0.011917253783174871
-0.010804211147556317
0.007265246963394221
0.027137816089398945
0.00998604099660267
0.04902136752078834
-0.0005524229202864318
-0.007505412279203181
-0.004151160854314641
0.029988586209096054
0.020876704388998486
-0.02320616636685142
0.02128042541704112
0.021459726265574155
-0.06581663972484104
-0.033935752191953425
-0.022011452671253692
-0.04762572200099036
-0.03751218147846527
0.022914649640072497
0.01636120647281536
0.042296846943588165
0.025543599568803976
-0.01256083626943608
-0.0006343811497183444
0.005259493919623933
0.005329328664016142
-0.0008909470932581605
-0.0380349930633241
-0.006588169863465454
0.010373413147090834
0.035862683986690305
-0.002980086113096972
0.039653261512870394
0.0034525555101701895
-0.003391320007322138
0.012365724061702235
0.020633529264811847
-0.04681483511803038
-0.024384483499632043
-0.02565837109478947
0.017103641412533194
-0.01884232405334185
-0.037357553108816374
-0.014170181250952084
0.004225147823942532
-0.006456554981600028
0.009721634361407234
-0.01393677568501017
0.0063763282664769366
0.0201457833230859
-0.021294307290138318
0.033801968682097165
0.029780398122532126
-0.022048396992651483
-0.03128798925003309
0.07898972240599977
-0.007375327934268279
-0.0018899031112641356
0.034668463442325395
0.043704728643941496
-0.036657912172104325
-0.019165161382905742
0.04436533911239969
-0.022538093023095594
0.02497954895813583
-0.008883210929201652
-0.005114620545490403
0.010470184483962142
-0.002183698157043
-0.019425593110209298
-0.05880134677239716
0.009969473180803445
-0.02169906610751022
-0.008055452345143333
-0.06506655262207443
0.017220196993406777
-0.014417089323168169
-0.012627886010832
0.038576855652652696
-0.04680851537829583
0.00856090602744714
0.028013916511842374
0.007240391627467565
-0.05181872969754725
-0.017734339340433912
-0.009310285972458504
0.027654190625971
0.03506939129439526
0.04888951582684516
-0.05610239785057748
-0.007335418817113646
0.01196487200423137
0.0007339918853375839
-0.029107461860146556
-0.005265258727695443
0.0595694324014026
-0.07347082656498909
-0.02182632842358313
-0.00025461269074723766
0.033688097344150784
-0.0375453299026743
-0.03137443963478273
-0.011839180110863877
-0.004783733687511494
0.0065865757895464975
0.0022282587198775915
-0.027091746024408447
0.05277281214915379
-0.035092855737444806
0.010627066289846318
-0.01092091986804528
-0.05854973539934985
0.01935460616918744
-0.010427519028264626
-0.027055521587936584
-0.046015428789426
-0.024417909124332313
-0.05299043554223909
-0.01964644547728749
0.033012295169544924
0.016376393374867064
0.0847449434076832
-0.07797931386661743
0.039599069506747804
0.03537863997384504
-0.009166273962881524
-0.06973992906656869
0.02174041881352908
-0.04471725247948232
0.01835511287984776
-0.02404950362940436
-0.006381373668443986
-0.006548170106203282
0.008626123110748524
0.02163257598342624
0.004192904901357431
-0.014343984651701914
0.003044074156538951
-0.025281482163208722
-0.0016231254659445527
0.0034147633096238937
0.014398619723785618
0.027257181167129874
-0.011024865804526163
0.06289695122747699
0.015356974944171235
-0.0016211955384156788
0.026890867696570682
-0.05475794433157335
0.012713204177357816
0.044936897017929564
0.04896607842898563
0.04846121175688768
-0.02681967170906775
-0.00210485170498045
-0.04029320288090215
-0.010531528793029847
0.031269125161258265
0.004683565778587213
0.030834119417620164
-0.0010249340611866412
0.03307571308783437
-0.012960738011203536
-0.038594436636989346
0.004185192429844219
-0.011429081052624584
-0.01137846257739836
-0.004993898382342904
0.023774118399669107
0.012198795634013646
-0.023887859341738676
-0.0030713822942741607
0.027562276133905248
-0.028578047666055637
0.05154142737641907
0.003623293073048165
0.0021120391178080715
-0.012137056064992942
-0.02019977845435042
-0.0013333383928972788
0.010693569670813073
0.0477280632664229
-0.02648784836476968
0.003078493773010316
-0.012558174340582283
0.003302388713888496
-0.026745206459151752
0.008039518166199
-0.04932182062864457
0.025117856771972424
0.009289830880396668
0.0023943735201425154
0.04517686023162236
-0.01872094051198327
-0.04002357789331234
-0.043406137671737594
-0.0030969035205956714
0.01467075738615238
0.00440666749746244
-0.018780424336709255
0.008573958319886648
-0.002564969402447774
0.021613297594828978
0.024299008131905987
0.010381674918724989
-0.03161566916139807
0.05248211868062621
0.015334646568509698
0.06655617781540822
0.026556332431601472
0.019753056685716572
-0.022944448935895298
0.020674523125286122
-0.016033831161151757
0.015884646224945467
-0.02163771518124783
0.016102222750240005
0.01716991921784564
-0.013242865531893635
0.00100734793210248
0.016619484651719543
-0.011139120618384913
0.014046411454562275
-0.010526648656989357
0.043209210684166985
-0.020468974554999214
0.008662203645326457
0.00037254497353649875
0.02115065985120233
-0.006496764246207003
0.052745009097552385
-0.023375389517563943
0.02038254966035183
-0.002068495321624018
-0.014085922886256852
0.0015661306576888812
-0.05524662672012376
0.022614259191038433
0.023920344572097692
-0.02545287874131841
-0.03137304271835312
0.004700407958223111
0.019335699836472035
-0.0509573054620339
-0.00430507722570777
-0.08458994515417187
0.023364388563642934
0.0032938257961676845
-0.00016189996009001437
0.027239045405545427
-0.031541616607696374
0.04035582009857343
-0.00822763169675389
-0.007893214388617852
-0.049390876843522336
-0.02183055438587179
-0.05688130723699936
0.00033503942815099873
0.010386457243531464
0.030989730659778374
-0.033290624362707376
-0.007776977290303559
0.019358560103557618
-0.015060726400642164
-0.027326400622378462
-0.019632527092606093
0.012472219980942407
0.01713650968582869
0.009254092456719116
-0.004045528106343373
-0.001781631366786746
0.017525759646662538
0.05044572873902221
-0.019988337301575867
-0.030368699192391775
-0.0093478201291921
0.00020272391797340189
0.009809754730933925
-0.015025610372209402
0.0017487398580841198
0.00789661646961321
-0.015695954364051207
-0.008497727513339392
0.01722923365481692
0.027124604507620286
0.003291283205556809
-0.0613470539671128
-0.025570895619851253
-0.03230930827634124
0.03269098075786869
-0.03676667612321549
-0.004750077797676236
-0.041349187109347985
0.056270847189222026
-0.015490063665255235
0.02014488326920695
-0.03127200330696757
-0.011983831800531123
0.00547574912078617
0.020631796841884174
0.013797274915093477
0.11318808769362164
0.0221871743265607
0.0013815169959955147
0.022993928582341512
0.021305056476374762
-0.016419974457557957
-0.015290333928734814
0.039215205952752796
-0.022925332447766348
0.015578890886801627
-0.02446432110000931
0.013336514442953456
0.010922679131718885
-0.025475935667184348
0.02097340909656833
-0.053172410048216254
-0.0739727568554681
-0.036978977615418025
0.010592051185644368
0.019706276775507046
-0.007630085874179097
0.01602658977388332
0.044262064450468395
-0.045743480769656605
-0.02076736411904285
0.009777473897101721
-0.05166647072572542
-0.030724115872269232
0.015777505561749762
-0.0405973238606527
0.005736293111533235
0.0018184281702880258
0.04070942099254095
0.03513666153856851
-0.006328220170333505
-0.010957659687787016
-0.034646302516825545
0.029211181836451165
0.012926129192098837
0.01970207163283866
-0.04778251163030899
-0.0014379032553798981
-0.0015451258094426343
0.03713093489419287
0.008931908858364767
0.028689131626231764
0.013468521589193127
0.007234005477859159
-0.01577223278744236
0.018350364975140625
-0.01608782906535857
0.06445284779136053
-0.00014343156827319702
0.024513992733592622
-0.03125775864187595
-0.01792378559833198
-0.046539155655741064
-0.045537926009715055
0.03456906979755077
0.005033471225763078
0.008576669096137357
0.019693893781112914
-0.009963370773492696
-0.028925202863335858
-0.04223351220751563
0.052483393711192976
-0.015996366510099738
0.013746250947718667
0.03728140987149613
-0.005879417055026341
-0.029948167020795807
-0.01800016637954115
0.010922912476356891
-0.02045931185131678
-0.02235816650371413
-0.02491522369986432
0.005047400410330534
0.0031703893846369616
0.008182491696302217
0.006231812661935644
0.042483557555124264
-0.025845201419743852
-0.005860206283615372
0.02431886930745539
-0.02794113318149654
-0.03060208522343797
-0.008076558508398606
-0.011231377628593777
0.017261599455033225
0.034982142905843436
-0.03378240344825605
-0.01537220122590827
0.0006204176383373066
-0.03030271435423686
0.006164587478941605
-0.015440092396527383
0.042072936618437494
-0.003517772643654229
0.013474711673261197
-0.03822825101979481
0.03240687117283896
-8.446619012572963e-05
-0.02754589355123947
-0.006602591289259259
0.023628185608461555
0.03585547331148247
0.011869447895445317
-0.021735690433695068
-0.0020483637450422346
0.059321878874615194
-0.000702740299350857
-0.029763970271279524
-0.032477153755528586
0.0184026085968988
-0.010736686844800405
0.01502852897504356
0.013100344528260905
-0.021654393554854844
0.02413633512087855
0.02042825122692851
0.000586067880331849
-0.016355284231170754
-0.012007658834262476
0.0010289757437723138
0.0247995824292745
0.06427987467472734
0.002627451094373853
0.14185582682354536
-0.0021574550490700973
-0.00520916838089894
-0.01185115923901095
0.06339342531373253
0.03487808592912773
0.002533860503160079
0.006829142395911079
-0.04190962775620442
0.012850352016215764
0.0249566676942118
0.0009181833001776402
-0.02076990908970925
0.005110681622076377
0.04809330484564527
-0.042600393002196
0.02061345024043253
-0.010491901920070785
0.07164293746702406
0.004088578248390727
-0.012713167624899864
-3.102453319833222e-05
0.020018563697878466
-0.005482409871452232
-0.027028857382431593
-0.012091694149751588
0.007607565635927067
0.011910470266945047
0.04312892426191254
-0.0024121420167948675
0.034528997928587074
-0.001681156563606934
0.013172729097131967
0.0016313987664052726
-0.02735627906699439
0.006727557135996336
0.023230050362865056
-0.018706629036564823
-0.013098660875132654
-0.010503883317477685
0.044464253179147824
-0.019905598712335323
0.05850289273815938
-0.028615355888016395
0.020383580760229992
0.021924912141111932
-0.016245476178192796
0.017528598064789704
-0.027171227401195094
-0.027027173762251236
0.029502212350137145
-0.04892318997706877
-0.013387262740248236
0.03204457779022443
-0.0037464419542830012
-0.0020842846333780215
0.0026732421375374824
-0.04720558861593791
0.0029288505676629702
0.010134914694822864
-0.013844828294949431
-0.006345465277667218
-0.0010974749089634737
-0.01355351956621016
-0.04382227407740273
0.00022714802322328155
0.016327065108115588
-0.026874787017784178
-0.0048921199625814316
0.01847986301549313
-0.02963080114051089
0.003997925217599153
0.006830235065757394
-0.02543112778683343
0.01839237992290694
-0.019960694526654187
-0.036205961702849884
0.010210376721602946
-0.0050439734150536444
-0.039398979065454934
-0.016115548587078546
0.001951564659768196
-0.005312231101649403
-0.06620408491721538
-0.018407495586538057
0.01949210580450396
0.00722764004807746
-0.054896705731055304
-0.0023792695587112195
-0.010366535986956107
-0.002912463350596737
-0.0014364408771483093
-0.023010135535593213
-0.05074934376327495
-0.013174290897631061
-0.020404577848765895
0.03346027703229815
-0.005884591431638013
0.0016859485881681054
0.0032604097573241723
0.045704269671071086
-0.01864762996831691
0.018610775293546978
0.012334507477635544
-0.011176956086009892
0.011729320769784866
-0.0375185545825174
-0.0014413476810757205
0.023868796194393898
-0.003836960587451041
0.026947625362438887
-0.028983261841591883
0.029964972819814653
0.05417570021672722
0.03600170971636412
0.021149802315568594
-0.0030992697595640852
-0.02134780775309708
0.008035387816086231
-0.018641816049613992
-0.003274819556126911
-0.006904229737843251
-0.0026550170795633225
0.00782542381944871
-0.02456565908475929
-0.010126758645766495
0.011932412918621975
0.015213429652105828
0.034234752018138755
0.011990488480637343
-0.010936073356693709
-0.06828078815063997
0.003626050158624641
-0.003971580565212535
0.01781365476175465
0.029227026481768923
0.06033782120671904
0.01101607884527417
-0.01577650459771244
-0.009537163738380204
0.009496468894825956
0.04908646303702412
0.06114109713149266
0.015141835026426131
0.03544125186305505
-0.020179689507432222
0.029104299429853306
-0.03668630160382527
0.019243988398080912
0.04640621230871937
-0.015607790976200733
0.03194703758996401
0.015079768109598154
0.027991897803315555
0.017532316481076306
-0.00018190944781774725
-0.02160753595467234
0.007825180059747448
-0.000447071006323444
0.021222855474507193
0.0016692161666097614
-0.020845192999008572
0.001618230695651771
0.00630775674542491
0.02692066721375475
0.00608538991104556
-0.048023624707692496
0.0497216315064845
0.0006449093700496044
0.028025258715835843
-0.009923171500073944
-0.001397398566729065
0.01651106257243103
0.019588078422750288
0.06890841681893811
0.03391318847833882
-0.004222542257295002
0.03495929742070178
0.019661789310313225
0.0031467690023279427
0.04755110996306992
-0.031211847618352134
0.03323512533735345
0.026103337832042602
0.0355964938711864
-0.009355653719463848
0.008548870984671586
0.019980279990870965
0.033406756416577414
-0.05137836453847513
0.0175874525950227
0.06251754071237042
0.03212429997604894
-0.052596146597695195
0.007694548763559022
0.0040565892634137814
-0.00022098752114501607
0.0365841335412627
0.021285175185690695
-0.009018928219496035
0.0364402134733004
0.009399194082294782
-0.04209466881637377
-0.012829919666890875
-0.021798182082585268
-0.04541404741058616
0.039320333093374675
0.010813712922349833
0.008717634613466507
-0.012334109966949842
-0.00937038661981444
-0.04883716637783792
0.019061530312596716
-0.023392064068429058
-0.03240825410648904
-0.013908046143970712
-0.05541890857529404
0.009516262384514413
-0.010712414537695458
-0.053420293532272574
-0.008505412883343125
-0.009792281815717703
0.02019104574033577
-0.006447580693732511
0.018956822439174358
-0.01784138273299196
0.012654076101160792
-0.03700489293971547
-0.035210970488019015
0.007584471607882722
-0.021549926375832102
0.07893472216918768
-0.009407518161773591
0.005529896882206853
0.035150993176136396
-0.002106334885344394
0.019363548303580717
-0.008141990261161984
-0.01061985546152312
-0.009118260756798332
0.00656361794726949
0.014339095173110626
-0.004037608457621062
0.02717040886989993
-0.024016043854181476
-0.009840657322065441
0.03865181206570371
-0.03760943274425766
0.02727784541158158
-0.038522587366573206
0.01848005895830679
0.03745528931725474
-0.024421661397947846
-0.011714770816130522
-0.029074498997291833
0.008686079259486511
0.02663663813111964
0.006918996704803554
-0.01840205725883737
-0.020796252463681837
0.006290743812567011
-0.018475836796280485
-0.0037810247396295594
-0.0198307583432979
-0.020903417417605413
0.024044955640781452
0.026102549762235992
-0.00794605639891633
-0.004166447831132023
-0.03395094874781853
0.0036887611157369374
-0.03126719735498706
-0.0032580640227986572
-0.011244743833110412
-0.004223278459794648
-0.02110517722952791
0.033941878982814526
0.032006710461094934
-0.0175296538830929
-0.01618852336016735
-0.03076413603233006
0.016238961688797317
-0.021512016543178383
-0.02506187901253922
0.0011126699918250083
0.006121572109749833
-0.04171691039174647
0.007773386463999297
-0.034923153844114284
-0.008633554426736143
0.012149467973638691
0.03048785723545201
0.03808965781589468
0.023585956305867996
-0.026163218315058717
-0.01017441681270606
0.031995010304665866
-0.04771571511310104
-0.030643183586025437
-0.023895971941464565
-0.026746676722537326
0.031040529269607594
-0.005481604351532946
-0.005685341558756287
-0.02231821744522648
0.04972544594319769
0.052993169568237894
-0.04893815446888052
-0.00016915890742583576
0.0011301638520840667
-0.008019530831432666
0.022372133746113694
-0.024098916165192368
0.03390617301660438
0.006456280668691088
0.017418509225813037
-0.017837392092498235
-0.029496474088693908
0.013964902483991976
0.0032976227239211483
0.0660696024077507
-0.06041633481729193
0.002838173457536875
0.036265592523654015
0.0019760590583582116
-0.008187384197594337
0.022459688158433744
-0.05314755913688085
-0.0046522278632258485
0.019734214199527898
0.008157650535449552
0.03349012288348147
-0.02781060297225877
-0.032077086628988866
0.00029688480780573124
-0.015125813230025988
0.06939623270650137
-0.033609194116065964
-0.0599007592793507
-0.07963826621902088
0.012749043396000206
0.038380375915110336
-0.009274715054364028
0.027063076238014745
0.021269806485523072
-0.02209453327718002
0.028577276467297824
0.03271795237591783
-0.016064810937225962
0.06006461518089102
-0.005765533828172171
0.04431281495557318
-0.03253365063000378
0.02321424136202556
-0.021234705312488097
-0.004453793208977983
0.02449854265655743
0.013230709102102738
0.01928952830343872
0.012197893025733042
0.06479162352133404
-0.038929501743854296
0.0035818342138655493
-0.019369273152051673
-0.022218383575244006
-0.015809601530300105
-0.011276291826259496
0.05005371075071671
-0.041488520474055754
0.016900394942804573
-0.004079218048460374
0.022635269984730894
0.006231541288608072
-0.0042630592113736925
0.03282932059253377
0.04913743489834581
0.022859613008843947
0.0093897072895775
0.0007994618610410909
0.02556690048174729
-0.030768397007493092
0.05075501108484368
-0.003262532942846658
0.025582981962972023
0.02461876089074341
-0.01757974206284671
-0.04826183481831482
0.004909997186833209
-0.004164995580342942
-0.016532004810334313
0.012358656904088957
-0.04387079244294662
0.046293717379766765
-0.012268267004558533
-0.008318711356338174
0.02445367136162292
0.00617592321090665
0.0371233657376593
-0.026653632431210175
0.024310765547503405
-0.09331123986322322
-0.038245676933538725
0.053465285796406914
-0.03200273095997933
0.04593134984579615
0.017490783661325577
-0.024821452400405536
0.005384156802981527
-0.026939977340888127
-0.051705701953881134
0.0253402677934828
-0.006173362182716577
-0.0016659775164650557
-0.01718014202411552
0.019393203396245836
-0.016775697554399404
-0.017294527873413172
-0.012744505530958123
-0.011358816485125335
-0.05222321637604045
-0.017709907500728317
-0.012137583656235887
0.0051584353174495895
-0.014539851705829339
-0.022867666938204266
-0.013210184207293654
-0.010720118254512844
0.00045007588561717565
-0.03734991039745196
-0.02424574911214422
-0.013083135235087848
-0.03221905033230404
0.05022298718709589
0.014762053001377735
0.01582061540028654
0.03297978022177156
-0.022204245178665497
-0.013486842318562516
0.027351815082495904
0.044789363160954346
-0.01927016910754648
