0.02018296180314421
0.003701901982111435
0.0007556885299362737
0.030982713909319122
-0.00868573814986005
0.0112573852072442
0.04774645607546386
-0.013369483939011214
-0.0004905993855128753
0.0013374482645716911
0.011982472104101916
0.02018254775400511
-0.0036241052137215065
0.011272457590051143
-0.03615038561520569
0.039025731821866444
0.014761501048808984
0.010637020846253942
0.019268783369286887
-0.010514021832653327
0.009016644066817372
-0.0007729548152423874
-0.009437849067058798
-0.04432080025059819
-0.03559520108683304
0.0252983653603039
-0.014318679623371777
0.0036233467399726473
0.025885093302058668
-0.024420533687671712
0.009080062954695205
0.03461611435594824
-0.007207729864784268
-0.008278850401845379
0.011849320872029171
0.01016867456573674
0.04827203830661408
0.010835214253542579
0.007458566031945399
0.013160372386694062
-0.030136616004364583
0.015006473643960721
-0.030866725305704598
0.001907106465461296
-0.026323483985237504
0.019146809686472487
0.03262231101634008
-0.006314052926992285
-0.03174844810944261
0.07076445605040517
-0.05105427749588393
-0.012392309356755222
0.031697333506090525
-0.051984420827313096
0.0018060360200324948
0.004070927001138854
0.03579616499350142
-0.0027185916039353278
0.033617062224199856
0.03425263915880246
0.007561911201119062
0.026298456368847336
0.03770829634778631
-0.04844404298315755
-0.018042462118784748
-0.04108884714155523
0.023792879934883476
-0.024224417485005853
0.060163936268119035
0.006580701468726065
0.032797992555299645
-0.00032494753154684855
0.022878336039493012
-0.01376885877371
-0.0037083384341774963
0.02086572347995859
-0.019120572021585614
0.0038575167780284074
-0.0057985805659862
0.01836905833468793
-0.027501534050547227
0.008460184540123242
-0.0018835383931203361
0.014563409049422939
-0.017544120488653087
-0.0304283169654628
0.003658764298245664
0.009564878627179156
0.005581703329971413
0.020461311317646103
-0.031183145904136664
0.05135744635107688
-0.0031067037863524356
-0.03727956929574864
-0.0329682387553192
-0.02470330783336574
-0.005850599014280145
0.029601035635896583
-0.004513881862180574
0.06645344399842633
-0.045876646133188925
-0.02079282311510896
-0.04473893601334115
-0.02435847882307062
-0.0286231285746287
-0.011360866488630512
-0.014430362481277322
0.018922836658573697
0.011804536049997583
-0.051386153256592675
0.024228001153684373
-0.03711353814858318
0.04389822871601417
0.029908877990247933
-0.02326688716712224
-0.003813102239406376
-0.019874534891130065
0.06580887556930741
-0.017348072890678117
-0.010411293301437257
0.014567925944798712
0.016145865880317724
-0.019336799552842
-0.03588571079489358
-0.006323675588543083
-0.08817037386943515
-0.003219632143550717
0.012359265424214508
0.005296595259032453
0.04421626924834536
-0.008452472506979015
-0.04228171894001771
0.01155289367036962
-0.03230189853812737
-0.006441558882130472
0.009651517322128983
0.01996228577507789
0.013329771125494917
0.013380936181803839
-0.05118610548640904
-0.00015288959230226262
-0.038712807669153505
0.015928620058436076
0.030940890278589924
0.03878437912705498
0.009281896770001087
-0.0023779966560273456
-0.04981437205199883
0.020508487851482075
0.01691162179180572
-0.027883657785663967
0.04142572720068383
-0.027194454505108077
-0.010400457410058257
0.0021777834256498786
0.05787374101331188
-0.009156304058379229
-0.06883760141922274
-0.05861420306884004
0.015577592481059565
-0.044193997020737924
-0.032769828113357935
-0.020941917204946484
0.00793652645359788
-0.012443110807958284
0.017866061896628458
-0.003962856899977369
-0.00132314076432203
-0.00041154488622727707
0.02705980551955825
-0.016546236278014263
0.02454545432944027
-0.05206271478199279
0.019327153001061966
0.0034872361996377645
0.007242442530383071
0.05005225071546926
0.009066424617914346
-0.030730076459725256
-0.034462747864259326
0.027711435790242343
0.017274874292331713
-0.025590996544599797
0.018734418171638137
0.027185815487910804
0.02943335582289761
-0.00809303217993865
-0.02312972430784869
-0.050829838414878155
-0.0008942612453679213
-0.030749300172210586
0.005251841347733215
-0.04959915128161043
-0.0349005013563495
-0.03005383275460785
0.022295899074342394
0.0006120571668277918
-0.020199407229450864
0.039638031643515474
0.016288919926799882
-0.005502170712181751
-0.06438290256897526
-0.03622476230710651
-0.008746468934525886
-0.010570290760137739
0.0023898436828557273
-0.00982789778310531
-0.06659038364096058
-0.07927640030733324
0.03998617041987562
0.0013503923406839576
-0.03991899269273752
0.004729478620961941
0.012155134689833149
-0.034147319454327626
0.021849591163034282
-0.0527522882447878
0.020578863439986418
-0.023715369356455046
0.01881413375462143
-0.014941371604744194
-0.03132631605837315
0.027168973755874137
0.002101243888853399
-0.011651065946390602
0.023852921555963257
-0.01212228644731519
0.01138207080485639
0.057570210787885025
0.03832356926025379
0.03606433320783899
-0.0465168984242451
-0.016607554212972154
0.0038604269900705244
0.0022317736894083926
-0.03252429069720095
0.006487967292274702
-0.016678337453864697
-0.0037695029304215654
-0.03872408532828919
0.003055306428066925
0.02606416460914638
-0.05412806856597899
0.07087185551854644
-0.028394596617884037
-0.022275255012054306
0.0288978952892313
0.02934716151852273
-0.006293080217426047
0.0023844552217750937
0.007860644515198906
0.008657440308085894
0.0356190897996718
-0.05449799491267007
-0.016660149966142786
0.007807327719442186
0.016013609470095922
0.002493068714652302
-0.0194312049938845
0.010082313405291102
0.02670372816116318
0.0010163366508102662
0.005399078023209447
0.010031285441710044
0.0006793457963629679
-0.06345635863643719
-0.04159712114644045
0.0025674828318406426
-0.05376081633328973
0.025058386974750848
-0.016383078011800566
0.018725105187478074
-0.00715716333464788
-0.02779579631492016
-0.0572156706404055
0.0029024657905880116
-0.010638115345134154
0.008737761928532059
-0.028637012404355813
0.009993125269779328
-0.007389172718378623
0.04404649743021597
-0.007202428026473233
-0.007273323926372273
-0.02221663913573124
0.00356026974913658
-0.03372346625266846
0.058576793712780025
0.012145783492584676
0.02752279204163998
0.06182934378022982
0.029367609773904
0.017986079448328723
-0.068787084046954
-0.060069373831677784
-0.03945130559488021
0.006154518971892362
-0.01600539891459451
-0.04113010970660706
-0.045286963277394496
-0.018715413993699786
-0.03675369340694632
-0.0745671584233916
-0.015476385148704452
-0.011350961448335046
-0.029034940525022233
-0.024466178479275152
0.015800795540673502
-0.01627698057898476
-0.00539460580495975
0.019966999483193856
-0.014803938086746451
0.00987785762078134
-0.07788527151354982
-0.025325731022952554
0.0033926221906993522
0.009742437916426242
-0.03013891425723222
-0.02021162955561854
-0.03792168144808429
-0.006374804173155322
0.01937750463729503
-0.038321475059628914
-0.020737377186260054
-0.005534878820875482
-0.04527421315519288
-0.02845167414271549
-0.010492335602594209
-0.030605553897379213
-0.030309797455500786
0.008711874884173017
0.03614050841466103
-0.009247671606333831
-0.0330780411530095
-0.062101280310084946
-0.011793470962231527
-0.02011122399412075
-0.04121607713709376
-0.01859491729777555
0.0009859943868213827
-0.014295754008985195
0.01160751102902218
0.010164494818267688
0.008297193786096781
-0.017774567300843522
-0.016388144202826378
0.017891177011553037
0.015190534255462894
0.00849272930936696
0.03874551611690917
-0.017408594795945767
-0.029606911932120318
-0.05798776945677823
-0.015903216744966114
0.02322575831501526
0.06326344939093384
-0.005673895541204953
-0.009334571173536808
0.0026537337379584523
0.0286806754704414
0.02412025768965292
-0.009125845888369632
-0.03729514787265719
-0.006424517676190441
0.006677018212403618
0.032905852033065015
0.017850142122209138
0.04496570104351373
0.03686845815086585
-0.0359383014285977
-0.016234021093367326
0.002559895345445577
-0.022689906035466664
-0.01990324109848044
-0.014323800295188364
0.021084799963202196
-0.04331219560622021
-0.019590718292040125
-0.005458831742383423
0.015757968926787144
0.0034148770911756926
-0.018173406309726366
-0.017200179823117546
0.0011102165111253318
0.0048049184297245294
-0.01743664003930106
0.021322168137030813
0.010104383474347776
-0.03129793269785861
-0.009437625779254662
-0.019597516392478066
0.016555508757029255
-0.007871120561632833
0.025000659175070657
-0.006842037499107682
0.03565958088159557
0.0012402065851107272
0.0012364273351465678
-0.005351350331782892
0.02051182004720181
-0.05302045955902811
0.0012523255512327405
0.01701546099649506
-0.04647536288388729
0.0034548416079908735
-0.016721279482053337
0.02139226262038194
0.04308996304368776
-0.0602012912930406
0.010657076176093945
0.010882825934663238
0.0080330617131836
0.04111766587856554
-0.0023201012192742496
0.024959929993653953
0.012494828346455772
0.08405185738102974
-0.0456626734063559
0.04203808259791039
0.010877079331395933
0.03756737981480847
0.0045698720559168024
-0.008668450717653273
0.06521962406741709
0.0585169037935521
-0.004754052366290678
0.011676958515810845
-0.01800854719509662
-0.008018679702262731
0.0017493258729431329
0.05341169638283333
0.008160473709970245
0.03958211843958249
0.041061630111074415
0.042615178772837624
0.002150431611892375
0.022424372944348837
-0.00831623795857323
-0.006422177439212446
-0.019845576373045487
0.021147424370833934
-0.054339672701928694
-0.030884073715500487
0.019081055002503344
0.01773836468170124
-0.00725148452876842
0.0068220780397448425
-0.015174092647653263
-0.0056530837324552385
0.010177872154739042
-0.029413140953886713
-0.0054000060893653525
-0.0086036139308275
0.04002411819003447
0.011411024624510444
0.016770602400474722
-0.051170707478670335
-0.03385990052084335
0.008639991502950082
-0.024862760855378332
-0.04519816408472023
-0.03445474703331186
0.05533368857010586
0.03315844640119042
0.009795891292877812
-0.027350942670691106
0.0028075771119883044
0.013410288161330098
-0.04660691326617401
0.009538835814572764
-0.013349491652906276
0.06976176253867257
0.02884997945244817
-0.027186856534971028
-0.047417249217485996
0.0036190719695810437
0.023078466111721485
-0.019233527763657856
0.023974142768421032
0.020420032246798354
0.024642733648171825
0.016956749819216466
0.049714252124587716
0.025974114204810644
0.013422448972965925
-0.03608065074507479
-0.03943657134468377
0.03900795656789017
-0.004774075429693742
-0.0014360016991239821
-0.034978850178555114
-0.022749534265907558
-0.017032060861243967
-0.0008112736106977225
-0.0009699171196439668
0.0056706571716289775
0.022349895669776878
-0.011084209419685983
0.027168862735765662
0.0025902591345477125
-0.030971662361875863
-0.02008734992554962
-0.04103175995290315
0.0005137708983089568
-0.025991075073654453
0.0031305255023262317
-0.05249919662882591
0.02069172404390043
0.061795607187810055
-0.09500315503261941
0.00879046340904971
0.06182733888123514
0.01509663758033498
0.041549669592630595
0.004008591325283176
0.006548897923398718
-0.06254666190975358
0.04975157803207079
-0.0006376467125414861
-0.016113539832770522
0.0064106386971259
0.03553080707539159
0.06306020294372879
0.01598935004225489
-0.006052553486374085
0.0015122488586035404
-0.01819170303013208
0.015491457072725286
0.007807197688688216
-0.01562319835747834
0.03258240316038004
0.005002090498608719
0.046766531168632684
0.021463184538584062
-0.006778902228896804
-0.018369717593382493
-0.004406390040917289
-0.0011865002651117486
0.003609501433012635
-0.017824031598658873
0.011727274453224464
0.009387130223693215
0.01723030568619743
-0.03017465500911842
0.02081873221174398
0.023181829706225295
0.03573733223389409
0.031913709973141254
-0.029683447788870207
0.01570726237722554
-0.018564904890487552
0.009795988684228396
0.03708884262467006
-0.015568135253735007
0.030229382500040203
-0.030971053383836756
0.038521825345509506
0.015732675689147532
0.012878544589550532
0.05188033152099786
-0.026775044381899014
0.011802729457763443
0.04499530089867256
0.01651739794177182
-0.04555633193069381
0.0032660200843743705
0.044372606597640175
0.028137345166018596
-0.044789434083408394
-0.007856065598602722
-0.006175458325731394
-0.048696094854589575
0.006668280578490317
-0.037931742744028926
-0.03948173322350042
0.047889766380618266
0.0018743917759712553
0.015117607165696823
-0.012036290222907586
0.01614425583190058
-0.022324656108061544
0.020252929582819896
-0.014089244248790702
0.007165093616733447
0.04350992872881404
-0.011156859579483239
0.002541084577578851
-0.06073178475803132
0.025425495991470332
0.00204584279240952
0.021577141010577217
0.013073663267137967
0.02501952783295602
-0.012732432209821705
-0.0032233959447910653
-0.014405741221301824
-0.015391136780765665
-0.03178919460129771
0.005133758327988422
-0.0408098598110366
0.006487031692601405
-0.00931168331672828
-0.003640312645018427
-0.019530666620129505
0.004218161215935337
-0.008569642976383166
-0.005792342452937579
0.0016451233851259468
-0.004556604549660609
0.04862713176178533
0.02391808000168617
0.014848156364627328
-0.02259452735380563
-0.06951279460491032
0.04437231554219011
-0.0077447917883062415
-0.018074099075874765
0.007251815634487555
-0.010321788415325626
0.008521058325396352
0.007276969592982555
0.03453812993356718
0.013490430748154241
-0.054201256000861925
-0.02130329150777426
0.013773045412633866
0.0034205164935721425
0.010323500862736245
0.002856101769211186
-0.012490292268054419
-0.02775531454161603
0.015305076950817627
-0.03662049902452452
-0.006271778529631551
-0.013239986188895471
-0.028750091904351436
-0.047960065867132876
-0.026470565443000384
-0.022358517000812265
0.021684422602761044
-0.0048923929780604804
-0.030288870787380608
0.0036316133703458028
0.073394210098266
0.023917145049159153
0.028073732297129457
0.028213661540077806
-0.01731824844176376
-0.0038546240113310867
0.027540780002770868
0.07800909667496599
-0.005096619571693753
0.04579424012609399
0.006742169976858959
0.017459849408259714
0.03027192242998271
0.020497368760496813
-0.010555218638576168
-0.043426188409259305
0.05365876899908791
-0.010939846024556651
-0.041500759556069695
0.037089346214978905
-0.07382576562569047
0.007592450382314448
-0.010605300592528523
-0.001781704372212823
0.012295320175751065
0.0029925102064465186
-0.0066273739348457995
0.01658844019520536
-0.01453128883915505
-0.012347977345816863
-0.014447186505275983
0.08639795839724372
0.04321114739249935
-0.0667067474515555
-0.02030024151438733
0.04019969852673866
-0.011350944731435232
0.02073246919347763
-0.005427063619356153
0.04316558757710534
-0.012611894332354866
-0.0070179960960397554
-0.0563259928748539
-0.05154630530991915
-0.021954512178568555
0.020411615135953763
0.001988483682301262
0.005223940167556507
-0.010565230527646855
0.015530356266689943
0.005421058500009185
-0.04399701659026659
-0.007250645523167558
0.03581672333418851
0.027894064854757896
0.037672350356276106
-0.03303691462197145
0.0008019643653847769
0.007209999251831075
0.04839028249557715
-0.0061003684382113805
0.012808755401045703
0.009413597346363333
-0.02069760793075073
0.012878508744477638
-0.014095732441765844
-0.009614834475213059
-0.013718230660085144
0.013664947536165603
0.00025682800537092616
-0.001640239586301508
-0.009071094241465539
-0.0775546816785795
0.01380095926371097
0.011649010729764096
0.028646027743328337
0.021216113705314323
0.012834424887649075
0.05896942759022737
0.019560936781457178
0.00553921334893695
-0.032528716777199956
-0.011368134195582535
0.003205577974071972
-0.008172153819388966
0.017648615825847393
-0.03229961775183794
0.013862681120764789
-0.0002800716366265963
0.0071541977607862415
0.009354185680424773
-0.03166980205339199
-0.021125318783808838
-0.03175976427163841
0.027760377486558678
0.019654464389207843
-0.0008258285079174308
-0.020750789812487663
-0.009375297571373339
-0.008664528732677217
0.03436141356372364
-0.047875044480101804
-0.006421437219546579
0.013085494900631798
0.004694979749022899
0.028066008449688245
0.002287097270341242
-0.020056843860917044
-0.006890487010706841
0.019446801690270087
-0.011385494694514926
0.016738680122191457
0.004480374344233201
0.03743882113405459
-0.010125676692048268
-0.0046382889081811535
0.07161883834235747
-0.0044242489541494855
0.037540842810386735
0.02446447187087061
-0.025342522141442454
-0.027256979501733336
-0.04582808241169157
-0.01243976205477462
-0.013998554934083706
-0.009828894248552144
0.014296606460684287
0.021048434873428504
0.06955425739636976
0.04273870646558428
-0.0472997804828083
-0.015418374543798094
-0.022016303833170815
0.004379532303182783
-0.03981678815843045
-0.006360418232292385
-0.02677947975677726
-0.02741955913905042
-0.02125513775413924
0.004521211677255154
-0.003959729512246265
-0.0067001854983418435
0.021425397184622726
0.00024376062189423528
0.0870624552008463
-0.006725446873786433
0.015062180363109027
-0.011392751103625986
0.04740980531064777
-0.04075569739362155
0.008023020366785342
-0.015847474169749926
-0.008102338042605562
0.06326518687778952
0.02495303484130018
0.03477790582611432
0.033086575866380356
-0.01580724915274019
0.030512088721176008
-0.008516728187511102
-0.029634572300417304
-0.016576367201197723
-0.013442049595761691
0.01056310652643178
0.01629910641348794
-0.012543626170401603
-0.016615536466116018
-0.041685263269576694
0.006896044025857585
-0.017111157477058818
0.05069443976905536
0.05298720039815019
0.019518143776835074
0.04012000007128377
0.04412559880466322
0.05137517741546717
-0.007261368568028247
-0.04601124295799195
0.06771730838009457
-0.04288937109115082
-0.016106185319183012
-0.027967710262914915
-0.009833762472859126
-0.0049260962194762085
0.04030149651217071
0.02473465657340063
-0.02505324509488178
0.03236741147760421
0.013476926229884896
0.004284600609801856
0.028518292502492527
0.06796792340021843
-0.001196599681826356
0.00617644027371946
-0.005144662398765042
-0.013759104510344414
0.00768572226458887
0.002636565836002428
-0.01811908926742655
-0.020852696428844273
0.008552290332755936
0.014736322440057709
-0.004091325729323311
0.007665067415699368
-0.0067687152641951395
-0.004511985979196398
0.043000794011386546
-0.02670094733545449
-0.026148556199261222
-0.05182913108170951
-0.05481453854326305
0.015353478994652283
-0.014850817887229866
0.011151063544170867
-0.016692904467777187
0.02305685247715678
0.0027696679471800184
0.01764363363538155
-0.010460085650552927
0.01413542999931184
-0.009249750054264622
-0.015949694113612314
-0.028384057306207862
0.043294299766099095
0.015922520565993307
-0.00887211672431173
-0.004216375038093497
0.019654121827866446
0.01921380020911713
0.01058387725615463
0.010483933491127086
-0.004818293354585461
0.04880282999853354
-0.002754782865904996
-0.018071670297697958
0.006354433345275023
0.059064781968149044
0.0562860306905222
-0.00876120510438226
0.006193190076036647
0.040737722380092156
0.025352821760709698
-0.011772647324020913
0.020662386007629513
-0.027209726121405618
0.011416037161487124
-0.02063397350363801
-0.02120567556840478
0.00637127029639292
0.0581993135995844
-0.01613147075770578
0.0063735283689615166
0.02860664487945881
0.0010596718689509144
-0.03780826392645137
-0.01411572581549201
-0.007704114890900194
0.02373577292181786
-0.01099157687382706
-0.027515422910114346
0.0023033942057418566
0.0641507495403916
0.03912975808038443
-0.016338685523321204
-0.03471736876891265
-0.041896929005643825
-0.0003403534833682886
-0.015490403988585602
-0.0461269421695809
0.026998226150667926
0.011238947033933733
0.0012955469223189298
0.03766911828917633
0.015114110103497178
0.030009874312210867
0.05469285336293431
-0.028282649267187442
-0.07167952194015068
-0.007415429614175574
0.03214484329314846
0.01802322563559431
0.036050668003299674
0.006460247044802015
0.02968031710134672
0.021159823954409563
-0.007255480330537346
0.02255447896444101
0.023385389883149425
-0.015539967202777078
-0.06488770959995326
0.013785669018772507
-0.004155135593805567
0.03344196672997507
0.02829660684363454
0.010187306936767492
-0.009322694213900489
-0.0032720845933675775
0.021965601172451683
-0.047045810511074156
0.005039732101923385
0.016060714954685272
-0.01599820538476185
0.003952621020511148
-0.012336872285118143
0.037225347107125384
-0.048695190190390106
-0.026257097328569498
-0.04745879013456233
0.0038017453896191473
0.005937370501181329
-0.05539195233565454
-0.02038304140069656
-0.010451260528981323
-0.022634977597647876
-0.00482268190982634
-0.003486473455071719
0.02044415505877303
0.034143167000203666
-0.007757963498200203
-0.02479887366612766
0.018325173616078418
-0.009554381393721521
0.0180924755282234
-0.02822345735550759
-0.008576338481335061
-0.02874482150191901
0.0016512349198658685
0.022566379130546963
0.0182654920729911
-0.01693623677825978
0.025812047650127755
-0.014897698535096877
0.03368244154091212
0.03432812962010799
-0.019838711071786492
-0.03697499416970774
0.009135893919481069
0.007932796799846206
-0.00862443495299357
0.003390601288936924
0.002380120879197876
-0.016272718638352113
-0.026266076815557718
0.033556393340104886
-0.020976313230265612
-0.02856961167222694
0.03853787969175676
0.012839599214323294
-0.015272239170695662
-0.0077086645876784
-0.01787392383486502
-0.01958543892498924
-0.008949190335119702
-0.014052309295485949
-0.02482473680045082
-0.0418537448106246
0.003083041823732283
0.03475912651273908
-0.034710348350178284
-0.0037231801524219787
-0.05955629548113171
-0.021610681199104753
0.03489369998972327
-0.025153872889660454
0.03203053396158826
-0.009857252121640526
-0.03303331780689755
0.009119059076602903
0.08738402354360449
0.01219203350984108
-5.798755823773967e-06
-0.015490024370407987
-0.023655447322062175
0.008857702117276708
-0.007054990041430868
-0.04144292407056942
0.02397404746779171
0.005010237959746704
-0.06270707000074395
0.001323829371830707
-0.0014415556113923384
0.008193535918831261
-0.0008114943925524275
0.01066929335840485
0.029685039715579408
0.01667971563732896
0.021200695267943374
0.0036140002511821333
-0.014986576477006727
0.02880184909447699
0.045471147178928056
-0.013462900108455158
0.02465688689565809
-0.0246805369895355
0.023166605903474524
0.016409147073926846
0.03750326360623501
-0.02237266171995859
0.020364349760797946
0.02787610004502065
0.00454334089645064
0.02858949181816266
-0.01078234676266082
0.010494718900033138
-0.0039822023346552625
-0.001256412235741637
-0.015642247993279516
0.01924820905358501
0.005132857242565624
0.012324898438985555
-0.005789556205210399
0.036691107302232046
0.009210505436781286
0.0073182402516669305
0.04793379833397342
-0.009604910869753938
0.006745736112495493
-0.017262904404209616
-0.03276469250978178
-0.005634190134810632
0.03865770430827371
-0.04118207996681968
-0.007611763836576312
-0.04939813407686917
-0.010161473854017146
0.008171693852821443
-0.03659545741334975
0.07787637918428661
0.05032287578380198
-0.016017250103722798
-0.024710045345948093
-0.03668317233086651
-0.0357400609565852
0.014703620498974383
0.001356590359800009
-0.03554289402985379
-0.016983276011220922
0.006160347217086801
-0.045904924184212714
0.04388377167765541
0.0010413959899315197
0.004151763098716309
0.01609113487831679
0.06400650612322344
-0.03018200824345279
-0.005749402929855071
0.0018818517657166074
-0.0648710194684893
0.033176965142022834
-0.00890777969830731
-0.01021268557365966
0.04080188326378879
0.02112240949855869
-0.02727565197131537
0.004959156560099834
0.03605857859386087
0.05563296310666311
0.03503026991343224
0.05307902989875855
0.025142282372550492
-0.021111034270965036
-0.009480183683421762
0.058268948800669136
-0.005079833882650977
0.040076158190983716
0.008342292670185037
-0.007317056603765504
0.0019697832621406405
-0.026659345719600738
-0.07780267524059754
-0.03464443735650732
-0.01566489798722297
-0.03418205926124011
-0.010124114805605815
-0.0209448749507928
0.011987852470633232
-0.025873091677380528
-0.016105095762687396
-0.0027401717266954326
0.03541961249535802
0.030862795398698704
0.02813905506581826
-0.014486401457929081
0.036220120240647476
-0.023486153880662927
-0.00697752916319197
0.014091075690974876
-0.0017437639599912614
0.01435271054020021
0.018683758637213662
-0.019531488958140386
0.026245987872354087
0.00144248085698255
0.05675521513118957
0.01140411898446026
0.019902484110217628
-0.007292866985035428
0.014881878902508652
0.02966911560808698
0.010078355736146844
-0.041319131852364195
-0.021243201918859388
0.013665928449579865
-0.02888226399362435
-0.023827524578335372
0.05166144181202586
0.03612307653386339
-0.026490639508194563
0.06969651300300647
-0.006294126091428456
0.028416739251485724
0.015035312177980516
0.027430590624844497
-0.0022499352741893936
0.021533299223397716
0.010962859456708043
-0.030133529281989715
-0.04335476714547135
-0.009691552547084877
0.0552080880537342
0.04488092691869773
-0.016949762499421255
0.032680657032436215
0.05190082831853977
-0.005847042661106142
-0.005511371982829198
0.05045163914096219
-0.009648901201994745
0.014320987763949156
0.031898045207432134
0.013473121950444984
-0.005978542590540072
0.016951722469740665
0.011037237503453225
0.007059492382302861
0.026704530446909232
0.002744668508914944
-0.07091924918330865
-0.07941235643971377
0.04941506852425969
0.027717418166358938
0.04366583344389462
0.000786219927328268
-0.011268027922005002
-0.009171261299017497
-0.011377925187754954
-0.056906531471602816
-0.01989972806832137
0.021138021007582233
0.015230060569036755
0.022907424490938348
0.020438114809480094
-0.000777145322820416
-0.028655867416085223
-0.008647950556210078
-0.052711464677574926
0.003983289646116634
0.04061967206738163
0.03222820821962772
-0.014995073905470474
-0.06277949174957885
