0.0006796875733970968
-0.011638510735278357
0.00916803172438399
0.019707259351947136
-0.00446826760131294
0.005781735485981303
0.04664769323624422
0.025077826382334193
-0.010194872869456207
0.032842053967933355
0.035985366211098116
-0.006479786638189253
-0.03753326332286168
0.013837913438394446
-0.0057217482765377255
0.06349107101177952
0.010264133946582878
0.04864230756067242
-0.03736282240707669
-0.03220587738175051
-0.022676576969962055
-0.018047865886281846
-0.0700425763851993
0.009317696020054582
-0.008467532988278358
-0.02478103918419903
-0.022703146713108562
-0.009541949455820297
-0.002199830157137476
-0.003950045356576057
0.014967177093725808
0.0007715656481378972
0.0031932200491820656
0.004633548439504457
0.01756354044066414
-0.017627230917138668
-0.026992173106090686
-0.006333523686093942
0.021884946930866327
-0.03119832756438335
0.012418479992434518
0.02265408247884635
0.018711212051437155
-0.029209223017925178
-0.07315151098579899
-0.005269439486390168
0.007828449737624104
0.017422906102473896
-0.028063194742576774
-0.021586118799598278
0.020186789400985023
-0.0010039852304961168
-0.000890248733506907
-0.0048980350640798545
0.035725878992190666
0.002463740172001908
-0.009187069849596259
0.0003350746103398878
0.040793404354609174
-0.008762430639817383
0.03086543604815086
-0.005063846645904019
0.02552978321599401
0.01774986649803277
0.024760062175384425
-0.012971857993473205
-0.00180812160208577
0.04657232480384969
0.009711391747287511
-0.028520158502349208
0.020807578080790753
0.011955039029996733
-0.07382612339252681
0.01446121145110079
-0.006535863120561028
-0.026772299818383725
0.033751469609279626
-0.010367914904854843
0.04080896346962981
0.008935588421099159
0.004947430208227915
0.030379517269585755
-0.016028440444253014
0.032922107462818435
-0.021351386143702394
-0.027675853300470496
0.012700811942276208
0.022446071083618794
0.012968725704000943
-0.017425009060906237
-0.011398798358682653
-0.002659823226447015
-0.030174910970584827
-0.05433829804132691
0.03126955306649509
0.028595600057875366
0.03381512739399553
0.0012820546324315636
-0.029586635272402618
0.0654543509451062
0.00011800344326040725
-0.01635443682289847
-0.028813683605801676
0.009598568098415972
0.0004635299016428112
0.0359584775415892
-0.01031982960180424
0.024293401309619708
-0.00962949381027387
0.0003256749849170605
0.0035577822117973112
-0.029113902556531814
0.011363274204761105
-0.0011798334921028547
0.02597056626081117
0.032324070998825095
-0.017195237553604484
-0.006450464317095139
0.030033786275574865
0.033341713432670464
-0.0029734657960997215
0.03841731447205403
0.16582615339553533
-0.041893882636660905
0.07299168964919572
8.364093761678645e-05
0.038924204682852216
0.01847337750583711
-0.0006570383605550556
0.01650658723951962
-0.013313067393857925
0.020832223555051228
-0.0032858133154981145
-0.007110456259876807
0.03738601462998814
-0.06198887764575256
-0.07504250632497347
-0.0016247147505521762
-0.008983940129664063
0.02417623433447135
-0.0290635364344559
-0.0066114857201492756
0.0105228483037215
-0.03987373912375887
0.04830341731728348
0.015306354209419427
-0.0007233283669316363
-0.00042969607875925533
0.007507866913486174
0.05529728244543733
0.004971856309173671
-0.022145137900641976
-0.0888251427051171
-0.04603640225564299
-0.09499101619395565
-0.002128860104446715
0.008262979886819295
-0.004933767459323683
0.01165042163551603
0.006208750298239586
0.015443960182506043
-0.0016825938683397528
-0.022795837647817348
0.06846213380246274
0.019157424658271652
-0.019365839217409687
0.04241442014092378
-0.009542418487161402
0.028157936209412336
0.04965682161896687
-0.009197040509256224
-0.0038692137832924507
-0.02667082192305238
-0.008743380784625235
-0.08461715880776634
0.030883894951815344
-0.0030798414925184664
0.011898836375705196
-0.017207317278427305
0.005326385458004229
0.04024022762771633
-0.01578783017733167
0.02872103918799068
0.008051391341259309
-0.029826031443811043
0.02353266101171224
-0.007734479452631473
0.027279221960852282
-0.0008563806921099081
-0.03346904639768742
0.005647745737932685
-0.010015409801437017
0.0018094276391452898
0.010465095344511961
0.008018316391253607
0.0018480836392047756
0.0031616097156460486
-0.01645069072650217
-0.011673354084742281
-0.13492735465288258
0.008209366361084243
0.0036097529119724072
0.008300823004647257
-0.012321403427122405
-0.004195992780651466
0.013271968112045056
0.03706996689908394
-0.01275788059817056
0.002269021016726081
-0.0634802662546853
0.022180070782071418
-0.02455224763883932
0.013894229103641367
-0.0028955790092428835
0.020201068917845403
0.027128124607338707
-0.015635879216931492
0.014926969674159164
-0.014295853824508315
0.015472415112285583
-0.012694379023091657
0.007142101714811198
-0.007325059410182696
0.015828281104741104
0.003253064409063768
0.0054291958377207785
0.00873786282382831
0.027214032228966015
-0.03282946345686202
-0.011793499387164222
0.021179407208006797
-0.012249461105972359
-0.004788216659226636
-0.04488927154341164
-0.0257440109336581
0.005670005689962059
-0.02144276665638787
0.014238253596461511
0.0509307089461552
-0.00924742695012873
-0.006742976510710429
0.0018715856723640909
-0.006332660392200227
-0.0425752086850606
0.00030453412204834406
0.0029510249769036066
-0.012335516384688737
-0.03748924270177716
0.004122894498594483
-0.01608177121322824
-0.02042206260902803
-0.005044116308566472
0.01225066949802208
-0.023017640440888536
-0.016294154527125643
0.028665897311723396
-0.001546594653535554
-0.007314996356792837
-0.02191142476676912
0.012160677188989636
-0.012960456307556633
-0.021179712688568504
-0.00034216148425745435
-0.021656949771825595
-0.039897724033892565
-0.008748677885622237
-0.014177274523858746
-0.041978428797433444
0.0031741662042996757
-0.03284048395901913
-0.014621520124826396
0.014022791836824209
-0.025610555068320915
-0.004302045821093679
0.02521301586840753
0.03264925135836454
-0.02808473621167209
-0.01575615220747241
0.0005494876654276906
-0.029429260940453415
0.057380920056044504
0.03731667546944387
0.0216152227052979
-0.004039484182728233
-0.01682781619238062
-0.030119430553197817
-0.0031054260994831107
0.01622010151718065
0.05389992827497469
-0.01528795190897397
-0.017043823981783866
0.008352699142466249
-0.018140405773060694
-0.011610578461837643
0.00497555412289675
-0.04335003922162248
0.028177405534758216
-0.012073622987742694
-0.03045017950799244
0.010539511454044692
0.017366535078988554
-0.09512911336490008
0.009133005860565166
-0.010596579157280933
-0.006973291298802646
-0.0022805511538551144
0.011741106938115881
0.006391274957315741
-0.009642877122174598
-0.03913223270124397
0.017901139846530283
-0.032027718406670014
-0.005290096980908236
-0.014629271668119422
0.010047052788796593
-0.014373172157901367
0.0256558595972153
0.037877825900871735
0.09025310569552682
-0.06399715169461345
-0.06538813526987057
0.0073690915428685656
-0.0052173699300331975
0.009056415196179493
0.010897696829066994
-0.01830092120574115
0.041183216779431986
0.03162360455337645
-0.0022688580673970735
0.012086143091554754
0.015322697641409802
-0.027011581959168255
0.027024593224720252
0.009698955954106662
-0.008072706964222584
0.01483631010826453
0.005106994119885736
0.0072844783274512385
-0.00290795177442584
-0.00236610405776429
0.013036524912329525
0.003987783473264449
0.057840633562322524
-0.013775871489247925
-0.011724910458809813
2.0246182667279935e-05
-0.005943242804595184
-0.023808369141403697
-0.007026841077213981
0.01774524272000939
0.058765593625062056
-0.02985587210940197
-0.009771303033182192
-0.0013210975968027477
-0.034915440954286704
0.014094163884841875
-0.02560423976054617
-0.0011034656784751778
0.057261442482239265
-0.00753384285574517
0.009815222841856371
0.05526701264391208
0.003019489843184068
0.02077499680869066
-0.0002597892834664098
-0.016341440846843986
-0.01649542469627145
-0.008090188690938967
0.0012069891132260922
-0.0033951201693634488
0.030430409312611314
-0.006198980436622449
0.008442862708666198
-0.01093357099240949
0.02399347912850622
-0.022478353384330546
-0.0007712645333503902
0.01560499311877281
-0.054759500126194
-0.0009559502846052881
-0.002287341397223701
0.013695629941236992
0.11436736897327776
-0.006178139550261895
-0.013876489483511738
0.0032150092837766975
-0.04788675356651676
0.035159653529214435
0.0033730014075620865
-0.03556989397270104
0.011361341704261799
-0.009392825440906548
-0.01599911113928358
-0.0010507198590569051
0.01120835908917226
-0.025010488253944398
-0.0037777485881436567
0.023348212591670543
0.0054565851658490774
-0.014731815308311151
0.03737225699987438
-0.035317257668002526
-0.01213902026630551
0.03157351113978882
-0.024696261656159246
0.009872387409661168
0.010107155977905558
0.031712648614267806
0.005459449902344751
0.05660359165354717
-0.007955320601408314
-0.020873758010268768
0.004586522072931828
-0.029326603125240134
0.038563222287186505
-0.004021386527320495
-0.017478511306058302
0.007470257184890874
-0.01501865462851481
0.029667180505685786
0.013818358659071252
-0.02395570706191157
-0.049150283689464405
0.015451747593788185
-0.03394247682253715
0.004163947317359032
0.026259105372583753
-0.020863257021958997
0.01809723482955301
-0.003987721791459399
-0.013380044194955453
-0.033809888880442826
0.008376778923451761
0.010435134375686786
-0.01505175805017933
0.008813525302088347
0.014438540275563507
0.022210643022256935
0.006833374924919778
-0.07198778047384792
0.02198262105719191
-0.014842036989585654
-0.02358363357619944
0.023300267567934373
0.0372695384364979
-0.005584008868841781
-0.009615280283561086
0.04310570744242131
0.004729845471919379
0.014821715299340784
0.008540029266573363
-0.027409841282371106
-0.028393817371755052
-0.011188370185262038
-0.0126569917859562
0.0005129579368223648
0.010916013851793064
0.011256462027201885
0.010935404551888246
0.015100002742350802
0.024340571075579204
0.023559572966119015
0.008090805088445572
0.0004253784316366853
-0.00875599618826621
0.004505394225541302
-0.00880662642998832
0.007539945620340479
-0.03160934257171202
-0.01204472500272181
-0.02556675077714723
0.000697003564709888
-0.01336253763643162
-0.00675369521022659
-0.008174354247726667
-0.057361869788431954
0.0023554479715083864
-0.05202714605224118
0.00640584521253987
0.0016966604631211927
-0.01869458302021566
0.004241496716000063
-0.030058810011053774
0.0072544246938596735
-0.02066134187075988
0.011129440841356678
0.017750094845505566
-0.006195041707077871
-0.012259167147829163
0.013321304193020272
-0.0009689833177292649
-0.003886098949075961
-0.011662360490879901
0.08693859769697128
0.02907477996383643
0.020498183182719995
-0.000526045988383043
0.015314517966010275
0.011497277905260226
0.03463414981053236
0.01603837260948677
-0.004517493809493741
0.006482906236417475
-0.0012821053665553236
0.022372815108965858
-0.019872745127262618
-0.02085991185282143
0.05185322225475677
-0.034268359563383935
-0.018486319396813715
-0.052033431357158114
0.030260827387672457
-0.08692521793500575
-0.0015004897118931475
0.01675589474565489
-0.04937741230423693
0.0043506258203885855
-0.005571209446072785
0.015339271748440452
0.022230601805300315
0.012928938591082425
0.018267429453247212
0.010592036347630509
-0.003482287362273315
0.049903330460664044
-0.003558357018754196
-0.057760902780228864
0.02706158824654348
-0.001342968064668339
0.006586917141313605
-0.004580701795116931
0.07511846054271754
0.03066843397708412
0.01765061320803462
0.0295351348625321
0.03134805944896881
-0.018212565435263284
0.10624075738590405
-0.004732965207411251
-0.005560187425552883
0.028118048913570545
-0.05043924076349146
-0.006459606230661818
-0.005863976713565798
-0.0002595292445581603
-0.019295116387368205
0.0063060506510367745
0.02578807488918099
0.011308805398446213
-0.000335986376379808
-0.003930714683241924
-0.02135057347519227
-0.02455579829617407
-0.008747160697033539
-0.014800446521608389
0.044089491001171224
-0.004312715594828629
0.01979481620023238
-0.016906638901953448
0.021189864019928728
0.018817077537385145
-0.018263992907725093
-0.05244969128804128
-0.01324451329983596
0.025755525486002333
0.0019312037333609824
-0.013466626305286535
-0.02963022820740134
0.02194745812097145
0.00857726391634478
-0.005387603375114793
0.0023329443152961815
-0.0044797651271903435
0.04020755250606303
0.0032490058862564377
0.02167967808702615
-0.0019055790627986293
0.05923891249758063
0.03468243602913721
-0.021072875759460725
-0.029869630039880458
0.017229580227555302
0.05982503929634326
-0.011762490958828122
0.019135108775240776
0.012232727331781667
-0.006075716962231656
0.005546548442206705
0.015184217820619192
-0.06148045920815654
0.048065539841323945
0.026680678524717578
0.013336051456158009
-0.02168703282739886
-0.0018428174687092798
-0.014971163592195524
-0.020482369299231737
0.09143305492465431
0.04070201172787488
0.046066545753754636
0.1478432136147103
-0.006439697188596683
0.004712775595272483
0.01419713043748633
-0.043814818428814725
0.023778597406266314
-0.028074918961334645
0.0022327133418895222
0.07188149907785872
-0.00955532202083217
0.03196116304629044
0.014921490692915573
-0.015760584053611817
0.008039912341067476
-0.007343605119158203
0.012471825002416313
-0.03957803376742739
0.019645247166767254
0.019611589987456077
-0.02913155465841124
-0.05131346124841487
0.00033130451871472263
0.013701460784890191
-0.0038492277079021247
-0.006387560963178858
0.01097013235294217
-0.012321659991032114
-0.03489940515282986
0.016570609465795843
-0.03408355822229534
0.02914636536635761
-0.018677825814607613
-0.0036513449405250987
0.015105332600157517
-0.03638874667035958
-0.005120797175227071
0.004463944393087976
0.0037229235743335824
-0.0283543265995073
0.016041866498315713
0.003141100249445659
-0.053338194997716123
3.734393935845327e-05
0.0194077137059596
0.0018822340059405814
0.0535499459519377
0.008673980625024934
0.019701988726890128
0.024573596172760483
0.02582295057195311
0.003288508023612188
0.01128127521196138
0.007437095057875172
-0.00598916510512209
0.006184486153093099
-0.004922659605949603
-0.02360682387703548
-0.005506110980133116
-0.029433676250458334
-0.008396039676029435
0.006681281658738864
0.009610867706482172
0.0098245916818093
0.014371414606984314
0.0025597084474977888
0.012618345252189992
0.003843187556549881
-0.038270605313630385
0.018034736200840333
-0.01581775213617171
-0.010432216483931571
-0.008015041662961365
0.008699333409580411
0.0002664946199703614
-0.004524490877659429
0.00017748029000165148
0.012447238455259082
-0.0015095491268206486
-0.015661594504295304
0.03541189647298665
0.0050933968562357325
0.03164435542825709
-0.01264924976213584
-0.002432306749765028
0.02779963072602584
0.022025579377567096
-0.018920290517404147
-0.011339811872150635
0.00625645669446855
0.013990461814019034
-0.004422240212906375
0.00874335113948277
0.008752394686406668
-0.035100595657314854
-0.029454824402562665
0.0019117237495451355
-0.0065572456652110605
0.006558844836408942
-0.009600237127334581
0.005685760022418639
0.01142377805628942
0.019866172154248986
0.0013027158578041685
-0.005055271658415036
-0.009253158125876126
0.000734068634483271
-0.011162099990235689
0.004494918224463846
-0.07429578653515335
0.009720483730036717
0.005278485127095058
-0.0006384009795513458
-0.0017634972624279825
0.04080673817541821
-0.0685701279452305
-0.01741882354119419
-0.014969873082811802
0.003210545807958893
0.05391531991796752
0.0012485567760874765
0.0006987133557002762
-0.00011107040241576733
0.015775030906707684
-0.029339025287585696
-0.0075638956535641465
0.009782516285249539
-0.02351853457925753
0.00959977659619672
0.001439615811096864
0.019069349877456364
0.04177295640549389
-0.04502440659149603
-0.042788248338634725
-0.09450621611815915
0.02089213409192015
-0.005360513363687922
-0.05335983419064992
-0.004759419290214595
0.0210436583175434
0.006221493665132802
-0.017880198316398456
0.013552777915740501
-0.01194650609342295
0.0012599649518654158
0.004321394274288356
0.022293825000429167
-0.013793561384517282
-0.007552897556790096
-0.0005967947604500965
0.020890313265487927
-0.02527413606602096
0.0075953521186093425
-0.02063694160102687
0.04431371559730473
0.0026643793828069356
0.00249935807430548
0.02547357436845165
0.011420566829934009
0.013879621563329317
-0.01433910204315051
0.02266697257873466
-0.0021452486565304617
0.02084886640997035
0.011570028021682782
-0.012197396290085075
0.02490318738711199
-0.10679550592282776
-0.08333876061968117
-0.009248070019127728
-0.010344125117916525
0.01994462820731847
-0.01714984888568247
0.03327924609384837
0.01615998889406626
0.0024273783481476266
0.004658570587715132
0.0026969911745478286
0.0070729582483396265
-0.004595564204065826
-0.04639828454298775
0.035667872750072535
-0.0073662551690550455
0.0223111027078978
-0.020223767514933346
-8.836617375810956e-05
0.007371648904356294
-0.013870493103540216
0.015358162524948898
0.008427099181411778
0.004072701809552878
0.01225561889494685
0.005417284211217178
-0.005206166155018174
0.03645003031148107
0.01679650426843302
0.015880060354953145
0.008532230364905625
0.011143078349918706
-0.008300617298764959
0.0010041737395291223
0.028582273190771373
0.012745647465699509
0.005439531628264383
0.005360007167825852
0.014354991367123858
-0.02336469953997153
-0.033471830217337864
0.029518977299859528
0.0972220428497076
-0.007842752351926285
0.00464068376053861
-0.0018675927637949322
-0.028745511011911005
-0.017521431684435162
0.01070192163766805
-0.012239491496046511
-0.011759827453920107
-0.006381753665979509
0.006583717723680346
-0.07489258434550324
0.0071532908847078205
0.03084772298371263
0.05427110200368892
-0.011038574699286069
0.007110922870311633
-0.08485092067706501
-0.030563405496412007
0.05352370648720215
0.02389901000013182
-0.028841717791467446
0.00250363110701339
-0.03665599190423662
0.02650256434225945
0.013914158517803034
-0.027438896797089975
-0.02501098141262987
-0.0021312753832974274
0.01645259273772258
-0.008129581084176307
-0.02589503100971407
0.02971389005659309
0.009114060158312868
0.008377372435977814
0.00423650055709259
-0.02724477337304289
0.012500850188139585
-0.010335328727104865
-0.008073616781096556
-0.001172113486862026
-0.033391829127957934
0.020318394622873145
0.016204093935874065
-0.004437889963025239
-0.0009488861435828134
0.03706453692362663
0.01612366573599151
-0.004098121758818763
0.03168525454744625
0.035875491943288526
-0.04670981518101693
0.015344041170838525
-0.007950559607774129
-0.016605293492487183
0.008244845503011489
0.01972865191115052
0.0026031778844255705
0.003804484879467429
0.023834024794474145
-0.007668124999007776
-0.0005034670935779607
0.019575450968558072
0.07414536326707964
0.01712914340728557
-0.017118415047391755
-0.03630286535453242
0.014861379787586221
0.004494143399719171
-0.0334961106087029
0.007767193192025377
-0.030768518109006406
-0.016030320834406985
0.003242528004513316
-0.032955003647132025
-0.006939725392117797
-0.007835163282120128
0.0020195594886232068
-0.04804171666092638
0.038621314822334406
0.0027857370851716726
-0.0012013634790542587
-0.013469792302867736
-0.00976419409617333
0.09409900278255554
-0.06285314943715564
0.00511923246573637
0.017382558792922543
0.022567714573515307
0.048328624291472354
0.008303271782635025
0.003801554058326297
-0.004020210096695104
0.0027615442383268486
-0.007471111214008064
0.0038561694159953103
0.012657212740926854
-0.008886564391493122
-0.017775235641608655
0.04134827901813528
0.0027200273163028726
0.005587370242249454
0.0423664962771859
0.010203231624632585
0.018770409958997317
0.021772981915271546
0.011098303292323775
0.027737042841324895
0.0005737191300982847
-0.027273252367419315
-0.028263038793512857
-0.07371607845234068
-0.011932519162146573
-0.013171931163280595
-0.01892486336879285
-0.0009366575251999919
0.0027413490669253885
0.0008760733484540849
-0.0014170871149673011
-0.011134508062788366
-0.03266916421434854
0.023966990443251932
-8.816482872134691e-05
0.003440906888263206
0.014606574880037877
-0.013879599914624783
-0.008659927008970655
-0.06749081613566417
-0.02038113719029401
0.006102368533174782
-0.009759479372710003
0.061351058051226176
0.0074984255788562455
0.004852850685018472
-0.005860908633372828
-0.023924111182791398
0.004404325935253531
-0.027341988065469204
0.004719081045165318
0.04138247949012084
-0.008871053285685581
-0.006390917905082333
-0.008926905664567353
-0.0030901899041154888
-0.008720909032274175
-0.01321321667683458
0.01760582555947588
-0.003994816938868302
0.006472418239244752
0.040698928522676
0.03604084621121815
0.01192386147241617
0.0019482168218015856
-0.00648880643360315
0.0038987234625958685
0.024617555928776798
0.0029783670062397873
-0.06086608550032222
-0.0020061058677448866
-0.034671303167474445
0.01483979401483415
0.02277840550568235
-0.0056704894172188445
0.017034374613570217
0.033263300662226276
-0.01006765189995168
-0.024366280282094088
-0.0644991624546553
-0.04399759830919174
-0.05151560038689253
-0.06843893078527828
0.02071316193923321
0.04532489675960097
0.02266682835052679
0.01684727455466555
-0.0074856432288205755
0.012399863607503326
-0.0118709794600131
-0.022157260323454428
0.0012309606190304683
-0.0017023343850145556
0.03831169035950028
0.054569495804073526
0.07614272404221999
-0.0010338566675944974
-0.03612541683022607
0.021490837808010133
-0.012257868520302098
-0.04416233069942947
0.002191481790224767
0.00750680429691088
-0.008495932676789811
0.00524835621661709
-0.01106991472212597
-0.01291234018614679
-0.002198433626909457
0.026460529745756255
-0.025002266273544013
0.00017026929473483416
-0.0013048206165931495
0.05937405878353042
0.0012295629156423467
-0.01822249008348246
0.035857788191618556
0.0039574408520646025
-0.009470656901272155
0.14102678458877546
-0.005189976489961519
-0.02537072050021598
-0.0027145443851592115
-0.040532037698832936
-0.012259340417151014
-0.02942047323904296
-0.0017709650969447638
0.00403154995651387
0.004630942665426606
0.018041859695246132
0.0015929840627938276
0.014022091630973456
-0.051476111785631815
-0.025245202935908474
0.012654852184159212
-0.03908739189498909
-0.06236283816061645
-0.02937363524795954
-0.012499651783863737
-0.006928723886085648
0.0030539261011381723
-0.009688235382922492
-0.031780212286874235
0.09836455427186766
0.008159227848055174
-0.030369697261772466
0.005655735370151337
0.0008962572586659407
-0.02244983475443155
0.015205622581581193
-0.09637365231066007
-0.021418093846051388
0.004636182748233905
-0.013617124646864744
-0.016168823871257836
-0.02377982125296257
0.0020983548655954583
-0.08940317698073512
-0.11300601974193308
-0.012328946338151093
0.01967033589917157
-0.029224713218175817
-0.017418166586272838
0.024579575701770797
-0.013297123943308006
-0.012424808097162038
0.07588212044844747
0.03029485998899357
0.027858267610930108
-0.0003657789533411895
-0.0012330898407893057
0.026731696982081967
-0.017713124430615103
0.006508036330116655
0.0436255886015806
0.0035681734482400436
0.04222407514762954
-0.015621988681583501
0.017220693461356493
-0.008671961105078741
0.0037198064912071557
0.08307825006166175
0.0016666068890657745
-0.010194637119527497
-0.007957469144373135
-0.00570984107009173
-0.01686470069680428
0.021492110647428574
-0.019506120863850233
0.022258636263100814
0.06652431228962953
0.0004926673358217479
-0.012688125067146241
-0.009383283393528388
-0.02320201409784357
0.028137404235371335
0.004209324857297657
-0.0214172698467322
0.028466300101924007
-0.04669110578516054
0.01771494148644012
-0.045457110996417124
0.020514981946338145
-0.014301185579847737
-0.0024739324545892537
-0.03933181043821278
-0.010491522676742769
-0.028490517387193548
-0.002669742455697001
-0.01683446967045216
0.007235246140160476
0.007900976918762223
0.048690402042891184
-0.02312895893086003
0.003480508302141592
0.014811101072914515
0.05488621928363908
0.013753282319082129
-0.007578698349824272
-0.023702165859391094
-0.025422676741204363
0.0326584854940334
-0.017804946559989845
-0.004049743337614064
-0.011826291734203943
-0.00245450442416381
-0.044737477983340344
0.02470840770848321
-0.0032496382699233614
-0.0524939121905996
0.03599846923570253
-0.0023423738189324427
0.0460942340878243
0.05864354167049597
-0.04136873144206909
-0.03158015528215019
-0.04700032875810127
0.042967119573940886
-0.00928549103237388
0.0008628589713720002
0.0011576369870093567
-0.024932710214786952
-0.006045403548817855
0.013845557927777008
-0.011181131777071827
-0.0010938033845703896
0.0005694400033670113
0.013920840918366414
0.027340747483147635
-0.007372573415724063
-0.0792614418983489
-0.0006928092903110379
-0.0083138197986034
0.008411768789787463
0.012982892631653973
0.051591131300374356
0.030773823953913124
0.010242279637713464
0.0183657020797385
-0.0005320687165388662
0.0022895473283262406
0.008175936622005235
-0.0649461377182009
-0.0026137896523867644
0.0017273669633969132
-0.031437209135542835
-0.007751668719963375
0.00644023382519113
-0.04296219625502403
0.0007637675293914131
0.003427485948648785
-0.006075382344934905
0.016925569115255043
-0.0039072293378327036
0.0016195572203676156
-0.03529298604051598
-0.06563177680565571
-0.0006667771427493735
0.0053351289896047425
-2.2697491037182923e-05
0.012980874233652571
0.0021830611356238355
-0.01697875009321102
0.004333091709312345
0.013883643455679748
0.014676211659892845
-0.00692675813241778
-0.004201082609653521
0.004011963206290447
-0.005288669550919833
-0.020059144073634055
0.002638741609827999
0.008899983586020161
-0.003910921138984592
0.005228832833467882
-0.034769361805007226
-0.00025646550830062196
0.011066549426524313
-0.04603838522995369
0.025696245103893827
0.022198584218636387
0.005002289941977679
-0.15042556573578533
-0.01075172522965226
0.03732061507276767
0.004519933222079739
-0.004459213489014577
0.0684081968762634
0.01351840772701292
