-0.005992503070125775
0.003903931367341832
0.02026271609916587
0.004695952576635762
0.013556335780045862
0.011266657060244246
0.003947185109646147
-0.022699006590470985
0.016940596697605337
-0.03231001478861365
-0.02249172075086925
0.0033273856350128335
0.037129907671459204
-0.01301627416043771
-0.0220713402729191
-0.02192380687958026
0.014872061190650342
-0.001519654521142421
0.01065875336424822
0.017240262219103453
0.004334087082362621
-0.00909651565812356
0.005873969294744418
-0.014080517855782989
0.02375241950989212
0.047862330519206624
-0.006639168598245954
-0.001533072961160285
-0.005047609788101105
-0.0013279855957361582
0.032903638902182834
-0.0018074048562446339
0.013601438459716864
-0.007237002010224269
0.02607979554656832
-0.0202349681591267
-0.00021796074538447854
-0.0006086582159282711
0.0023927352426625723
-0.00446399797320925
-0.007355881752915099
-0.08685915774492188
-0.013155787287397127
0.023291758252385636
0.12169601582781507
-0.039628411827120076
-0.0009650502876769318
0.01016694232951988
-0.0024852594172189786
-0.01635874553698098
-0.005766105933766203
0.0036730300659004404
-0.029138728918760282
-0.003566754016987123
-0.012280212614565564
0.0024418257052615027
0.011407115493995885
0.024234148953629568
0.005285021343627471
0.013037451412186816
0.05691462766719093
-0.007836503895155278
-0.032938826773356876
0.030593048164991973
0.05938374855446196
0.008205336155174742
-0.002454914158843441
-0.02031786619312404
0.018455778734670726
0.0041822908942802
0.023385043792682456
-0.012223827586509662
-0.11344581569709128
-0.011026053882408064
0.008804222433043244
0.02062971768468346
-0.010184837234846266
-0.00629443480144973
-0.06303784512695756
-0.01924410152120644
0.007719168192336987
-0.027004087228549255
-0.0026781567228331147
0.0294078862661223
-0.03792223436393757
-0.0033633824561532773
-0.014731602979000665
0.018376550028905526
0.003757349424335978
0.010154093909133188
-0.004761307324163323
0.02332138482154677
0.012045687171103771
-0.006983307779341826
-0.03154558548823903
0.02109991742637064
0.007985901563497379
-0.016058625385886115
0.012849919680314247
0.005362940691046902
-0.0007425178200638593
0.005492071831702487
-0.018702094858858924
-0.007208149807725044
-0.011389752857247873
0.004400340784320258
-0.04848546343175361
0.01089471061836796
0.005203585493648904
-0.010623693790144034
-0.010318122987417626
0.00623220434721276
-0.030914360556534043
-0.005162339986610067
0.004010486820401928
0.028500663286192066
0.06517593759375186
-0.006977695118302606
0.003294897853305429
-0.030751581159607154
0.03767669806710321
-0.02589735744300857
0.018293552833429403
0.004222380581310341
0.060892737428911235
0.0024416073267434233
-0.01633239096951659
-0.021171382735660386
-0.0020239860283968337
-0.04438796369124123
-0.002701007074640638
0.02507533769438645
-0.007804338007048678
-0.0009523779367510941
-0.016412498362886045
0.0714922806456875
0.0061822312903120225
0.02749128896040116
-0.0017327958492395863
0.004876208319419087
-0.012465496273250831
-0.012501320691343397
0.01030123260265136
0.028088467614253175
0.02036241069806361
-0.004520052535184441
0.010029391376751351
0.01600949740219584
0.013165634990466241
-0.03565695470764313
-0.002917140825235987
0.001298918672456923
0.077265787001453
-0.010016362431068569
-0.006371958730776071
0.0009581922402499981
0.010043675332580293
-0.019817334489155656
-0.011929267291210315
-0.015177400865079826
-0.02282579721930248
-0.03965509100588772
0.018922054731300226
-0.08529078881236596
0.008714046459755593
-0.00858525126648201
-0.03937234760750636
0.016008531339882573
0.006104704145598005
0.03842159488048247
0.024835850574093526
-0.0032624376342606574
-0.03093287500428077
0.017673415909299824
-0.07423231799216984
0.05548759482653829
0.035515966633688285
-0.014189487542934717
-0.02546360843672322
-0.0003978585187057042
0.007182515949923981
0.013539644294805576
0.014939013350938063
0.00016338491561164987
-0.00901134546811532
0.011010420583742329
0.006748977052295726
0.027503928657326232
0.008101151874848288
-0.00862041624156057
0.01845208953277038
-0.006461062640813727
0.03861304785435459
0.04160181079287821
0.00661325707437608
-0.0009713264321738294
-0.014631149565228804
-0.038718122332223416
0.002108373101467504
0.029822148606713877
-0.01167407904368045
0.003694710906170893
0.022260604064193838
0.05281643647512742
0.027487093040404278
0.030161527533176736
0.03134804971570832
-0.0018876623613891513
0.009892530448093094
-0.012815421523290951
0.04887932932274702
-0.0287642785795655
0.01032542720837801
-0.013191382985686584
-0.04783647321220928
-0.0003042336502991057
-0.001945052125000414
0.0035869138840728403
-0.007576177850053611
-0.0017016960698673384
-0.004234655412716976
-0.03787526928057984
-0.027504174404563878
-0.029087563539805857
-0.0034472802122843043
-0.009518513880108038
-0.0059919474255367665
-0.015319030533341358
-0.005525335427695634
-0.007318428671787597
0.04908399815442364
-0.008508523749103013
0.013876847463161132
0.07846523624382884
0.02735248888075453
0.01639572608638187
-0.004980223062715578
-0.004344334013102124
0.046182057899087664
-0.016926587458796293
0.0040846569732841944
0.015449204878867194
0.02648466697684454
-0.12337575836031596
-0.0004942537152524194
0.010780434772867113
-0.015089348001781735
0.030131834407553824
0.00796876524989655
0.017062842706599756
0.0053661810488729485
-0.003205433540468546
-0.028027759467421497
-0.006478092366527183
0.00027450985668202516
-0.011260247838831882
0.009915417522952897
-0.004671112892324173
-0.017485447742493682
0.0055670189436236635
0.018782821381026188
-0.01715064751560262
-0.010992177281775529
-0.02300831380667082
-0.06739040539970789
0.01063203297888943
0.08441725348590917
-0.03534269839051272
0.007379583207471802
0.005192219364453453
-0.009952216245048903
-0.009499280977871715
0.013870501506818428
-0.013727662872029131
0.020659761038544503
-0.0007789589434147261
-0.028921760637166553
0.0009845464861294503
-0.012687716276278009
-0.028814513089087467
0.010999834447071373
0.06187339294810631
0.023865315936112522
0.017580677239973197
-0.010027447804947298
0.03143640644990494
-0.01967895891149635
0.006232933380971039
0.09185058155146317
0.004261600689923742
0.01357990799002875
0.013106485813978356
-0.005548922766962834
-0.009272093965858534
-0.018441802835538527
0.009990943375741064
0.0056994050486728395
0.004939079411777908
0.0011701966543667419
-0.012541541290940783
-0.015507622580045927
-0.03159924621295599
0.019047248805459396
-0.02077363559526614
-0.03879161287912555
-0.013017678820916982
-0.0038681481773180063
-0.013534236435261587
-0.010990095142279303
0.039967272326928566
-0.0026152452467668934
-0.009487358341466018
-0.03566003858757408
-0.00961686203610237
-0.00687738926460497
-0.0410761238636725
-0.009971440938306732
0.018793774333156887
-0.006760145867067294
0.028149361000337297
0.043657857880802946
0.0028303704450543133
0.0169042580339046
0.005118785039992848
-0.003581568758389668
0.004071064381161576
0.026299016925724866
0.013185345280083909
0.04364739147353684
0.010309143724289285
0.0199721561768144
-0.018980078565993458
-0.042791667352188034
-0.007388283149265848
-0.012392458913293741
-0.04139970235415961
0.039864616591331635
-0.0003267234594527963
-0.018038467266453407
-0.008629216895654412
-0.0063159268752623855
0.024552851396773087
0.08051030739874925
0.020353775164426727
-0.01840977249038451
-0.0017200692308111895
-0.048926223737632106
0.03219523304003581
0.0013017860130027424
0.020410501209657074
-0.04286237440026384
0.03421196556803795
-0.024809854768205096
0.001218718519892484
0.07184176242638676
-0.0229558215337124
-0.0007905474398397028
0.009074025933321897
-0.08691964219141336
-0.051173638119886594
0.039993688877944494
0.05559229875515296
0.02844341193035785
-0.0224854114449048
-0.032904211007152954
0.004051940529586254
-0.012462621867185046
-0.024021256635339328
-0.006476769057105639
-0.014592293454660827
0.015952507935928634
0.019869433491371546
-0.035699252597503936
0.004381952114558652
0.03296827976271501
0.009965797798773253
0.0004292564643185584
-0.013317861168652356
-0.01678466848445113
-0.0015474780058544987
0.04645863435107385
0.0017127983414019926
0.06394425268255603
0.006146609141731986
-0.007264297573371024
0.0022711311810751787
-0.020086212439175865
0.020920025678144653
-0.05660547232682678
0.049117209729139674
0.00870782393880785
0.013661519975156272
-0.013127305970025089
-0.009168157210983505
-0.011731567591604444
0.015452264046066023
0.025945769511250768
-0.007580524969277644
0.017169790822065135
0.0142792984348053
0.006551862536123567
0.01188747961385751
-0.019447409149573932
0.019929141441937186
0.005713427110956858
0.022196887559852593
-0.0015524507908837948
-0.036234948442635105
-0.037260534524869916
0.010331845390143129
-0.006271356594733642
0.006644638560868845
0.04387378332444621
0.003117385678632828
0.023920854010131515
0.00419084549861736
-0.02458711604568931
0.015064840604584918
-0.0005367564103747886
0.06076495572206724
0.005120320560303336
-0.013640808185129128
0.013649770221894324
0.00604969790398923
-0.045665705208345855
0.005450207711852001
0.022028264668763974
-0.07321972493531234
-0.05198151878221689
-0.007180110768916455
0.025947225126167584
0.003028389992578333
0.011188877292114225
-0.04085747879554476
-0.032907024586327625
-0.04500180179040379
0.009386834089572738
-0.004336692963330472
-0.016545970646799482
0.05891407719397775
0.018059332247174334
0.0013827975347303688
-0.01009870699297039
-0.005978170143508817
0.0177043157846942
0.03026221387951856
-0.011188693405291394
0.005547660027748063
0.03850131682565193
0.0029543401139391218
-0.014292764496301387
0.0007639434761731432
-0.020685174638701093
-0.0010605022489852637
0.004427731499494134
0.023960216825658617
-0.027577781791287618
0.0328242456754905
0.009895207021690099
-0.010891709505279198
-0.004051681343906895
-0.026476273398023047
0.010203063949546445
0.01628383730228112
-0.007910299661659823
0.010481486338297857
0.01221675068803542
0.04082094761036197
-0.019994050599859328
-0.014728131932463048
-0.004106620466191771
0.010374157258350773
-0.004551569880276635
0.06857134828278169
0.018646426724505383
0.0751382657446856
0.0007026289231487575
-0.010358109113705759
-0.011338392592536467
-0.006563896925855807
0.025765989160804317
0.001869797513788964
0.005975443497188141
-0.007467452794645849
0.014395206590220451
0.016940152944188804
-0.03383481069389689
-0.006673684824425283
-0.011461853353506881
-0.059429772497015615
-0.007928168231704386
-0.006007374267790897
0.0128018845486266
-0.0657014079624953
-0.014656148726385577
0.006896557495531798
-0.002284770701760029
-0.02823891735661243
-0.01190747986918126
0.011847318679837482
-0.020707486773656192
-0.013123776267203275
0.004772347226936137
0.005607299733059546
0.0005077320751863481
-0.009625979804824603
-0.015753850705005935
-0.08400903214939588
0.0028326226847626445
-2.476992460694352e-05
-0.02036394625627621
-0.01632282438700663
0.009359151887082334
-0.005000109370181036
-0.014852954934383353
0.025955426659648822
-0.009187174948461696
0.024659657142535336
0.012269930883355725
-0.018814748951145818
0.009987022567798017
0.02034714731766305
-0.012300763239541638
-0.007902439224362139
-0.0939534233353839
0.0032774794111396946
-0.028520563071703132
-0.0311142434718698
-0.03231148162372713
0.010966788761597073
0.010670908204714188
-0.0741102226087265
-0.02534110473863667
0.01064837714570297
0.03913654784134326
-0.0046829057276833235
0.010504697883303367
-0.010114642143806672
0.03102468746788974
0.007984160762152692
0.00829653948680875
0.0022577351380807524
-0.05915616306514627
-0.0190639051526059
0.02250430489491722
-0.010244411135257122
-0.009039847567810197
0.000609726770281548
-0.037184540387949064
0.013015892046496896
-0.024130125713590585
0.0028141868407046506
-0.04066264970525273
0.0054195777780621825
-0.01569734102750256
-0.007461827695131636
-0.03558688867594368
-0.0009292049316255232
-0.004003558915645471
0.0050660076219741735
-0.07388862238272463
-0.04663362897055762
-0.018439099036537746
-0.01446183361118471
-0.006317162027623875
-0.016979650253145136
-0.010122902539531492
-0.07499485688655709
-0.03165311832879807
-0.030939630614557085
-0.013771158978613205
0.016991990310098518
0.006428999713876143
-0.001906624719993298
0.04292335016404784
0.009458619078126002
0.007567556817790489
-0.09047549017849922
0.018577723388587715
0.019117508912269345
-0.00656187444504795
0.013319967761953586
-0.01860919229481053
0.0022355578822763175
0.015240957119633698
-0.02489434253964822
0.0982800360310653
0.0013693217998553624
-0.006446197570697318
0.0533944027797466
-0.049789845850006516
-0.01217679706533376
-0.03815616245493215
-0.009421124423717816
-0.012728565083966158
0.000580051151798723
-0.008669310310667066
0.09719610947085969
-0.021395371993382664
-0.045743776897686696
0.015958210597727694
0.001667469182466971
-0.017363671029975207
-0.017887305231641688
0.0349383654211133
0.05696518371484005
-0.001150439084091948
-0.0049930957391600235
-0.09059152966174544
0.027311322735422302
0.0626564883520872
-0.09815025744493847
-0.022705302906247705
-0.006048725428170448
0.00879250177048828
-0.013224728299410161
-0.008621752493244095
0.022257546860670697
0.0576629454109243
-0.013626827386301613
0.014082849411286432
0.011833530490388808
0.020216140732321156
0.00935485966925883
-0.0001270049280676138
0.06343944323451511
-0.05905133522459215
-0.0640051909375204
0.0015173081528679574
0.0399323042022633
-0.01097801286700981
0.004879395781042102
-0.013128282825345942
0.016250304752725656
0.000506979361651362
0.005078427940218963
0.03474384938593762
0.014118087467631268
-0.04775383150135673
-0.019776318371558285
-0.04309879472114186
0.044251512972283934
0.0038546490235406693
-0.020634288996812092
0.0014479625365881872
0.022367476666766244
0.040484625659240145
0.008285571000942604
-0.0031825845831341374
-0.025893931433934925
-0.013618218602402785
0.011449421496519096
-0.008887021527002631
0.08996998916138085
-0.0012573459155712674
-0.025276054413771
-0.03137937234305215
-0.01601175026667308
-0.01029123071435659
0.019393319035878397
0.011648097612741718
-0.0037921876207577857
0.010484711002142722
0.02205645893454362
-0.007689163005915998
-0.026169839576486296
0.0263725699634268
0.03874770236093386
0.012790076272125049
-0.016447783964873834
-0.03360862355014863
0.05581113903989176
0.009474106449126161
-0.005949596463561689
0.02428805141428368
0.014855506474971523
-0.027299691491029305
-0.03152131315771346
0.027746159119419165
-0.011744313397058862
-0.019274752682030348
-0.025092432671133303
0.0049789560683215295
-0.015160320815649367
0.05441459062773092
0.021392353010306
0.023094416843922116
-0.024419180321300155
-0.007532865367359181
0.00955485355277958
-0.02357454478523764
-0.004062667333830971
0.020006981584903064
-0.009858478665716642
-0.01349499618492881
0.01596122548327662
-0.02850616968421789
0.05970117621401128
-0.0051462209783857535
-0.0065861206187689475
-0.004138223655726365
-0.014576394186074253
0.018311648251827305
0.03126205571249364
-0.0016802539658903014
-0.0019476383770067472
-0.03563148986079185
0.009839771037949547
-0.004062227414893744
-0.0010813697402106755
0.0051673562084226105
0.011845580361498022
0.014796361377257082
0.02755594529386498
-0.04068185354696301
0.006917164125697056
0.04515933395302755
0.02726193616673028
0.020654814698523326
0.04922947791365897
-0.01321432674394353
0.002092558165225095
0.02369708636049598
0.0032785229184969684
-0.003233588395038685
0.0036852991376518573
-0.008577716788902323
-0.02716567027607931
-0.003295380258169735
-0.012628187841789824
-0.0739011710374667
0.07119029832362805
-0.016398810501123233
0.10154707976507277
0.16022891991149021
0.028726669350188565
-0.008065636908526918
0.05758149006827051
-0.02740897788425306
-0.011754939029656845
0.0001338522055298098
0.0072620825038790795
-0.021560349770588683
0.006985141970392909
0.03153613433043052
-0.00623231655249085
0.0018767041900322981
0.02797161306421501
-0.0037755592514757286
0.01313996018441901
0.06273216524219734
0.010909367452431488
-0.002616255532702675
-0.04961811407737089
-0.007397250836275695
0.016821077627626333
-0.00361272524487562
-0.009406612023869549
0.009550764359348433
-0.0019648696229146055
0.016977584708403933
-0.0016705969672864537
0.0046637962383532855
0.028136600050807682
-0.0019075459215125176
-0.02495540754107832
-0.05216496151264768
-0.011569450441296135
-0.028063020011931134
-0.0035785031297157427
-0.0006945337670099766
-0.013519963260568608
0.02074299629257422
0.022715475979618597
-0.030939688664171468
-0.001386491113699443
-0.0020349867316922154
0.02380984027515244
-0.035222059457619505
-0.009860398231849562
0.017049156845009072
0.013319183156704079
-0.03370589412731356
0.022010469501910428
0.0029244526099234526
-0.01673857515345751
0.021229272623648786
-0.022512196562248826
-0.06599741939919226
-0.02949466524125979
-0.0363825666903729
-0.009787315361855984
0.0014540543454020767
0.057827077476440156
0.01789003991462433
-0.01404685299382349
0.03225395077177913
0.04659794928656975
-0.0033587940236458587
-0.006067898351163611
0.02963453199213092
-0.015456488228329412
-0.0015938264898025737
-0.025142063078759977
0.04154176975098563
-0.005203806950739651
-0.025151967785499506
-0.028635072752325717
0.050868943764329204
0.004742844210448886
-0.053392391640865663
-0.009452761896916977
0.010478586873319033
-0.024671961943010662
0.025624881004399597
0.003861180823830824
-0.0035801876389721355
0.012303129446529677
-0.012095368131204924
-0.030851439894843655
-0.01514189959433319
0.0290586056824586
0.07913815528981397
0.01888056401725917
0.009534087261208211
-0.012438885058805227
-0.01568514388239358
0.04937919726985675
-0.01774070911485762
-0.009052424854074368
0.019293196713145846
-0.06607138839189404
0.027218632846565786
0.055859324600553574
-0.046879757255257955
0.0045243565860013345
0.07988965746885371
-0.007581318518740926
-0.02274243255445697
-0.008164848865968934
-0.0234284195103109
0.019472936205863968
-0.015431121399253882
0.02693611149174515
0.09176162324069342
0.0016794697890849914
0.000598986866791593
-0.012006754178061959
-0.014641636146173713
-0.06358893757623603
-0.02864465648392071
-0.0074497651587172005
-0.009899072906287871
-0.0056141665214100266
0.09148207486776673
-0.034958088751488675
0.004697913014736944
-0.02495843787969897
-0.006557262831891463
0.03744648056931268
0.022736371453713725
-0.0013802510358117354
-0.00544072438312889
-0.022837877097872723
0.007618789718506611
-0.016773331280827992
0.002086877537212529
0.0051827844893038095
0.0018030961863717062
0.003646183501850202
-0.023088843331390014
-0.007805600797487374
-0.006193965245578427
0.01790158555773085
-0.03302361867769972
0.02396340571352767
0.011522899150817783
0.0011335268156576193
-0.00886504685343859
0.03413757959313598
0.033828574511581125
0.0016904418520540105
6.063517047308986e-06
0.004933432146296659
-0.027237053618683355
0.01610328686676809
0.06551619480732646
0.0014673196410877375
0.04642873343546048
-0.0031943661730201296
0.0011801217506729003
0.031011827289365555
-0.11581048967457504
0.02060449712373435
0.006898615857653545
-0.03935218925544278
-0.05587830233374251
0.017672153246029783
-0.017060677943541557
-0.009626282872488727
0.010336794104761644
0.013520293692886601
-0.006165679126936508
0.0003115455892600374
0.008864880833319844
0.004328400129034227
0.029177144785109105
-0.011628990594690516
0.03202720049887066
-0.008028906941042059
-0.021296859217215802
0.0560911424680317
-0.01618635631190955
0.0011417307910569561
-0.014311556662533685
-0.04392696323381469
0.019331949964664148
-0.01221003736298303
-0.01760424672935885
-0.0027381073808720544
-0.021644454769674817
0.003526786064951045
-0.004615213408781403
-0.005274164103702267
-0.016234413302840197
-0.034914536486555306
-0.01731791022430552
-0.027285949986206322
-0.014450407827924339
-0.025930384744197045
0.002802176838913316
-0.03379675419829595
-0.006218898732172996
0.0019097175731481954
-0.019837778249201743
-0.005565767644605247
-0.021531715306396366
0.016699256056375855
0.013274945770686716
0.028972231784276915
0.010611972250490808
0.014319122255284375
0.01130867292361828
0.011606532902201957
-0.022234561129961326
0.0029592084647178532
-0.02717139972398237
0.03510095569167415
0.002253786690334721
-0.006626190349019787
-0.013887133053000393
-0.024815774089841813
0.018571095447236535
0.006218379907886874
-0.035262078414041866
-0.008894533586632662
0.0036940977698237624
0.020027532715730514
-0.07738655999094136
-0.0025240761209342592
0.004665440711074084
-0.05646884071259503
-0.00026792967636353894
0.008684208209180642
0.005711494699320262
-0.03926044189791293
-0.03003161830909008
0.005530214134747304
-0.003984658642597177
0.005645512730700661
-0.0029436014387271
-0.024076106795295215
-0.0260871112532658
0.011813335978676471
0.017575307877692344
0.02409345012261003
0.014075408166620307
0.008388716649738606
-0.037721805440018616
0.0020186084198674636
-0.017339056362505267
0.05496190862116315
0.029414287292485592
0.0008855458928865714
-0.02398615575741696
0.0046755459471419
0.029521870503556508
-0.030594889220531007
-0.03344359265723386
0.08401954038610264
-0.05332712503313938
0.01299192549451811
-0.009134005827618962
0.029900677610882012
0.041938710875727286
0.04833596631001644
0.037736840189006075
-0.019735271730002973
0.012432317832693112
-0.032911939112666606
-0.000968665124327031
0.0283549007132696
0.0069359930003060075
-0.006079865526485112
-0.006519667637400328
0.05280057637335847
0.007910968174793252
-0.0320341564044319
0.022043198553419394
0.009952577122600453
-0.00824983099358953
0.00029592494296699077
-0.008325873440899174
-0.004667009938852543
0.023555141709580788
-0.01801635919651427
-0.02710157251661425
-0.07691493822157032
-0.0099517417249456
-0.013990341560815165
0.014658324271004646
0.01124223821810917
-0.019885654701006186
-0.0027811410389650694
0.030482651023901557
-0.014802720738982688
0.018951226834877315
-0.02135391470342525
-0.032504450747595275
1.2439193737560205e-05
0.04189048849178715
0.04180169492854024
-0.036988607029042025
-0.016266813755467215
0.008679015523590704
0.006868585251523493
0.02173648715179246
-0.020663424046657296
0.0003446155179773547
0.050322287561238285
0.021276370236590503
-0.0013641106420945496
-0.04246932059296661
0.06933686568905152
0.03695653982862163
-0.08306574808008173
0.0016053198684665149
-0.023423762890332395
-0.003532629805029896
-0.047157731576775185
-0.005226462992751952
-0.0011020377058095403
-0.09424511325753747
0.05038990227423248
0.0066896978900470175
0.04321403058750587
-0.15138379531524432
0.007082070028857631
-0.031827780001801025
-0.015937464037134273
-0.032265433051642575
0.019612593460175506
0.011187289947285625
0.01448641171649937
-0.0054434527074661695
0.003962046489798356
-0.016616174880581983
-0.003454446589507422
0.006860764024536898
-0.01201132091367186
-0.004127433240286167
0.008435338371353027
0.018495518495555724
0.005684808625146258
-0.002831065930790803
0.04373989205374114
-0.12442276960985496
-0.003993158434369608
-0.014071764965925828
-0.011452558266155656
-0.014395892252156069
-0.004966480996103685
0.017487596521904812
0.01916782894578952
-0.0024690731432741265
-0.01878767832645163
0.04116007701468512
-0.01327264819641306
0.019166864495531694
0.004893884148114381
0.018125839431809825
-0.0008739190684551999
0.03607370490274907
-0.03171965063507594
0.025428724277668523
-0.0221960237799447
0.01658717727571709
-0.015074932131332631
-0.028425951001258835
-0.025815881155881296
-0.024149202523675008
-0.011818659078785316
-0.020217644385612635
0.019411681105729738
0.0023182521966035453
0.00526958142610414
0.0177995768729909
-0.0112719930651606
-0.00957091463403482
0.00733861844458456
0.008409670895120519
-0.004454920851053887
0.007386703052989088
-0.024729579546056348
0.008621818087536585
-0.005128710107600573
-0.02198764672825418
-0.03619403593401014
-0.007114868699351702
-0.019161223175284216
-0.016261825168884747
-0.06452959404174363
0.024614482908079795
0.05075580784215768
-0.007480320257959038
-0.0007772213360025688
0.09474659291019497
0.016086682250886702
0.016904306357342753
-0.014619310843788067
-0.01879126473093893
-0.009730812594953583
-0.006596837059547126
0.02110973392321277
0.012696276814739867
0.008466992967051246
-0.04995361585096517
0.03599451924490722
0.01596714638192376
-0.018522302186666624
0.013712783452466596
-0.004911339415799027
-0.0008248200906201418
-0.004951592736459854
-0.03027320952056494
0.021527649459430125
0.008070927742440587
0.021937692153547187
0.011146622281518455
0.006841793519765949
-0.02756614589108325
0.013662342136017627
-0.007222101133644866
0.015534583086368015
6.361525276644897e-05
0.02712808438013638
-0.0242737957182725
-0.02011636615363549
0.05521739591433486
-0.021804530459601897
-0.010350506970728753
0.01293822488283055
0.00045066852735375397
-0.02217420218452762
0.004605568045063236
-0.00835274835431717
-0.0008824590693426198
-0.00017050607099342374
-0.03472761650558608
0.008967756251776296
-0.010310950146719603
0.006703218809920665
-0.00803621766018812
-0.00742092223147703
0.009285972607746395
-0.0034454054026354336
-0.023188803713587645
0.018468145313335203
0.022229703189820725
0.02725589160769239
-0.024473590437842693
0.0028122938711104732
0.022705498236774667
-0.003569457698247301
0.004357841521648983
0.007405818510504179
0.02042396269584483
-0.006831419595486056
0.012390873007552209
-0.007630239087380778
0.014282758984347969
0.004039109129582076
0.030904533769478756
0.07315942956339815
0.028423951662294607
0.015592457897777195
-0.012411174925148412
-0.05952182737091463
-0.004120256165602591
0.015031581602384046
0.00323660057146796
0.015217682514381803
-0.010312555547134655
-0.01548677733890924
