0.015317330023037493
0.014547383884924941
-0.014087663116010484
0.03778660777103169
0.015470346553961662
-0.0031370190170298346
0.02003142741769887
-0.008971142665911301
0.009806268244887156
-0.009553027757105707
0.0530413825726203
0.024553655780922837
-0.0014846439764275123
-0.004062043843967653
-0.04178810804027016
-0.03413935732467089
-0.03744244795574633
0.0018149706974704752
-0.06110468811670605
0.010833587179143435
-0.009168473044034474
-0.0335535349335383
0.002961522557355468
-0.019685854254250377
-0.023295647990980613
-0.007448709152111827
-0.029695775759729516
0.004029554555613027
-0.016509614870790997
0.013173210809431795
-0.033244156888922204
0.00033014693402524226
-0.009184908171078527
-0.026654724885433446
-0.030919190315624807
0.01811579869962379
0.010737534031475173
0.03271014674660074
0.02053142694898776
0.01667480370357055
0.04027406318873256
-0.0015571568005960889
0.028086343386222002
-0.034594673794224914
0.004649104610940435
-0.022056053604515666
0.003564326758335902
0.04223958784641373
-0.03924101277981425
0.015383779443434706
-0.032854430637317425
-0.005328115511238575
0.0791910485774253
-0.008738973765961625
-0.02882151736604241
0.006742787642267137
-0.004848694818303379
-0.008269479264112272
0.033522566615937444
-0.0027437502484114755
-0.020156605713390056
-0.03685788684627439
-0.006538344409915046
-0.02168376715038979
-0.035231398260391525
-0.022572254452520767
-0.004467648649429623
0.04449764897222695
-0.015733296903027882
0.010315399435835726
0.0384188514773137
0.05020930606633137
0.0023810316436552385
0.009097026024094079
-0.008523175119643473
0.002988765812147954
-0.011511300884431523
-0.008781291161859398
-0.05705921331897402
0.003032478832699317
-0.008175742137684508
0.00352087149038072
-0.03263399590254538
-0.007651331986096643
0.0016940492140439143
-0.023498065095290434
-0.032525161259567115
0.034019146726071946
0.005469473147055598
-0.00542082013671347
0.05679007693515065
0.0059839972950022
-0.05408387294375726
0.025348202473933903
-0.0046638040207407265
-0.04722164270722081
0.010484413474744492
-0.042725462779856754
-0.028703797226937597
-0.02022132009653789
0.0032891075184718864
-0.06687443519574636
0.003884556808507898
0.007143003198595735
0.01813903502554898
-0.021711648191694223
-0.03293677473483009
-0.025936186039593093
0.05211358061285711
-0.08027763129204547
-0.004983918235486759
-0.00176829452805704
0.02035041469105378
0.022363691706176532
0.021832177676864677
-0.0011327890592632808
0.006004044231360505
-0.03683782413077614
-0.0361123609510503
-0.0029903741430256005
-0.021261145622908793
-0.011751833914303891
0.015773898232274593
0.026680690224135325
0.00046580721004485195
0.009137481766696914
0.05597799784618382
0.020574016284454093
0.03253354260834433
-0.029637786247424896
-0.01971335347395756
0.012856351266141954
0.005578537291923904
-0.007576190715527473
-0.025189944333441964
-0.035273108183225634
0.01731263017396803
-0.002639173216482468
-0.005812905562703153
-0.015393896921001144
-0.011301780826881845
0.04843544418560798
-0.0065982656255054485
0.01739070043537066
0.0017993670344496353
-0.008892541174985629
-0.04896365877258703
0.008153024523793044
-0.02315213705737852
0.05434899359652481
0.006905214438679674
0.005268720238973193
0.005685880567678363
-0.010204033835393915
-0.025743222496047203
-0.06145548954013428
-0.014623793392917526
-0.06837832218082515
0.003965518320274416
-0.009120116526874163
0.053552919866168246
-0.02114054098553252
0.0584091141166979
-0.02025105832518837
0.0031468101143672894
0.015630894559317102
-0.000742868145629347
-0.04563872621094683
0.00648600348072432
0.008892619394078182
0.05017434328811102
-0.03701656490452432
-0.021416971077463945
0.032789630170685355
-0.02838083097948553
0.02302056894015859
-0.02594857655494302
-0.05557303225967865
-0.00489701463009358
0.028699005985642758
-0.02237877658810501
-0.011801982823173482
0.01960069829966839
0.03996690791750072
-0.005875616003424428
-0.00986364675182299
0.039731097374522246
-0.005806284513190141
-0.014956711757481601
-0.0055365296465427
0.0047111596129776
0.05199657671357834
0.003993445745762106
0.024486778669837853
0.03042620892997614
0.03494720909056472
0.003235328721572186
0.04429901953600921
0.0012269387990715172
0.03053503078011598
0.023481319973240496
-0.023915960878719982
-0.010710275060691206
0.03070684333915509
-0.02364700322842935
-0.01631961134314931
-0.009035342775847601
0.03169753205555919
0.02716383209452028
0.010423882583198332
-0.009168981669855098
-0.05683090395161175
0.0318316035396216
0.03248038095423189
0.03622303356804005
-0.05161551895143162
0.05218563499844679
-0.012144827448911774
-0.00961318812087167
-0.017678221297518993
-0.01820455454910464
0.01744130341686669
0.016497018021443453
0.0231654787045233
0.002542434380219037
0.08269351101544128
-0.00809173594977374
-0.008941200666367053
-0.03514846690348708
0.0004374761772882256
0.010718882221269217
-0.0274930370670147
0.01839496744039914
-0.01515088055921341
-0.0067663467773189
-0.005838322983792984
-0.01980444825380825
0.06169863144256025
0.003259288456222388
-0.021118397607553838
-0.006258862289848222
0.024877398807915216
0.049966907629701456
-0.026722982358701866
-0.0024331368150325985
0.010832925052550112
-0.0079321778838214
0.03534521739602004
-0.036483586175583504
0.014150513052887042
-0.048567557383152465
0.0006137944325289596
0.014280435379232606
-0.023143495596932937
-0.029840038130668007
-0.013277621404041208
0.02153231150462558
0.06165541798562502
0.0428805673354213
0.04655422662827646
0.0016536800098841272
-0.01281891868610548
0.02243669067687788
0.02900202891099961
0.007515407985363669
-0.011763616325976209
0.01274259107456908
-0.0013057653362989552
0.06626603153812356
-0.00486896029043336
0.008250205306021935
0.04453249514377144
0.02008676122221553
0.009820971448199814
-0.015762162459885314
-0.01064366107665562
0.020896238062684393
-0.01547472332303329
0.03768276990626275
-0.017171571519348217
-0.030807855400665326
-0.00038931116999409827
-0.05349093270561637
-0.004252429133167034
0.032868083034050616
-0.019776036419481287
-0.02923706504991941
0.021836614658932683
0.03589690091583035
0.03136368720695403
0.006184216134047348
0.012335925044657707
-0.028260393357038893
-0.012990630045004505
-0.0536294450772893
0.01591332204149715
0.0035627131374592704
0.03593984696603446
0.04795186175097535
0.001833819642178625
0.02552346008273812
0.009495947155373179
-0.03234030758406375
-0.03215417216296899
0.0018611857854151526
0.030367443070594337
0.0516669657831253
0.03846197458988435
0.07385331323033001
0.023092879709844475
0.014807225505608338
0.03827930971454555
0.00689464546750899
-0.014700940215398358
-0.030371647807009124
-0.013128871608094672
0.02450867594477878
-0.024747517768314443
0.01721256649666703
-0.015520922865963736
-0.008694550274481759
-0.04487974249568174
0.0493670092047761
0.039720630665119834
0.006313788757834747
-0.01046927915084393
-0.0004107220302447653
0.012741136685448181
-0.016039557364378874
-0.02548202475107646
-0.016105319709087927
0.016139548722934365
7.349799041251901e-05
-0.01226179422113981
-0.017313517163094715
-0.008433135066772544
0.014440688808865645
0.025044195135191672
-7.395929144006497e-05
-0.010408799016261011
-0.006877388691794912
-0.05411464298518014
0.02282356574679151
-0.029637768413549787
-0.033377926548924915
0.029305792913556908
0.030417788244576544
0.034620912576944454
-0.07125791440994765
0.05378182570409836
0.028682919064590716
0.03814196900282763
0.04466333643274369
0.019410336825985003
0.020354989859931442
0.025061920621002175
0.02320757174421846
0.0007058671506600109
-0.007279360687741332
-0.013079906167379543
-0.005772420879182175
-0.006034752645406722
0.01845813885148744
-0.016523756858113043
0.0056952752648687585
0.06418969905124332
0.02912328975374094
0.01793192148526007
0.0007049083277236068
-0.022163579396526505
0.006727223095238034
-0.00979558230127637
0.01056077638665676
0.02039434949670114
-0.04322191849889368
-0.016152282285600877
0.08988108606512626
0.0035879142009031533
0.012972504754157618
0.03485152696837604
-0.013741414193451486
0.01026553785376848
-0.0026507129462748384
-0.02308133885927955
-0.00956466306604684
-0.017852304943880834
-0.018735417000529653
0.0399780596074437
0.005221556522889322
-0.0008826220958121405
-0.018708922462018544
-0.003276505181234924
-9.696610282818158e-05
0.049824119326479774
0.018740714741973113
0.010914442897660585
-0.03230279377914037
0.011868894354107033
-0.009234192374249394
-0.03976493203371752
-0.0036937095104366256
-0.028947618618486257
0.030945892685093786
0.012473153767289108
-0.022636500274925225
0.005000362009670055
0.015514551661763031
0.059024310096534666
0.014272652729674777
0.035118180853068164
0.0007333015707563037
-0.05105762729018754
-0.006435760570517148
0.0009555617325381343
0.00939247489254413
-0.015496241066660242
0.0012979309601777035
-0.020479232308589935
-0.03340633544125144
0.03658202098952984
-0.010797274051100215
0.034663003745326035
0.00674099586502774
0.02681669518430556
0.026914193945079795
0.019322075559241245
-0.004957148449281155
0.03479520164090409
0.04423611124576418
0.0026733161475384092
0.002619705478290799
-0.0027085372773678128
-0.008100082776825668
0.03772455709130317
-0.01087345837110072
-0.02531176375308154
0.04611101345820262
-0.03835521443324647
0.01105349143020127
0.009118851950175812
0.010760281850972664
0.03008791139620996
-0.018218249862391407
0.032084855739366216
-0.027690875105106972
-0.008694542787096776
-0.06409630672984466
-0.018238526416378728
0.037168103195859205
0.04503605048208922
-0.0425871774081139
-0.01405515749272193
-0.009870499127991775
-0.08622347000422548
-0.008343075288843853
0.006031462314540333
-0.07456462814206614
0.004443085083689932
0.008588232864996147
-0.032603789975769355
-0.01865595720922879
0.043532064977115044
0.018380635522494367
-0.008648700754247651
-0.015922283270858838
-0.03578888513131607
-0.006738571755369247
-0.017924056116143398
-0.020489898829797445
-0.0020397890060059806
0.0410337140751852
-0.036934034182507146
-0.011124214697329654
0.006068307850495041
-0.02614909573031071
-0.004182445705938431
-0.02899714386747666
-0.05022733525276123
0.005377327534261721
-0.008045730901926479
0.04454286369770358
0.024718737928642032
0.015635297836620127
-0.07344938158358641
-0.04829081900947436
0.008348583377045318
-0.03503311222779673
-0.008255200012640938
-0.016589055525154384
0.011639047558167673
0.024994476743925416
0.00798937576817132
-0.004921356636670798
-0.016230787454411262
0.07290946746914477
-0.0013945107644309982
0.03461936809706913
-0.06348239906966417
0.020777094368025724
0.005180291853763952
0.008293960304023077
-0.05070015167952972
0.05477833790745805
0.026517023582937737
0.023802782246825818
0.005972176154096876
-0.023428221284215994
0.0054261633722202446
-0.03483494687121713
0.01915140657903732
0.030817883254783827
-0.03179019482035863
-0.03096640070280784
-0.029228391859236924
-0.002631570152421918
0.032394308005062836
0.03886144178618931
-0.014495241314433308
0.007226964575631699
0.06690385367962096
0.0298752843992187
-0.0013898683967957953
0.015425992100352073
-0.03261266629746551
0.000649608353593397
-0.009742283863166121
0.02574060416338851
-0.04834286879355644
0.02596920617441393
-0.0021531484761168193
0.013937790446211183
0.00971484938857291
-0.060359732164275
-0.02775334305796846
-0.010105923958687379
-0.02151772720245923
-0.019213210237348156
-0.029757862279285747
0.06559393048842116
-0.035799877499172864
-0.04140345593436214
0.02924582913123526
-0.048137051637013865
0.06800844155647054
-0.009658382882863638
0.012116588027491083
-0.03290133334256643
0.036689506984807996
-0.017293507152315563
0.06741627032249793
-0.004829536058292803
0.019760759115672363
0.0014489336326974562
-0.01909479379402127
0.008640199794009928
0.0018939558321991149
-0.010903984016270867
-0.037165545851175846
-0.010489836042860853
0.01575211366551916
0.008741837617199611
-0.029737054263669963
-0.0342915211198547
-0.015156880390437139
0.03387304791346151
0.02341870656743925
-0.0396320306919359
-0.02545453443904524
0.04258524015045746
-0.04415728313336562
-0.04553282685152756
-0.0463323435623662
0.0031820301406793074
-0.006149382990302921
-0.04334032747785748
0.014200353558528627
-0.012569904773753105
0.010013668062998027
-0.058783756950432746
0.0021540534707182347
-0.028512380280415167
0.031307291478451856
0.015082320158446207
0.026141490469431556
0.01992291001143143
0.01253241594872762
-0.016861286205552172
0.04749006401768934
0.0016858600911783268
0.00578610012217669
-0.009814580622444525
-0.007547660278320316
-0.04854698660404043
-0.03065236869091516
0.010333371093952022
-0.006783992658194249
-0.02795816152876513
-0.017287696823318644
0.0118573286284356
-0.0025554814530965907
-0.013561719720970556
0.05672983513276485
0.035199162708832436
-0.00042506639039370894
-0.020070058925311936
0.03248498408843818
-0.0082308813112658
0.0021902510891551887
-0.01384917643111384
-0.0036045520210113485
-0.06706763021271911
0.01860663443564752
-0.005220528963468564
-0.004193595848588041
0.010722773717750348
-0.017418582575537647
-0.006984079726314501
-0.037631171701259805
-0.007734444904375148
0.03780529912102886
0.019056512136608895
0.015074085347577352
-0.02196537521251559
0.011712200421471393
-0.006605046307733588
-0.005410598252692781
0.02828389661992583
-0.03272714353506586
0.027956166299777954
0.046225859213539035
0.0031493492367671828
-0.009975332005139026
0.08500784446113241
0.024118037647282473
-0.04422425152926292
-0.007786570722575451
0.018560407503538674
-0.012830673823468973
-0.01838175704384926
0.018521892851712806
0.004894404388093657
0.000990333618412223
-0.0029495062449305057
0.03881267570582365
0.05083846697665465
0.04057912642970971
0.013900722226591052
0.00039384307243236393
-0.03141921159082753
-0.06705822483632302
0.03465313321389977
0.005755378444392015
-0.021568528425824816
0.04181689567568884
0.012143340285861304
-0.010181084733908805
-0.053861150458775396
0.03408647515650496
0.025330357117069924
0.0029888570133615243
-0.010390925106293643
-0.04487024051469736
0.017195578283713337
-0.03667410317321435
0.03685234739316956
0.05758845847547138
0.009597163772851337
-0.029706899143671518
-0.03997847537716877
0.08032230185508539
-0.03320278585939415
0.010685720416941664
0.014798198371578138
0.05069674433386053
0.03144874479395638
0.013848708564456701
0.005408346917386101
0.0038362282753471523
-0.03275731896429521
0.012164933459728926
0.015169900744717177
0.03376900861530477
-0.03228685010047809
-0.011535561400182843
0.0010573101492573336
-0.014127851739001853
0.02013235140395687
-0.01433873150516759
-0.00997319588657183
0.013862505214355576
-0.020600408559670887
0.021190948806899184
-0.016853176859473358
0.013707897743329828
0.015971213578644894
-0.03334190866447899
0.02220390623521732
0.0003363430650240141
0.01923061316912262
0.029865918796039698
0.014622238341089198
0.012190775905597136
-0.013234536049418485
-0.04163135743309911
-0.01952117438787216
-0.04374932071385584
0.03478703424351265
0.010476979943586248
-0.024156941108464638
0.02289224794937281
0.01396162598981309
0.02877723080292063
-0.0007712532458321156
0.05075523540006822
-0.010380401914455568
-0.04683688222137506
-0.0005471609419362777
-0.0311521833675982
0.017100555269260673
-0.004790305622459632
-0.006756638953053356
0.008084424357585085
-0.00017533679939636042
0.014118343165018168
0.0029249910245861296
0.004099293013412272
0.08068819887024667
-0.049765618007620804
-0.024507707460034323
-0.00938407368280331
-0.021686041422317812
0.005369483806653878
0.01026013718001964
0.007242853012225552
-0.01698932075864699
0.008977594725725922
0.038861613671707436
0.004767305452834103
-0.04390121725068922
0.024299883475952747
-0.008155276712753099
-0.020191001531218545
-0.0047767239652198425
0.010508798557594054
0.019671262076766918
0.004315327336576524
0.01105917225046526
-0.020853528062353847
-0.026334133804821615
-0.017253486567287406
0.03005624229111313
-0.020639831354328144
0.015603772951503328
-0.0067570086396518585
-0.016657284845630806
0.019336932766101315
-0.009417180272825563
-0.06517112250147603
-0.059482241950472386
0.03988448048645016
-0.02994853860451871
-0.024960981251185222
0.07493415776330208
-0.03692438260946707
-0.0035654488347667953
-0.05011683499848504
-0.005775938841354005
-0.04631490477120667
-0.0007436606233712889
-0.00411715990467429
0.01283060686734041
0.026714647619322653
-0.01192573644410404
0.04050207176910782
0.06667306218835055
0.039151218829604824
-0.017720595696688927
-0.02137665010972809
0.013062277591242072
0.012991837716811097
0.029695600835614008
-0.019790244218381034
0.03570493792692765
0.00299988649292934
-0.00938903604583022
-0.01771192616082153
-0.021532235698089663
0.016132003380728073
0.003414802524582095
0.04759456527209791
0.05870753231351637
-0.027512426503932513
0.030832256936255346
-0.008942135715266784
-0.019931636871169504
0.025832706666041916
-0.023157760466828745
-0.04143824004051277
8.539422448012966e-05
0.010996523575552987
-0.005772503500546823
0.007159200311738958
0.010156759967657615
0.015970562433727513
0.018467886281935634
-0.019074187132924306
-0.015385101426182955
-0.03245674809754968
-0.021223636943840826
-0.038870828035778945
-0.00804972350410329
0.05482621828389515
-0.012241970744670828
0.014069348517855601
0.0028681315031236906
0.008877583300287043
-0.038162090994749515
0.02589531288214227
0.018697653149017456
-0.0001866505487027879
0.028921913596290264
-0.032733194508537816
0.0015926818131547752
-0.022288891624676593
0.008991968050971534
0.01263726399166077
0.04349170040803751
-0.014721731528058543
0.010402547065194999
0.04171092936763805
0.012118915987158117
-0.005063856856490064
-0.010089058832954377
-0.02847355063241995
0.03267904983078877
0.0013648581183274427
-0.01111682891855847
0.007768055920865801
0.008166141253311767
-0.007080409477031856
-0.05027105771544516
0.05657241508776299
-0.05329368506667611
0.02701592709855399
0.026816665080314047
-0.008397044129668598
0.028432325263246537
0.02194672778366964
-0.03885499801874144
-0.006522434642927565
-0.007665202998424354
0.024342788876237406
0.0825086649080107
-0.004120324760733351
0.003871274036083903
0.03172156214050077
0.03762465826014884
-0.008008131311359858
0.02248329568865764
-0.044841816183918234
0.015172961259402446
0.01927687135059714
-0.062370410385223424
-0.008904207970385169
-0.015039509138960303
-0.09259098692111696
0.004046906032749524
0.0163993522561093
-0.003949544669581692
0.020942687364350385
-0.03725934652890114
-0.013240822145212992
0.012189279375085835
-0.010218937198942417
0.016042581699137803
-0.00269184959890188
-0.009199265337273138
0.00649689723655388
0.003224629191321847
-0.008667882549905916
0.0007933291721917944
-0.05842536517632677
0.04042804141683318
-0.05951445094244973
0.021232900575432655
-0.011278344724366784
-0.03430976523621772
-0.06824336893070482
-0.014481573486219226
0.018434755614380457
-0.013017526062122368
0.0324778033106517
-0.01457273703559702
0.0019759972968439185
0.041436968582684655
-0.02542483820287545
-0.0064764618600256585
-0.033350900012366985
-0.03950910334681461
0.014702986189764513
-0.03497570183689704
0.032316574162117834
0.023710428726117283
-0.01443564297075891
0.007725179961439116
-0.040438204032262004
-0.03500513426747592
-0.02616025261364684
0.04637279112747933
0.0061522941429741134
0.01202137772213785
0.020999352176333405
0.02989457170943203
-0.00619411509266986
-0.01487460517409977
0.04127870791221498
-0.012167598776939202
-0.03508488192907982
-0.029523983904722224
0.0020608772404125267
-0.011243087314625774
0.010243483301357494
0.013296816215355903
0.009323660683108392
-0.005740275393016546
0.01841708697270907
0.05418919658990169
0.04089342262535949
0.010823158118790694
0.0018952975347859913
0.043473566004559816
-0.016408977406297685
0.03130147452968482
-0.03763519842670314
-0.03275882936832653
-0.005502249870377366
-0.008196361771174148
0.012834927988837399
-0.017704230477151466
0.004408098474214144
-0.02182239265909609
0.028827808089760196
-0.06968975295904037
0.006095057559197144
0.025278485633828496
0.01504577684980642
0.004416653881802753
0.010300661364826255
-0.04297307022534866
-0.002737563475085043
0.03749613520895088
0.030904412465703357
0.022221097426542994
-0.07689113499373275
0.03704033532782656
0.005556470522663348
-0.007647907348995196
0.005867079453582334
-0.008239056051716452
0.008931640346564768
0.02923155236363774
0.014560167913547336
-0.02361430889278681
-0.03519279092162426
0.019837655207551486
0.0389162164257476
0.06600956693089714
0.00034174955032014137
0.05517610288195101
-0.0019252815981275879
-0.06673495820890826
0.0012112618097885894
-0.045358256123252255
-0.02340473541375075
0.0051945893792379174
-0.0027592783581450423
-0.01475205207625781
0.008460450425771046
0.007900767072681695
0.012164297343782595
0.0004606398095719808
-0.0019911062395051864
-0.0073907713715479755
0.08026736977503598
-0.01225380670139744
-0.015202182140126395
-0.03761104171024291
0.014549233037104833
0.025276899367740073
-0.0077635475614471735
0.012402815148469463
-0.02228791879665348
-3.7658281157808316e-05
-0.010782250759458463
0.01074315778048544
0.04519356789826246
-0.0168722432188728
0.004575065259147371
-0.08008504087010512
-0.0020456315227939453
-0.0012361377748260627
-0.016991163015074754
0.0031421514794840975
-0.028582592422901988
-0.025773368969247295
0.004861716450305896
-0.053234413726525584
-0.03031694274648608
-0.014460712743662825
-0.00934062863115476
0.0015006071807024787
0.06766660929666116
-0.008846792967794483
0.020895184509381593
-0.007690237797282557
-0.007180383114684692
0.008412129142028355
-0.026093404756833374
0.007110567755081756
0.009914494468443896
0.052025169810764264
0.00968784802590285
-0.052098942313704426
-0.01700855851518235
-0.04297640115065899
0.013646519548709195
-0.016732858938563105
-0.023818112874711687
0.009899325941548432
-0.019159292159673134
0.002452393476286908
0.0005648455212905018
-0.0010030160571839098
-0.023981329755996914
0.020031379103158053
-0.02595001576589975
-0.013997843044100887
0.05314002565176538
-0.005063710994927521
-0.022588534062792095
0.05422510487237047
0.005200278918653359
0.02267736561168147
0.02139077908610823
0.05299669133311714
0.03306176255695454
-0.009277449057937832
0.0325909449004727
0.0060266531698588794
-0.05018146980170845
0.008320116231022258
0.003737379960183705
0.007776329716106085
-0.002844504695993878
-0.007117345729187327
0.021030719331199398
-0.006181041775631608
-0.05204791561519737
-0.00014053800426834173
-0.05105686891433593
-0.04524872835910481
0.022949164021149528
0.01648331079390559
0.042382545817362983
-0.01716487226424313
-0.03898097921883957
-0.0007633685352674539
0.010007452600420609
-0.048177858916605525
-0.00834097743757593
0.018802464411085712
-0.04058453012620216
-0.053081943875632864
-0.037470746490952236
0.042928799000808524
0.01428555484277304
0.003224660070411521
0.05009995839070686
0.015000130058608414
-0.044510529946647566
-0.01154612501876535
-0.057395481187608205
0.027501671174553086
0.04173910667900336
-0.040558680977741804
-0.013796610770253289
-0.012069190996430479
-0.0068421507270236635
-0.006299047312665465
0.03486875793180709
0.06059999445103534
-0.005235586397821675
0.016935275800980292
-0.010878074365119993
-0.009917855472016752
0.029408858145129526
0.018921667884686903
-0.0075692953133783495
0.019098812158379285
-0.04178245930950668
-0.03802772960362093
0.03971541829665574
0.003879795477604957
0.08300258863117106
0.02345968911913017
-0.003989420419775326
0.010072038337880855
0.024918945371417662
0.021492760077190698
0.03608123750004535
-0.03062547854448946
0.003530311064887297
-0.03545672356652179
0.04831201065033713
-0.05922040599112798
0.025514224192946886
0.003885116855557365
-0.017143379136668656
0.07115353643131166
-0.061628663510702696
0.009044135402595832
-0.01086024909994122
0.027119974673028516
0.04499019549238424
-0.019800470100093035
0.007400289316141387
0.037814094648269125
-0.05895953440105198
0.018355634848559604
-0.026240797697593497
0.009641130825231279
-0.036728210169382186
-0.0026518810854225887
0.01207594213321792
0.05714827497546378
-0.03859729963795455
0.041607881199035364
0.007667346860985847
-0.00023883045000197694
-0.0317954853833828
-0.009452241529364446
0.016429132733444013
-0.008553801576126814
-0.029268553558758473
0.029123560381373786
0.009145064466861844
0.01584589884704991
-0.033716719968225395
0.005783151433630283
0.030965194696359014
0.010120009830484993
-0.033737501113266614
-0.04031232069270011
0.012335255282870597
0.03437016465359705
0.00452233270653108
0.02351609101375782
-0.040962209832653626
0.022181883121590886
0.022906709351472987
-0.04750545960650565
0.04129407305993828
-0.02027572155233654
-0.004731146239704735
0.006337092793719938
-0.009829801390278831
-0.05247603608535643
-0.02038817168600604
-0.01084693010193028
0.004348368791246564
-0.0341207105415442
0.01208915635246649
-0.03135024399363249
-0.021683162454011754
-0.016063608824556427
-0.008474794526901188
0.02083788088803803
0.01596919979467288
0.00881259459201424
0.0069684019192854385
0.01981532044442674
-0.019956836631792638
0.01992286547036923
0.02077902015136934
-0.032014468713250914
0.012756023557617315
-0.01710954848581347
-0.049678572559935005
-0.06057699146052307
-0.014529966803270341
-0.0116412615374922
0.051651291274243
0.03897108245951082
-0.007161725318319519
-0.04138772317375071
-0.0032098355288881207
0.018755057089958074
-0.009920209335570257
0.030257376102852455
0.004219206209911876
-0.022016783701627594
0.01358359696714157
-0.03005284865212229
0.00578931148105212
