-0.014788779956108066
0.00026582834010180486
-0.03686978495968179
0.01683619008533821
-0.00910131061817741
0.02441517989062695
0.0020424892049624803
-0.039953523393208075
0.037312023900646536
0.006458768752159561
-0.065483790669654
0.03582878370145695
-0.04028717040711883
0.0046002163992318115
-0.0017000543719791264
-0.00012493512016848157
0.010457663079973156
-0.002855170612064212
-0.020176821119754898
0.05299613900736505
-0.03375209050289413
-0.0009697219724712317
-0.002681820790212081
0.013593180837606527
-0.015496806306910567
0.0016857102720168997
0.06465316589819896
0.031242134166271373
0.0037671620382245916
-0.053348963062043175
-0.01641975802754469
-0.0072966202377973905
-0.026651610391149636
-0.006119512273491235
-0.01814658718489938
-0.03420872432032365
0.005232451154762683
-0.0032138392469726732
0.020735543235327964
-0.039541356531515505
-0.021519946869033676
-0.019672384046270263
0.047480630780213876
0.010260600393162001
-0.0130960161606652
-0.010019803009317357
0.04651706590955639
-0.010325105169177354
-0.028485667577198035
-0.039137714315424524
-0.01783994408171675
0.027480159813641915
0.0083375527219238
-0.003214311037692227
0.03429544015783907
0.03338296233009597
0.042570513707038536
-0.032131054157196234
0.02563233246988391
0.011656504260226453
0.004834953615320883
-0.045863414951687095
-0.03900070893460603
0.023833448526991746
-0.004097806783180955
-0.0538545947045571
-0.007488532664885895
-0.014779338580335016
0.004154722396883771
-0.017575196019533654
-0.05366375388125305
0.026478551895914477
0.017554372141291852
0.020823492624653887
-0.023335917166060562
-0.01505966777305236
0.035055137062620444
3.4140783861163304e-05
0.013784018419770857
-0.013566646375706674
0.008584093770716662
0.0331184088567632
-0.031945344792617986
-0.028024314444083688
0.01755979633343563
-0.018393969239265225
-0.016652785172992252
-0.016714898331533508
0.02133890638461227
0.030594721340238308
-0.05127994401872505
0.06625532991054514
0.009247844707273706
-0.02249874504888874
-0.01283876889848659
0.02884712358080017
0.04121627896790889
-0.009172117298995024
-0.05691102421042355
-0.023486410479390957
0.0071246313479634464
-0.010314903845721736
0.004974480567671206
0.016199989729488058
-0.012147028217328106
0.018305251886612604
0.07375979585882246
0.01798563850162323
0.023843020416189104
0.006630499923027512
-0.0031047412658543904
0.0452288781952851
-0.03721088440271161
0.02789458294800492
0.03616035552123609
-0.002047738836331359
-0.0005966695020181502
0.00011445542787348815
-0.02233035548357419
0.0195214813290609
-0.0177462511305771
0.005793138247678831
-0.015664432792581773
-0.051266618816292894
0.008827965800340818
0.02258571645234768
0.0018871150797738026
-0.017682826386844888
-0.013277849822106455
0.006514613669750946
-0.004614139158352798
0.04172011543450338
0.0003653838731249295
0.00445358956466465
-0.000103802241087624
0.008512852497285128
0.011280969594686604
0.027369745975468113
0.015157950100481583
-0.05901587597704552
0.04241166078837798
-0.0019347009714785204
-0.014540381304764123
0.003995687740625105
0.02089836501737291
0.004569743515047704
-0.034364985897864075
-0.009377106806949517
-0.0017013046172612142
-0.018153063345624602
-0.0075872657334605615
-0.01880578609802435
0.006935597716922518
0.012536710174014691
0.006575786533112953
-0.015794242540746985
0.007214759358769318
-0.03216563101990742
-0.02569525424834025
-0.04687224107107338
0.04460048700387877
0.04577991363298651
0.029097649696332724
0.01072634948577058
0.03999730851811037
-0.026500651044666708
0.016356065132190137
0.012359061499305565
-0.04217074332854139
0.010952065133784137
-0.06092382421106433
-0.008689130743189695
0.059400146521951296
0.026994830760158208
-0.011375152826158913
-0.02970156739558181
0.006242796816256971
0.01521606271498714
0.04713043129078123
-0.021396172836500825
-0.05060008537229494
-0.0466000318459248
0.031105301227623665
0.010716927259772005
0.027026191104235788
-0.03913465290249098
-0.018562957230771754
0.00928828511947888
-0.03344475452165354
-0.03599756645071444
-0.008783025180890584
0.03800972412096609
-0.04892615685713984
0.0524214829821921
-0.04391575686156858
0.027550835062253715
0.02096563234777307
0.023440780004557182
-0.0439807123142018
0.0037414382391377774
0.0300690624619725
-0.0030475304774958026
-0.011713857220356652
0.03009342262905592
-0.03394244657592607
0.006555421468519656
0.02293666200899348
-0.022854222710561124
-0.05496627569578656
-0.03151853238641683
0.009114150492399747
0.041574844370501456
0.014559039128592915
-0.07027058841752405
-0.002099534211033479
-0.06171904503844214
0.012616620504367657
0.0039473530295074735
-0.026652846771047338
-0.03304051235064169
0.03519160594344877
0.0015875200659745863
0.026977882436558777
-0.02452244676879113
0.01563531630040859
0.03495493481520064
-0.015894057955937638
-0.0562603675845519
0.04109435748492946
0.005772494952475328
0.03157116523635262
0.0031039284783130243
-0.023554637035178183
0.003958147275508552
0.017405547755629865
-0.0008579626755120032
-0.004462415750719026
-0.02047040735439659
0.006136377606019825
0.017959481607636964
-0.02235214203708212
-0.005100341751689921
0.015476722821440584
0.006790447230768194
-0.04954574962560231
0.023261031130564994
0.004383719665031496
-0.018816954978029855
0.017275134792960854
-0.0053145960326101945
-0.015984708756172503
0.008222447870144015
0.0031921629641905387
-0.028847997768518832
-0.0014691542352685753
0.013967972096650537
0.006322655291506759
-0.005908589066936081
0.02160442063503739
0.012525469749256425
-0.03195834074357689
0.01953379817551752
0.05033646901591511
-0.11132162555063606
0.01556592985497208
-0.06761623403176086
-0.03290614242778586
-0.005544494044067334
0.02313352015176819
0.013821057863528071
-0.020007982973982846
0.07806987062017415
-0.07092760267654256
0.02211978018482473
-0.016973106717450344
-0.024661925025165867
-0.007785479944298049
0.004266527372794236
-0.014559312195662116
-0.009233119062989372
0.012782894283414531
0.011874030535354655
0.03992957673674724
-0.04351654800931512
0.02554532623320576
0.00037545384430971756
0.061214964564598705
0.013891912355590468
0.0034462620797032248
0.005680187705170645
0.039785466485572706
0.06195459993812121
0.006898604013176014
-0.025041121815198387
0.0027057316226932475
0.04139313794558638
0.03837301846541623
0.0014876378717665216
0.024118652155119335
0.012871694396353295
-0.032221372284743165
0.03173075117588943
0.009310908526162738
-0.013290065057164678
-0.008745574444924499
0.007761036354301285
-0.05229368597682705
0.04193730631003443
0.004066644482080798
-0.042149063609398345
-0.03180726153692762
0.00860751898880885
0.031382606394263234
-0.04186980492395429
-0.002549347352514889
0.026401016073742484
0.009669835421039288
0.026052491129335453
-0.005498729575098113
-0.023477010095218583
0.0027289701006228705
0.0002089261842687229
-0.05588095552287185
0.005587006897717641
0.02497115768749597
-0.017099730784441672
0.029288230623622846
0.021137677874461563
-0.04042666881692089
0.025488241487453555
0.0009739307324437561
0.03412273047006791
-0.00708596557822855
-0.008415946135404606
-0.020631923342343424
0.013810534426657238
-0.014487159108499733
-0.017963566875937805
0.039204323785208585
-0.03552531516313892
0.031049233671746057
0.02757716842004253
-0.008578208212055483
0.02444223858407438
-0.01187870272573542
0.015205571325842646
-0.00455183001318143
-0.024723363321563285
-0.05140274184130355
0.034742081651423166
-0.005793257724872517
-0.028751659985278007
-0.032589717564852204
0.02875988646645643
0.011282958075874499
-0.01507837004568788
0.0155165337924085
-0.005858613514089842
-0.0029346666190348428
-0.0008055710488939816
-0.010028516623650317
0.00017947728175124616
0.0607804266085762
-0.05309194769201096
-0.0336182035808447
0.02712759701254102
-0.03203170346010506
-0.030866404300867248
-0.028393286178018968
0.0017779937550559857
0.049390454701084927
0.003432486612866281
0.03555846892592858
-0.007212678612943158
0.03389254562964516
0.042371689908639903
0.020725220448013483
0.04689910513787505
-0.015588144360315127
-0.05331474138984256
-0.024357104524106
-0.01947133542857757
0.019676755989467998
0.047708459050526814
0.013098779838741281
-0.0414798804175045
-0.023042768903167508
-0.0005418874533324353
-0.016695574543509013
0.001141941353583861
0.06052246499867194
0.013572534129074833
-0.03774208047921264
-0.04858685256205041
-0.012508418945658368
0.055866188010696975
0.04711823680366176
0.018704614487489418
-0.024848331723375815
0.1260812534480496
-0.003805067543577144
0.04071938443660224
-0.036708614982462355
0.033052362680887376
0.015358653263426478
-0.04290265793553166
-0.02014875509176287
-0.004208096869151753
0.014096472727421625
0.02538399116648503
0.020991318053278456
0.030843117657249598
0.012462581916556296
-0.03539828754194834
-0.03208328201574966
-0.04604181482309239
-0.010542321525043452
0.018526745845698304
0.023263116139767764
-0.0008534015563415264
-0.025470719389553875
-0.029781158353836705
0.02182042700132841
0.00015633971583354036
0.04568315522999896
0.00913871040335474
-0.038693201879469764
-0.003487063262814652
-0.01787234221949118
0.0007424434258881545
0.010755230940055963
0.0007854032705699114
-0.009719613525220697
-0.0234979273916992
-0.018457555266595104
0.019699913289085692
0.0006964745509373645
-0.02156977424618068
-0.011200090931453707
0.012367029582298884
-0.013084037989562992
-0.019018165077781903
-0.016247294050108527
-0.018037831092235734
-0.007278905700126749
0.013797636490538641
0.0601340422312551
-0.02872990357079737
-0.0268351403291934
0.003160676169692217
-0.052820243235791584
0.024642821315635003
-0.031124892223643782
0.00872557239552768
-0.030540737754447787
-0.04031607468498187
0.04704164653685705
-0.014639563944961617
0.026971089769341677
0.013684840188235759
0.016041422108734937
0.02553342856534314
-0.04229649612925584
0.033013590826553224
0.024131678026860014
0.006146784729570246
-0.004180390707857592
0.056035955315594355
-0.04896912416256493
-0.03162666842025566
-0.003558892246207343
0.04538687758589872
0.03159217209452376
-0.022521386783681974
0.0007026530070176826
0.0012454062784209095
-0.009184768909121545
0.02639543020359181
0.00807722071297746
-0.028421460183820434
0.047104237884267854
0.012114364571383183
-0.0417030083826431
-0.013588909784995861
0.05967482588161648
-0.009937947373935123
-0.008478292065163883
0.01599070228909911
0.05069144286108015
0.005778772913528106
-0.014326173295603775
0.010612222450491414
0.03162457933427635
-0.002070049034959831
0.01198164680884949
-0.006978033101227114
0.03719197371747702
-0.02645538637007613
-0.013303868081715459
0.0035013009646959387
-0.018250923760605053
-0.012722536937770857
-0.05010856066635603
0.0006609701200128091
-0.053301070120250475
0.010936138136461127
0.054096172738721374
0.007184212854795274
-0.040358890314208126
-0.020960992211739436
0.00676939343217293
0.010728686865173252
-0.0076280087769637515
0.0004735077626323032
0.01970019934833223
0.022883714917708867
0.04675358416776092
-0.043362293980042634
-0.013187644708953157
0.016068498397319657
0.028085665205092942
0.05229880567260827
-0.04174239834479577
-0.007544508780750879
-0.01770585637189906
0.008556869988925544
0.03364939841623555
-9.052916768588413e-05
-0.009671200150274803
-0.01097995831823251
-0.013195495074552218
-0.023066045134968145
-0.021265081540549794
0.06848010099798277
0.051315171639584295
0.014147328632099682
-0.000580550623406508
-0.03181537342033627
0.043187900314917704
0.046043622089428575
0.04056876356647893
-0.011919510810711055
0.010461106945927754
0.024252957749212305
0.0006733479280441544
-0.04892958931545366
-0.022582415044679546
0.0317328444542554
0.014410370328519497
0.005931463488552407
-0.033912761939989204
-0.016671775778619998
-0.03978903044515658
-0.0011444773312583906
-0.07544469791279249
0.04108588854322718
0.006242237746033654
0.020296240511769106
-0.0013569889791815986
0.015481386064147295
0.03757592191622108
0.01101998203284852
-0.01383192407390299
-0.012741758150841349
0.005014543689308911
-0.015235360667296506
-0.03230411053415611
0.006148493065105319
-0.01547607660020232
-0.029953440200161163
-0.03808487702523688
-0.10936283800123008
0.026205161228022945
0.024382616377201606
0.004391027121935521
0.011270891147289882
0.05601076509591173
0.011257240124772517
0.041687990284634796
-0.014798814732693353
-0.0021095216154393827
0.0035754462769403005
0.0046567684123657626
0.05214596183705551
0.00590217358560755
0.002702771939688264
0.01391120451338961
-0.004218156510822059
0.006435147036158223
-0.012539487256981542
-0.019317146656275933
-0.02761415988816268
-0.04261261522954879
-0.006431384490392057
-0.018596253634911877
0.01793966137694378
0.014670301014462869
-0.022307180497956304
0.013552082533079
0.002447441284180999
0.01455320362819877
0.004424825655884009
-0.014014784396144484
-0.015561902898123496
-0.010203922502484586
0.03748503261278101
-0.010272220365795864
-0.002606362033834684
0.0292736389046156
0.028474237596450024
0.0001681225979382176
0.005277185069769725
-0.0036427206155289307
-0.060575742652126535
-0.03297895839611388
-0.011964752928517893
0.011863768034579126
0.028990674234445235
-0.015382048023706787
0.012298097201110993
0.03815417597873071
-0.014149812518297902
0.03441336050247139
-0.01391151276428935
-0.02344685737288243
-0.020032113548378493
0.042483921131244856
0.007745845801941009
-0.005891165795013372
-0.04022400971157543
-0.0223757104247461
-0.027253773414682193
-0.06943840009867683
-0.058662744968530564
-0.006665007076032738
0.0290794628616218
0.02178574349813803
0.020412737877425858
-0.026725602011841584
0.037382779564718374
0.052836591879050564
0.010537760723366455
-0.01931294568907669
0.019208856968206782
-0.012435041298608313
0.03932813423330006
0.023424053441159894
0.041680070341042375
-0.07805862518219463
0.03429290314413752
-0.05021820731599402
-0.05650610034701265
-0.0365216289655928
-0.01979650610372768
0.021829230666020893
0.034585386710043194
0.016654823720846066
0.010417246461803595
-0.0027740060254752706
-0.009563580915670347
0.013967326192904193
0.015416792658602288
-0.014770540776311321
0.03454969526163902
0.029618989838800968
-0.006882238979630399
-0.04454115315927836
0.01902745597835939
0.023956740664529026
0.02522838608909228
0.010382503120310568
0.005282216418751826
-0.008805988742515513
-0.028942633083601156
-0.027297391049478602
-0.0002194274688240787
0.021001464083035357
-0.005415592305035937
-0.019500782749937863
0.01773346946487079
0.04382574365194068
0.006215781280245639
0.018401865265632297
-0.03529648846555017
-0.025445458175379184
0.01692874274774108
0.018576648584197088
0.002828743467740204
-0.04565681012700612
0.013903196214617785
0.020241256422013677
0.0007138315961180226
0.013649248645653303
-0.002935492136446075
-0.023263740357890098
-0.01650262915154028
0.034927333040168256
0.01345813299886969
0.02588514746679138
0.022365894047890664
0.00620192861728768
-0.022709708413275933
-0.03549619683497767
0.027517786640705186
0.007141997201406482
-0.019797390585412435
0.012783180857973985
0.02183507409200586
-0.010685744895775912
0.0109710976124654
0.015110454754954778
0.06319327231854965
0.018961023745962934
0.0033494519772370905
-0.0010334338473973687
0.0651657909425207
0.014586562554285086
-0.01726729523648687
-0.012595709372740656
-0.046550375770184574
-0.07653078574643521
-0.004250042280349495
-0.0118038251444184
0.00070171050487176
-0.002893614015657592
0.004824875473612491
0.06479928190710017
-0.025488106665499076
0.0029161428448418836
-0.03613880178316419
-0.027931606288438684
-0.004072353160036038
-0.010963891147967019
0.004992087411623051
-0.036677205261630284
0.030182049187328967
-0.03956422064908571
0.002894142872780305
-0.027617994246990133
-0.004465740067344872
0.046682793410050154
-0.007914930984055732
-0.00040360945511782025
0.03065206531784557
0.012568267907705348
-0.02017217750660382
-0.0009406801489905798
0.04657845333467361
-0.011210488541347345
-0.01625396976647335
0.020946993758717454
0.009238220368662174
0.009690582653622257
-0.032754080545933185
0.04023890415941969
-0.027587012976608215
-0.058580237614447576
0.02302290209492841
0.02363886599830104
0.008742476065124597
-0.009370419984896024
-0.05267039965105752
-0.0033784505876766615
0.014989811441217527
0.016911210772071705
0.023217906512407054
0.005932819436954482
0.029916189276472598
-0.03438842279177955
0.02194025273263705
-0.01056656347553444
0.0007351292178836551
-0.03479449777591508
-0.04510571802986912
-0.028962764802146355
0.01898159044256818
0.019301238931077026
-0.009409327478129897
0.03640707359274723
0.016544654740200875
-0.00531508942701429
-0.009052464029116494
0.009573723176769397
-0.013009368346336828
-0.01380381207291982
-0.017356689739101278
0.0014279758252628849
-0.004126343500827369
-0.0047799458305918235
-0.03474619607921947
0.01291659639364262
-0.01581618351820968
0.03316507460510561
-0.03432294584917387
-0.012044081689989425
-0.037112973153700435
-0.04293476430421367
-0.048549093172381416
-0.012236003095137598
0.04106509186870631
0.05431464035295155
0.015480443622498096
0.035892582994294736
-0.007942580703850451
-0.012140448301209854
0.007392071574388292
0.004203111352160424
0.014469933532232531
-0.0329726339927499
0.0001718679855086852
0.025486452635776473
-0.03619538029901527
0.006267665585073096
0.014679281960275296
0.017177421955017893
-0.0670503242938133
0.0019828435798187266
0.07466622452579531
0.027870351821007125
-0.004734823157996378
-0.05209880530404765
-0.051302019894522696
-0.0024628237167749695
0.02733758013079125
-0.020282218266795746
-0.011822206769135927
-0.009962136135655726
0.0025773530290266575
0.0066065114062379
-0.021755228864996548
-0.016159857727809413
-0.013577954854032093
-0.019889599253131073
-0.02641306726983333
-0.027513822808997508
-0.02040440017614126
-0.018369293766209497
0.0003424154918839941
0.017576968325257236
0.009637353191062707
-0.030250208692496196
0.04637876721427434
-0.004621155854130935
0.04625577821722918
0.029062546517486233
0.005094996744943462
0.038554866688143806
0.03024156418877813
0.010058779034212366
0.012830883920882245
0.004910982744642446
-0.0057148373443409485
-0.07043162280902414
0.009561543321290595
0.0032791754346021087
0.00705243138276775
0.005534546573892703
0.011297249232960485
-0.023772142597588822
0.05480471643061111
0.025666051677231877
-0.03186450692889216
-0.020381697784874187
-0.004643569579680049
-0.010186609109854191
0.011917830444024356
0.03620249363455348
0.049370932426058084
-0.029411442492231574
0.010419532881505515
0.010885647376934541
-0.04404372148887611
-0.01830367538401271
-0.019952096286363137
-0.008542286088450729
0.04923706583273887
0.08190632719585045
-0.07199549096572415
-0.024047742237279134
0.029176170661154188
-0.04116980380563394
0.057385612254392
-0.028495164911272602
-0.02273630600800067
0.02644036563948058
0.0077194059070321164
0.010307234648040677
0.023914162886539827
-0.013573854231192473
0.0074369300067500576
0.029394268716934898
0.04051399187983178
-0.021052755988281865
-0.04498167288402408
0.024909471876356764
0.008202966335117592
0.03572340834686261
-0.01211264919363578
0.004688750286031304
0.008322129462073245
0.004775717003389303
-0.040372744628890386
0.009855023232280585
0.03886921913643979
-0.010026492548536468
-0.03812698788772531
-0.04255277961432513
-0.0629402775687114
0.023621789565336934
0.021351828507291035
-0.021897268052380736
-0.03389991625438434
0.006249188920234554
-0.003223169670115593
0.0014116735996809523
-0.010403739469666523
-0.027502940206338658
0.042606547302017655
0.016243983442364118
0.017440569293650544
-0.015748700718203053
-0.026692103925382498
-0.02167573614590354
0.03933372945604615
-0.021569866936950392
-0.05343190227572656
-0.006790956657896414
-0.0358840770335397
0.00011580784209599516
0.019901591989633725
-0.04358862708217678
0.010642870274275684
-0.03978927829479015
-0.00872004512379582
-0.033744842092299415
0.014482044934070525
0.011250857178719693
-0.052488768497571114
0.007642051150641988
-0.013907285604346085
-0.013760348575181195
0.009089551936261514
0.00441577495898482
-0.029262164358647168
0.01241344863205938
0.028728087377954934
-0.04879671401422486
-0.0012078084105186125
-0.055511088600575395
-0.01551591117535306
-0.019930233828944408
0.005080671774047654
-0.004118599577832201
0.030828576182097084
0.01596844331260541
0.01747724501323786
0.02428359261803813
-0.004724771809345363
-0.005539902499178429
0.027311649723265545
0.00068406890672104
0.016021596577930886
-0.029419572335356976
0.023859028954318972
0.05848819837854866
0.015600225104071152
0.036019289312130144
-0.014120534937636878
-0.012726406848525449
-0.019028174967568572
-0.022516361729993585
0.024734177633261755
0.04396786045772888
-0.06093237523933371
-0.07396661856170951
0.018462400629613088
-0.019546802819236195
0.010989052785066882
0.010996025790800954
-0.02026007196600812
-0.011005722602672427
-0.008277672569231013
-0.00634094107859561
0.06546406029469777
0.004654910426983546
-0.03657468404840686
0.005079880840712653
-0.0007674280914780167
0.007072739085247166
0.039294689173439354
0.01432837149273918
0.0011293987555015222
0.0408056383714688
0.03168938938686091
0.030984145921880007
0.030432083401861872
0.01077697817413983
-0.03221362407312258
-0.0004424093798927669
0.008982678098449692
0.019972450383855533
0.029333233794437957
0.045564184771211366
-0.038488531653165674
-0.013755752710120544
-0.014454671297097434
-0.008242845687766431
-0.037138661713821915
-0.007464609320693367
0.005632998116936818
0.06978840516394405
0.03673291813188919
0.0006184265129706409
-0.005965451978672001
0.004359291996538102
-0.011877968500085484
0.004893624668548107
0.013003218978619089
0.011929826213730427
-0.034803035505681916
0.029289421497990218
0.01748185759230129
-0.020876943708932116
-0.011780359051475233
0.007376477311432671
-0.031683430838999306
0.009486900535193288
-0.025113654099790002
0.0016532053078937583
0.02356880756092475
-0.017269188836485354
0.00667174661227774
0.0378198382013881
-0.027928364980495557
0.02069455913359198
-0.007625912426113634
0.07613132421490405
-0.03799634276147014
-0.01747595673500626
0.010734889583821435
-0.058642174787155006
-0.003942007270782062
0.007973980914873323
0.03424105365183786
-0.03257041274949395
0.007613939154354634
0.014254484975511086
0.011241581782504385
-0.01774458566799981
-0.014763284553453618
-0.03113982135658697
-0.04313256533447573
0.012868334814650715
0.01455175659473896
0.00035726631090950075
-0.014140365393265922
0.001434272763437669
0.01742062557593087
-0.018236841949537973
-0.11092618506640219
-0.02632051149284001
0.0008911538408668763
-0.03648567980626835
-0.026461802244375568
0.03365236887599814
0.057740826778974234
0.05055481217346008
0.04697989929039713
-0.0059916048617719465
-0.032142870146325525
-0.04085167691642986
0.034370181128181514
0.03710491015458744
4.330842944409801e-07
0.018984935578199476
0.012444250919300036
0.012544209176395666
-0.021228342254480417
0.05855890714024877
0.024821402182202912
0.029480058850526448
-0.01510758398199254
0.05673738616217541
-0.03755959411192603
-0.02354170570126888
-0.005508397071683115
0.00041348460440879795
-0.022390490302328463
-0.018879367432027793
0.005007941702222117
0.023891248738114258
-0.011324601626584016
0.02117443264955129
0.012974853791874743
0.005388746678452853
-0.06349910252145997
-0.011662560597482285
-0.0010723687042020233
0.027131836795991682
0.005733237447894181
-0.051233400321195395
-0.060122254431632556
-0.024401762216807614
0.00574490690640987
-0.020362443371904057
-0.04641787523385354
-0.00352252226191213
-0.02709514664957498
0.011696438111522928
0.01107251014521855
0.04617767951164036
-0.007805032453511812
0.016662706930796124
-0.012418880805259989
-0.07943853293250375
-0.025093110703161357
-0.006580719471817759
0.006754091151302002
-0.01029552141088192
0.03277690319180067
0.049774866988994824
-0.004680748153631691
-0.01623224211128154
0.005203930365579804
-0.025233001682710615
-0.01687835299559422
-0.013576001306389036
0.012045355197626268
0.008292545620009579
0.017256775526688355
-0.009591267820849824
0.018769239275454604
-0.020155721206450653
0.008336780514702971
-0.002722398564680962
0.009924388727269447
0.013070551153832124
0.0012112949130055671
0.045411505822246415
0.028791570771908394
0.01714598556510929
0.03507250608050328
-0.04612640070736838
0.0038590526074552276
0.03367072533420326
-0.01093222043139574
0.011762147395497436
-0.00950192128385933
-0.033705755405727046
0.06177445212958086
0.019263108207092875
0.011582795334084404
-0.021480993917971203
0.0709606657823474
-0.016467483624403763
-0.006803631164813705
0.03889291449084671
-0.05283232703291625
-0.03381255011466387
-0.026292606822698975
-0.02881449957203172
0.031567455940192855
0.020183721566543546
0.043157224950678454
0.0015321609285024503
0.021220639639776603
-0.0140827645196739
-0.0283748763706288
0.00011458493013058777
-0.06430046574669374
-0.01700606335730904
-0.023134567342223047
0.011068476353613358
0.012049282597869587
-0.04093191043572172
-0.006554317512436298
0.04485585982535369
-0.01573480926031818
0.012168309654443538
0.025213727797253373
0.03791722137272883
-0.023315693347158627
0.0331773989565841
0.007872616114825213
0.004498854312444236
-0.035478154429716566
-0.012704796285789747
0.03243435879810675
0.007189590531591649
-0.027937524663166794
-0.013423475944463121
0.0005903655695406704
0.026939709265228335
-0.037358064925406644
0.05561269421742282
-0.01617618293490863
0.006218701732334218
0.00385904315342143
-0.040095203403936124
0.01879910183072208
0.04579848917953668
-0.027490973692948884
0.0016032346853430718
-0.04258928769393711
