0.009500693250465951
0.06197585989037606
0.020595577353054857
-0.03592153628904445
0.03094813022350016
-0.047730818914782785
-0.05955699912699674
0.005522406990318567
-0.01768504155624332
-0.0019380956989111591
0.022693470599751783
0.017192584754353625
0.0012448233269968718
0.021998682997206864
-0.02683177018914747
0.050999419473175496
0.026907592674090406
-0.003505632746442583
-0.0484746749865469
0.005279193175333092
-0.05975572007089655
-0.017854896480701432
0.0220668990065132
-0.005797384046970612
-0.006580582979278964
-0.003432923956671527
0.004082355597408374
-0.027435002980462597
0.006190832432301223
-0.01816173146157795
-0.01536982019707658
0.01727630044959668
-0.014236160544990854
-0.0016646997190136652
-0.005074192443226249
-0.025630934388441353
0.0345978923831564
-0.030153869177650207
0.020144781586465193
0.008356066784409578
0.004577067705424312
0.0046997215416629615
-0.04907822192542778
-0.059380653249777315
-0.0044209418633280794
-0.052282652896865005
0.03203009187068079
-0.008138837486509027
0.0009499117727170175
-0.02538641011193643
0.014138563351082434
0.012048250578346633
5.358620888034842e-05
-0.007018053097488948
0.02315373496204199
-0.004411450746094808
0.032195579517864815
-0.008776765431358231
0.0250062240674521
-0.013373841572214749
-0.034321337956310295
0.01992956506870535
0.05821322670505632
0.044312613559471185
0.010739100943115235
0.05022394672722791
-0.050292075522844294
-0.007968762914922467
-7.041412584222334e-05
-0.01193754708038056
-0.026466309011222846
0.008742008592804298
-0.00351592262524036
-0.012385558266717169
0.0035451792910755125
-0.023034102764616992
0.016474171474940767
0.001481743831552689
-0.0039058561652238655
0.007264601858428425
-0.0015675480040173704
-0.01030423145473868
0.04559966772057554
-0.008297140815990168
0.006130742754863307
-0.0490306239820019
0.02725989266430045
-0.04780690371537426
0.015340539321004265
0.07829441429250776
0.03146906272994084
0.025368102107227435
-0.041067071978496794
-0.008593768166844444
-0.010090793578747278
-0.045598273198472636
-0.023856685752309596
0.056774733599963476
-0.009908548488216507
0.011558440396548336
-0.023409246859682802
0.03028151931759873
-0.02762496326787868
-0.02189026961170943
-0.03090126041611314
-0.02015213858572005
0.004116599575998506
-0.035250793901944764
-0.02569503642277252
0.06170833603889651
-0.0234820459199841
0.004477174379759291
0.016886668462406496
0.027538290722880634
-0.01922555943661244
-0.0023824733528248015
0.012369266613155688
0.08467946385170715
0.021191662093406224
0.004272238555921659
-0.004676678170425301
0.00964476894444935
0.005558852323537591
0.01860317132185563
-0.027734333163047215
0.024945475779710326
0.023773512929113717
-0.022938278026786302
-0.006691515114993075
-0.007989183386022369
-0.03556843215417377
0.013245230405336744
-0.032865427442033364
0.028066014275299252
0.02983506201742892
-0.011977316617770191
-0.020631761796599687
0.003732846184801207
-0.03808154638894855
0.007640920851875116
0.011869981471044582
-0.0016563580643072747
0.0018353445698375526
-0.03143031134111485
-0.003835501107575717
-0.011184792366663279
0.0029293706343083204
-0.04082520542004345
0.018933980123630442
0.06571283382262709
-0.02341585149102184
-0.00863743334056166
-0.0065419230293774465
-0.04488004432866993
0.02226314124589943
0.0036253297607618767
0.008501486323299398
-0.008903393125647701
-0.02696588962086084
-0.03376328159032926
0.030217108888150556
-0.004386096678063393
-0.09867811507733247
0.018717821976154018
-0.0355026005329051
0.0664646322846732
0.01856311331517013
0.001527006555179334
0.021141227534410913
-0.0006038281043639056
-0.03170072230656105
-0.025510568961135717
-0.005880168289415017
-0.012148381330098608
-0.025470266927084578
-0.013277804560171679
-0.04191201531085417
0.028601049073189666
-0.04482635750960836
0.02591385977497325
-0.02628032850204549
0.019344597973882296
0.01626141886509221
0.03191542822257784
0.04964861080405435
0.0535068078712246
-0.02431478534893249
-0.012163503673580834
-0.04026165639389177
-0.04194683297055666
-0.021046531457145384
0.06799518816635142
-0.02343688356195521
0.0149570552099499
-0.013095709246334712
0.023762272606253392
-0.015969744492762346
-0.006593608072963205
0.006164086742433189
0.005336884292489813
-0.026967351811501283
0.009822764844277914
0.010710580842149788
0.0034972167542589214
-0.003999220904887332
-0.025624289568596168
0.021391148345168337
-0.029354469757097778
0.014788258174211958
-0.005874544573144703
0.012930681261966446
0.025835013297219746
-0.031540048960319624
0.014097550724706438
0.01506719907862982
-0.030481634223323766
0.05184940653418272
0.051163201260662546
0.022753092671095414
0.009083033241387971
-0.03167054158701524
0.0037248447075784665
0.016151417203679536
0.014328963363205565
-0.03405128751570169
-0.008189812974822476
0.003586697066272844
0.049967212716613064
0.025069029751780495
-0.023094785975957828
-0.00892935052346178
0.03272590317291688
0.011997487800224658
0.0288449529842861
-0.02359904075035134
0.020556884420744773
0.013840692885008757
-0.028813254909403223
0.0013677738478928042
0.035827183829327945
-0.0022833291516587547
-0.004913720272811717
0.00569752660280976
0.014906100944916638
0.06893461479502538
0.0014876851311442744
0.013675274203223167
0.03234552137166749
0.0068634117508970935
0.0013218563299711148
-0.0009722733706649458
0.0020854838998180083
0.010565390179061725
0.007383503154479297
-0.038163528784297705
-0.020061450023489795
0.04531186425588377
-0.013022733380387565
0.00031832381034927935
-0.03930533107017068
0.003388594434393244
-0.03694020794226473
-0.015312825090430044
0.05111635941014068
-0.016286051127583027
-0.01917587368296346
-0.008167905377038372
0.010250868308102082
0.09215529725756044
0.03990569970344794
-0.06057113985633709
0.00801265747554959
-0.005720355842354379
0.03157568937333827
-0.027037608655859902
-0.0036323977945549794
-0.002116083491813725
0.0451122154325463
0.060727901329370886
-0.027499332418073032
-0.007161368957413529
0.010620018300876978
-0.024923502248085677
0.03390346311479194
-0.0070775068650509995
-0.020676336379585374
-0.007992281061138178
-0.012001991729816537
-0.01717280650859987
-0.022296293387747374
0.024942720985087277
0.01325066306278908
0.007634471955879349
0.026655052607300136
0.07782550723644568
0.014981091360866202
-0.00023658120357482906
0.04322496958278685
0.024951295633305035
0.05955307234257648
-0.004894733073857439
-0.023496218383838446
-0.008267693090893976
-0.026145838571595127
0.03744948889666771
-0.006228235224922092
-0.035118793131907626
-0.044895966465980285
-0.0009223643731873452
0.0015338701865600763
-0.03225541678012409
-0.003867848068768953
-0.02053998781173953
-0.04534987490922297
-0.013265356982319135
0.010105067056986376
0.0023147603035776633
-0.01731891354133112
0.010992118073282068
0.024559873581686337
0.006353439243929686
0.08377573043908902
0.011537690080468909
0.05688299887486733
-0.009520273599944708
0.02671932155158335
0.02106819817828902
0.02175144215681218
-0.037637690137009565
0.011723307648898215
-0.021046779881327363
0.00833450671161264
0.011429980587140216
-0.005468246281254072
-0.0013448653275363875
0.03147414490909694
-0.004404867421209614
-0.02697551454906088
0.05483297905631842
-0.0011276012300495718
0.006342251497439885
0.021124481810886126
-0.010839339221326549
-0.005140240451132756
0.0024783517099668385
-0.007877690092734922
-0.008460811493400486
0.036908575682502054
-0.014773388077021023
0.05229593052568809
0.029525594346613396
0.04875513597782861
0.04703438239923316
0.0522252324909301
0.02096669123486004
-0.021761017712791906
-0.03413785997497336
-0.004821718595441091
0.02396938360202866
0.010329920177405973
0.02685961273378891
0.011400577071498068
0.04156705910418592
0.025487579106160445
-0.031336622685671923
0.05896285886159887
0.00866971431838326
-0.02892665709146934
-0.011845970795397509
0.016653127744863414
-0.003509351861516494
-0.007799071296174753
-0.0237054977113868
-0.016751396924850538
-0.005589475959198768
0.030394141118183962
0.045131302947918964
0.05160724676965992
-0.03122055810378771
-0.033571332715470276
0.0007763316441790676
-0.026512414809332502
0.020724256781088593
-0.009452759511604836
0.013962063856054014
0.022507784768122784
0.032345761988338564
-0.008659972420114199
-0.00034009034043550745
0.01659010153360798
0.0014643016293341337
0.020412852226266348
0.031905143441991586
-0.05472191319898747
-0.0654395480315785
0.05454798158886056
-0.029993370263254077
0.0032859677844923893
0.03606569256472998
0.010065097939708334
0.06696826259008286
-0.0024561920598774357
0.03700246274339487
0.0016873268459471629
0.014379260101652837
0.051897773149779766
0.007299807897995134
0.024969618965252266
0.0001437679495889942
-0.025334648758576918
0.0038942824885393693
-0.02286866067415405
0.014900997651153366
0.027866464813964147
-0.009182166480035923
-0.036723449406416045
-0.014199197326142101
-0.05960909811165972
0.008980703835552276
0.048200228591978346
-0.008640978539940093
-0.0011769457405274761
-0.004294978357981196
0.003098517768626599
0.0038288236688487623
0.020666736365587954
-0.01406532865177401
0.04545466111599413
-0.020725711077851268
0.009246790128016037
0.053163766425513896
0.013467917491969
-0.011323621214525972
0.006972349889215544
0.014624023741602814
-0.0480107257806988
-0.03865822787798146
0.0036474129309655282
0.02426145576787571
0.021918590098654142
0.026584943570352973
0.04852992209376124
0.01742398517599848
-0.005660202333178989
0.02660398850288429
0.008077227857829985
-0.02202070166509309
-0.03432239620779814
-0.00394380757686571
-0.04297185546497927
-0.018991269011110187
-0.01714863867933958
-0.06246341219444592
0.020667915858327408
-0.015756096774760538
0.01888002576051563
0.016625532666868854
0.03284105220131851
-0.052012211861835814
-0.028596117386231888
-0.04065125043245713
0.022889383446455035
0.0386777817849207
-0.049158421838372296
0.015948652655955315
-0.014735248134422767
-0.04415886386513393
0.03606473680463826
-0.013914632736953403
0.04620610905380669
-0.00020434123483329672
0.0623510766495012
-0.0002772197324857372
0.02765125942919573
0.015755100017125736
-0.00247763559597886
-0.05333290078198093
0.015222530374805221
0.010187135647001487
0.023187138835096193
0.009853059332741736
-0.005793080639921367
0.005981561900029321
0.013327419001041157
0.04855504836180831
0.006664399862139262
-0.06010175485588136
0.013706206007511861
0.024253338818207314
-0.06425348603518531
-0.08690478400990105
-0.04816478617332251
-0.022497787127420142
-0.03623163406425907
-0.014888189884728625
-0.013240701453565736
0.015774879596897273
0.009180086476237958
-0.04173890275315406
-0.02766798094533487
-0.011218793853524284
-0.02779682197509122
0.017459689995206192
-0.004845593041455931
-0.02234972047117458
0.015270158466087773
-0.04528644172958281
-0.030825727242003456
0.017071104855441388
-0.03832640504221399
-0.004470729339737943
0.020591263096020457
0.016435147837597485
0.01727589156223587
-0.038592074750544436
-0.0020872630475955397
-0.038518505730562834
0.032578622466309125
0.00036664997632074195
0.0025212675547420797
-0.0072743498541688835
-0.0008312072040051388
0.029623888421929936
-0.0242437820574126
0.018095240752806455
-0.03644036606320682
-0.0008218532860611425
0.024610222551213073
0.012924284776546608
0.03698852273135219
0.013107339856886136
-0.010296607149569485
0.008670648991548105
-0.002778220502352613
0.0033837995968228683
-0.013959334519753248
-0.010387299716999228
0.038777328842317535
0.012792867093116556
-0.011629856229343465
0.058867462750549486
0.020684167000551992
0.01847617317220543
-0.030189619443842266
0.03423742318275661
0.05571139641819723
0.00414718815940046
-0.007510563493891655
0.036993984548754945
0.03689282241293963
-0.00458733539873606
0.04003113914531379
-0.05194312630926587
0.07132757407861226
-0.0004904882707345186
0.0015731038426353486
0.00885147194129377
-0.00437260445036719
0.028765052178019765
-0.02945811813210385
0.061011105171936
-0.021130645153120735
-0.031087757320251787
0.004539269414709592
0.0017833372324883457
0.023655054796365895
0.03363713507593431
0.017466047187312688
-0.05347055701210151
0.013490107297713166
-0.051010605362216896
-0.0030883971147841324
0.01175851047101293
0.020150146238431366
0.021592066702946364
-0.06347698848471166
0.007397969413564699
-0.019966021929385666
-0.030781651399359043
0.008677325871843422
0.03945939105465232
-0.023200280861182802
-0.015084901123582397
0.006683392562260194
0.031998834553729864
0.00290189869958157
0.024531802854561822
0.022823189276169116
0.012810141237459667
-0.01718588446854161
0.010136231543058379
0.013551333939695844
0.06072181103079193
-0.019187238234599138
-0.01425018363769322
-0.06476040235032987
0.01844814713153927
-0.00914825619746561
0.01612912931498537
-0.012261790307367798
-0.024212619622920508
-0.013447806733213307
0.06153342646302502
0.013625744278467591
-0.013680303941222308
0.035617450828646736
0.01029949742350713
0.00894122209337963
0.010422512476481094
0.0024168646826303345
-0.05267119511189692
0.018597377167678685
0.014567644482586807
-0.009735130001260979
0.022978601054184575
0.052416312003256395
-0.01222454574908362
0.04552079460239954
0.0030542454023259596
-0.01837213586882709
0.015965743580804603
-0.03338492234647026
-0.036026490251145425
0.07049727473441021
0.009112999166358238
-0.0019315733696333305
-0.03823526014018338
0.0016683954072974664
-0.018861591627278886
0.023875766624776366
0.0031670562476211863
0.01020114368380883
-0.00408383322443427
0.005631879473041694
0.013451198439067199
0.0026940823945132107
-0.0247628572524969
0.05026001367587473
0.0388121027222239
0.07340890653931871
0.0068399346888345855
-0.019008337875192315
-0.022783383707435555
0.023554613782819648
-0.028955804340603165
0.01103785055402284
-0.0003665706516705676
0.02253410896229179
-0.03443755308589902
0.023047014077493277
-0.04669701698245895
0.025377642554261687
-0.016537839803402062
-0.017750162528220585
-0.02021835495769854
-0.0046500354412164656
-0.03584561462382809
-0.015134965746889712
0.03908529194546173
0.03264661515568087
0.013558804641162143
-0.005096602592795739
-0.014299080376981497
-0.013433394665809556
-0.02182009842430148
-0.006017825036582015
0.02181101682889727
0.014054843275364359
-0.036423805964406086
0.02325688498692922
-0.020242043428069376
0.010983605397975433
-0.019140824335691538
-0.006277902275246608
-0.027261319917702684
-0.0037502062237842666
-0.009857707706891851
0.00463488954128073
-0.0335439805910118
0.019923479429572
-0.03764702921450035
-0.02417669579984216
-0.014502444658894127
-0.010007618434107628
-0.0430750453376987
0.00706480313946296
0.008290997763754112
-0.023627551676299603
-0.013522278585020791
0.0244778992051029
-0.011852496848962883
-0.021355366928110058
0.01598293669874424
-0.042494686863180496
0.026553736422261706
0.008759177795936617
-0.0030321470668032043
0.028706789839321796
0.0029468415373926486
-0.03610496989089864
0.013460226409820045
-0.04613046392765153
0.0393762581697964
0.056162193034619216
0.03616292715955584
-0.018872826719143514
0.030143613764823288
-0.029043909673261065
0.0010638984135001195
0.01489024119790933
-0.03638626527550152
-0.007622543514822123
-0.045705290108867196
-0.0017335742591619422
-0.02412356283307148
0.004083876496394741
-0.025571322958716745
-0.052801260202364225
0.02714574777759691
-0.018579739725802565
-0.014895448271661258
0.00832237578753564
0.015726337914672203
0.0009659691137142947
-0.04194889549649241
-0.0011593630648586096
-0.048201293315866395
-0.0577046549061458
0.05093318666234965
0.0394374925942107
0.05362699300255146
0.009498834381289269
0.014802012478468223
0.002081895196377843
-0.013715590098437487
0.00337828976145369
-0.018863636174518025
-0.014550195542071414
-0.016776140895218148
-0.04444846932301807
-0.003988601864299185
-0.09252121295582937
-0.019360752762718845
0.018821000073493497
-0.004976120896647136
0.009527408059966628
-0.02585081704249955
-0.008102563382090448
0.05881759330793758
0.036635963028315996
0.030241016889252875
-0.015068313610093987
0.0036706742212715172
-0.00538427071531231
-0.04850997754766448
0.011071801233530885
0.012853146106176423
0.003134772736963405
-0.013059902138902965
0.03353221299687008
0.03603087222249946
-0.08083597939689918
-0.017028133639576865
-0.017575234424308903
-0.018387567078326627
-0.031617402915707304
-0.015776249088996837
-0.04028739460279432
0.011979702898817326
-0.025665033527332157
0.04507069500105896
0.007663255250805946
-0.0074522303741331375
0.04125227907572102
-0.031340371774781835
0.02135876990659444
-0.022860472112151104
0.046587736879511274
0.045235866604908144
0.030408515134053835
0.013426373876279537
0.02075186108574663
-0.0016438386279085324
-0.024281536254130494
-0.02489934617195572
-0.06727532901363215
-0.026192698933366263
0.01410085397321445
0.003391831389820454
-0.043574658679542674
0.005432892536405261
0.020996921574733065
-0.021955711049332534
-0.01969430479616748
-0.028892252587157014
0.00866819482361839
-0.01743930283597459
0.01661990596392086
0.03176109449591081
0.00585571019779272
-0.05071694603424609
0.0024138295345115064
0.05906297864000124
0.047911907904471425
0.012584141572307916
-0.034486727910451855
-0.01428252033368997
0.007409801688695201
0.01903283903722097
-0.0007718817756602523
0.005906454887217805
0.04077595830181625
0.03989399813812996
-0.022162893874624483
0.016103301933131173
-0.0039526526907491194
0.027485885103354663
0.0016147471635345398
-0.0098694130567598
0.005736417014210586
-0.0014018635082818983
-0.02346181240185815
0.008496587846575393
0.027330403150443595
-0.0757284719798096
0.031194980563105955
-0.04942857090067181
-0.012358952113211686
-0.027952059198419518
-0.0014416557656676543
-0.020745907633157253
0.010052226566794836
0.020437703066623996
0.018351498456558084
-0.023098839760791405
-0.01380955304257842
0.013824313378865468
-0.011177868383694034
0.0035008048248097784
0.01773655924424389
0.012810111890196972
-0.0017525830612875716
0.007093298120822089
0.011163770321880501
-0.044004410969374734
0.017828538449022716
0.056522822677696136
0.001894977752505152
0.007751290748082497
-0.0467577468168188
-0.0034172553568232586
0.0013894182176079264
-0.020108775879751982
-0.020483200777742523
0.006413723491026804
-0.040588665670967236
0.005527985046549902
0.07249004949041829
-0.010361104375090444
0.05269202745997636
0.013016480222808763
0.08878108026616119
0.008754845113190565
-0.0454627456258973
-0.05042112706724188
-0.01215651788024326
-0.022784813901517462
-0.021047892238548728
0.01623631215611932
-0.0050403771936240165
-0.01271540245327047
0.021392769298062022
0.012678812700296646
-0.024871380223922136
-0.040867475133601734
-0.0033916940476764875
0.02344164114385094
-0.029565890846185106
-0.00833802529507128
0.009045288168890426
0.00823465230757716
-0.06095566680389645
-0.02297942952308076
0.0069303855481961845
-0.01853295061182989
-0.02420984068856844
0.01911163829807594
-0.015218438262503227
-0.033952982481828285
-0.0135415427352779
-0.02431004833986222
-0.007322416533595015
0.004751008782975779
-0.017111445629599355
-0.017688894265777202
0.003396522189978452
-0.00758096152565167
0.030156957872949475
0.0421090471550055
0.01808604866379614
-0.02222526543704757
-0.026016267806595897
-0.05985063098369686
0.006460241886098715
-0.04283224079361717
0.02399652343563118
0.049734482780882994
0.003218219805145632
0.011216204911198182
0.029783577708383403
0.0075260300768233215
-0.006718745038283865
-0.045845893185313985
-0.040292299702909797
0.005556979141099907
0.012302218306052399
0.08602169472158788
0.006128158072910215
-0.00342804467661265
-0.002284184266822441
0.030026097863557012
-0.03724215346998936
-0.03314144861652751
-0.034356393829312826
0.009030032795986537
0.053145191658045585
0.01235353884864726
0.010941341014817325
0.008257714852013582
-0.04486359415717451
0.031002512561552256
0.05358781396496127
0.006232353177965993
0.0019398818240293754
-0.031430410986633565
-0.022175399539523525
0.013960173522389586
0.004211496007792514
0.0034059273409209143
-0.026515383510906012
0.0016096323079672176
-0.008437633262749222
-0.014947281101150036
0.05775737845706887
0.031557490606003005
0.03522453407456516
-0.01756010113586303
0.0014358406866415408
-0.005540996182891502
0.010227684076052606
0.013901237515677362
0.054324336662894344
-0.003926299567518912
0.03495317824890263
0.022977475209462264
0.011076025052443867
0.04417503253433959
-0.03094898669808464
0.017546122364912944
0.008229928465406995
-0.01621451233064688
0.002234614167578197
-0.0021309944643498374
0.013051124658562079
-0.06794201151059283
-0.029790898350827717
-0.031349650551091124
-0.056814508234664815
-0.033568367746661415
0.02279419031123261
0.002805172003945478
0.0020274801405562224
0.01540736728573369
0.021823566156204347
0.04008391640860743
-0.05698442509740943
0.03487671543123533
0.0012962365669652329
0.02253969277607273
-0.03588900716466496
0.004878015149853343
0.0032928487554711233
-0.004818256681746148
0.05771954447390324
-8.814862302586241e-05
0.02218812264713471
0.007892298805705439
0.013634065178373494
0.0008482864272963742
0.009569154099179682
0.03267615584607535
-0.005947126197830612
-0.03807167409429673
0.015138076159839392
-0.018840346065306785
-0.011721447883336093
0.04000948489975694
-0.013391295196783322
-0.008311930872693198
0.0630832002542257
0.0032795722395384625
-0.041745891791883864
0.053050155639613246
-0.01174704064649399
0.0020509515937338547
0.011776123807566409
-0.022440876363191357
0.017325475085822897
0.04489299170584971
0.06402338158051563
0.022048302887382392
0.015437559629143609
8.85330622371513e-05
-0.009879187692318941
-0.027448949299778407
-0.03011508535405288
-0.039080570145801394
0.010929260022379454
0.002641267327791092
0.025661021999433185
0.010079562076204944
0.027909539580727956
-0.00035772085900302703
0.034217026807440425
-0.020429760376481643
-0.011476752273713814
-0.02854177062568866
0.007505621741082135
-0.029780865536565587
-0.049793110166089415
-0.0027638381720796316
-0.004575123336782303
0.014943773969216789
-0.04649480524526858
0.03205012081837913
-0.031225958131703386
0.029478797951393913
0.0014106722331313928
0.021742419730554612
-0.0073244920900552265
-0.018102959559355508
0.02617402521080657
0.012461714437781194
0.047967539201139865
0.03138772187277244
0.0023973838338867412
-0.02469031015989557
0.0016715424262848965
0.009856334309672162
0.009859586637924035
0.015235146400829593
0.0018576175632143742
-0.019663821285194723
0.001347938970828875
0.0004001457969776005
0.0264653028370404
-0.009101348975550424
-0.02204708726588492
-0.011106620894557623
-0.04391671762024365
0.01778983735359476
0.001654898501000825
-0.006565978988715172
0.02293957387696568
-0.01525579509059618
0.005271328199836708
-0.07027676465746915
-0.047816980995588856
0.00256884939018546
-0.013692032103955865
0.019684931285558076
-0.02540295628941535
0.0005022615788461494
0.008109473625039033
-0.03657148321555515
-0.023792503126466018
0.008741887170560752
-0.025365353527698108
-0.044180776606889856
0.020876310885449886
0.008669899119798081
-0.033657713940131326
0.028394888355598023
-0.014257392500103326
-0.03308539965546202
-0.011996327398908444
-0.003820400304933131
-0.007376436716314436
-0.014271489311182353
-0.0255022666757606
-0.040281705472614095
-0.002049866491676093
-0.007347730691210635
-0.007063536057534087
-0.03154033283377387
0.009618257922833892
-0.021517827666725695
-0.06106175332168765
-0.0173993002474148
-0.07169753343307643
-0.007016597730108747
0.0347042199244159
0.0029992389841905736
-0.0183065593605078
0.012940206151364937
-0.021625548582181096
-0.009877696391218648
-0.02815485490509473
0.031562314541153685
0.04793603731856304
-0.009811182863699766
-0.024171764108842034
0.12408260327913177
0.0034596782092042267
0.025045561250885817
0.011823540728727683
0.025817919401238867
-0.012750926062687823
-0.014919745672239618
0.015705159932748
0.032095916393363774
-0.007960013694170057
-0.043043783176226195
-0.01873142609302537
0.026797013169010106
0.0020812783731725256
-0.037657426179888695
0.017202833735874938
-0.019917398921887403
-0.022886244244769954
-0.07664951838505488
-0.04003474603005419
-0.022545967541166032
-0.02356217655674416
-0.006029389127957041
0.013748003997124846
-0.00030955351028640586
0.02636752721017769
-0.012914966421098316
-0.008077648457397257
0.04510858958610237
0.02601609494638586
-0.024349071347367492
-0.022273980868565593
-0.050188109400225445
-0.005700159882701352
-0.012678598969547329
-0.007564057642082425
-0.006050918457515108
-0.028027279888149816
0.05202988107697267
-0.06906579583552572
-0.015951617452491643
-0.022220367410176724
-0.031044805266346318
0.01701940842720645
-0.005895600810625761
0.06251997569021721
-0.010003515260584383
-0.006798832130179962
-0.025542436421555303
-0.06341253873235583
0.03639830672700509
0.0004893424524075049
-0.00843600087895261
-0.056685755869737425
0.0010714257062119776
-0.03392702155602468
0.011356383334760137
-0.027490298529538163
0.03597503080762607
-0.018230407524002075
0.006985267310467908
-0.02124997717515369
-0.03119319956344115
-0.016211940020666622
-0.020486707174503554
0.01910228041230695
-0.03595070948066809
0.011510459772372575
-0.03604574300574548
0.004776404830269833
0.007172687992695788
0.06934316771947718
-0.028403987363425268
-0.008005692433934423
-0.04351420818796829
-0.03407826715798056
-0.015052881645445855
-0.02358270698593862
0.026633839787810573
0.003097878139238633
0.014608133549844958
0.013065778467432022
-0.0766920755400944
0.014953558578326684
0.019031851255460752
0.0041693057817620794
-0.03780511827171205
0.032442540577837096
-0.02340762600552195
0.012468578072658255
-0.041186755887281615
-0.001224469806703431
