-0.0003388762461648845
-0.03085780887126221
-0.02768447150190436
-0.041204551458166365
0.0061226802752247485
0.029935456510487388
0.012168913867279835
-0.0017495381308814712
0.024645177262072406
0.06915380674170354
0.023653922268443452
-0.011714416808331553
0.03273152735239403
-0.010413298726296967
0.0018931386459060135
-0.021534278426089144
0.04451979983427133
-0.00897208240476215
-0.007737907788764644
-0.03661678366190695
-0.004460494752221975
-0.04593291117431813
0.019218419345384735
0.00023837515206184218
-0.012124982126295989
-0.006391393481539374
0.04922400834723334
-0.010565137167491793
0.013715606064986252
-0.031698694318474434
-0.027153520963844442
0.06609325091988875
-0.0255267954112666
-0.02157958584286743
0.010853529470082744
0.04073209804957622
0.015844693428089442
-0.009416676752048058
-0.02623366880357161
-0.024900622229986846
0.0039012720978367243
0.04656117682895726
-0.00786401330005843
-0.02571212722512005
0.027548848944491926
-0.03361670238248382
0.029049572579139066
0.01872493259766875
-0.01805728180473466
-0.015799917945853163
0.025131478156305315
0.00956320279922755
0.015254652298882943
0.009756449207851865
0.051367433551973006
-0.09042932546739639
0.009078198085509161
0.022188695369965143
0.04461664783395372
-0.02294814249826786
0.014096761771560983
0.006383531984848019
-0.034209506257189375
-0.05518516277333456
0.006887379195355189
0.009487317889359519
0.04933651556271963
0.018263282158466003
-0.027087815182842458
-0.010740655617147222
-0.07193125090095621
0.049315471739989146
-0.017247634393271906
0.07064595834532716
-0.015433908312258975
-0.01634029382796062
-0.032773890153149264
0.02130696974042344
0.0006096408376002669
-0.014848578141006227
-0.034810276101997016
-0.04460688942333268
0.010134824657970347
0.03571302176152516
0.043669561109826255
-0.008946198983104324
0.042474963549375355
-0.0016213156577916694
0.0043288570974214955
5.955932084380831e-05
0.009547705291683183
-0.012214422661752218
-0.0120987688502191
-0.0034293430245147284
0.01617116362303708
-0.011753008495693523
-0.02499015211196276
0.005721318465050956
-0.018529355864060282
0.0009510669918186861
-0.024976793515982143
-0.028342192049538542
0.00848367806807118
-0.05470697376518577
0.005901842229431149
-0.008809113337948999
-0.008903095823483836
-0.00252913598348371
0.00014684145499965412
-0.004597079599180068
0.04031160638208887
-0.027986335528769418
-0.015575266391724333
-0.0034389785442433683
0.03209774346646146
0.005646491201503542
0.03782358020857838
-0.05156143772273788
0.009584335335087268
0.002862963834128511
0.04303974720799052
0.01451799440672284
-0.016785430701268512
0.04789195378647596
-0.008483809070585492
-0.022954994057076107
0.006734639713245326
0.03656376267867171
0.011172657732613018
0.01018120882728942
0.03012213901948148
0.021764625146884084
0.0034499776376131757
-0.005724377754927831
-0.050536753305376096
-0.02528352416178863
-0.009995684532806592
-0.07205873523019303
-0.01584206742121451
0.02968741912718065
-0.022643010643353313
0.00777136871906023
0.025989692537761424
-0.00323897978152088
-0.01700808712229088
0.0272173636278366
0.04737033635715943
0.06310836194582636
-0.006614731686413253
0.02455781844004193
-0.01680741031625246
0.0159955746985859
0.026624619552365125
0.012958512031133943
-0.014026721881346755
0.005944671631270602
0.008579329420883953
0.06802480240490108
-0.026776288086222618
0.018094895348872434
-0.04848809401620785
0.024407872307617425
0.039833805359605366
-0.006817157636549676
0.02399073068871947
-0.007643341777297896
-0.005186637966652467
0.06265129194886625
-0.01856248455628575
0.018236850942573574
0.008925590257749987
-0.006085093485159658
-0.00965118406545143
0.02598836488793978
-0.004955760630365393
0.019961247784735004
-0.00024121401764811242
-0.03972705127870964
0.023293518139245024
-0.05882361568951187
0.01103081317301419
-0.014194402404408888
-0.013242601569005552
0.006682571093267917
-0.04031358984877604
-0.06921871524356
0.013018231446551367
0.025205562523776374
-0.05201128028758982
0.04629809768215379
-0.0295908564310591
0.05799651483702609
0.01524538229436485
-0.06155969921026033
-0.024349931172329618
0.046689333918984666
0.025172152967541057
0.018477518295855318
-0.01784039946713286
-0.011113050930507604
0.03628975223948711
0.045996027655642875
-0.043259884486581426
0.016177494843130535
0.03886251427806758
-0.004150381868201145
0.02994261595838112
0.03724292318013534
-0.030239020750472162
0.01195024747546542
-0.026702520394139263
-0.0394871248642899
0.007998297948096086
0.021264482569856722
-0.030128117727985695
-0.030333313260496066
0.041331197868773005
0.022147795158401245
-0.027296531158315915
-0.005562257843105343
-0.04640787947102954
0.0015924708693415381
0.014621645456563682
0.015567489367991983
0.01674329036980058
0.010342872596773193
-0.03299403022031318
0.03564116357687452
0.016241260411985994
-0.07094357720250474
-0.012741972811505948
0.010091764592648432
-0.008491390969479717
-0.019250862328913602
-0.018021914643695316
0.03583867915352063
-0.05297437224539402
-0.04486032109801676
-0.021383756484402428
-0.001543948709584974
-0.07017452006774436
-0.053861284696695585
-0.013427185710377052
-0.002354597999102332
-0.014484931147671262
-0.02675143420420221
0.05555538210821392
0.004411442144000278
-0.025847940808282524
0.018064947274246356
-0.053539109231876214
0.06378219657441841
0.009850991275340538
-0.035556334524458465
-0.038341938886545926
0.01086466250502033
0.0156373542028985
-0.041721465521434714
-0.003140851155366492
0.05034633130402986
-0.01053459983752008
0.06398260495111939
-0.012251529295892325
-0.05976179208565229
-0.01723931565735422
-0.036049356721238456
-0.006371300531551205
0.0015419671140263253
0.011778943364819203
-0.07079634434101338
-0.03556502651006166
0.045016779629004404
0.02823663921539626
-0.03504523993265163
-0.0046256966459059055
-0.0025919638956172445
0.005821676780254618
0.04916351921675816
0.023195814358810244
0.0181254190161323
-0.006755929775742711
-0.008694136343387383
0.02968055977640757
-0.0018231127740544733
0.01211852803066431
-0.019354754862305222
0.004230242211682664
0.01308796752687613
0.03606434620639821
-0.004090321053456944
0.003592211935367024
-0.006504334380868608
0.006862703816957439
0.03995031831390518
0.027595435141239816
0.015372245545320106
0.005588438344874161
-0.030022307894121466
0.0524658176361505
0.032440189196509484
-0.027455520826843362
-0.015926398125688992
0.015041770775057858
0.017127305277513813
-0.029075543099124867
0.044900920052967454
-0.053506278045085516
-0.005337852594826298
-0.11621597153633866
0.009207274931921448
0.028899700251808127
0.0020697039590108417
0.029250604911742823
0.04015870502137716
0.012188110023448847
-0.0126887351761994
-0.010513063097571152
-0.01827191106546492
0.01597070559070498
0.007232813457301476
0.027099522163874033
-0.03918053448375328
0.03121467464686574
-0.022178571259473815
0.02117927667121983
0.048403686233043516
-0.02209693469275441
0.019165094583023803
0.03167357715936328
0.03615390711761446
-0.0182591896315429
0.052451485293341586
-0.006210168336209117
0.02576024564673593
-0.05358753923546799
-0.039293736182616425
0.01970053454106959
-0.024722551620450593
-0.03668540603700309
-0.0059633530209545526
0.009685826075426555
0.012949472046080147
0.012648051867072222
-0.022382260073316153
0.0015892334095100695
0.004101465401438205
0.016755059082971934
0.00830003072015163
-0.0012261240090377624
-0.057028101748410075
0.01666256651843568
0.026069322913688926
-0.05064616015096546
0.0374261493714476
-0.006453718643354817
-0.034984277161879546
0.03819802560997917
-0.0431841298474767
0.007283244247449297
0.010379977035614869
-0.0053407979825757955
0.008412064945002434
0.012869733792653396
-0.006392158158326852
-0.004228633780618656
-0.05877025711045964
0.03362225997184098
-0.006831192787870845
0.011485004580800972
-0.01189139889379062
0.0026692122595821984
0.01726954683641598
0.02996698083030512
0.0370969998590006
0.011212974874374797
0.026012731828953205
0.008265526997595316
0.010101890610467283
0.003064973155916407
0.00644551981256354
0.0027146136107708122
0.014584445859757376
-0.019088258404160955
0.0032199984784911147
-0.05402093418537382
0.01668721297018946
0.004184484907146022
-0.02636607491603338
0.015488234493747734
0.046149497451717064
-0.060392454342549
-0.022270501151766507
-0.030117106186843327
-0.03419589077784185
-0.024007920346079497
-0.02488866961854714
-0.022541172133503696
0.006606760582268642
0.01588160671423073
-0.00930821071898293
0.03253531526599017
-0.08141399038289837
-0.04701446459144339
0.007747997845415505
0.020627956102932537
-0.048890750389868856
0.04429597797299311
0.04290290295565068
-0.028965586313517207
0.0107825177194305
-0.025560375580947616
0.012376929614080132
0.005212914748326992
-0.05070997561555994
-0.036571402718070155
0.04710384563663564
-0.0028117976379905224
-0.027095007422269047
0.02233110062160987
0.015249218108795475
0.047455915452100844
-0.0413394702864975
-0.018618995889553083
0.043771779888666776
0.0267002780842215
0.010039318602350938
-0.016122130196733028
0.01817605239669639
0.0589161409534195
0.014902046389001786
-0.017102249691083666
0.01729617949503273
-5.416022263885818e-05
-0.008031934060295377
-0.0108851198763131
-0.013521010630289926
-0.00836930891388235
-0.013087244166881312
0.01898308158941635
-0.007434306935526022
-0.03552857957698321
-0.004130718442065192
0.023558807370839686
-0.014781032511602456
0.03724889003972609
-0.003945959897801375
0.005416838259473129
0.006086809256727748
-0.017793952023949948
0.005602951219976843
-0.037199708365219165
-0.023663285268960357
0.009377236285627725
0.005264548278452372
-0.004080754050453954
-0.02488898692953045
-0.04022571651418426
-0.07588270204645002
0.006732779961467923
0.016263157926121413
-0.018270665781484705
-0.022418499431768327
0.0032917398730108157
0.0011896224614524244
0.030033399491942822
0.014426320235939058
-0.010964565926036902
0.00044631827738101943
0.05755174226988063
0.030355357664386136
0.013711383752932009
0.025417474805466498
0.0056712998039135775
-0.03538414486385461
-0.009458974320817888
0.020512464632982556
-0.012591707266416226
-0.015039177020629197
-0.024343556219188357
0.001529659022849444
-0.034055149134023334
-0.013708973140735275
0.00323102196842853
-0.01618838582107004
0.02571761816738232
0.0045215819085173675
7.095032913824527e-05
-0.013899075462874957
0.05206960259346995
-0.02550599593861964
-0.03684117919800608
-0.02412589309774533
0.010902609002109315
-0.006957210710133526
0.01590868333619236
0.013192233539702242
6.734737150854596e-05
0.022559201932844254
0.046762001667014635
-0.005953876112717381
0.027804489254693695
0.03126394591113777
0.004306629868312297
0.04173569968451295
0.0006820364801856891
-0.013080482044263157
-0.08815889694187237
-0.0064413986805746636
-0.00850269857192924
-0.028979667230822705
-0.028135717490189588
-0.003975390110826091
-0.006451928606290145
0.018624086084582513
0.01405614611748025
0.016141024377209347
-0.008178702336677137
0.015450631642612952
0.035438197425552896
0.02750283210565929
-0.009571951298531198
-0.0037508595996791957
0.016326389189101335
-0.031049178430742237
0.00019532223245900004
-0.013463368224501768
0.033157844216348584
0.028511627182737653
-0.01202808676768563
0.04281437826471784
0.005405289601105343
-0.008585974904892994
0.025512968628199205
0.01588857183835781
-0.004318658766966042
-0.008247484334410983
0.003012407520064587
0.012088506562987232
-0.018408999486208322
-0.03435948726050368
-0.064607931653978
0.009782664448307927
0.0036333570737036784
-0.014236388933676595
-0.024350760756115655
-0.0032859406948135637
0.030000842771448474
0.01581428468052727
0.0017944004044252186
0.01137801344810193
0.015027573775572506
-0.027549942427533752
-0.021431855928727917
-0.005528374641341978
0.005391804638213514
0.010645585343150618
-0.00818703554696975
0.01000214848442743
0.024793484176246466
-0.07402117178605444
-0.01897034725549726
0.0020685607245277565
-0.007330161854071155
0.008829851680269948
-0.018281449061971978
-0.00012971413699365745
0.024762306322276235
0.04998229551014741
0.06211022458150078
-0.036584027594525934
0.0637145453025292
0.015408831933567745
0.049180920546203565
-0.018041292742386403
0.01971770006204584
-0.008988108379805675
0.03843786270524218
0.014839295430675727
-0.0002817760670089752
0.006266773846891026
-0.010260276974670976
0.04651706567841495
-0.04624679183093284
-0.016778728381614004
0.026139867454314847
0.041998956982052506
0.002694563605407446
-0.045261372544237656
-0.007251531339778523
0.002649274276676737
0.023844931042676685
-0.02449978933089789
-0.010630464946931952
-0.010068345929903634
-0.015828126934522305
0.0005190388006122599
-0.035750476177509906
0.016194148008658524
0.01342997373330952
-0.017247575086214384
0.001842857529007397
0.05325148025173692
0.015500550156706615
0.0314352066431603
0.04539751162786484
-0.008530932224268433
-0.006785010672468807
0.02775068235420566
0.008536728854404358
0.02233270030325981
-0.004215246237545973
-0.02193335861504184
0.0447973108751753
-0.06190404799971494
-0.0741357292660292
0.0026043478538938345
-0.009873221694922978
0.022689715580706673
0.005989821821274277
-0.02262550383253767
0.013227750873153412
-0.020459897293644728
-0.009243512863666013
0.01737622858356345
0.013117980609466975
0.0004858532345866326
-0.03596728106243363
-0.017433117215867693
0.02451649129145452
-0.04027903745374264
-0.03523196227106903
0.04410438828303007
-0.021987479321695196
0.026009633732275796
-0.010721871052591505
-0.03351845368139773
-0.023481348732365192
0.02317937037271145
-0.011949655743151901
0.03095450714120893
0.005043097189265506
0.026269717301577622
-0.02882130822351976
-0.05401620511733084
-0.072023473439849
0.02980785925621167
0.01367056460524581
0.04898561644422603
-0.01191532840616353
-0.06468631541239843
-0.07115937935570182
-0.018509917791385812
0.006704420248966128
0.008293404754889551
-0.02934520348827645
0.04867827073297168
0.04817541551270722
-0.02078348887106192
-0.09131132605993596
0.022125656188211763
-0.022996160111355607
0.02071687855938596
-0.03987319365010211
-0.0284650435024577
0.008951560683544243
-0.00915263383080739
0.013827965505223482
-0.01996618062275581
-0.01678066614886965
0.0006180143282188808
0.002268098691490189
0.011914996666523311
0.01734525968571292
-0.0329441602004823
0.006621567480962016
-0.008518152103349802
-0.0034697629554938615
-0.010416058022015166
0.03610160474169292
-0.01464495862976968
-0.017204852634250676
0.020066868873547236
0.0023894725576408863
0.04115819465615576
-0.011078408425596783
-0.019103971186941175
0.03135167604460359
0.007751995074231277
-0.06056069259177176
-0.04921551379393473
-0.024753906691909928
-0.02077826435615072
0.015858407767401703
0.05896803521588317
-0.022504393979562543
0.00482400382617565
0.029726457174097744
0.014640622904297315
-0.057443640986127587
0.039110908662634856
-0.019945859050682864
0.020939564847065776
-0.05226316809546243
0.000261261151006731
0.025919284918795908
0.0001253385958558406
0.02330159625868045
0.030442730225955558
-0.003022703704099733
0.055279962040283036
0.015740491772624685
0.024454044486142613
-0.028588763898026226
0.04139225490026618
0.04140367138487061
0.004728725777090888
0.010578495123095475
-0.03236996134635605
-0.004944219042498838
-0.006055571213671735
0.00973006499447237
-0.022028778738619234
0.025475797751282503
-0.036518512837922186
0.04352627158620919
-0.02051424946551401
0.016428165678934858
0.021083315985846177
0.006363271034451831
0.004718542022013193
0.027261290756879254
0.005742664084199202
-0.03033879820002818
0.005215181141357521
0.02016503405786234
7.533242185215903e-05
0.032261114241312956
0.025811258997951933
-0.029225700196129637
-0.014130274942069755
-0.00900824491160631
-0.0101793653615409
0.01940655968655207
-0.005790299354048062
-0.0002179059036707407
-0.0004664634813684236
0.014441942580420537
0.00387587267110494
0.00357323970548806
0.0034723607873948636
0.030229860861878018
-0.017347660092157553
-0.009565104953780554
0.00043736385392725597
-0.030035513647305133
-0.011374712868495894
0.04962438373637173
0.043826252340464576
-0.020500682091734335
0.05669228521443175
0.034251245373787445
0.02193795294926703
-0.01673459733677141
0.01100655965351765
0.03578054279448346
-0.025192813762567767
0.004088484659099269
0.04230269278709579
-0.006927343625356678
-0.013057408393200296
0.03179065137610317
-0.029402698831010425
-0.0192996518193705
-0.0258543814519519
-0.018206943479790055
0.006465664903064046
0.015846048204333704
-0.014076303538671158
-0.02662264933543104
-0.02279221102248545
0.029199212436841256
-0.002154898053980488
0.023839700231677113
0.0085077705190107
-0.023207064410926903
0.006884254997229177
-0.0020724453947609106
-0.012682394603932098
0.009280132904798009
0.02497911302661672
-0.014723528552920329
0.03142945929858601
0.0010313891520494813
-0.008786743924843646
-0.009985884674794616
-0.005855871451983213
0.025199836716023664
0.005457058017374007
0.03023834279650718
0.027052063272319845
0.03519410381242775
-0.023543771495478216
0.007094478341191854
0.005993664664645943
-0.05558908245871211
0.039253412813304044
-0.010261006069174473
0.0516676664203215
0.01871418705087869
-0.027212329519137886
-0.02030031397103918
0.017539972786121294
0.03263280735967716
-0.016444786661384898
-0.025260436795903955
-0.021191350943832482
0.044222903368605355
0.027540519864524656
-0.00180391821418085
-0.011356510290741844
-0.00635051701377388
0.019703444470930597
-0.008531578982730461
-0.0023444307627461234
-0.04643337452947851
0.008086983936462183
-0.05189632806173201
-0.01791681794988787
-0.04628525372058078
0.025347303920869844
0.034980598363598764
0.008376527920552249
-0.01283276577190036
-0.02084540293622004
-0.022536586958731224
-0.08883799333387161
0.025602764117810515
-0.02621960277189761
0.04510944869837621
0.05139888637220469
0.028155493354993746
-0.031181116461816885
0.00017509883544349246
0.01569390120281078
-0.0018611317775782724
0.03839976704496384
-0.02331801474683485
0.04786505601522656
-0.0011932549726641824
0.008046832837611978
-0.023645250181813494
-0.03574616975372495
0.0012791147989759236
0.03871613072934576
0.004971387492642809
0.036391312459297026
0.0015663316892986618
0.018133623886158436
-0.03184163223679206
0.024559161652797756
-0.01565454885024736
-0.03266714520572247
-0.01996150286030071
-0.05218613250823971
0.03822844594890242
0.01594292939659956
-0.02693979052410333
-0.009189040476829679
0.03291862465535587
0.03920358877905905
-0.01169386984084606
0.006163671761257344
0.0041021471885220396
0.026380848360318974
0.010803950554946214
-0.011323944357513493
-0.007454645535752143
-0.009309735478307527
0.023550569646091955
0.038069807154836606
0.015355395204198872
-0.015049638871450092
-0.021539971438710157
0.027886329104572824
-0.08658592025188329
0.02391420323617168
-0.009705238925855564
-0.019849985361931107
-0.015219796931877902
-0.06189611910976314
0.004260905020311676
0.001245672664795616
-0.0009102910696334704
-0.00452114033786085
-0.01192999491066683
-0.021099502700843098
-0.0036484802587432325
0.08190258697228522
-0.017196022109386016
0.00710540388746647
0.007750745426328477
0.027750530320530747
-0.0287811725849962
-0.004194886228590575
0.05043923656962231
0.013214571862062258
0.020187036244006595
-0.02559579628820448
-0.023511139277303812
0.04611590026051536
-0.020631518981572984
-0.012852118876314727
-0.00720733205198012
-0.03216637938368175
-0.024693293646169658
-0.02558788118714855
0.006623403525190709
-0.06723005903647698
0.02915468424479043
0.017623038844017627
0.004641063486770236
-0.04921041857131054
-0.0454363695188338
0.005494506511735661
0.055378701556598096
0.05094166086010761
-0.01815575773798513
-0.005942239267212788
-0.004293893961534307
-0.01703241597754422
-0.03064482150659465
-0.03147200289635855
0.01364639231438536
0.0002562617739429431
-0.023762872284360713
-0.02311348939986457
-0.043997482369691816
-0.026339961174240825
-0.006424351769919757
-0.022829949727624397
0.027146252265625753
0.014644764107792106
-0.04353651174926092
0.00634961118267003
-0.005568389438355467
-0.06407553657900666
0.027971462545872072
0.02450264240888393
-0.008842445352821405
-0.018827817279406713
0.003786055591693053
-0.018632550363102365
0.019249897599070653
-0.05625298323259718
0.025047531246658383
0.016865140722908088
0.0023158699437390603
-0.026374273369050093
-0.011268391787373511
0.06846888687987752
0.029096648020401485
-0.026236452962063117
0.03044454834121457
-0.014838610026146256
-0.021255515765254314
0.038703731189591806
0.019200822098232442
0.06032315300048449
0.01344022426333766
0.04379716410078554
-0.050571602016893834
0.005785975753973358
-0.029748504987722676
0.008054707157151265
0.04589143138024828
0.040270110331865595
0.049454774597559745
0.031114322442062345
0.0174915970668455
0.004866148014168178
-0.018643391822303446
-0.012382280167505009
-0.014529149436882643
0.0034602155943337333
0.003369383852172316
0.025413851446454968
0.022861923208442367
0.010297040943160083
0.008178676974347921
-0.013924018493674353
0.01199685055354529
0.01677516694786584
0.07402286958059924
-0.004223800397606669
0.025731202166288894
-0.028564113005438194
0.004027253759200455
0.017236587048258287
0.06753970380793423
-0.044633037600661396
-0.008183841569876416
-0.008881507226265392
-0.016267380516874187
-0.028192716155799664
0.03560067483662867
2.9748908693229322e-05
-0.012806919876820332
0.05745542303099611
-0.011844317068445949
-0.045051436773041485
0.006008174222876812
-0.02093122107149127
0.053936178851277466
0.011029213065712466
0.008356806196643708
-0.029885995771966555
0.05458719296274755
0.013546333464741373
0.009420619682578249
0.015192677076862685
0.04437761867817616
0.04694006717326576
0.013483627787593076
-0.026563929653695185
-0.025395259588427883
-0.027037840783663315
0.021019713563332043
-0.009148129839959523
0.012661131311164411
0.023762166474482573
-0.013475598219679563
-0.009017299250791682
-0.037839958765399195
0.011193339503463417
-0.05270305901836003
0.050299521611837816
0.01771661852265853
0.0024323747534049844
0.005583193096566284
-0.019289904723219523
0.019392870949255982
0.021650927562163757
0.0077582330469268095
-0.0030626308096639884
0.044143434331892425
0.0024303581956987585
0.002975731497763878
0.017313510576516374
0.019306896557417
0.01403406583003669
-0.006819111887748856
0.039793280489023856
0.028894972228288757
-0.0015220198321150619
-0.05302599838750695
-0.0109591120890773
0.0005218239422438025
-0.05608976143094215
0.03380944413749608
0.007025566475803144
0.007505313735588515
-0.00693431459003236
-0.0020030569323864506
0.027785752102801053
0.04328378254195246
0.04667586705234575
-0.04247568399807632
0.05837870999470453
0.07350080019108897
0.02201803655296276
0.037282789642025034
-0.001571555539793185
0.02436551660927732
0.03505906800620891
0.0015295239944813778
0.000928469597054865
0.003031535784383498
-0.003604854418956887
-0.01819953156599701
-0.06730912993739951
-0.013910031213602606
-0.01898004075912933
0.012704965525536944
-0.012405610002953236
-0.028877395498180906
-0.00420624523332748
-0.00179812790277493
-0.03976477147494168
-0.035280731127417767
0.0034621211882758835
-0.04281537202923594
0.01385124152017428
-0.006456503268879439
-0.0075703195354663395
0.006042459443934378
0.03149969087240583
0.015301697224972013
0.01211225939141229
-0.03551232429227165
-0.00030228190857630474
-0.012268718105431306
0.03382759682437379
0.0211042244076682
-0.007076741991424011
0.027400995150176327
-0.02977847879386741
-0.03186284131545123
0.030024232591379124
-0.014891954036444487
0.01982333526692211
0.08014196150762294
0.010537541525523348
-0.018232827060047422
-0.023365677692391187
-0.015086407890141732
0.05792158929693983
0.014845657742673237
-0.018509145235584973
0.03524106187966205
0.02270876144917464
0.018807858258112813
-0.00101509649383817
0.04403919785146944
0.0022287372219263585
-0.04546938706852206
0.017714980350263906
-0.006321982027451304
0.01795729456121216
-0.010775534821593635
0.00661044349651992
-0.012613880597445535
-0.05049290366606583
0.012805827271813475
0.05857368696805537
0.03019804240202453
0.025306632308235846
0.013179758155241658
0.013544408294032823
0.0381351128885106
-0.05077784691125749
-0.014233055793935268
0.020480847185167572
-0.018445730163817967
0.08218495402284257
0.006394120619514412
0.01968660113769287
0.0004158531613909862
-0.0063082029334159155
-0.017320129143882798
-0.013506927985591137
-0.0005315691439240175
-0.00936266707322745
-0.02382553827139955
0.03204491180564807
0.0014047756024785844
0.008501250420782
-0.005261797121569908
-0.0159838955201423
0.020664435869394416
0.0060752894680214135
-0.00024040264562293035
0.019805015072212794
-0.03150526424253153
-0.03134802879242585
-0.004368211012404769
0.0585094701303794
-0.01483484216887788
-0.008473372523177753
0.008752916471001768
-0.0625984036004227
0.03458215872629333
-0.0622238152671487
-0.007198657000287984
-0.008400337492160459
-0.00806840556751982
-0.048012465062586995
0.02152077459854815
-0.004240230900256905
0.02090515059862911
-0.10001014377394439
-0.0023835271848241116
-0.01989399088482263
-0.009245284944211828
0.009165495507777217
0.010845853721388403
-0.016829096801047688
-0.013183969524783588
-0.004977519383150644
0.005750811481190488
0.014834765687997626
0.036196423928372745
-0.004487266114354354
0.01673345475262743
0.015347849899649027
-0.03461288735473419
-0.011104179310379138
-0.010869794543603073
0.026204067817109444
0.0001471912964829402
0.003106664737621319
-0.016469963776512882
-0.006265314701581669
0.018666847265941883
0.048774620046526156
