-0.02126236385195983
-0.0330188823833614
-0.06465502200525995
-0.013736861104575572
-0.021814391930563292
0.022281053759456753
0.004847761443629181
0.01460104672107773
-0.019029240460819306
-0.0035837173320694424
0.007568413062790851
0.030947860855997815
-0.01504744719398031
-0.0007157524631684273
-0.0386217756292556
-0.0037233191720852056
-0.0037046982444508356
-0.026219989949475216
0.029483167943956664
0.048097857388006884
-0.020643090107120433
0.05254258549015473
0.04361296696003647
-0.01107524100670441
0.01631605147887773
0.04360939273017035
-0.01093273197102835
-0.00020347244318064304
0.013049813007443465
0.0404441073773731
0.005424314377461832
0.017509868512981162
-0.03413802817300344
-0.015193982153671012
-0.019576802557898985
-0.00044797644414054313
-0.012935413401159643
-0.01053413765720112
-0.02973542855248708
0.04625595027894796
-0.020098449958472236
0.004542821807136495
-0.01397637551703067
-0.02849078349573515
0.020966963792640493
0.0007013351500749184
0.027604419512293272
0.0038797796812948685
0.009316700078138932
0.016219210735057662
-0.00146907756358104
0.038210639473916216
-0.048875272890970274
-0.00820308165726287
0.011887987423350115
-0.024572415548077476
-0.0008838031157521393
0.017769867464832858
0.0047467727604685
0.05443704568995987
0.008558540601491051
-0.016785783096266774
0.045080388787784226
0.002038742794226003
0.02046790516915254
-0.01484625595945541
0.0037804870151350255
-0.011998115694975517
-0.003825695339527258
0.04102579984196509
0.019995173510152207
0.013517708311929694
0.007700810966996814
-0.00886714036386215
-0.014247943394111512
-0.011987206693416888
-0.004490336921749961
-0.0020910715621264243
-0.005173386285354987
-0.0313942869930379
-0.03326448641215405
-0.008482100250766934
-0.01920820204273602
-0.03430109273261713
0.016106910440844596
-0.0007368782110268534
0.01753722149986283
0.006683095770729021
0.007532679120548405
0.01639256271874145
0.0061977833450473875
0.03536310768535584
0.021459039544088742
-0.020321615433638432
-0.010078737635502372
0.017712572362370546
0.03861169810533543
-0.019063055707380195
0.005831362847075154
0.037777164538178434
-0.03265596218313377
0.01284498843068344
-0.022100313614792855
-0.04787272294915468
0.006819539219077258
-0.02413499380542374
0.015933214968891066
0.016233917517386207
0.0033970454383966354
0.05760118702542032
0.02124230684387918
-0.035407614059386736
0.056730834649753314
0.011688725963349206
-0.0389008146145469
-0.0018745460076532896
-0.003709218501653294
0.003417267622432127
0.03612830161298757
-0.016644172918293447
0.0246555876472591
0.03769185890960061
0.01135775035021841
-0.005167147146212776
-0.0371240439819538
0.0005465465754622966
-0.02903077508437691
0.047081662495405574
0.007585911064284671
-0.01029053721615908
0.05933761761353317
0.03698024849737933
-0.012467376077935093
-0.013728055999794622
0.019978260513126362
-0.004042449321405338
-0.01785988345692335
0.03291967701614508
0.030340352265993326
-0.017785580457914993
0.02256111830716375
-0.009470186095799273
0.04852437168707308
0.01882909606456363
-0.016351451283993457
-0.0009226210466409578
0.041888863376447566
-0.0002659349695521056
-0.03178929909019706
0.025141803012885034
0.011926170585946035
0.018539176493289164
0.02388840542052298
-0.046892318784381486
0.006199902190016311
-0.0044451116680977116
-0.06599746726756328
0.0021404575543354353
0.016661779053582335
-1.0473392563029788e-05
0.009981967354478895
-0.018011964378426056
-0.013895253961212568
0.015543784010290097
0.023675189235621733
0.00947604139368334
-0.031875039672855716
0.024545403155687862
-0.01089334598418824
0.013036273414986596
0.011092178644552704
0.03566393629127464
0.043430201441911544
-0.01368202926495378
-0.0381551374980036
0.013890966119531098
-0.0009055239927112242
-0.008084192777493237
0.021718260317309147
-0.02265016338581314
0.018706238594333336
-0.049191586851063104
0.029114167353360355
-0.08737641372102098
-0.017397029479156886
0.008620829925907481
0.031321227807635126
0.0010766161259237426
-0.08009345540422087
-0.009654420789632507
0.058465247028626766
0.0277327976830176
-0.04795639012902976
-0.032739101006150705
-0.03415700712498441
0.005948939486020863
-0.04168495073836924
0.0184270077025281
-0.0006171263821630805
-0.03819737256349776
0.01523586757043263
0.04467925796226658
0.008016633046331212
-0.010523218451467285
-0.006100056831920054
-0.010875048621977345
-0.000684832342952051
-0.013155597579759854
-0.052248669465994456
0.01008267783544479
-0.041062634455087815
-0.004228227975044006
0.026358201391561434
0.018433675881184268
0.012724830977980937
-0.013515998075098741
-0.018103275864225745
-0.024433514915482756
0.01792606341691417
0.01598576610740357
-0.03945233076912894
-0.00622035531923104
0.021701613011262656
-0.027864417845207313
0.05274235089173168
-0.027175067972881713
0.05416795525731852
0.02429954690135503
-0.03190451782623962
-0.04612579164150033
0.02957803683479289
0.03389847569876796
-0.02614026562966566
0.035370237379883755
-0.02438319915786282
0.03397254116207784
0.01700780668427163
0.04518283531952592
0.012302665070941878
0.0036455519298722663
0.07887930176767395
0.058693558151697196
-0.010690587442039675
0.01015769192899211
0.03079138763973523
0.01873833473354157
0.02124278619156369
-0.013641214404538563
0.04513262212389822
-0.02480155894132099
-0.024159704785977485
0.020410565612761816
-0.0043805468245020915
0.025579034100215694
-0.009949196472659409
0.007162328598993981
0.02063169475339546
0.007259852838791629
-0.034072567751590996
-0.0418925526265371
0.02365662742031451
-0.06956590237033577
0.0066380457366246
-0.007426936121582505
0.00949301262812672
-0.061237501311772566
-0.021049181997292422
-0.010738963930596004
-0.009004870710781036
0.04432626205222898
0.007830395985674296
0.08013023876806234
6.723796538732398e-05
0.020884648978742437
0.023277639109421332
-0.037943408215381925
-0.03804218146277735
0.07262939088098122
-0.01862292684845127
-0.0008288022957384794
0.016861451125053765
-0.0003304509200540311
0.019352375712967836
0.004140499889494061
-0.019436878831057068
0.027417389723045662
0.04224029975794348
-0.024336638382169307
-0.0018527937212269874
0.002657181565117489
-0.025630279145016074
-0.011720325002757522
0.01991336355420624
-0.02771813798591209
0.007513305955264985
0.019246149627342942
-0.009833075691690446
-0.019736018474769305
-0.07041763563433151
0.029226095514061256
-0.05652150067532788
0.010523364822635781
0.02346978062414638
0.02226114707153427
-0.010087353215018389
0.034042048586220945
-0.04961101711163558
-0.040803819173566215
0.08523401102534536
-0.007173247432846744
-0.008316451684888329
-0.05807822459285362
-0.03881249025219997
-0.005591496778016006
-0.027984716733749988
0.03154314436086211
0.037188309011143936
0.03077623029513009
0.02263631717947743
0.022922124058625388
-0.020939727302993812
-0.03295287313952222
-0.02232280169444045
0.02237154031639955
-0.002756542357672539
-0.03309007852967672
0.014068894419541367
0.006490662247145625
0.0100258477213936
0.05368037182200727
-0.0235577202382619
-0.056714603012945126
-0.005551125158928968
0.01742739767151973
-0.06503030767302262
-0.02514893159359078
-0.016033798755631053
0.01131302413378715
-0.05126593632775301
-0.002160962055531057
0.019285481072634808
-0.0016612574341913534
-0.0008428421103879229
-0.03476349395462788
0.010829426100762414
-0.006220468740141332
-0.0068547614806646956
0.006227109677722265
-0.02560659514366917
-0.005317802992276267
0.0241567115224966
-0.005858610729338633
0.02016442138487046
0.02934308250378738
-0.03277890528400924
0.008167370641060247
-0.028194149438543505
-0.028996302205214798
0.0049973459720706595
0.009433314875498056
0.02361617789174976
-0.012913182796195256
0.02787569196902778
-0.0357079354247514
0.05317539017308538
0.034120504762346765
-0.043411472054332184
-0.0038937876270362455
-0.009663154634310974
-0.012025466692804788
-0.009733380000359424
0.01880059506915358
0.04207749227799738
0.027112804088236665
0.005321077535831622
-0.02619549653739107
0.05579764233345643
0.05804383300918621
-0.01538493753498514
-0.03185348638778593
0.015498483077047286
-0.003327157042546742
0.02641130085150534
-0.014865804528853215
-0.03531205229537285
0.026193249646410472
0.005206577162632657
0.02169829567424686
-0.00458752566318117
-0.0025579992549866933
0.05212510828355253
-0.010596861110634528
0.004111136755514707
-0.01508988413967073
6.675857057106815e-05
-0.004544156977083037
0.010962341583407961
0.004709382770308091
0.045420625836555865
-0.048329047736363186
0.0057877374025598685
-0.06269357793618409
-0.024360529648489775
-0.0108470227097473
-0.007827697022042415
-0.026292033417571373
-0.03503869143157244
-0.00987194499351657
-0.007164853969987732
-0.0021946442429247367
0.032924750246227125
0.008573621051115978
0.011412801902236291
-0.0179564626185486
0.014511250214766588
-0.018688503038265646
0.019945089787903887
-0.0058867288163021465
0.04334681731056335
-0.04011116043473569
-0.035768788195778625
0.01617929163759269
-0.0026316530814372717
-0.03375843373535865
0.030306434465257416
0.0163296185890097
1.633728761825076e-05
0.031857198491917475
0.0273314128221068
-0.036705750400576526
-0.012653315731516193
-0.0018206555998455042
0.03415649088498286
0.003866412490893099
0.025963392163136555
0.005075048124064537
0.020910489631105034
0.015284102953087903
0.023322879467584476
0.02309829087897162
-0.043977113691370966
-0.014113618063791246
-0.02443394604923045
-0.025078913999622365
0.032684708325122824
-0.02176626883985062
-0.03555151638310723
-0.009690672497245728
0.029520977172835475
0.005821410344008643
0.0754161530436372
-0.025295146329296508
-0.030662753838263453
0.0053331723104675
0.020936539687389375
0.0401530651916998
0.0033624318850289923
-0.01848585471630717
0.026060870777757504
0.023764526884632528
0.03463663079791679
-0.033298163937746775
0.012579461181897308
-0.02652134374889088
-0.0013083574463556163
-0.02602422266436878
-0.027704139819445906
-0.003755920705819228
0.01129299238744977
0.01722945877262132
0.040649512004711126
-0.0194161784361074
-0.0085613759860357
-0.013912416167047404
0.038882114258371105
-0.03618019234395119
0.05532558164785158
0.009886808494226226
-0.047023153814572935
-0.06758360621618198
0.02537551282307041
0.037519973025433556
0.027977029679346264
0.061148154524112194
0.0394429378832252
-0.01233004038604661
0.005776687126223039
-0.02695171186355128
-0.005139924219406403
-0.010408270045071026
-0.0010773335126371898
0.00218729822409794
-0.025927902046396573
0.02536763559558637
0.00905265025674944
-0.001956272204726843
-0.012748040444880161
0.05529650470465561
0.06375469752456076
0.02676434859718583
0.014391594401231472
0.01817716532235179
0.040893680098164006
-0.005557731852800031
0.036282428124553616
-0.012829827384489342
-0.01941063422478358
0.045236602173461156
0.022453804726822738
0.026921426756308955
-0.01203969088857284
-0.022313292182425136
-0.05109022703650865
0.05993111502626102
0.0283104644191389
-0.0008970218074898277
0.04352771583760166
0.0006148279566010949
-0.037642704081361646
-0.001064143025417042
0.023254673301476934
-0.0019316894259646584
0.01009098237335528
-0.054404683526121975
0.015298703084313582
-0.008081230174070149
-0.03521650887331397
0.012130201496988678
0.0002105069901658058
-0.08290179767529988
0.05043860827319972
0.0014754035652678552
-0.03576024525283003
-0.036660927242533774
-0.06139149488721337
-0.04570987593902607
-0.00821093014876714
-0.006614030428405455
-0.009629379757393825
0.00445671097019342
-0.010849356071721604
-0.03441938609176027
0.0025978421898007983
0.025966536175983997
-0.0021605141364057856
0.0667951133645999
0.05070929744530351
-0.013290027808470054
-0.04143735606798183
0.02441046524446899
0.03517278178548427
0.04013490261460229
0.00997978188348609
-0.07626768768495465
-0.00452394564749821
0.02070568574945601
0.010406699521885415
-0.006585914304142206
-0.04599419662301753
-0.024572614145992707
-0.015486391949964151
0.0009342462352026018
-0.0023488231925262704
-0.038310209274561746
-0.015265537584118243
-0.001616821750266866
0.0048898538129021046
0.0037340035289612026
0.007421184640602063
-0.012680289553497608
0.02577513051159203
-0.06392473856639957
-0.004131575380697687
-0.03198251537785139
0.001885362375257774
-0.056423331581765455
-0.0064437169467812
0.018125958661911582
-0.00781810534320433
-0.027321118566767617
-0.0372629938119448
0.020447832758400897
0.010389681737726197
-0.06452450870420912
-0.016109204703122684
-0.04089521980683473
0.021885974234730272
-0.06030084647925904
-0.029173064111927955
0.011920222867671092
0.009999690068484285
0.038036407779123545
-0.04821834403432123
0.015068908180313544
0.08802732538819687
0.024262850888675757
-0.0039104886988100985
0.0070342438733088115
0.012139115983304557
0.009975845484327464
0.010932137428183171
0.029928243277519504
-0.025393364406405158
0.011348632940304214
0.003817700647194084
0.00021503331848308582
0.0069933397439243
0.012990400785041883
-0.0719348420406381
0.03295382064924558
0.04125726251673063
0.0031250193945165042
0.011154384249561411
0.08122970398413386
0.029655696664090937
0.012680683336659384
0.03483766777466506
0.016920980058627463
0.0031489786271227567
0.01120200452106843
0.011794652720889346
0.01838113821900545
0.022814760213995446
0.031011851174605524
0.04960261643225364
0.005262312565319968
-0.0322877244735616
0.02335542912369991
-0.036720860743788525
0.06463447119979995
5.0922810331511444e-05
-0.012086033802574357
-0.02206889026348689
-0.0014771072158400462
-0.012434993737798715
0.009644044752461466
-0.02638960841475808
-0.000252144356946731
-0.040299395213094294
-0.03894538546354404
0.0019245998731788527
-0.025838986739295206
-0.018967987302382285
0.04375918814588635
0.004805583002938499
-0.036842398684906415
0.0547112070563074
0.05217939622149146
-0.0096835759445261
-0.012141144428060956
0.0026968836208291387
-0.0073336397872438815
-0.018803527900591248
0.0007258950530538844
0.04915166363427997
-0.018101361273819765
0.058928664925004495
-0.04147647924222864
0.08333935159973374
-0.02298853310353269
0.01318441062061801
-0.005021555467129295
-0.027640031663137696
0.006714132004965917
0.012044833998692384
-0.05789285454333476
0.034180372710052476
0.00950424253931964
0.03496122580618258
-0.009644482594139874
-0.0038824806312448955
-0.026562494804152507
-0.04287890373700661
-0.05811378519640275
-0.041216871163992114
0.024847043814015337
-0.004065262547279656
-0.010529231362404334
-0.0475677062913793
0.01808737748727932
0.04709348478553
-0.053174783088146174
0.003781229302038828
-0.025725187124076836
-0.023232044282018624
0.035212962535366384
-0.017119430228700102
0.03597609734955831
0.01703363219809254
-0.006407818193977129
0.04653081980922243
0.05295998615464035
-0.014282726834767763
-0.01816985081831485
-0.04606317227883903
0.010991303459619283
0.007469737671948843
-0.016352904681319093
0.06096982751589276
-0.005927209005260656
0.013052523907161275
-0.00853135776340032
0.018271281669144428
0.00680215205470228
-0.003554590803017241
-0.041471000447320674
-0.0007242499670468077
-0.020960785329392682
-0.038786005972693376
0.021893025212740704
-0.051375066404267374
-0.023846234127894564
-0.021355746266576367
-0.01880168502774835
-0.0013567140774005779
0.04433261617017917
0.004059913383922218
-0.03732233387688747
0.0011516632985568266
0.013625235516648295
0.031544514111412576
0.08269271058312887
-0.039988997505224444
-0.038181952384252704
0.033447703485976754
-0.01382301623027281
0.013553841414576816
-8.643239322403938e-05
0.04923381047747603
-0.003464271695021153
0.012090683974290228
0.003545472487523653
-0.008310062109118489
7.019032173626812e-05
0.02620587179800978
0.03353415322567553
0.008278409922993417
-0.010282523297341776
-0.02502033117612545
0.0012015144816998813
0.009043588357841728
0.02201400623773901
0.008386488311824715
-0.01708078519436775
-0.059031814235066524
-0.00861824091848408
-0.021032161094167605
0.029303214320250633
-0.023952845545164563
0.016689282814694638
0.00637095601117014
-0.0013400122131672952
0.026476763863621734
0.005347005687668962
-0.06060294537812616
0.022915672883722513
-0.023467259233230706
-0.007286385692594283
-0.028412229362984976
-0.034523595215688006
0.01514141343319835
-0.08023352209733162
-0.002182781270443279
-0.010534381642868233
-0.009428244494265013
0.013619158948987437
-0.005085407643651619
-0.013070942281767937
0.03956493914349455
0.009526215341316951
-0.014433775453188274
-0.03980219593539544
0.01851996478905267
-0.0035398599446956843
0.027774716695966754
0.046152751677460226
0.0333536272908266
0.0010813892586413916
-0.016338264989773973
0.016697941610679543
0.008819657244146394
-0.030237388488389434
-0.021861990509224615
0.0023613263184271284
0.019732494224868495
0.011981670156840313
-0.0015607488978869241
-0.014428912590697594
0.011898666551984485
-0.03416541756315359
-0.002116544608113208
-0.0365377932703063
-0.01967019233420316
0.010295273767072554
0.006827333572518974
-0.055971198429873116
-0.020397214219966698
-0.011148489930932773
0.03831046002772288
-0.004837953245643439
0.009755566551358197
0.026208813325486736
0.05807334669127051
0.0220400167910731
-0.024490887445713115
0.03874283477252558
0.0009576284488123049
-0.0009301297637802437
0.0005286384588822464
0.07283075818295182
0.010337179895486588
-0.03376999667421374
0.03150675519805944
-0.03963328578392633
-0.017114335956734034
0.0414770358859299
-0.03384329538028924
0.0032594351729725466
-0.013729848647138004
0.0399365721221869
-0.0032997351787046833
-0.006848310868392495
-0.006696597210266075
0.0029917071888882207
0.018602981250360293
0.00794410071407069
0.03418984201304295
-0.03178832553341815
0.006369593684156008
0.024233625843938317
0.030222142581321276
-0.03159101331088442
0.006226991030487878
-0.008611057281081623
0.03825385431177826
-0.009715662485928802
-0.017652256028186233
0.012384191543142565
0.010973686235972653
0.010512542024961153
-0.020656929365212646
-0.009861406185409805
-0.048060546573850865
-0.04166821821579183
0.01075217978378341
-0.0039480635438429515
0.014753721891942625
-0.003097764792874938
0.056078974440108974
0.017616898852174094
-0.04464088354933064
-0.017592542809105837
0.04495375092174105
0.024029809692171434
-0.014362920018137746
-0.002711539287666589
-0.016448918383034358
-0.015067284828304113
0.016731241501674366
-0.02439665864191661
-0.016066085956128802
-0.0403561504793955
-0.03187390758665471
0.03549579640785338
0.02186040112082
0.03974509204210519
0.04213022325583364
0.02510075169162281
0.02751818758106886
0.009117092746352772
0.009476921713861492
0.023170600946243923
0.03562344077967623
0.034584184875169524
0.03413266977245637
-0.0003538419489124182
-0.016909911275496983
-0.0170419679702113
-0.04694266223562808
0.02417425077419007
0.00747513657373635
-0.04355578398791901
0.014654245278180973
-0.015032387802635057
-0.020548613274181685
0.04608893608662498
-0.010010659035793564
-0.02938064782564344
-0.021723935156598668
-0.013473742970536202
0.0016490976644729562
-0.012677449317443364
-0.042517098197174905
-0.0417603246890665
0.01803012763038884
0.041792220067915345
0.017715781306518706
0.034434073322101515
0.016484910482952506
0.005895985393650727
0.022966020295049353
-0.029837158486085664
-0.039221860430807415
-0.005578264633431018
0.028845477368897286
-0.0015730393109800857
0.001992970519949378
0.015137113984579917
0.03268751299524976
0.010982353713182614
0.013081914845708894
0.020238184880669315
0.026796275728234037
0.011504852368430041
-0.009735747002878149
-0.0674312203999333
-0.008268059993824252
0.011640779759127189
-0.029653723704060175
-0.00958741705452422
0.024268567541883737
0.030067146567752983
-0.0013750114854614453
-0.047149302308054926
-0.0046226213973322924
-0.028332121998400864
0.03624342750159087
0.021894055974975592
0.005457638467999397
0.007029015070290342
0.01602344036149846
0.00760913758644947
0.02972466028406611
0.030181652985409087
0.006352453548040976
-0.0005783334053812677
-0.04863150748536219
-0.020624738892024697
0.0024488506010063907
-0.02686314998819074
0.012752141237788181
0.057473517864501576
-0.020225115493233328
0.007715579908785189
-0.024384930311275893
-0.05994759412211677
0.05706592777039745
0.022675057772522808
-0.0031297833030914254
0.004981850887567722
-0.008349467489663538
0.05089511283683194
-0.005725456223155703
-0.06083093451373653
0.04039394862347709
-0.020853582287179716
-0.0353741586060494
-0.011908834425874556
-0.001237281733951942
0.036080900477363655
0.009009232197605415
-0.014038172768157648
-0.008665127690617289
0.003302210786960306
0.03837073202814727
0.040338904962370414
0.013318475296846967
0.03765409598239549
-0.007914920792505154
-0.031572150877547375
0.023606304286041158
-0.03947278973251794
-0.029407135832831496
0.07463810507552886
0.005483607309775501
0.016946091295323932
0.017268332577826038
-0.008235819479498814
0.01052065049577837
0.026265388875837972
-0.0022972529538697116
-0.00422391351166759
-0.020132012427065294
0.036472002019492474
-0.01368688793922743
-0.033013895437937
0.0015925461297001168
-0.0026685373338321762
-4.863427485821371e-05
0.027595700597793715
0.025156821201719252
-0.0011872219730684
-0.0679823271049284
-0.020413974986088126
0.0028673136903096578
0.0022505536006858663
0.008393139967309114
-0.019682275357528072
-0.03606872630763821
0.03840426119656413
-0.011451539356417285
0.03714329711296555
0.015873479044791562
-0.009735458340471756
0.010500308891383434
-0.004497795144961576
0.047271216248947485
-0.0014442831882292393
-0.01481378144916266
-0.005388357241986998
0.03882966023240775
-0.043162030880893584
0.009781031375626246
0.0015651760476048729
0.026918809324387095
-0.01503593433368661
0.0042159431185699574
-0.03031973184799658
0.018013067187011737
0.031006543785959705
-0.005251310116140541
-0.01635379218440857
0.06158166197090343
-0.0425655668027734
0.04343756520496709
-0.025277275416486986
-0.0471936817704619
0.04088971499308492
0.021747046363952253
0.11148891103034829
0.009223489907098833
0.005716927536623478
0.014095317607676069
-0.030127968124787286
-0.002066349056245671
-0.044063915697205365
-0.03714775515332837
0.04356834885032978
-0.0011859524844920204
-0.02629015403411682
0.010257901993113711
0.00977162816005636
0.008881455686394545
0.0309031413924906
-0.0021292694823979714
0.012393645226759056
-0.0001180945715220194
0.023758787490545087
-0.009097779515627772
-0.01862321214470715
-0.02476598399844424
-0.012402787158765576
0.024359091999115387
0.028710539021395188
0.053897852396948054
-0.025462147892790356
0.005313279395634547
0.036811636553321855
-0.008217460365513846
-0.007473292701809231
0.012336868360825495
-0.001338930028417571
0.006954255589092251
0.0326990937089907
0.03523799196885801
-0.020434690886113816
-0.037301909379704644
-0.05664225893516787
-0.07679354862121852
0.017303292277123704
-0.05368841846384967
-0.0006143368262512321
0.015483319988381334
0.01372213838851447
0.013560928171735846
-0.010169490947186237
-0.011414932738556885
0.00976939473344483
0.03372102088581829
0.02885506460491112
0.006936062995197585
-0.007793034964900542
0.01035988784705671
0.03852084422163888
-0.02791146666978856
0.014056411344064825
0.015920848996337472
-0.0061059305007678975
-0.07719306820899925
-0.025038628614606026
-0.035451755434517764
-0.027089171948019852
-0.050955889977620406
-0.004374607726633968
-0.013855262546396154
0.0008201841854234814
0.0024514515444663534
-0.0014636052006314435
-0.05327582783932761
-0.009273581819652411
0.022493182187178933
-0.014820323614463659
0.015518232719584352
0.03428238673412234
0.007941786002911469
0.018336342862949644
-0.017804604814187323
-0.04645944960461957
-0.01957051145726708
0.04095156469724594
-0.06215230498779995
-0.02799101547460768
0.021826474627034957
-0.010642814232250561
0.013067713425460696
0.04813458425622833
-0.014296441943535385
-0.040540806327875316
0.027967886452209923
-0.017217154703341595
0.018872504746898996
0.006826727349883292
-0.016272873434528896
0.010005433850360644
-0.01747133524331745
-0.006844254052510276
0.04067175938229874
0.02533515329508365
0.02007799544444091
0.036745865926978656
0.008095553194868203
-0.019358588941201234
0.007135383258407763
0.03309366228807828
-0.008178131798845465
0.012081085268827714
-0.0591786982930257
-0.02287468351491731
-0.0005251660160087622
0.008575365774435
-0.001519906297837288
-0.04781578586542887
-0.01724531018333179
0.015664724640545566
-0.02258316643483973
-0.013061326900812638
-0.06143856484392468
-0.006787927279426651
0.014781373290795369
0.024787160006973383
-0.05100649829459525
-0.014720630121919468
0.028857541566081252
0.032562239364138726
0.007095213748524636
0.022007953550106287
-0.0005680830768032644
-0.023002124965033875
-0.020755514013074527
0.012296975359080515
-0.006024322129990951
0.0026579826249350236
0.03605074444559877
0.0349405171671668
-0.0706987399931152
0.004950959962075378
0.02079908253709102
-0.05294476539625454
0.0020908992330151525
0.011958368236845469
-0.010488802133247242
-0.0453052747780298
-0.03904080427035947
-0.060894208684912576
0.03410204619665859
-0.015983489881932923
0.04306800554586801
-0.028759435945381405
-0.03437139055195297
-0.03541787282275956
-0.023481471309041376
0.026150962618581727
0.021557768901762107
-0.019857716274633185
0.011449596362074908
0.030460709713213626
0.037666849399372114
0.0022846479757513
0.008707807813190312
0.003001246798396178
0.018575965433145783
0.0723017940881901
0.024721942414725733
0.002924925029544936
0.03894905947361401
0.007961892175808855
0.005109235619574463
0.002117854942255551
-0.008857320819706069
-0.00021349164528400665
-0.008403238706644797
0.013515287399272614
-0.02527100075538188
-0.03238759401336959
