-0.022197074504644088
-0.0578570400949607
0.007348205550608188
-0.022330774014253547
-0.018423000481152786
-0.01687261199570263
-0.003383571316998555
-0.042993793377325236
-0.017628943712139192
0.013797656209147174
0.0018967739941735593
-0.00013700270786075493
-0.03049467883825312
0.016139619613087214
0.003358606710623292
-0.05643591831205204
0.0343288106442009
-0.0049870224414578545
-0.0012369519060258672
-0.034953468141057924
0.004443207985391526
0.005071714822290201
-0.020310045323934454
0.002247315784012783
0.01780086137430496
-0.001674090970051033
-0.01614732396125722
0.010323917312298068
-0.03500485274712711
-0.022151178143168592
0.00568332651298997
0.02826926581101066
0.016451485573377056
-0.0512205422037862
-0.009099304744689365
0.007323605839262268
0.02091004498815329
-0.02870222997866066
-0.029522662614949475
0.03216090297164184
-0.028935717066805415
0.0012043245384563384
-0.0036964677134056537
0.05076882589017567
0.0011822351484229703
0.015131679096450697
-0.038978170916606776
-0.018298281142747116
0.02243690453340493
0.0014100222118940164
0.022362314127920915
-0.024239589756716043
0.04026849790315343
-0.001809200885528746
-0.010555740676670823
0.0482573135832565
0.008433571432962719
0.006578780916791843
0.05397424071128851
0.007055955932540301
0.019363530289031795
0.010138465567485506
0.014062310320914158
-0.07495589556619969
0.00928704143280043
0.03173279567547465
0.02101803966082434
0.0240861094833967
0.013616139767640941
-0.02274848771282968
0.011494087181008594
0.041702972807617325
0.009722393950621046
0.05621547859608189
0.02192309363315487
-0.009499811310628836
-0.024139030375870684
-0.043414320738643146
-0.00791419576989114
-0.08315951919423846
0.003131101388756183
0.01391561332946132
0.003044348455907262
-0.01807381030275811
-0.021033383407271754
0.03260850746382823
-0.007495413999606109
0.008090436772276707
0.0002894790915749797
0.04947159721573504
0.03723405616185658
0.030748904724404037
-0.015258260359735461
0.011944682081532673
-0.03291779512213984
0.05641703758762185
-0.030309887695444925
-0.024671830101812953
-0.006171590214468991
-0.04326162073393181
0.027139187609705552
0.04500856228772996
-0.011306506276736256
0.060879094332565
0.038148222477683846
-0.020468782789562906
-0.01630985350725334
-0.008417593967494835
0.004252970637382805
0.02137544257640046
-0.006915855358148152
-0.009226449415230448
0.023515195206922766
-0.002395881176722872
0.014516678516237428
0.004591199759932053
-0.013984621856926725
0.00975522329638372
0.03881023755690983
0.00915406069741001
0.02888026939456989
0.008201585614925623
-0.000442499767667264
-0.010172428451154096
-0.03291762177748673
8.990367605621048e-05
0.039629758103313595
-0.001790043956235576
0.0018039554760664951
0.03258715364683687
-0.047410303013512796
-0.02063133259406887
-0.023656631978326115
0.039687977052342
-0.020688843274981314
-0.0013657716187976514
0.018177304238063092
-0.05643805820011051
-0.02246161008902368
-0.015823330228447164
-0.029945502342849754
-0.02380466125183377
-0.0003266265859854233
-0.04168925207417037
0.0013111495544630288
-0.04049308243272331
-0.01525480628282982
-0.0038458300695686037
0.026955742566616116
-0.016774399655389155
0.006220101051027399
0.006800850408397292
-0.013092286451615571
0.01617411311304436
0.008614376278170632
-0.01637205790999741
0.026228449201794894
0.039352177401074794
0.028474555343752806
0.006876190517280335
0.012054285749274585
-0.04209723647602866
0.007278287456222972
0.01605540711731139
-0.036793914716754444
0.06124766048030551
0.02982747806756884
0.009460995506404883
-0.023122120085966105
0.006160383623377625
-0.012897839691975686
-0.016741959001300502
-0.005933634413238591
0.040540919055992865
0.015576290088896825
-0.03360832258493683
-0.0274639973631647
0.001464645304787069
-0.013406791015843796
-0.030030119141585196
0.02284100709833851
-0.019379731580995936
0.04435253643891104
-0.015075448116005436
0.005364999078013271
-0.02742518543586982
0.010479105591698982
-0.003872410043275544
0.01995239812550871
0.011039428435516682
-0.017295475486441815
0.009686586648236602
0.04256604190268903
0.014232306208312928
0.051327022229488546
0.03203913122911641
-0.022896674960183418
0.03930023667310283
0.014422667464904353
0.0017562347767464794
-0.024228432293860618
-0.009408883605689188
-0.05568163978871244
0.021001164044717517
0.03297776298132146
-0.004254325804093342
-0.01896779805635945
0.011568670933607158
-0.0533054011703115
-0.012617688630439666
0.01389549608694368
0.013028473988742463
0.021915134660554836
0.02235577502223122
0.002188515145467855
0.02454293974260796
0.032794536540376076
0.02196803084940396
-0.01998616148114495
-0.0006457355349909808
0.037961462814593526
0.022125069770592972
-0.002048915325693375
0.044257257636580574
0.00246215530765789
-0.024140020860381008
-0.032975590224708216
-0.001090029597220713
0.02954178144638134
-0.06196263240442947
-0.018222388242613616
0.026756896782310483
-0.0016951652349112831
0.02375752189668442
0.019518551641263492
-0.0032468499902330067
-0.03292298310408714
0.04385595098363804
0.007341124479298482
-0.0030451710388363367
0.05550119931518606
0.017714637724242345
0.0032154136242167086
-0.0016782651858823754
0.013609423993921099
0.0315300545777125
-0.02392426537758711
0.021754251839110415
0.031823567871387515
-0.016031042752029753
-0.05151772494727548
-0.0027512558308904313
0.042364955234278356
-0.058990420152039216
0.01056099206120707
-1.926506106479143e-05
-0.011682143156905066
0.03549816970314877
0.001143058881348499
0.012352916861270704
-0.0697740039892733
0.03915352998108501
-0.01614756566590928
0.022574579933499813
-0.012592138618628143
0.03168169394687118
-0.015229700074685153
0.018198813708237355
0.03791418628894047
-0.009647281138072748
0.032723911476905516
-0.03663864257488443
-0.026483340380774826
-0.051308994094993066
0.012453404058259303
0.0063982987739198815
0.02486509685680685
-0.0017036491344890488
-0.026520654948087127
-0.03770099664654526
0.03931917954104162
0.03051686623576244
0.030925746825791068
-0.023867483331813426
0.006315791015405015
0.011929865549336807
-0.031091230336298084
-0.037852699512283934
-0.04213372796420308
0.011360810568406404
-0.01779275726988657
0.030260527486644873
-0.0326081411308811
0.03028902836107098
-0.03619418176945278
0.038479902592663796
-0.04730579968943236
-0.011034155964142226
-0.008820636551964724
-0.029756488720749995
-0.009125756586060593
-0.012457343622683087
0.0863765822962926
-0.03936013854242526
-0.016243689364469273
-0.024713515230732837
-0.008760385990171175
0.04333612318873973
0.01689980746162577
0.006807733871839153
-0.006047545943550298
0.015357241914084344
-0.0008360154500509707
-0.024800881958657275
-0.009412683462812554
0.011046999835939656
-0.017509786979636555
0.027665122206966087
0.0010569197429276971
-0.006269265088897509
0.053244986419575625
-0.0028350461330817816
0.09199437773304271
-0.07228461943548416
0.01781981354073217
0.004877109658802027
-0.033598173210624
-0.021378276457017186
0.012855185703194475
0.06650376692793784
-0.022917482038381447
0.022308800025161495
0.02940052198417928
-0.03701825774622825
-0.019895599008875716
0.010452190001277499
0.003556495935809219
-0.011782992273361447
0.0060866103058485705
-0.0027403788058733267
-0.07911333131802004
0.01449289089244252
-0.015337009053708986
-0.0020999472625328787
-0.00577802380546798
0.028927321449132317
0.0029317041602318033
0.01405842678631679
-0.007453787417482061
-0.02438949398296463
0.007246849875801224
-0.02080235431174132
-0.0013444856286070957
-0.017864525523913394
-0.00012400050390132494
0.006446960758091965
-0.0010901090138026354
0.03579180731926045
0.004739373083828712
0.0039339796297972645
0.007084871310826933
0.004788697220678581
0.020337625464644012
0.0020318836359601135
-0.005705069483672375
0.051289734463408995
-0.016305026009299665
0.03678024431556684
-0.007432727367191607
0.03145317036932957
0.009026823467391764
-0.0325686872759097
-0.04594688616979165
-0.07258035604933079
0.03744243328304971
-0.030796000737941073
-0.003323122320717099
-0.02268253674000236
-0.0271313749595635
0.00552068771192677
0.031564180338223516
0.02041252823996862
0.00560133709655441
0.08591494590921776
0.02466095245791996
0.036030968853206724
0.0024564182190717336
0.0035986038473445558
-0.0028636688066378813
0.020566302500999677
-0.0027629100126721814
-0.014058480827981118
-0.0076167482592105285
-0.009804534843974018
0.013873050606485762
0.02601586252896929
-0.028159369872647954
0.007018794816033543
-0.017653651338039925
0.0013240526094563687
-0.01076994320713117
-0.00887426355102824
0.03888057882948889
-0.0035762144687386476
-0.007316373814699182
0.04317817161176877
-0.018811185256500967
0.00895863478172036
-0.019740968731537287
-0.016206130978254855
0.017990791043296987
0.012648588585933795
-0.027289523811197022
-0.040841905585525494
0.014993468781244098
0.008562791524285
-0.01684286294067969
0.027295415329192687
0.014827397965482814
0.005417262530887211
0.0012083325535334818
0.007914825159884422
-0.02799280108178008
0.038800867784300024
-0.011621036423141794
-0.08185814755874227
0.0223969129813465
0.015033754637857534
-0.008864468057169674
0.002828670347963951
0.009965266781600588
-0.014535267654176731
0.007324997489081556
0.03056144241853793
0.0034514636357062833
0.025549991092366532
-0.005536169462298473
-0.013657199270674436
0.01167724156213016
0.014031460164661622
0.0046882033307364705
0.0028704482765473964
-0.0034095741014492074
0.029726219216571946
0.011321902297221666
0.026867503540588172
-0.026783360967425954
-0.011272573488597087
0.020899065228645593
-0.0291422022116935
-0.039592928958223375
0.044477922144664006
0.03466645268893087
-0.0553643720477446
-0.012430842217718766
0.04119679422769175
-0.0157933042466266
0.003660973413672997
-0.016123271675400844
-0.05923924838805384
0.0073617634095101605
0.004081050993531662
0.012671782968051763
0.061899761415882736
0.01484571933891696
-0.0020145335128454564
0.006502439414038433
-0.012570540519057332
-0.004615483492486019
0.011526941337134116
-0.023360085257763345
-0.05663940881448934
0.0018741727324202355
-0.020079652711170053
0.06393589165320777
-0.004119654741107785
-0.0266818477595043
0.0005810895140688331
0.022431190374128152
-0.01641172518224299
0.0019488508481817865
0.04026832343711477
0.026148944466710716
0.056306437334172385
-0.022445253230407403
-0.033422983639413435
-0.0011584090607343982
-0.034238937436901457
-0.02685464780202378
0.03220936330385532
-0.031005708349162987
0.01755335252735779
0.03695673795111675
0.022581170089803083
0.05131207396138341
-0.0036851672179892274
-0.033166991713760016
0.021246528463649647
0.004490289426895325
0.026970470522977644
0.0005047851740235537
0.030538402136797357
0.03954706128505999
-0.013295763250821907
0.009023748113826075
0.011814064224645947
-0.03585571521942477
0.00973140546024794
-0.0178659571916117
-0.011027440719775648
-0.009428666243514445
-0.02912536855899004
-0.014792458729103014
0.024171641200033695
-0.002364787907185295
0.020189933705393584
-0.03817598569606852
0.010080819807128261
-0.028967885120025617
-0.002349233654078187
0.02290245176472778
0.01457551468594373
0.0032287463175903154
0.003176651263229068
0.02045888233585954
-0.021783521725417143
-0.018202993147406765
0.018451465294137184
0.005991817360089547
0.0583886303341681
-0.024256313369412454
-0.015615447643624799
0.022793715311128396
-0.078904562770612
-0.011940847083789504
0.03496676156395446
-0.020376847726162564
0.008678811632246673
-0.017475168438265225
0.03446577679554464
0.0039646155302438665
-0.022670113451752755
-0.009284726494554717
-0.0814587092081728
-0.0036336890804787715
0.0684924111699003
0.07583362389017814
-0.061818421952694186
0.007228848101611923
0.0036469659019137393
-0.024276204252819664
0.028546412568457493
0.000370389516348293
0.01971679457370868
0.013084074398137175
0.03948315274394152
-0.018552704378442475
0.05411238730306449
0.060194049844898075
-0.06293073844816319
0.01215539776896671
-0.013510717219187812
0.03138046942965888
-0.06714772412928019
-0.0661270147805089
0.018430852771818333
0.03214137358915671
0.024528847163724117
-0.009200686466159676
0.025453629312694185
0.02330414471720061
0.021341384502528885
-0.014300253498777914
0.028639702145338165
-0.018188316388454407
0.031784390194849216
0.04669630760309743
0.007792218662638604
-0.018118802680612625
0.012856645202701366
-0.014507012709759175
-0.03588177135179882
-0.03767042333084008
0.0364278814210162
-0.020891735117244903
0.0294526122665593
0.06597304204687963
-0.0018964854283911865
-0.05053144369098958
0.033383222354123186
-0.0006169344471370561
-0.015395870420182521
-0.04081559589621952
-0.015009909190126881
-0.025977267225052877
-0.023358047675607375
0.010848247556912
0.008821288794032666
0.0168641406119684
0.0028346542029738767
0.007252696432613227
-0.00919463386916841
-0.013972941060542905
0.01538495296115435
-0.021265076761093085
-0.0066312124075333795
-0.0004312558206727715
-0.03055714265167267
-0.04563441041670058
0.05333576350562805
0.004587980739021137
0.004555071043513442
0.01878207041137961
0.06705584182024464
-0.010546615827458111
0.06198612354808352
0.01073077508506475
0.009032516801946066
-0.0002155817769718508
0.003431631648424293
-0.011216256942364675
0.023921178527392794
0.012974393914530471
-0.009463080339003312
-0.03887685757849087
0.019019335799162113
0.03628737628895769
-0.009777046065031944
0.05475326308104047
0.0013728063458036245
0.011109405882915802
0.013999865978055154
-0.058051250714703
0.04568482704912008
0.004060415308185779
-0.022642144548176278
0.022698408654316233
-0.0008801994019549938
-0.013919844777290741
-0.06973945441042197
0.006235952424507998
-0.00247337869262676
-0.035190060240315395
0.06339899012839013
-0.014270499951488188
0.021467617950221233
0.0454272557678774
-0.008674404479847098
-0.03570889854663248
0.05550893212089801
0.01585829349159292
-0.019780478370020452
-0.05326503356577867
-0.015340965161320783
-0.00688765445107156
0.06800057867843062
-0.00360577332073877
0.07601468073207066
-0.009487840061363143
0.009550205767482986
0.06372572260828192
0.008444422399347612
0.01726102224150808
0.035909647723619466
0.003352179026500231
0.01993226426968746
0.02486297566060035
-0.03965026935807303
0.047491429516262125
-0.00468067703418672
-0.005301363683983314
0.019803506218427844
-0.033818670880127716
0.03129254445698345
0.015775455968492856
0.005370118157122974
0.018120133952403868
0.0074743484086556775
-0.024035259985047356
0.004348243951166972
0.01828876964130145
0.026369681934139196
0.026255922884095367
-0.013513237719749813
-0.035823887475021216
0.027209417899031214
0.027260260052150008
-0.024197032475063343
0.004296951876220882
-0.004428288387427066
0.0019124106295520065
-0.04101297831578109
-0.01619446495880368
0.05100889717349488
-0.012335919204155948
0.044243392466393236
-0.014855222449224109
0.01356274826036735
0.058659758214299085
-0.06000615773282119
0.008346480530412734
0.015577170706377352
0.03133010909650468
0.026774246646375455
0.014702593956744388
-0.028215810348718246
0.009399191916954574
-0.04730646656263954
0.03412875797388859
0.009049188398930727
-0.0010100119691089655
0.014250858744463104
-0.013901017452121989
-0.025104839773413046
0.013484098127942375
-0.061838677567555914
0.018094021910568945
0.00743134561553741
-0.0017482761375151592
0.010244259639199234
0.029309939034959064
0.031865518959427935
-0.012983432053827898
-0.056778575511771505
-0.003830086388086558
-0.012997839893085044
0.007321045796084137
0.027663961766454054
0.12070330917689735
-0.0025887595214314782
0.016333091287520293
0.01598709026463451
-0.02254961495471803
0.016881777957111915
0.014783927462872725
0.018299674786484973
-0.013130436093986814
-0.03957966094013458
-0.001007707587097591
0.01881301194186988
-0.013403821384192863
-0.08134683370048204
-0.008400852197181351
-0.025425664858667787
0.03933738762791187
-0.011745521129968961
0.016203218563194254
-0.032102830169279895
0.019944778605939077
-0.00696860220085273
-0.0011561831535258766
-0.027156144104511625
0.021424942868236773
0.0025290020671961794
0.02849992723137516
-0.02476823803743026
-0.039899679796150445
-0.036660019412189375
0.010209124223637947
0.057492696163713386
0.010277702141746435
0.009194609256470972
-0.026966651718834528
0.02358506983335212
0.0021816710758298277
0.025188540498638622
0.005197143877671339
-0.004051542796473595
-0.006163558949956183
0.00480876495895843
0.029260847328789016
0.026847709026193597
0.021536317017403297
-0.07148085601384689
0.0014480676755664885
-0.04701980575462086
0.04869672299210745
-0.01076528058473978
-0.02265996191131085
-0.006481031000025808
-0.019705751432151974
-0.05275515625495654
0.012443623496714368
-0.033164269343817686
0.015215829407962862
0.021371138384600474
-0.0005223757668218813
-0.011354058910229774
0.05402034705330156
0.003225855728156919
0.021877248109515635
0.03276578459049424
-0.01056835547407572
-0.010470797303697002
0.015773626844032933
0.030761082708832
0.006518655720549825
-0.00114091507943129
-0.013427147609961028
-0.05923013498851762
0.04311897082933985
-0.022881470773347665
0.052895153269530676
-0.0432448460512765
0.02339296978605714
0.008254524552743605
-0.002325984415516839
0.03372363128381905
0.014556138773759634
0.007345926948276758
-0.01145162853864466
-0.02104129237662967
0.0018741099383029404
-0.004164307903094364
0.059741531285702136
-0.02637430830889256
0.020130192599339573
0.049665387079277756
-0.014901470927959157
-0.018489679144336857
0.003512029846027168
-0.005134117618527741
-0.018234249150778026
0.018660676677277156
0.0064718133409869105
-0.015722983963896986
-0.006454314446850671
0.027986866830315784
-0.019082116852807526
0.0013300988320591102
0.009773262017531755
0.004196887967069982
-0.014053390131045099
-0.009919969705634645
0.011527898299612652
-0.008659033452340701
-0.031038436376037027
-0.010679369400458926
-0.05484502483611179
0.015306423552276089
-0.021243070175676462
-0.01816455488944468
-0.050795886965254326
0.03515193387632807
-0.0235206368176274
-0.02928344694080005
0.015063560947418427
-0.06517752383597775
0.01813202219414043
0.003916645300867721
-0.00812319189592725
-0.00907148646155038
0.004370288611891381
0.03730726517790423
-0.013749377761768239
0.03561565594711571
0.004158509912973523
0.015844031642773152
0.026077521350124033
-0.014850526617929755
-0.021795972559883192
-0.04974107742531121
0.022662644225895666
0.012473128768743461
-0.038969725275657195
0.006653452863528395
0.019044999251510993
-0.005622073506144732
-0.003937287527941427
0.02738206373221681
0.022592080412581594
-0.027876773127530716
0.009067668755780873
-0.013692055397358247
0.0080266950427448
-0.005460283506761823
-0.00430876596670627
-0.005274445345178256
-0.035923547578286925
0.027354666570474622
0.04937361849486588
0.0318864761376573
0.022462484796184106
-0.005958626073428269
0.005380168619402893
0.023569579687300137
-0.025212229770333088
-0.022546840913009188
-0.01827305821890862
0.03183825038245812
-0.024763601204049284
-0.03055644711725355
0.022971886936878485
0.021193969425834052
0.0711773193817822
-0.024310017061045863
-0.048552255872016364
-0.01236298141589498
0.0023299424694894974
-0.00013335292026570272
-0.07094005393648678
0.02628127707324786
0.040574299102718314
0.04885303268671102
-0.051455070869217336
0.03817420788633277
0.006855899401691539
-0.05767024277326069
0.0007568352191388119
-0.0026337514611909463
0.013286750784710567
-0.031405607178320395
0.015930363376759658
0.07298180903794174
0.031974296338327095
0.010241383545088413
-0.027630411494834976
0.048010725223349156
0.026638111636003478
-0.008246670789283725
0.047184110112703105
-0.012244162822652978
-0.01150276944565481
-0.04969418089344225
-0.07811962086060997
-0.004643979687300247
-0.08175888220616231
-0.022114679825168123
-0.006462944058152075
-0.00843905350096814
-0.009357963530440293
-0.024488835375278843
0.0008571289152118259
-0.015066480158096106
0.030744922023136948
0.005778593715837719
-0.006163236538323285
-0.00024180372608147044
-0.02070250848798106
-0.013145374627743536
0.008508822539914362
-0.016985309357200325
-0.007068280087951314
0.014955730629847458
0.03376686651798879
0.03430156455718401
0.009563324883312161
0.011354506688851573
0.05427909999835887
-0.052861083545058654
0.02292916898192406
0.03233276091364395
-0.022775861814530243
0.06627670086051948
0.02842885688945453
0.02692726237344455
-0.062314132536039894
-0.017943379074370693
-0.011183957946325183
-0.004197750855310189
0.08594158525321664
0.01607951108907437
0.07821862374580289
0.025442148343911147
0.02880467095924076
0.02020688439636698
-0.012922714191811513
0.004702884712315329
-0.017688788160289497
0.04786335472100421
0.005149299915047354
-0.033911332232758856
-0.014414742506339335
0.004558633593734873
0.00655933048326335
-0.02382889953836744
-0.03045052086074982
0.011717886630098533
0.010232296585072404
0.02991298345233164
-0.007125604323461293
-0.017035276406465637
-0.037994449325337694
0.045386582419142445
-0.03403659861948862
0.015290057320921875
-0.006959747309618066
0.019515907122751277
-0.025553715573446524
0.02069309831209186
-0.008708699534318595
0.013958465328047223
0.0011748130797115375
-0.019740181792928906
0.03862319813932439
-0.0008644139837905295
0.006309225997043855
0.011641055158321955
-0.040531058425126394
0.018454712428904882
0.0716969730015358
-0.029702257267789793
-0.004301400587961326
-0.012714831356116013
0.0375076319519086
-0.0015410571134543455
-0.026738389358934574
-0.016985660372172334
-0.059308574058553644
0.029294266490255648
-0.00073168501880075
-0.03920204219237107
0.04472917702117826
0.03893821653066314
-0.005509080039289291
-0.006398907099070707
-0.009775978673043398
0.014894073272150086
-0.010736802292483721
-0.05400839734427909
-0.0045291673740643495
0.0066462948503800325
-0.007132870164992655
-0.023313745859585344
-0.016159388338554032
-0.08146039456143561
0.02897606122508397
0.05581224497740888
-0.01287078001339751
0.02066809397889963
-0.0014114311868115839
0.010015075741597455
-0.004481808847744601
-0.013970433030316125
-0.015342497208105807
-0.00236434012595304
0.008755690571526843
-0.011345948478460453
0.009447975211595908
0.033907419931452465
0.06606679425892777
0.04307355192573158
-0.016577750110146797
0.013693268199699245
0.00633863109925515
0.011418957318637145
0.045888494897682514
0.0009411178322559957
-0.04940770320332041
-0.013402316880213495
0.02880298073141736
-0.004347107164147157
-0.03101471828859587
-0.021310272607059682
0.01053963095027135
-0.013925515578695254
-0.023520728250391164
-0.03508655031732447
-0.000982100231357429
-0.04138007226941584
0.017351438274409325
-0.019601569579131308
0.018748597874526925
0.0110115059423614
0.042537699031879005
-0.022094537526710447
0.00892228626589985
0.01377260461185621
0.02137249453420835
0.015314475297997458
-0.04542468559470502
0.010607187280460149
0.0036048733707380685
-0.014994734534774914
0.018393739958340673
0.01876002325231273
0.020404336366946406
-0.018840617574175673
0.038940020615210874
0.0480519685302554
-0.0097594786463547
-0.01432013952416995
0.010013565809723545
0.03510875677451785
0.012018100382129132
0.003453039953634987
-0.015039315359209326
-0.004968326988275048
0.046172167374238245
-0.015084255382116971
0.004661840715271996
-0.003479931239800464
-0.021475611126745467
-0.0107271465765495
-0.022694782509492206
0.07266438937481301
0.020800562031723573
-0.008120432322845964
0.0019182921310083585
-0.024148682425048872
-0.043020990254447465
-0.011060292645750786
-0.015603766936817495
0.08557638168757846
0.026108080832736746
-0.047304775027773895
0.025713246513895855
0.0030388620260686713
-0.0001759034919240664
-0.057331742733977495
0.031256624810767845
0.006931037760851379
0.0013482048776136404
0.05156499658447236
-0.009601221053811082
-0.015429204716545339
-0.027311304006903837
-0.005036542068810057
0.00014875926689669682
0.017350081752742802
0.0421176770897804
0.0025503482272083754
-0.004380149768796823
0.02534778882086713
-0.01072387366840023
0.02855203696068444
0.014162987527117012
0.013480353911939063
0.012484174100970392
-0.040579166292076224
0.036867807531570526
-0.03302696386869953
-9.089431052042127e-05
-0.00633426452021396
-0.04841872668916191
-0.002958044738595841
-0.018770961614749764
-0.006739492313536417
0.016198898307709278
-0.020453241571427513
0.10562435071004579
-0.026755807689829852
0.0799365986216743
0.030160168640343335
0.016701071237687156
-0.012152397105569838
-0.0029915200556812557
0.01913238579177774
0.07716351648577664
0.020104916649208254
0.020563013185764943
0.0013242483808706368
0.027967545890518076
0.015985871395299465
0.024305164950739356
-0.056799653913415925
0.016534907807186312
-0.00437592054024066
-0.0005302617516892208
-0.061364556734063574
0.0028875227556267222
-0.001101858284094429
0.026064755911816166
-0.023460162087564178
-0.023766895704435232
-0.009375317759503482
-0.001976933057707234
-0.010719877611770038
0.01180280492027942
-0.007087902621002567
-0.0060048932399382905
0.0383893119558878
0.01613495213973122
0.025611833959671558
0.014818722283697657
0.028468223364414243
-0.008137189804680495
-0.01544017476241972
-0.03404627958436091
0.0107206113034716
0.005637429370728494
0.022156666738328494
0.010912650638112285
-0.015967203929307887
0.00610963894747679
-0.02370816992455741
-0.029757235940659668
0.0010124074818098603
0.028964516324592533
0.030269749618541075
0.016906528532205794
-0.05305433227806867
-0.010783727068786398
-0.023945267772207766
-0.04697166762000597
-0.03135781865536261
0.02000744915379788
0.014655237211463602
-0.03706307301826542
-0.04419189491804702
0.016220442563364232
-0.004367973752881909
-0.026969858646142705
0.009962878164163188
