0.031231333726498594
-0.04933564067722486
0.0035025301707203803
-0.015907063745148553
0.03962068829564472
-0.012574496101722725
0.0025499986361051056
-0.01593583627099257
0.007864746600341092
0.015007927582930156
0.015232348214107507
-0.035818182920712
0.009113668673277956
-0.015874095275780754
0.010081330604288332
0.07072322067573565
-0.016427639357494934
0.0069491064526871595
-0.023418526628794994
0.05265661310682546
0.006462390444131471
0.01798085413162118
0.05487604095068945
-0.0034962402425258122
-0.016601670496493307
-0.031925612672163386
-0.060569482792132576
0.08452396616731198
0.019846644699361315
-0.022840161749979406
0.001521066003271196
0.030809749428326892
0.0602814210330573
0.008470405152376601
0.013334919114617852
-0.02239568233245323
-0.013915947143065092
-0.029902082182765563
-0.044593409908519774
0.006536449606725576
-0.022487552363899748
-0.0030519074594027333
0.024832083251156996
-0.01556816306254925
-0.0005803200452381415
0.02321270758827263
0.018606384793373155
-0.03161242364580399
-0.03433663367450771
-0.03871956608442465
-0.026340659047567664
-0.01940696818431696
-0.0025906610151910014
0.0006920068329132008
-0.013363180515782657
-0.04299474026709528
-0.045462732637226784
-0.016410951466771944
0.04041675996797722
0.024594912773337408
0.003467065037245029
-0.03683719629869192
0.032467808285525666
0.011901914066087363
-0.03052446325820248
0.04772452722709303
-0.007297253433202471
0.005199207196235329
-0.002750806358805388
0.015075985836550143
0.007412778721902533
-0.03206928172281734
-0.014664603360310923
-0.04201939302931731
-0.012793749789308856
-0.00015702825589196872
-0.048676069519825386
-0.03703626779011925
-0.0006167825960836412
0.04627255385351068
-0.020786955389985956
0.04582671038025799
-0.03622560850569533
0.0004904708557673339
0.053554203416905005
0.01585159413120996
-0.04883712622937922
0.04028606158613943
-0.04001688473215049
0.004289517759577268
0.029882853708862626
-0.028541678234795222
0.0105448579657959
0.0062968485763079595
0.055632613253811955
0.006218929897355437
0.005428595977551329
0.028485612757000827
0.03053705535438007
-0.015374783633539606
-0.05645063802945219
-0.017590302263751346
-0.050365203327024106
0.05308322726179516
0.03825027628234029
-0.007921438328529125
-0.028431327362322747
0.003942059319004296
0.0021562287893163996
0.0163224251958396
0.012537404533309126
0.044347168699196964
-0.012651948639804294
-0.045720041096079016
-0.0007846312746837404
-0.007078321170619066
-0.0269630585371034
0.013802130815990493
0.030141417362973804
0.013349083898421278
-0.0039426405321828185
-0.006226726710619186
0.03892386243998674
-0.006045117201583908
0.020991324291377518
-0.0169276630658978
-0.05171507075213367
0.0004920864678405159
-0.0603623116378193
-0.002244727683441569
0.001976884422533399
0.08326517388711697
0.009161395980058619
-0.002542070114009343
-0.02125664920270256
0.025931507705134745
-0.0006620197794983054
-0.04463296280488147
0.05219721501789661
-0.01403939543960012
-0.043860953452739396
-0.040425424509917006
-0.04253878704028313
-0.018940851341555626
-0.008541704511734964
0.04319600719419237
0.027560095575535383
-0.027634359555758485
0.010636046734312702
-0.01508107934497495
-0.003451298332073184
-0.02393655179705642
-0.021808382020701962
0.012787498010374333
-0.006575308432951781
-0.04605695121393245
0.012063651493552572
-0.01737177486641401
-0.06039792061901048
0.03002179201164315
0.01248838533386592
-0.02180213474484698
0.026735026417786644
-0.009864289865282313
-0.09184057820622697
-0.08182505534378381
0.004209045692468861
-0.024995856958291277
0.02141506496888306
0.010007566069577914
-0.015466719101579174
0.0678344136918356
0.02654556282551482
-0.010869638993782129
-0.015393510276054418
0.030094629595970413
0.03556064082845028
0.009552813363653798
0.03573899995340885
-0.033823725335106095
0.008377569651130136
0.0070680272844887895
0.0024000831516265667
0.018137406987807452
0.056792924715638876
0.03777525118117823
-0.0057349452120564574
-0.022788291303693593
0.00931749786205832
0.029862143166459663
-0.037796838618340434
-0.024015980278509704
0.01382007758244442
0.01807981323147825
-0.032052203812172456
0.030621628529565778
0.024697226815122025
-0.01719348681881995
0.02058611971365359
0.016571326718818693
-0.022349955753191424
-0.022953288178053657
0.04870254537642913
0.0046219193701882155
-0.024084800395966655
0.01645247671175806
0.03483736170265206
0.050763368560468355
0.004214243085376985
0.006399766078421061
-0.03158365418922111
0.0027100742479215247
0.01480904406518978
0.010791621329245384
-0.009112514204577673
-0.0209376097090524
0.0050690101624875725
-0.02129521603417805
0.0012006195983910628
-0.03247944641931078
0.03360081462816934
-0.005573383149558205
-0.02833339190356846
0.009795663304354076
-0.05698388152247682
0.018959101072039918
0.006124655881929077
0.04467234770347195
-0.0021415763273534946
0.0017161369971749737
0.040861858452784464
0.0020963980359664735
-0.0005281507512565213
0.006348035669135017
0.005202561071453633
-0.02251948781494457
-0.02387325369246622
-0.029504666320867172
-0.01169293725829004
0.0021832761057894085
0.0349748427041222
-0.01813436404441406
-0.042104280989318975
0.0004333114534065192
0.04109643411133991
0.0564819395351271
0.0203472301217304
-0.04880319572939324
0.04455353065291363
0.006126996348218006
0.03438371923799798
-0.048389549499191886
0.008473829852103256
-0.026282702252212437
0.03375947245940099
0.004184143230319521
-0.02003127830098784
0.014806559319948825
-0.0021277309145685134
-0.012390049169962768
-0.03182945517057545
0.01858447335993142
-0.05618678490600568
0.025399080517425815
-0.009234295587180356
-0.0019388880432341985
-0.002906055793814628
-0.004239305652568634
-0.038759604508921186
-0.012615068563499778
-0.04076794407146236
0.032157673030979064
-0.009064361760412037
-0.010741175139966192
-0.020723498752840082
-0.026366236424057495
0.015580028246783222
-0.04681917212556995
-0.03234468609930405
-0.02227361648826332
0.013242094453398193
-0.00863419115572416
0.029792770062668974
-0.016229188645207723
-0.006442919179007807
-0.02500000565325536
-0.10111475628709173
0.012354599899694684
-0.005348835303083305
-0.03555835751444887
0.009543007769717575
-0.008855981352465039
0.036393775995398156
0.031318998583135076
0.0247348131925854
0.013409892427887725
0.04055742463635214
0.017301833152466837
0.022374863578031902
0.01732557796981113
-0.005521110167079152
0.035655604697536106
-0.020207098850630364
0.029047717930906245
-0.02925333984979926
0.014675586358905564
0.016098242577173773
-0.03974771980744082
-0.009748255071337922
-0.01063518013123336
-0.021073576625681045
-0.008652331498057097
0.0340346393668868
0.01677728544133339
0.018455157548275324
0.016705949640087
0.0020302417632241
-0.00558361234947861
0.02600273552315333
-0.002845280729285026
-0.009945069238854205
-0.01610880441233873
0.0324959980047896
0.06257849387080963
-0.003929652212668869
0.03681117614347048
0.02851622754163107
-0.007623325330351277
0.05403848519973188
0.033013333432802675
-0.01897456920920746
-0.04068671452931542
0.017218502412093138
0.037828643579726755
-0.02815941173571082
-0.0043570548638204535
0.02528177497293787
0.02939553726147313
0.05386626296722077
-0.03736446343743413
-0.09947236638592599
-0.029346789807202418
0.014233034392884977
-0.04692100797155287
-0.05534104055390056
-0.005337239164670708
0.017722131155305562
0.022785945954989784
0.010929675286227075
0.004401120312482773
0.007842170202126672
0.023255499212274218
-0.006182455781109958
-0.017544766749039643
-0.0035529771365497274
0.013368117532877113
0.024828169079939427
-0.05317734710460653
-0.02027909471186658
0.02056294288403397
-0.00215207277922855
0.00403065573146048
-0.013922410899338182
0.005508662727150743
-0.0348993500407513
-0.0013070128901673333
0.056834010098740256
-0.024073191369652847
0.014576244129353948
0.006162645420001643
-0.0002245738229699224
-0.040296704857747306
0.06854064260665761
0.0028427152808865193
0.009095198074615866
0.02489038179992747
0.02181861115596385
-0.06896913843799563
0.013581408671043236
-0.015459129251608634
-0.02645386803400339
0.05954321000456196
0.008601110646363676
0.07630717685784569
0.007624684482921193
0.005635460428487941
-0.019226459958636904
-0.02215625758714966
0.010630928709917751
0.008366152590250515
-0.03442603719672965
-0.017905175978007157
0.0023326842860703066
0.004940070108383265
0.019914529277033813
-0.02093482607336175
-0.05164506371275502
-0.011614662976882139
-9.581588570082078e-05
0.007317538883276098
-0.009333271671750824
0.01101261722513223
-0.005004451640166309
-0.001838491355823061
0.018498414254768204
-0.07065527069942229
0.046893044436162414
0.009371403267865834
-0.013962630167137642
0.013528376647212107
-0.007733500582491551
-0.01305736496214698
-0.02321268523644242
-0.0066639427382891815
-0.038785609832374925
-0.0238243994591834
-0.03434083952331648
0.027354851845111362
-0.05118958984323311
-0.060721388532504444
0.004417875756600478
-0.02213764666433095
0.015658834312232472
-0.005617529991660392
0.03586463516978607
-0.020803233668405013
-0.01626590254191338
0.020274011220609404
0.00027818273178453713
-0.06701705766796406
0.009319657753071522
-0.007320379852639901
-0.05073134730075541
-0.036896000277530705
-0.012808943468855923
0.029275969049822912
0.0010103588576579955
-0.012632165570088753
-0.00257003400690668
0.03335541274259865
-0.01141123730041489
-0.0101962152156343
0.01607383451039451
-0.014919595750219321
0.009039417337788349
0.014815321993037282
0.013022558324468955
-0.0122297609806881
0.013438126568654818
0.019778898907734863
-0.014003467567177281
-0.01934371046805189
-0.008699671794166607
0.009480243003721052
0.028880636309975186
-0.01102341049215018
0.024478672590030476
0.06652076987351568
0.061666024431124344
-0.03245379806164548
-0.03773599210344032
0.006755705333336295
0.04283200549038999
0.02082719723965424
0.028934993829036644
0.0835809495167784
-0.01049050831022638
0.010320176872695229
0.011038684594617047
-0.018163111778076637
0.061827302071918326
-0.014047015163921862
0.0005879884627854234
0.00925974921581832
-0.04988245449831033
-0.021365737044020533
-0.05323919677029788
-0.0018997629952218448
-0.028807170074530403
0.03821660551987623
0.06714664224205931
0.015949742612043606
-0.0021639080850042723
0.052474302337412515
0.025439611392551145
-0.0013793594661786748
-0.05266555660485371
-0.012260307728810293
0.007676337876665744
0.01799520839847304
-0.01673038657516311
0.03513594205706143
0.003021188707253207
0.01012537237048882
0.0067010226931042815
0.05154089607216276
-0.0048417317389764045
-0.022673560315382105
0.003996498685430548
0.00488405632369097
-0.028866162757003835
0.03734633970349931
0.03219576676238754
-0.00982052354746094
-0.01323164464654737
-0.018423611186779026
0.012967366280802447
-0.0018673086550805775
0.005884225041005226
0.02946331938715341
-0.011981373919044216
0.005544536209794358
-0.008831883216989014
0.02457168301518459
-0.02055130368118977
-0.010250622910029195
-0.04307048846593478
0.0105185961748265
-0.07467816139784551
0.0014281032536505526
0.04552559333490382
0.002283172814148749
0.0314976508306219
0.026880042649774873
-0.00052446053426558
0.05800394309650811
-0.02553927904106233
-0.004371814049763768
0.007513126487195671
0.007788387080244352
0.006420220828515679
0.008529746502481814
-0.06552981638426768
-0.06741511890481508
0.004874103420526893
-0.0013294236466329643
-0.027884274448399693
-0.029362769475438158
-0.024734750400147335
-0.01781385348369214
-0.01210098615048001
0.014922487627066766
-0.008833452626880626
-0.0526231161011588
0.011660229445253897
0.027135987685430334
0.04449402578738079
0.009985414721819703
-0.0015244278518592876
-0.005889878462130024
-0.03561879168447681
-0.04824906688375248
0.009125346156454096
0.014222182131059581
0.00989912200826672
0.010906983510783686
0.007320048786081111
0.023229928469902236
-0.030988557764436982
-0.047351603351780215
-0.044859235963557134
0.008124750371386524
0.015929458989639444
0.00885497735702936
-0.031012580664827444
-0.04714914060356198
0.01723219922036143
-0.011891653160792461
0.0001490214023557712
-0.020759521560548177
0.015632157938796385
-0.04502535759666763
-0.09972753956769828
0.0005281013580969933
0.010394467501477355
-0.02002068981209789
0.03274621547228864
-0.0034540815002559945
-0.05923485012117195
-0.03324270734840313
-0.015702776147172807
-0.046233538047103326
0.021982293698545114
0.01871742672529458
0.00600377728533044
0.011229283190798587
0.007354458345629945
0.0025889846928464745
0.011992749120682038
0.008726276036469341
0.02220877824173983
-0.019774262427018047
-0.019104463980944404
-0.007108714489090164
0.041921999194764276
0.002278251848595995
-0.032409406795354895
-0.05856304146900824
0.006790371003754931
0.04418490219132499
0.002884857240571809
-0.004456344347922904
0.034451170434913476
0.023647856155131455
-0.019917259991623325
-0.007636188398452664
0.00021869168414239088
-0.021469632639815994
-0.0010709470148995192
0.022386535735482868
-0.011627143850698846
-0.00302436006883742
-0.02628988232940855
-0.02430599579426771
0.032037524894318214
-0.00401621311195011
0.002996506436433299
-0.06527874853023889
-0.021168044891926342
-0.016498419872781254
0.009774888754674525
-0.005434533212077919
0.028251205002707197
0.06230316022001029
-0.02350857871450542
-0.01700479764577765
0.01366331879302079
-0.00937475029684182
0.014007789253074075
-0.0014137151647796431
0.014510552430334007
-0.004150360873666495
-0.03505548274467773
0.10010150211487902
0.01682009654843986
0.001208690840197373
0.013909038773086847
0.03129611764140116
0.017184821253996764
0.0014801671714186708
0.021872470832219666
-0.022958595447976186
-0.012979074963629714
-0.04848427998410893
0.015398185187535262
0.010373775229240169
0.010956453435103472
0.03701091818590076
-0.05634637279767
0.0017305495397738793
-0.024109548735413173
-0.013853228008008468
-0.004462625803410762
-0.015563461120710274
-0.007590861900593017
-0.03422539275110461
0.04897683956364005
0.02452644896035051
-0.011431735005537189
0.04886736467142966
-0.042963323783302546
0.011293858832250325
0.005975949404184304
0.06490229291781471
0.0013474865004779028
0.01662636888879511
-0.03704817186076172
-0.01765589195904888
-0.007094601676552647
-0.005423515113733101
0.020165580247418703
-0.013650393257790628
-0.01587573763518057
-0.056900768398098746
0.024351843212203465
0.008736929515665643
0.016886169722763498
0.024303212079528746
-0.020032558777668102
-0.022119344896777044
0.0009264552260965478
-0.04945979721214831
0.04276180672669143
-0.006861376590165246
-0.022492477840518672
-0.011236926971537177
-0.05422561893676788
0.0015370056044484081
0.02267420387474841
-0.0006891951814321669
0.0032370394120873006
-0.013999625411379946
0.011554768251773867
0.0008733124752438579
0.03796149346751827
-0.02665263399406029
-0.005347515828167264
-0.014032134413389252
0.0027916683755020754
-0.018591921308983097
-0.011907223871402625
-0.019345575727742363
-0.047636742036965045
-0.03308429383411233
-0.059202934318372154
0.028713905863314133
-0.020799013906171306
-0.03054784062178214
-0.009356370922248053
-0.0068328898814544485
-0.05087599848282881
-0.03143787572810007
0.06210048383494565
0.05336572217299912
0.00364529986645426
-0.015495131211721278
-0.009055207984172982
-0.014812311393559223
0.006163079081861098
-0.02067208604021256
-0.04654700518884938
-0.02015677292292006
-0.035618218691470596
0.012044168382892932
0.023845797717627508
-0.004959680319700869
-0.0028609652208514045
0.03129341771499418
-0.024561873526037125
-0.0068267725531816256
-0.004015977867615921
0.03389984352534303
-0.002824754443276272
0.016546776961346404
-0.0007070110861005962
-0.012718676554043115
-0.006159123299951952
-0.01377761983085229
-0.028596393664051416
0.04841549691862492
-0.07601104052702633
-0.02212846675465708
0.01766558162982042
0.006193059097929886
0.0140115306505611
0.016165089034760577
-0.008577684526960422
-0.010947944782512055
0.019315370023625152
-0.07906122908388413
0.015837965112032493
0.005534581070289399
-0.0015325780538419152
0.005382494592901377
-0.02506627255745476
-0.02030462441968045
-0.0011171897113015684
-0.01829603864938018
-0.052698752135439314
-0.00434764815671423
0.012827823342466597
0.07191240732331498
-0.002795170912800733
0.0041000344294668065
-0.06958181684798166
-0.052422658671471264
-0.007899080785807333
-0.0216487419236705
0.01568615744723838
0.017520554626275997
-0.002765296328275985
0.015953330019585012
0.013819302236897922
0.016354100832466203
0.03953772026646306
-0.0026463305139814786
0.04385222068800357
0.026254662591894174
0.013172811685328944
0.020252432069507005
-0.04712957470262352
-0.02367601812601937
0.01289510688711874
-0.029246821450538783
0.042859512936998065
-0.03281595603614188
-0.023274700066603638
0.07508389315160957
-0.012859060987054022
-0.033409418956359106
-0.017514510982374148
0.03825006802082816
-0.030719263892632447
0.020759738453148144
0.02893267859073184
-0.029222907642654165
-0.016728916680961384
0.048358738905812576
0.03784490708368179
-0.008627324876507858
-0.028300053271364038
-0.03279077668631829
0.018312052617185732
-0.04399308060375157
0.017781002532824407
0.012661038821012655
-0.005652691088920519
0.002101288788133137
0.010125325714571412
0.058675188605969375
-0.020760712849691925
0.017484248993682738
-0.02018323249532823
0.02460126497580469
-0.004167585851359322
-0.0678144618621938
-0.031219381044664433
0.037211340566326856
0.03352547457363021
0.007081547550983805
0.012083114149687331
-0.0014105393161838798
-0.015473014729257148
-0.017170168757172775
0.027173172872402868
-0.004465368992429081
-0.02231822339139531
0.020140564258634735
0.01592360792286268
-0.010693946021056132
-0.022592457105193274
-0.007546671574130893
0.006431118848894936
-0.021802541472374107
0.010914351723275394
-0.013064879197202275
-0.0017265217103039179
-0.025371351389201467
-0.01661975986034958
-0.048170742421216856
-0.006114048217818266
0.01185706391188678
0.010665167823807518
0.005191169396140904
-0.006488980942439089
-0.010091868539162762
-0.04443072826204463
-0.046224688115799814
-0.006946691152830882
0.02919808112635146
-0.017108211576606854
0.024817814909185974
0.014508375458293603
-0.034806374196661716
0.027128600985504302
0.012907741636032099
0.02711163456314494
0.01253622675857925
-0.043499736578600644
0.011538758659457783
0.030624622669207145
-0.04381770369390954
0.04214268350646635
0.0403411034194496
-0.002101859833975947
0.01796506653900362
-0.016350634850088207
-0.02176094584453375
0.018353802153925576
0.020698222867600462
-0.002003097831465457
-0.005262297525588455
0.03874645927129381
-0.005255868228669057
-0.020003317002288457
0.012200200488655083
0.016209813666949225
-0.006187381539430783
0.0006022597762753654
-0.0577265148337192
0.00029470412431996563
-0.04088418159153633
-0.011925326114511556
0.06980653071297217
-0.03551433745962677
0.02706624602847083
-0.014595086710728365
-9.535276874529053e-05
0.017081227811570555
0.008047029868951922
0.05750788752008192
0.005381995571842773
-0.038116581818119485
0.04235706228612366
0.013367365945599636
-0.015486405617523668
0.02612549893823069
0.000315798250718683
-0.016777916125643468
0.00878676783757342
0.02558316559134686
-0.017231807311463936
-0.06396131795696233
-0.042317502629800705
0.0017614066519626083
0.019958992354561972
0.007734915326493447
-0.05487828535451574
-0.00829228272689129
-0.026740191291497392
0.015510564756552207
-0.02079419401394431
0.00017683909116649265
0.004269565830349928
0.059177549248531934
0.009418870244141238
0.0010858379346277219
-0.01028260984838921
0.0068831770537395726
-0.0005404617089877564
0.021025205527507432
-0.03695569053969217
0.030098252515991596
0.021489840930636852
-0.0457472696502374
0.012754055667072583
0.007227184839281441
0.04276233677158435
-0.02427495697143439
-0.0009777700273610399
-0.06454283492609089
-0.014840074200709633
-0.0059020115671735525
-0.037758282179954056
-0.030826744763179887
0.02486224293503226
-0.015459953373977642
-0.0015199738722826402
-0.009483379669209107
0.010775173838183251
-0.028873823782965352
0.05409661317063812
-0.00640396005258267
-0.02622138972072647
0.00693028989584051
-0.028642773319134247
-0.019077777363259177
-0.01089930714926647
-0.010475545309608732
0.005409673322193699
-0.00828255404279641
-0.03162443968720527
0.010361981479578142
-0.024259641273052156
-0.016615871707211214
0.008087443619484422
0.03964467992677643
-0.016831023451587924
-0.016041655693935435
0.026075051388152623
-0.005996906183267005
0.024593617069195793
0.008712244883629379
-0.013657464911070078
0.0015725343820378122
-0.047918815232368794
0.0032340710208523514
0.007223645040867946
-0.005445235699013161
0.0010813740099572325
-0.05104479642349396
0.005551433802842748
0.02229740494333592
-0.015355937954322147
0.0014703678725737522
-0.018233398295106767
-0.0021311450173886978
0.0059936320604242425
-0.04305334327841829
-0.024698673468272737
-0.011881778644175599
0.012275782939622545
0.025407571132534557
0.04223998090090117
0.016384957484835393
0.033172857064253665
-0.053884070832187395
-0.018335430700689513
-0.0060307476899517185
-0.02876860917628519
-0.02108700743327769
-0.030634799106200483
0.004451170787130679
-0.01920096861351029
-0.027899752980588707
0.06479745455797253
0.020872727618862188
-0.009084944351743075
-0.00355580535816602
0.03753957841135182
-0.08022013584670709
0.04281003293529834
-0.013428872458308311
-0.00677912415045208
0.021075528790687095
0.012725039827778064
-0.04358006429584701
-0.008763403343406789
-0.009977409583771949
-0.045454314387304094
-0.013452187944042628
0.031983914674108126
0.029878158705504466
-0.015394529274418202
-0.021135033421572753
0.06327030702946433
0.01668889193581362
-0.01681968021935195
0.004853123618930187
0.003781868629313376
0.0014882029269141837
-0.04542882055173319
0.014499370558381687
0.039618393584758674
-0.005042388580202314
0.04586475873834504
0.013639226267690478
0.014765038633406823
0.011550903861481039
0.031057721420713873
0.02237937781634149
0.017884831152249897
0.03609468956306572
-0.01270839018613897
-0.03351663232396662
-0.004777447588213577
0.023273635203228914
0.02161765298426297
0.020112737376913884
-0.0011276087755129254
-0.04715189464770189
-0.02034839039004796
0.010625438666200018
0.0035679478656842336
-0.055291495360047634
-0.003321148504630237
-0.03153378969349791
-0.043859408581305916
-0.023312177268388024
-0.0047071229031801914
-0.018491010097662575
-0.042905182208954604
-0.0033648057950802987
-0.03199573093193398
-0.000930632497501944
0.0007570224499452401
0.026005453418480307
0.004026010463850248
0.030800490564288945
-0.0026637230186341123
-0.018108702114884186
0.0022531656218165996
-0.013284862792601507
0.034339137744174845
0.026191318756241606
0.09639307323320141
0.00490924358070974
-0.10472263593614199
-0.011955647509183242
-0.02856443707138361
-0.011475113275048384
-0.020994658253773554
-0.009935789060955777
0.04325321618617695
-0.0030223073640436157
-0.002142897047050213
0.005664678642843844
0.03618509422671719
-0.006200653398698553
-0.03089391462840758
0.007141914954953084
-0.00466262870359605
-0.001446660698404753
0.005961283688665574
0.0037825462081538777
0.01138304707699554
0.01580629393802383
0.001157295612496717
0.024378966041239736
0.006047610283442548
0.031016105300623046
0.005967600501403316
-0.0023273025130452415
-0.015882081525584405
-0.010031323899536516
-0.030454821479018953
-0.01565871529156711
-0.03137548621722991
-0.01836798409561074
-0.020953090689829312
0.010773018358711528
0.017378770217667677
0.01825223170306673
0.005124264715349497
-0.01647609458573767
-0.04630891153763691
-0.02626484911953954
-0.03981671632618233
0.020537160995537672
0.01763065847035922
0.01836076568888122
0.014414853433207633
0.04973083682542227
-0.023532818687211004
0.03809118728025934
0.0005650253345197214
0.01994814210961613
-0.04459481237928802
0.030057393195991967
0.02121321747606145
0.013449020868860585
-0.024683026596338992
0.06426080019630681
-0.02017149466011583
0.019457764511451755
-0.021772796757847487
0.0198398765211631
0.011888901677222853
-0.01562730190776469
-0.06147384548698488
0.010803983181053411
-0.0003231879032609683
-0.02723169080411566
-0.006080109705035513
0.02529970246925205
-0.0022732591970730295
-0.024365196924425687
-0.013459999565761195
0.03857338949567589
0.027310326074503174
-0.004963841154086802
-0.04659396472175554
-0.017012383576472136
0.0023137111011238844
-0.016765238783525142
-0.006323403973891153
0.01723489673837292
-0.017900102467711145
0.013893458379332712
0.029304944089621806
0.01256139858430608
-0.015706115292343576
0.039583825289784866
0.003386362981951563
0.015823002188743496
0.062211134747868095
0.03043295418877344
0.07063040166635884
0.007615448167936975
0.023277858646764873
0.0040563024649898525
0.03921292136629566
0.002416558072195772
0.04092893007867951
-0.012716274978921345
0.019164353281984813
0.015480506805909804
-0.000729128316039297
0.0015414680894188745
-0.024885256458493262
-0.025674173850176358
-0.0035821605168074094
-0.0007323571888758699
-0.06033229251695849
0.0005308839692332425
-0.03063067478390726
-0.08289642765812019
-0.004383440732817719
-0.02537628823061491
-0.008498713542352588
-0.017637928284983898
0.011038259081953104
0.015456734901734995
-0.004290174730991838
-0.006688474205045385
0.018771831640873742
-0.037381914444565546
-0.014619774962245221
0.02784294451369188
0.02353877510436084
0.030090146644287268
-0.026440198045351755
-0.021525190508418435
-0.03191983916666786
0.010200714810691288
-0.018105438331902063
-0.04630043445177439
0.01011928474693565
-0.036473871269968254
0.10533537568894037
0.017966204202768097
0.02298322321559225
0.02094755025010492
0.03274083947100463
