-0.0066523164072292635
0.0071893516468579215
0.041759196975245404
0.010024852948640034
-0.01858981621907481
0.001939835138574374
0.021782398121721207
0.019274683480881592
-0.01206560619298102
-0.06252845795969175
-0.03470384550704596
0.001342828448897873
-0.0016709690792909354
0.01423051983692919
0.0019094539228805818
0.011981310186421157
-0.003492778316310345
-0.007297875706346942
0.020514896204304342
0.021083869695066156
0.005458066465988272
-0.0358860312619798
-0.012441329530968933
0.006647785187569521
-0.011390658709797807
-0.017687596426867156
-0.0008023969776670692
-0.03072100743618902
0.013256522352349942
-0.011575132835845584
0.008865202337037135
-0.008924361311230889
0.004286986021766719
0.013240681322370017
0.03955440199490211
0.03500952579116035
0.0293190423042276
-0.015764290373625558
0.041287376090814475
0.01207635277042059
0.011452422180125332
0.017616345866247614
0.01521846651922579
-0.002391490249153029
-0.0045460000874579885
-0.024376415840369117
-0.019292515366996395
0.03212517090149232
-0.025049702833310625
-0.06474888244258827
-0.012166451797227756
0.0425355598547036
-0.058200585243778996
0.012073916839308503
0.020138893920302683
-0.022356612327821053
0.0010937512951052291
-0.009861146870216683
-0.010242207392020756
0.012788114038724648
-0.012587775724109589
0.020257067574249957
0.02101980583874021
-0.01184984366735341
-0.010337275880843516
-0.01600026825432446
0.026960461565065715
-0.026756943326020008
0.005796129808713837
-0.0353915177565191
-0.044574844571981874
-0.003224078091392534
-0.004070095420941373
-0.0006274653375817124
-0.019637711829674727
0.001557568157366606
-0.0032429250173942234
-0.002442944100945448
0.014375909738843702
0.020993775291295588
-0.004708744452619463
0.014666570757973415
0.0017558955742477248
-0.0002134953331296133
0.009946899325732651
0.04817941269251316
-0.008430509593594418
-0.02308052957862525
-0.006192842627218396
-0.04485898471304563
-0.018743971874085476
-0.018633234990823554
0.0179067518738435
-0.005341813175707625
0.006233209558888706
0.007294205040478676
-0.009800415806967468
-0.016824141514313898
-0.008172039513812525
0.033738495973104486
0.0428774108868158
-0.07337398111681345
-0.03839285565199282
0.018247036331036474
0.05176537734108794
0.0064252451666485045
0.018468268163666743
0.013785818445891355
0.0270284418617804
0.05674825668759216
0.027794069604328977
0.0344275073318111
0.09171487215651018
0.018025095237272876
-0.03406332183855738
-0.008905138604243292
-0.01373377001788974
0.0008920555626145149
0.00958847193021531
0.006297162958277434
-0.0010701579196540855
0.02244616717730983
-0.025231129286628032
0.011985232079722364
0.016845876635482142
0.009559185320175858
0.0073289016405876685
-0.026261819900992064
0.026031959908599592
-0.038742923815896765
-0.03931341714909126
0.05203818308727043
-0.022908619920358718
0.009676571232366109
-0.003140374597357001
-0.006731804317346364
0.010810153849949208
0.004659131559481398
0.009870964164694114
-0.018390440734045027
0.07594192764645133
0.001950532667153825
0.01694835213381088
-0.008672253671897955
-0.010441532491268689
0.087424436174455
-0.012363880418834298
-0.02462547529705294
-0.004312034308853959
-0.004082569981644849
0.01868454700950596
0.03541894474785237
0.005651799748244917
-0.01599973252963087
0.01745781315376373
-0.014764034184976757
-0.06006938916901915
-0.007502614372844326
-0.03278427573160646
0.06055411205215924
0.014179180281716183
-0.02524914181175406
0.0075653028332707695
-0.0015314986697654907
0.02427580535408339
0.03277334705929449
-0.0005529592048765205
0.018381118128311048
0.007502913671005257
0.002433614932164878
-0.01506596281046131
-0.011892799150953702
0.009229632374418489
0.021306488967584494
0.021428474647707516
-0.0126099516528578
-0.014901008971967155
-0.017726056585908125
0.006550779692917325
0.027869534091672025
-0.015674355506568326
0.01230292300149245
-0.013276689476868227
-0.010943650135265359
0.032468623523230516
-0.026959150937054595
0.017808291076815672
-0.009621042501308352
0.07159496986463987
-0.016177068869277632
0.007330677444638944
0.0034183408916113756
0.027526326795850348
-0.00023726181490746313
-0.012284096397350274
-0.03816994110919982
0.02347274129995061
-0.0012663409480227503
-0.04978474193385228
-0.0010965845100761786
-0.0006803243232399855
0.040419168119670563
-0.0560848593719155
0.0011695518087786148
-0.002995760165908845
-0.002502751593632031
0.005812105442630879
-0.022113914674512118
-0.0006326288652189376
0.003956763132139294
-0.017773701052443986
0.020420559225909567
0.016240984656189242
-0.06802180168725223
-0.026768142450351043
0.006834659098037821
-0.021944835339309975
0.043559745541008624
-0.0043862391119284345
-0.010312548339753225
0.0017021941551681873
0.0032677345939337637
-0.008772184442997467
0.013657275690081044
-0.00963656373318959
-0.03650879884263801
0.027445040887549968
0.009445388847102564
0.01612904670898994
-0.007146456612242589
-0.008599486455648994
0.03556518750681972
0.014720549034871803
0.019041687142452572
-4.1996863696071994e-05
0.021467753239699426
-0.05144397380232662
0.011017351285666943
0.0041191855996214975
0.015621894959347911
-0.1159619808221174
0.06621681708864909
0.01380410145707797
-0.0008686503498121453
-0.026702508825189618
0.04491568786372492
0.0032643911428923153
-0.03102736659503669
0.017728116217038785
-0.013185080004958282
-0.033980296325139325
-0.04540511230306043
0.04168304987934701
0.06247866686237848
-0.02709017023725313
0.02669815134984797
0.01156307758161135
0.007265214337126178
0.006674453108262221
0.06156133609923509
0.0031178164432009935
0.006273166137610357
0.005602675537230222
-0.02385722542063464
-0.004191406806483637
0.05776307621016115
0.015770107597020633
-0.015240519382319167
-0.081023470254974
-0.004426106085302529
-0.03448717240661073
0.01736957007085587
0.09535131056757844
-0.007452779550684732
-0.002191418702103736
0.011950696930414537
0.05626448194150967
-0.024508965832971845
0.0061434412967484005
0.004451587712403866
-0.011046965118861517
-0.039521266285236896
-0.036044556882269055
-0.04891721321631415
0.011272874561395889
0.032661871249272494
-0.032505156419701926
-0.017643201957290487
-0.026046742424083336
-0.008140285408265852
-0.009305457535272321
0.009193694846519506
0.004673633499015854
-0.020137746743923088
0.02898869455319937
0.02207980378581767
0.009271632011156015
0.002908045409559712
0.016304564862196124
-0.00410647590127685
0.058719721749557884
0.0007957234347377202
-0.03623195452610852
-0.046242541830919894
0.020875889183276142
-0.03858449168988924
-0.05381572836465694
-0.010819326726527937
-0.0509694390687168
0.008637745661932233
0.016572784694595912
-0.061768065150375286
0.02946986852805355
-0.021133426082271513
0.022486719984946887
0.013684454810709273
0.026736007737837752
0.002407443853036792
0.006739488709194076
0.0250207922943987
-0.005054218187662091
-0.06454266183802645
0.05115949828258007
-0.0034502701549732344
0.023283538583925293
-0.04663669505658405
-0.028259145918707644
-0.023424848967861234
-0.014848831459208657
-0.021032679686514885
0.013865472146927871
-0.06257346194182797
-0.0028777985030951554
0.08095241849073444
-0.0007929923272501404
0.030873882588431246
-0.012925688997615476
-0.03845254175895196
-0.00186688778284052
0.056510655116548354
0.006744958866489113
-0.005525004087603881
0.005430742828126369
-0.06805652153469939
0.05308669671437803
-0.019263943759286355
-0.025432478390163177
-0.010892373308568896
-0.034896282495157326
0.02390572095844643
-0.000839504522987234
-0.02392633221158521
-0.031128431241051756
0.013317524656723647
0.006794287341314402
-0.010987934259457353
-0.017602342943400684
0.0006627362851255356
-0.00038063109670318353
0.03134707828155318
0.009654436559481814
-0.002111710615215704
0.03311332508799115
0.010989954413585133
-0.03245383582012359
0.026639586372997452
-0.025734778744732515
0.044925120855179884
-0.016145576411439766
-0.03704800249521496
0.03797035760953075
-0.02858750841982984
-0.034823914349185345
0.00456375176756018
-0.01150849832811646
0.02224830000286356
0.04076798731371911
0.032699839299273226
-0.008439998422274947
-0.005392029161412285
0.010435569325428048
-0.08376850894769515
-0.009366662199861982
-0.013544660330652785
-0.055381760621888106
-0.01485965980150644
0.01219394801583805
0.0031403342047556532
0.0009171901206126669
-0.00021297404244099435
-0.013233993081100745
-0.005989748253696544
0.055091682731988105
0.017174831023043242
0.010991515620600288
0.03485704114379732
-0.00894843476219005
0.022431330286412907
0.005686900086668149
0.009758421424976902
0.006057390932980725
0.026871079592876018
-0.02938214656412592
-0.008582274583302183
-0.012980192464117099
-0.007318571244683315
0.008890210017228723
-0.02473167328296426
0.029028834791329127
-0.005315572830592393
0.011789210011879828
-0.00035524143444296414
-0.0037547403826775024
0.007320852169108108
-0.0024858180360269183
0.0298235602212934
0.026708968175694018
-0.045679632316700025
-0.0005411197150546554
0.008849011380919283
0.033251909599378585
0.011138144357271836
-0.0003114854148635659
-0.04492539899392986
0.013563992533465102
-0.009061749194867104
0.006321339099622532
0.019512893515277213
0.01949941932124481
-0.010837673627058316
-0.05094302219987942
0.012763202122481977
-0.026454452186818946
0.0029810802299580735
-0.021817501667639946
0.016701777863248016
-0.022771764490044387
-0.041319761280812814
-0.014070698903107828
-0.0011351649211041022
0.021383409154944227
0.011525541539629446
-0.02593945570741735
-0.003994920325514683
0.0150228418573486
0.017070245646601256
0.03949481648185294
0.004595100911781128
-0.026350666629243163
0.0201163340589771
-0.057011744349554604
0.046217255942051144
-0.0012224076636088755
0.02986278043380567
-0.001204368943353046
0.009069996392557504
-0.024679031383929684
-0.006616231813903897
0.07065279528691303
-0.01571990093936604
0.02527764417180714
-0.05381351318055121
0.022704840452573077
0.06649220493889195
0.024475845486848783
-0.030486023224133057
0.0340475691169141
0.01372132514439319
-0.03284205187267232
-0.014174785697174298
0.008844287120871274
-0.0157445266216146
-0.030963034822667906
0.023087362309835425
-0.03170339470820228
0.008510354280492159
-0.03812505077053702
0.016561983155516213
0.05817143742644411
0.059871181156121306
0.0018541621897362292
0.02295730861416004
0.012847358349219917
0.01651748076907244
0.018728202320470604
0.028744963944989963
0.03929169509362495
0.01351599148348019
-0.007965310361743094
-0.01185955549980783
0.009797051223687537
-0.026457812278742644
-0.012177931153298223
-0.0012732427690459176
-0.033356664068299444
0.014814514323669512
-0.0032571348077555843
-0.020195669541582067
-0.025214065650589604
-0.005595907999789527
-0.041147597177855856
-0.010880362601563984
-0.04934874776111669
0.051161858708074284
0.0067856831516614775
0.011171319922369813
0.0031451167622246223
0.02540308856980099
0.04170201446876642
0.0022999407256245655
0.00865827902988502
-0.007890241859144501
0.0044207258417488385
0.016541883389928635
0.00286855196190512
0.023918730142043335
0.10937448265591816
0.014767509551186086
0.011680104673608173
0.023389651274614138
-0.013998455517816507
0.034961902477678705
-0.010651943770326258
0.013536047035544271
0.0013978551613832257
0.010264369179964785
-0.004043068299012642
0.06411400736974153
0.011737395603176418
0.030248973885813255
0.017424441370076014
0.008823940793075519
-0.027704224002999617
-0.08124135721232986
0.009546902236709892
-0.02373728628159581
-0.011452413701747174
0.014021281353856208
-0.03147370000768814
0.005270964855375566
0.0003774771497309551
-0.051277627207979674
0.015544567536144437
0.03792394127158369
0.020711703858590506
0.002684797736036003
0.03585726864051272
-0.0006597011969411928
0.02577391033329324
-0.06283432023250296
0.021867964514653455
-0.010902830897474436
-0.01345383849367498
0.001746828110553653
0.01054002756675988
-0.022427455270041356
-0.013743936838166453
-0.021055803676029106
0.010788881083506471
-0.026676669529978686
0.011497535877596103
0.02004480060323758
-0.03613842871187407
0.07129874422273616
0.04909830549172471
-0.042961934228660764
-0.007818292794905271
-0.010848773754340358
-0.025982582814496186
-0.004339760508457963
0.03079193578397002
0.05056702170264306
-0.04505154790372888
0.07789082000088962
0.015173017173756815
0.010625247270128403
-0.029427029573061012
0.026726842152417305
0.005246642203958555
-0.014764816415546252
-0.008505886886709562
-0.05124807196704462
-0.030705200318342417
0.09073308163779169
0.0228118672301906
-0.013231192350674836
0.000754866246476619
0.018917195004885715
0.014441780506439218
0.015407548344674674
0.006801823007480915
0.0441570445264219
-0.0017447378982303266
0.023982086639941662
0.022018079304262295
-0.0017102975224648797
-0.005554529346814726
0.0292858312009266
0.017506187149185434
-0.0204127855903118
0.01459918498831211
0.03986998954889675
-0.04940757570413676
-0.0008488744685827117
-0.0008512422216206183
-0.0393789889746465
-0.007432946257690725
0.06466615054992808
-0.010773648867433983
-0.011451859297441799
0.04236464759347527
-0.012727026537945706
0.06253055970071188
0.000991486339154087
0.05593999882722613
0.08073612311438007
0.020695121363243654
-0.0356745403636551
-0.009572589420046053
-0.0019796140174038785
-0.006351025870984983
0.07779666382384295
-0.038585128647024146
0.020527908139514276
0.01911512982835232
-0.00784065749677485
0.0002614067292744998
-0.011123845371564306
-0.008956222627685938
0.008541964792697893
0.0012011345226785634
-0.022548123381308127
-0.026064799854022495
0.020849846899989234
0.022390928194302252
0.027112366099682785
-0.007091429250679913
-0.007482116393493769
-0.00379774977216198
-0.037142850645483345
0.014949158326684437
-0.017605631977688222
-0.03556034634027357
0.0004317982862823136
0.02553768831942815
-0.03505464650345268
0.027695256779770173
-0.006748800033460739
-0.027125218028716775
0.006833045871716212
0.015469831765181985
0.06815031191332739
-0.027681373587401057
-0.004993645336439925
0.023434510962451267
0.009246001909248765
-0.042689447456167415
-0.0030827226190303465
0.014288509680273245
0.0027783900784395504
0.04409638528379852
-0.018547187487783653
0.04352789041343737
-0.011461466070128563
0.09703741839810527
0.0203747462744415
-0.014091525390116539
-0.05457177994065612
0.029857167363999248
-0.027650177586428407
0.04548142228774259
-0.024869534886673064
-0.0037619896439366634
0.03037621541900408
0.021399413197755915
-0.01235473483224264
-0.036913357609891
-0.01699452971015485
-0.009303629006944158
0.02589166527842441
0.01211698158128334
0.00135067818215474
-0.02404543114340023
0.12034102467118664
-0.011652090931719199
0.0028486518316660006
-0.027573034677887125
0.00549106337216952
-0.05132969344006081
-0.03255367240138258
0.0258588145760189
-0.03528481287420629
-0.011394067435472574
0.03939561969445354
0.030949603913029325
0.0384415418492528
0.01407724892692811
-0.012685608814588765
0.024488737563916528
-0.003994445963290437
-0.05289864300826187
0.0003189086085329458
0.046313095927143846
0.04556713018220575
0.014276510386011623
0.06318648028983795
-0.01139208736668779
-0.05969124789695021
0.00756928139264041
0.00885890402411231
0.03402167262086947
-0.04519586119346848
-0.05241540835275056
0.022539809868698194
-0.005061778855190413
0.04617121205020672
-0.003543617489316822
0.028786030217211676
-0.0023445912673069787
-0.004078584900320781
-0.02077000255194708
0.03457654292600312
0.021922551758533193
-0.01667150845777668
-0.018627930583541237
0.006096775778395935
0.049441964794180115
0.036905528127960475
-0.0427955693784896
-0.04148671770551601
0.008296654947218709
0.031180858993198213
-0.013270568536971412
-0.0034632065873855325
0.02008625787650836
-0.0177031967448574
0.009210465826010133
-0.007478834337927516
-0.004380644046973332
0.050139204969427704
0.026752703429970194
-0.03747343106448159
0.002703656131283971
-0.014066124964913688
0.046508228185568275
-0.0159221992836935
0.006774980186819133
0.06033266303795653
0.02767275905965742
-0.04118340582851929
0.016306004592820163
0.0012638671686447576
0.015409545361464496
-0.007624142723941114
0.050650072823132844
0.005300439783816373
-0.016111290717480565
-0.02676637738877197
-0.003554547994217251
-0.017642719623241092
-0.00937780535227675
-0.07272839041832652
-0.04952483090521773
0.07095346286876619
-0.027851989943198832
-0.03845132084478387
-0.005763016160236398
0.03996045666815827
-0.015752765995488048
-0.044229879749779065
-0.009912138316456707
-0.005920843724503622
-0.00471021884049538
0.0025898267666749734
0.028807918552737007
0.0032450719602802303
-0.013478556788863788
-0.005465263941024128
-0.027202204605634973
-0.03501901189648838
0.05386279490412668
-0.010705864807029385
0.02937623268713259
0.014116628653886012
-0.028276283495027726
-0.02990815608534511
-0.01657430449182146
0.009317901434481659
-0.02905003923407478
0.020051295042707598
-0.008222785314992152
-0.039731966528445156
0.027739867471489054
0.0019503884043078706
0.02400505199621359
-0.011379665736810738
0.0015640400822932781
0.04911294979551261
-0.0008370368754845894
0.0023675135408477163
0.024854935814192878
0.016884604410502473
-0.015168792371452267
-0.001205769614148007
-0.0029351584896180243
-0.05718695858328874
-0.0031177328817851174
0.030618783863230862
0.023932452482716728
0.020752837959446126
0.01920699729776163
0.03770930269900163
0.017555238279133592
-0.010110440983327793
0.010917676700570143
0.030024273637545527
-0.02058548976749568
0.0027496004890163643
-0.020978238537578877
0.01861213547654395
-0.02875953486745841
-0.008962940950304104
0.01822529494780959
-0.03259983628634182
-0.07930631716351948
-0.007403624446043881
-0.03816249164161774
-0.017371296238507895
0.014701056010622712
0.057842109397554665
0.05866962150909232
-0.00939386003955451
0.00350049928798977
-0.02185817348503664
-0.015365648365697798
-0.00986287508061805
0.016679299603630984
-0.02995461987853279
0.010707135253145858
-0.016594928571964172
-0.010883681620239623
0.04359953624631471
-0.041397962889859016
-0.007800137815057229
0.001142507496382474
0.002309768525346395
0.030513080953092093
-0.00018913084880119383
-0.044153457053938035
-0.005536874603316052
-0.07076336503175369
-0.018949084223649826
0.02100160788294538
0.019030463567986357
-0.00922163110309856
-0.0010974326949027499
0.026880489857377034
-0.018123058055894117
-0.0007946334276666418
-0.02887670967967736
-0.05657522883144609
0.054988078421555696
0.04999306568835673
0.026324941095474442
0.014405515679968534
0.024185345136889677
0.009327733868943597
-0.01678551331978164
-0.014988487108415847
-0.0365059977440931
0.01960417601284085
-0.007907423080229292
0.010742593812261721
-0.013691425783314235
0.07171914121416564
-0.04721603335929949
0.0024547114140366037
-0.030325573434374874
-0.00782338557638912
-0.01962578258573284
0.019847340098355617
-0.020639500328001586
0.05492541967928118
0.030111986448061616
-0.06526079465106288
-0.058212673044413916
0.001351803474617526
-0.01789777098168142
-0.019318015616967856
0.05076131777562946
0.0007964778429715592
-0.0034197720664982043
-0.0013174247829379287
0.02531722553947327
-0.022319685181209595
0.007351032848995817
-0.02456367306193901
-0.03756772890310523
-0.007533243252125818
-0.00823918127585387
0.015456824801358014
0.025672594097859977
-0.04370561843417491
0.0709807762483352
-0.05825734310714218
-0.020775928539358765
-0.04392679672925167
-0.007261160160941608
-0.005112605812419707
-0.01343634509678604
0.030588108873663672
-0.008229120188044956
0.013179158360031373
-0.00507469539666442
-0.06584769720988083
-0.014802822295013915
0.011548676321496521
0.029481250942863396
0.02454171106580374
9.353797318435296e-05
-0.039107953524811875
-0.04091773262844383
-0.00015765954897136543
-0.024812366740093645
-0.04807906345204037
0.031892273613550605
0.004569545173360151
0.03137088438986638
0.015189309413211994
0.01974265491403516
-0.046600298768622775
0.04558025457425309
0.02202777099763594
-0.020203611941418974
-0.009141292101411994
0.009833756999248053
0.006981529637125961
0.0020429428774910306
0.002101432596519016
0.0027890887409587795
0.03513574644899377
-0.055658474868088816
-0.025721712929914514
-0.008375549640004993
-0.053353667699360285
0.030894131172862768
0.008394788165519867
0.014461064695646574
0.0263843808536361
-0.00286735149634096
0.04697896296064537
0.007764056712257292
-0.018623135395392263
0.016081172130879805
-0.001419679381772419
-0.0008859104637221422
-0.021623560560322216
-0.027965825018770128
-0.002332116454276898
-0.01822600525364589
-0.01491000654710902
0.02962953829807569
0.03988824699808198
0.012468008874562612
-0.02828455590846116
0.007296178115512999
0.006690400291995839
0.004714362422351092
-0.006014513095220924
0.04508317778421197
-0.009666177356896458
0.009565636693993752
0.003518975319319914
0.00046037511430477995
0.010239725137321437
-0.021438116006951374
-0.02291316323086163
0.03536461720287345
-0.03401422870262888
-0.01530647022438513
-0.0025949024344727616
0.0019082660548787424
0.03596441465552679
-0.06509490451776079
-0.005832787118721521
0.031673906929647985
-0.008592302739126867
0.013132042260625422
-0.008581409940746368
0.022361767817638593
0.03441929113748555
0.020376706850721498
0.021324791502973003
0.010826158883851552
-0.014064102026151364
-0.016896727440446166
0.014462375857171965
-0.0063630924314038734
-0.004549262795114334
0.0005519467679438708
-0.04416198367293059
0.0032471562425266083
-0.06375923591276851
0.03524737053704538
0.032042796092875116
-0.009602023496444493
-0.0372074556330713
-0.009726717109195034
0.0063351293830622435
-0.0075521379006990375
0.002214134729279493
0.018722415852622673
0.011824374336789793
0.007424789484921093
0.0010539874834190964
-0.06667700895335724
-0.03140980992769791
0.024104663341739156
0.01262794604611814
0.0013653064734904866
0.009551545892822703
-0.013990927724780023
-0.011654500412141337
-0.02633208554834164
0.020876907047730976
0.032795586618528376
-0.025200334402214763
-0.0009244582915146548
-0.015596695405380417
0.028992408443785075
0.029400510477655965
0.0010541332966846912
-0.01281335837806186
-0.04084472748120888
0.0030114600242003966
-0.05678609185053399
0.013290404361240269
-0.007844663099112184
0.021436801860152906
0.015652430275267172
0.02627815295402022
0.007415659523529432
-0.015016592818186767
0.0338826074953978
0.017104842021822202
-0.010121674406970283
0.04343900291400272
0.020748635489817327
-0.01882419787356946
0.01312524583175342
-0.000713989439604759
0.06002939563606899
-0.010692515751143931
0.005074538885734002
0.05202064473082725
-0.012993262639833778
-0.025624359963655082
-0.019473143026218425
-0.02689455727885697
-0.015751478386392678
0.009302651849565973
-0.007633798234603985
-0.027008491710108606
-0.0429701516558172
-0.022185890711008478
0.0404128655473037
0.003822528424737207
-0.013564723228519503
-0.05900608452954468
-0.0048647868091434175
-0.018262218877865506
0.041622903080362254
0.012714231306961015
-0.0011793924298038427
0.02035115086359644
0.022010469959874806
0.02064559708623563
-0.050551629485993156
0.006862061266758837
-0.010355086347620189
0.027939036033382863
-0.015244411179000286
0.019368380712274952
-0.003046802741252931
-0.01192619691534283
0.004097271074152405
-0.03550456361367657
0.004069001858663425
-0.023065769079986226
0.004911518930438905
0.023666552061033734
0.04699310294861194
-0.040254715477961306
-0.011829531677984215
-0.0049665680189759295
-0.014259354598551563
0.009971735566370212
0.05089086018205773
0.014829570396261852
0.04309042314475579
-0.015251712379702742
0.11221367113826622
0.01046987018265949
-0.026993362273023715
-0.013235383739838576
-0.006450657210018779
0.02057966080737962
0.0018066833449293953
0.06160022348447478
0.025847957494822046
0.018891947767718555
-0.017666625398073753
-0.034349872845832456
-0.03173656109957412
0.06282792635934882
-0.027234711853014373
0.004260751130250709
0.01936289912203456
0.03648052082138977
0.004361073771725298
-0.034240030781877394
0.005792226863509487
-0.009664637262718361
0.007284333361644199
0.014706571902204526
-0.01481356264495022
0.02336435489367373
-0.02710349998184982
0.0016289517145494684
-0.013968837609869082
0.0538016035137814
-0.04441831927078279
-0.015545360045611998
0.025847024975807292
-0.0003224695252866706
-0.008864115726674853
-0.0061887381509676065
0.016316785433603265
0.03724490922862724
-0.02711148500614088
-0.04876079560741462
-0.05215441054075527
-0.020711886632135367
0.040382921630247745
-0.031409884803881925
-0.012824453626702394
0.01301951709323385
-0.003714107048357951
-0.01344790164762396
-0.00362520097613178
0.018152710322410833
0.016891472337335515
-0.011406687315009387
-0.05376543759172964
-0.015611700049302573
0.0229230105412131
0.010570131441535553
0.011119710583644651
0.025740710992825825
0.043047933363399286
0.0026978795514794878
0.0038656799560726645
-0.00799786948101585
-0.001301744670331935
-0.02162056106649891
0.03692866961827973
-0.03930331684602749
-0.023055381516133233
0.01182164574366614
0.02378098973948192
-0.05121996720378227
0.004576448982796265
0.03886311798938354
0.00871761213189176
-0.05425029796515513
0.0021982483919517582
-0.0017159679405138039
-0.014349547058100362
0.02110896792893224
0.042986212553875455
0.006532487976307052
-0.00976151546982767
0.0055275612390116805
0.003655154242659529
0.01753806832947702
-0.029993195385970478
0.04347736639945929
-0.020135036382148648
-0.012895857185442169
-0.04855520161156366
-0.01981199544314028
0.07603041946521359
-0.0038067936861377705
0.013390778285514965
0.013588616314744676
0.029530930515018136
-0.015138290566405132
0.0006356006977412388
-0.056935152759601114
0.06295688003615099
0.005730547561867226
-0.008565900367247907
0.014094275960091609
-0.00010689455316370055
