-0.005885511763193322
-0.04327279930157004
-0.042321478099597264
-0.029498208692565912
-0.014691650307776872
-0.011510678674638366
0.02119146843703826
-0.03533538106621983
-0.019602022651286383
0.016749456100492756
-0.028999488546400266
-0.02041880981273047
-0.0015282987670157862
0.008867054958659323
0.009408784830245473
-0.01971749206947487
-0.01906111415454757
-0.0035867881929336994
-0.01617619746919443
-0.004773401838944506
-0.017017892363035275
-0.009965238341079397
0.029418405069848448
0.006366329264014078
0.019164291041473713
-0.028059328923613215
-0.010330132616795327
0.0057131504390688335
0.029184387530426313
-0.0015482936372196064
0.0009457293593823674
-0.03819710250778776
0.007352546992203928
-0.023574352881307454
0.046589644948995104
-0.017152279958310007
0.03524843061905646
-0.10215950990771598
-0.02915920595158699
0.0698807434663982
-0.031430952521194704
-0.0015919809672672335
0.007135050422360233
-0.02775752342376176
-0.016457735010254326
-0.028076831835735117
-0.02124579304976379
0.027894389690452152
0.028449374608732998
-0.017533452408172102
-0.006007653744665156
-0.006500224139355244
0.07217868385209238
-0.02512394844642871
-0.008399235412676172
-0.031153164291436976
-0.01589378291654653
0.013361245378764748
0.006665844554425368
0.004510665573505943
-0.006455613577213915
0.009623116934004573
0.0013161203969676396
-0.03748728641835711
-0.019169300261100277
-3.173739942665349e-05
-0.0029252277610909054
-0.014468374486248577
0.032652474848369126
0.017572833325111416
-0.06265369413332712
0.029747869533343654
0.024589191849230793
0.057802561659867656
0.024499274675316648
-0.017433026700154473
-0.009815385392416536
-0.008054746742866967
0.014744936389432192
-0.017567047388826165
0.021295458801098472
-0.01598130155070648
-0.00011164122879186391
-0.008075865521489466
0.005515535532565251
0.001779291762877934
-0.0037814228990721475
-0.013194025472168898
0.005020438985272254
0.021681101029708928
-0.01675668497881879
0.01412790352209854
-0.02147258936649155
0.006432864360138512
0.0165086599307909
-0.010583683173797627
0.0409065198508111
0.019608645085258655
0.0006986193973651838
0.0207239710304777
-0.0022430239446825226
-0.01341120307146149
0.0004883380482889604
-0.0996010872950059
-0.027326540973749397
-0.027735559144433156
0.015068948935838666
0.01027356399056097
0.006778102707483341
-0.029954569525538013
0.015122384403463966
0.028418704260996838
-0.05788513586165578
-0.01990758503835524
-0.002733965862905885
0.00656884461111183
-0.006200978727670429
-0.05074270925973694
-0.031128258842626273
-0.026158941003840912
0.004139942015119264
-0.0022332589942695765
-0.011779657813061131
0.021893420812867957
-0.0012081584560334365
0.008782851643076656
-0.010532569089596414
-0.002683764658522497
0.004594291672766258
-0.0134069540944719
-0.04499379780402791
-0.0336947291812032
0.03776863606307795
0.0047258767653434435
-0.004962506520835104
-0.01516572340759257
-0.016079222932890665
0.01499148617683542
0.0005148819908203433
-0.006072490261369582
-0.018512911270925116
-0.033446909031663676
0.014453518745342021
-0.012040712042538877
0.009178262789470204
-0.004757958781780918
0.027916633467183226
-0.008774931197045359
-0.006500453022791724
-0.014201372868541432
0.015927829033992452
-0.0037705539640077394
-0.01250565904272388
-0.021344930225463167
0.00043474011018362316
-0.054766723533327455
-0.015664074709295914
-0.021494833155229653
-0.018011010988618202
-0.03572030679388132
-1.7892712303424405e-05
-0.0006579900633149953
0.00838967213511343
-0.009818409323507955
-0.015207566587628916
0.08150715247521155
0.06640075653407192
0.047355020946239355
-0.011241573204918118
-0.02387626426658274
-0.03495926240310778
0.04170716492684614
0.0072807818382524675
0.005614660666725925
-0.006267883565734351
0.021960240249737972
-0.004961443243220141
0.001723057212941873
0.009383084115449884
-0.05992810399185846
-0.014927249306994479
-0.008988748055197521
0.010455059594982725
0.016395091477486298
-0.01209376603942319
0.028384006645009473
0.01441356971430295
0.01995540569465068
0.0014107158403243115
-0.0020265549177997653
-0.002726412876923078
0.003174826854229314
0.014849599238598377
0.029328980109830045
0.055190352520240966
-0.029464593828754892
0.03714157492656697
-0.03034149243713176
-0.02663173246582056
-0.010437176500596872
0.004631033945575248
0.0237487844448893
0.008309284330001592
-0.020296801084005247
0.0007225555770032625
-0.007747203715617445
0.025546148232907177
-0.0003058447910334063
0.001302700613294948
-0.004279995706911258
-0.03947704019202483
-0.004062786082995843
-0.05217958451210593
-0.07447073093957339
0.01570231931576183
0.009675674796310908
0.04000062782430289
0.010464457091651343
-0.031704164590567595
-0.011698188750587589
-0.0071224302107723665
0.019729775473768148
-0.014098185645422888
-0.009895505222877701
-0.0073444855075929455
0.05773420358508774
-0.02760195476013201
-0.0026110196740413015
-0.04907008229442962
0.020823989782417136
0.0031278339086547326
0.021219182104773325
0.018138435984610866
0.021855299331690007
-0.012096185899581332
-0.011914745436677684
-0.004740165499309578
-0.038315192297170994
0.0202270317405767
-0.007273909654475428
-0.09087027451459398
-0.04979148389542543
-0.009717944515048758
0.007958962216031122
-0.0016797142205732995
0.015780144866096156
-0.010032617538510763
0.009898672877442267
0.024790548679326004
-0.0011665579164579615
0.011581919006702064
-0.018707019776098836
-0.00707210028659453
-0.012638235025502076
-0.018014737975929333
-0.006840280286326785
0.020445532454457214
-0.01898776545273486
-0.014039246181027764
-0.0021662914520455285
0.027891024733760386
0.005666089536945723
0.005914411866582124
0.010201381740444881
-0.018567862062168188
0.03066892125970857
-0.001974364097357882
0.025474911674009823
-0.028931853285168237
0.015220315867973356
0.02079606253564893
-0.041303386181062114
-0.03354785609481564
-0.05058526240790316
-0.028857838232362983
0.033854981816351874
0.03612581568180903
0.005874838254331544
0.019011179994368427
0.01239165923546991
0.009564523668058145
0.0022101388793015616
-0.0032862533642732876
-0.017316653722200398
0.0006215324506626251
-0.0038903404066922146
-0.013495085840502312
-0.006518139409212105
0.016889474931624626
-0.010518777656919526
-0.011059416279996506
-0.032644702511144104
0.004123436422406543
-0.006949136952684655
-0.03890530728174063
0.012485874727812759
0.023063864869371977
-0.07450565496461009
-0.0014656762862217774
-0.005126232525705935
0.02300784982001666
-0.030875045916623874
-0.034688694491663535
-0.002627419160592715
0.028468969762618684
-0.06734605215967296
-0.09483277540331778
0.01397833432441534
0.009965839574416775
-0.009206223214587264
-0.012143848796830567
0.0563085814332211
0.003683384241880364
0.022401070182751393
0.05303855513970556
0.011285103005671655
-0.013201460111488667
-0.008444980134827201
0.010014978202659836
-0.003659028377516561
0.026995532040375993
0.013103179372683765
-0.009022116976989585
-0.04956381944468242
0.018140510520488377
0.023373210776070446
0.030248653077713
0.006896828725414741
0.009138339392244853
-0.03631350456313492
0.01875261463194496
0.011172059058641833
-0.008047654522586475
0.015237254212501487
-0.03664606643272069
-0.009791777399490461
-0.016651722334736548
0.0649714237479712
-0.02875002347116447
0.00392549566750413
0.04623659631634465
-0.004492174619177561
-0.010562334658129738
-0.008998781935021185
-0.013256643909004674
0.0010726787732017987
-0.0006640870487707142
-0.022794456734901096
-0.06960628542413323
-0.039168286808898445
0.013226297588667694
0.03279207759713153
-0.026938966867067222
-0.008704351332925563
0.016556796516324114
0.02126548643017558
0.05476756892551646
0.04032080835823666
0.005025380231909393
0.013603757977177753
0.02270154355744245
-0.01513823239719259
-0.012188080897490626
0.006899767843699748
-0.0029290888330793354
-0.03743679386370668
-0.03734213316330353
0.017493383896029387
0.051448497208778324
0.04829456182341963
0.009950775843542979
0.0026326228527694313
-0.027269726475253227
-0.012498391452767798
-0.020210704404474384
-0.007183222090816323
0.0800266181448183
0.0007947051680224761
0.011763054337369572
-0.031988287900168534
-0.0032250800111387964
-0.013129288706607345
0.028272125429013664
-0.018565199277240298
-0.02716513101748772
0.03460251540222986
0.009633164710364047
0.012395025182358473
0.012482103759796902
-0.019405777469079816
-0.011119317206542858
0.006131409112106891
-0.0005007607796821419
0.04431523785034943
0.02710229359419623
-0.01904260764950994
-0.010407529826171075
0.028717841544902235
0.027394331659376877
-0.006705998564693329
-0.06164215166415574
0.002842002196435292
0.007913771391315117
0.018428894083388676
-0.014291798165686717
-0.02324410975021347
0.02947345010378732
-0.015001360398320495
-0.011097720357634058
-0.0009867288958504603
-0.04161841883891611
0.000346330428456405
-0.0342525641785949
0.015680934435919808
0.007835225312255176
-0.008631502780743275
-0.02856648101350136
0.0027170054582592858
-0.016076517047213496
-0.02124645960417365
-0.0004819956918016951
0.0423017503152679
0.002786599512645103
-0.05240217544370981
-0.009715663028182877
-0.03936774233895646
-0.014067165774955643
-0.0063899802523421445
0.012811029946161847
-0.012126943739814976
0.01923166131480031
-0.005569309265347955
0.009857685085739963
-0.008295433724041951
0.018868998455395518
0.0010895753060810942
0.004346054560858379
-0.04354326602741098
-0.006302613080477232
-0.0008125935168190442
-0.04228529309311316
-0.025393859414156183
-0.013030560163558353
-0.01107868863305492
-0.030929286681013704
-0.035229592542302554
-0.054312316903262166
0.0019077115296312465
0.028061827554659323
0.017545800136062214
0.018551006898165266
-0.06662243941266759
-0.010114873351713925
0.0722235974026122
0.01657589585756864
0.019634080811057816
0.039161877492964896
-0.0197468498936599
-0.048480279589720975
-0.01720287605296698
-0.054358909871186786
0.024825865443870106
-0.011527517742132464
-0.03581437584927141
0.006848284930544042
0.02656773916577893
-0.04301152224258399
-0.019143899894697308
-0.0432331466185726
-0.0180645074949499
-0.02821176791582427
-0.02374366103875595
-0.06050550661910144
0.04236562123046831
-0.004229652983084956
0.028377932283738343
0.02386427808130048
-0.029705132781367515
-0.043280086628513965
-0.010821337446533817
0.021303927857609862
-0.0002836485482075111
-0.04959229510581643
-0.07102734618118846
-0.020295071795071916
-0.02190498272266313
-0.024315891174616286
-0.05164545190329249
-0.00028580961856971876
0.04827977616978809
0.034223912331806085
-0.0007457113539559182
-0.014367783789040746
-0.01001705266070698
-0.07284298854611351
0.02019021687900584
0.03462506370567476
-0.01422292742027692
-0.022248114412816815
-0.008377041730429495
-0.014548751884142059
0.056882016566492194
0.05682111182130938
-0.022021536935992077
-0.012479020317419735
0.03206035001831591
0.010269717805561926
-0.010723460340053524
-0.020239674188283277
-0.021525925622700847
-0.029693464512238643
-0.013686255177954389
0.004180525341453485
0.07243538586971056
-0.014879968456634984
-0.025349527237330118
0.08344613006338363
-0.02133663882884804
-0.008437275668396227
0.02362545506962542
-0.010047036963116882
0.010299217001112209
0.032194342932929255
0.0021564759499614287
-0.017795740300229426
0.011289953379783406
-0.009613948893758833
-0.053468579763568905
-0.012655158452883343
-0.015454333098843016
0.0003109783766584775
0.0073070307625533095
0.024583801611860977
3.1319309708176995e-05
0.013606035433214956
0.0149291017484648
0.008371870577678074
-0.002270499878152614
-0.011677167087308604
0.06868491951063424
0.0042193420132983165
0.02489204950009104
0.013177999697500428
-0.018971359496090457
0.009286192541991983
0.013141897925047696
-0.0478573360798622
-0.022813042336040604
-0.028807130340414617
0.04966208857174889
0.029837009543432234
0.0020771222577183977
-0.010880449528196277
0.010237537142768972
-0.0360391134811714
-0.027752661817099972
-0.006761525998762141
0.03774557761583544
-0.005649288968485291
-0.022242418584239157
-0.035058140143390655
-0.0038231045642453045
-0.008079046295223592
-0.01837471012076279
0.05617890225167798
0.009682120303865043
-0.02341921660438673
-0.010800548064164504
0.0009159417483882394
-0.013303588632391236
0.06007644643923735
-0.07067724411317604
-0.057068424956107144
0.0033356242698335784
-0.04000827993484531
0.010701853460281931
0.0026596076717349737
0.0061525865748056924
-0.00991680492163825
0.026784199574720887
0.021651677898860584
-0.010722329514428853
-0.0039144226927219335
-0.01882869507855975
0.012648350075922233
-0.003806263662226525
-0.012314433100591
0.02365380033638367
-0.08361192187362414
-0.03956734993775124
0.009515296278253017
-0.015630148396520934
0.07700732244198008
0.004722291204325319
-0.021792534610584804
-0.01963134617932884
-0.058203398386305664
0.012337526275347493
0.004137128813571816
0.02079587169739925
-0.030437866350884236
-0.0257931704899784
-0.07330001051324433
0.00969750953595662
-0.02237897583463349
0.06328935959817994
-0.02229043703519265
0.07079218324726262
0.012689726139172084
0.0025505161394181767
-0.005010999866423301
0.0017345612606578403
-0.009335896068310662
0.061862043476239005
-0.0069583365126067356
-0.0378828062965473
-0.01546062707574662
-0.03927381857013697
0.009811928279300556
0.040613630435193795
-0.009606028416856012
0.0752737177568126
-0.0009334048636658139
0.03036034090103205
-0.009379222307239615
-0.005196280257162892
0.0010498274433721215
-0.02454621793214063
-0.06801769061294877
0.004505477958438515
0.006059962660582393
-0.013627430075037503
-0.07379551353191154
-0.03728685665627592
0.0021815510216980608
0.00817045927333689
-0.0006435520330805688
0.009564296699032408
-0.003345840398462588
0.009189164064704172
0.02656034331583813
0.0039069402362474255
0.028449115743026776
0.05297108368547628
-0.02881894116482023
0.011853989260063832
-0.0105450200291574
0.02613438557478207
-0.019717493024707843
0.007914647687520128
-0.01771062973730723
0.01477361833560429
0.03693454582330471
0.0188154370426303
0.038631148086922217
-0.022529893720960873
-0.042324660319617055
0.043640771125308654
-0.03230572268283098
-0.0516809748326423
-0.06676414565249499
0.014026532346709105
-0.030658290448092398
-0.008442234258863465
0.0850688796056612
-0.04849509237085239
0.10216439513146529
0.027108364633064014
0.0491745608038449
-0.02233331109852925
0.0007740938603478211
0.00618498037956488
0.01332993248097283
0.012081205574231906
-0.010190690344070713
-0.07692622616109611
-0.04445363528012626
-0.003794392368551568
-0.04181226099443872
0.001598597062802316
0.05510835346569765
0.02320296450335566
-0.010061693534397656
-0.00948581743316699
-0.03273385800479469
-0.005537301339381168
-0.01621880982845344
0.00038720071819882244
0.024542273556189473
-0.01194981211777608
0.021663794400718993
0.021808607701715735
0.031033414480564073
0.02715491631294003
0.048731532627561
-0.026739914201055127
0.008708356265171347
-0.007855541421923691
0.09432979034255512
-0.08374182230405182
-0.06137274818261062
0.011022502398522963
-0.034427576456681576
-0.01775804167309022
-0.013936762082296618
-0.041679502176783075
0.001282615105893569
-0.05654079170570601
0.010007779706217246
-0.04775612539928214
-0.006661603881639792
-0.05549370323810485
0.033408875677288154
0.011745416990740894
0.002106807537699419
-0.04055493895957926
-0.013908166391994874
-0.0025210942328267264
-0.00434285236773899
0.004308667613223481
-0.032262541465386936
-0.013816561399184649
-0.015067017648722642
-0.04000240536265011
-0.016115158372083032
-0.03484223200231861
-0.05706570303949822
0.007863972291987298
-0.08267908047859251
-0.014322647823050292
-0.01820402138239135
0.01145709433563287
0.015207918445118332
-0.00876317293101353
0.01933050976163954
0.007961443794553923
0.014977026888553825
-0.008449497197570497
-0.01543557185308458
0.05538152660335971
-0.03514016271592017
0.04610263787002276
-0.004462877585950942
0.10384963889863283
0.033344160628817725
-0.06173760124090495
-0.005025079411254328
-0.007811522352832092
0.00035934302181109116
-0.04191599404683219
0.02241939222046792
-0.011224542439962048
0.00013213424101479014
-0.0027799890987331584
-0.01640716523135503
0.0022300650351594078
-0.013456159577935963
-0.029745597863616212
-0.009251057967921087
0.004122359199687391
-0.022149959437748667
0.035110632057199484
0.05881809411172268
-0.03067281067215777
0.035369727664282084
0.0017708455740077342
-0.0015523556752734767
-0.007798273756828389
-0.02684248791458348
0.03575784332901838
-0.012666356972310298
0.014091378304811641
-0.030961566289141984
0.0008738531603826028
-0.0010928313788654293
-0.010607637150587016
0.020121810501823427
0.009171763298655714
0.021909969919718456
-0.013543919847923691
-0.01767792304089941
-0.02309769228297943
-0.005462874174542415
0.027384601317512986
0.01294483092676957
-0.009892447874954679
-0.0015696221495207232
-0.005917542366080706
-0.004936809264479574
-0.03266509166835112
-0.018448358721363745
-0.030633972391352092
0.002984023723265227
-0.008801212567857366
0.001984525136288254
-0.02063165850709092
-0.0021719156311833746
-0.015873647530311338
0.0001918771344329014
-0.04523696465979117
-0.03333917413749365
0.021219848477493794
-0.029484877441215515
-0.049987589113711685
-0.032320588460737175
-0.027261237703665345
-0.008551062363197862
-0.00587614871478589
0.007048494180861947
0.01111242014415854
0.015069490077854802
-0.03707064830971757
0.040851089470577
-0.016329878107720092
0.016937974920304064
0.013938795709191616
0.0123988634276502
0.020440877433896366
-0.03170684288335799
-0.01655754980509126
0.0368840917430364
-0.015187820347770664
-0.009126874722470268
-0.028085980056436734
0.017300762819164157
0.022195603185428372
0.020170796362639836
-0.023935540678899234
-0.003717635661099915
-0.03331914329480295
-0.05172979060657608
0.016328270412000176
0.028271070213589763
0.012503651185383723
-0.002624474064333195
0.02361785326314496
-0.03376542698781402
0.03189350353275558
-0.009358949336628548
-0.01034825403879723
-0.003402676532752305
-0.04060371514533324
0.017768463239076254
-0.028958438546657864
0.01130149686395651
0.04346265882129831
-0.01829706245810041
0.014544205963166613
-0.014670092596629004
-0.00581545551546144
-0.0003858738417970069
-0.01046045272694087
-0.04616188988238783
0.025017515203805515
0.025594475889191462
-0.016243006249628423
-0.024468299296900402
-0.005704181466234289
0.008997361954220837
0.026031530523696035
0.03162298829841982
-0.04061515897661451
-0.0010545375764384024
0.014154040488981334
-0.00021514531533748367
0.0732808142419221
0.03755470615336544
0.012259110039502348
0.02666086991455127
-0.021996819311249735
0.04210995558703114
0.016553807649131096
-0.009495428904994442
0.027707796959337838
0.011721031815794437
-5.775863702361042e-05
0.02172875530251049
-0.07121164952289505
0.02985212094374389
0.011569149368363198
0.0019019062246436065
0.0034675613314985635
0.0258016507055831
0.0497683699721995
0.023170768625995094
0.007556037812203455
-0.030354284329609533
0.005709847827582793
0.004694195542592784
0.049357440045231904
-0.00485976647257629
-0.09653114776988032
-0.001777275981732175
-0.016497952757434584
-0.010003132106255953
0.03224568553233696
0.017752333036707132
-0.005846033623227339
-0.0014062358107526827
-0.08874086343574246
0.03260720569420407
0.03968299643098735
-0.06266809654714786
0.011874513852684324
0.03931899047292024
0.00846545731180855
0.02653503758436493
0.02734749242050358
-0.004224292898903668
-0.034334861285213424
-0.028325139181330738
-0.011052101191831205
-0.00224272607083195
0.038355505635934276
-0.027238656316015415
-0.01241198422796383
0.03184982210185478
-0.05550739621969725
0.012347920153768037
-0.0012809726867195734
-0.0037356406916349014
0.03403870036261802
-0.04274268669498275
0.013480395095382106
-0.033684924176005826
-0.005089783452498249
-0.034660218987580836
-0.015707889754584616
-0.03098715642290677
-0.026687267759349338
0.051864554195211764
-0.011557090281828606
-0.010523324088883911
-0.002281885109313488
-0.013507650956382952
-0.0113669213528746
0.045176944474144075
-0.0176636362668065
0.007687390761276494
0.0098564832210537
0.04594113920391439
0.0003359662585947709
0.023398750718697788
-0.0009785449135789857
0.007377510449839747
0.02406984763712931
0.012561537953997944
-0.004881929042071011
-0.03117006550879603
-0.019953628634852966
0.013268433506464679
0.04591283968536944
0.016255738061894585
-0.01604959745915211
-0.0071703899891634795
-0.02326799957562872
-0.06817674310787863
0.021912409993468804
0.0013733901791512485
0.004274336654505217
-0.03259155161655649
-0.0011212812237620638
0.0818607124913054
0.02151636930882887
-0.044522744873531826
-0.02322805685402595
-0.021892687604640238
0.010531269664118019
0.012776128330769226
0.01732290949901692
0.014427058053685124
0.05685976445440766
-0.012070770514499424
-0.06326272042763206
-0.007051516763974534
0.008995609313332875
-0.009669456846080818
-0.0366269599487432
0.015868171312212947
0.011980263395292068
0.0026953882709060996
-0.0022777079999294052
0.025005752014063985
0.04189470044418768
0.011673084571223872
-0.06201025788376724
0.06726382274190472
-0.018307006925093513
-0.0036494304731151785
-0.018480883803576903
-0.04185872949189362
0.012942260628570361
-0.029599885309283654
0.006402251322407037
0.004512883050926652
-0.03477095185380566
0.0038363460157984437
-0.0026942467507753724
0.00012686747916107536
-0.01946939907682707
-0.042978488340581704
0.024559526073296492
0.0021487192696670564
0.0063089930046761325
0.0007040916106686902
0.008158036618055888
-0.02798017212832882
-0.0030708922296219317
0.02491959588206129
-0.014914948783888028
0.025211047161820065
0.026453397740169145
0.005345825528582201
-0.04305646662804557
-0.017791220117417454
0.013153664529153564
0.010682938209579777
-0.007884514067530886
-0.020169490599304302
0.03558208663351372
0.021083877258618825
0.03393672854714559
-0.07496158511122472
0.014978971907933089
-0.01612092531274052
-0.007614663176592329
-0.07953915549992556
0.04080591150679342
-0.012047286881386792
-0.012450194242382659
-0.020813218394212445
-0.0020663481007456184
0.003796782372725405
-0.0036872787071892113
0.039380734875465784
-0.028022622902053054
0.016216451776315942
0.004495717902514362
-0.023718012946867175
0.002605132564765093
-0.027594258786901308
0.07341376353338329
-0.006396828407452757
0.03165724403548104
0.0057729221110596725
-0.004154063767647291
0.0002540218981855571
0.002197144663440247
0.03490111192582919
-0.00848549805393853
-0.0001904029400869977
0.0669143467545784
-0.00178927201402059
-0.006886841568191545
-0.020897608463092136
-0.025156410038742815
-0.0020567845786214267
-0.0031491128592126107
-0.017346095459444228
-0.021336805755192794
-0.025151076061287567
0.013684937628489347
-0.04265939580010502
0.02824682799177907
-0.057553325084414506
0.021590310796857887
-0.04329008271667311
-0.030531435384134466
0.07159066354500274
0.024818184668266043
0.012722530905629578
0.0396789586238722
0.01445602290074713
0.013746800648940335
0.007815079335453584
0.0076379131711533255
0.015372534277132623
0.00035450236098339403
-0.01608770593860114
-0.009438767904967173
-0.011146137988205239
0.011863587580189914
-0.006071019885185822
0.03938247357868233
-0.026463458671825108
0.014384552601636236
0.012146060496165591
0.005889702174628437
-0.01308387704495152
-0.001534491365218338
-0.004817801590276097
0.03552654514088555
0.006629406189085109
0.019299067645772803
-0.023974315876592177
0.00016152151336681596
-0.026793280872491703
-0.010184624544995993
-0.022488907804632616
-0.04488221442052864
0.0051457469348943265
0.04142478973957515
-0.04597680145673753
0.027692408739072045
0.008923810539995932
-0.03214877479993454
0.02488347714512584
0.022894619688703828
-0.017391849163612055
-0.021092568542016944
0.023558162156381627
-0.01945033255297039
-0.04979624751501929
-0.01269657905202626
0.020761721385833244
0.008707205606523341
-0.013912167970159603
0.026094525752155668
-0.07253309007405731
-0.03352414104928803
0.039194983011687286
-0.013947948640543228
0.018660829744163776
-0.024193606696558803
-0.013305509368228776
-0.006462806924265002
-0.005249913681438111
-0.0048478031037874625
-0.020826209325770256
0.05486777317947327
0.004805300591147411
0.01351925306498172
-0.012476952567698877
0.03429693069145073
-0.07027135513562147
0.004035862162276775
-0.003988977027010332
-0.03783907086858529
-0.03152471065066737
-0.0656640906804028
0.07478301146918974
0.011277399284558537
0.015060514816643427
0.008761291645788958
0.036176936571231534
-0.002563623925059714
-0.04001760046646219
-0.03476361100355214
-0.01092258560778286
-0.07645089454913732
0.002228386728765841
-0.015099192866869091
-0.0024572935713762047
-0.009871777058315202
0.014963503093524642
-0.0059754288481067876
-0.029496236589152187
0.011985739124139937
-0.00038210109463596
0.011968980569026743
-0.022600941499242307
-0.0423919638342378
0.028640529740256257
0.010599967233540671
-0.031772751088443484
-0.04663688209132414
-0.018146238867858086
0.02601898247477829
-0.000396655647432873
-0.01981555755696761
0.0038845424950059
0.020061813529387556
-0.003855177922446575
0.016103834751429555
-0.016160236678656466
0.03707633619657871
0.008859872801393635
-0.005011370914675878
0.027663858546019826
0.0169564298833889
0.021497339474992133
0.0011769028908285607
0.014700473946110362
0.04642560069107655
-0.05919341978315293
0.0068463566154725415
-0.01735667457150325
-0.006410373998516589
-0.044329341257909306
-0.004613097955833472
0.07001060814190622
0.029664206959033778
0.011448182679972971
0.026313648702154864
-0.013823721850716354
-0.02562018143943627
-0.009365264220763978
0.0006044600463817299
0.05702780226591355
0.004175071706960043
0.02119993267039619
0.007640220672713125
0.009562939364725019
0.011726906522032638
