-0.00249785
-0.00160072
0.000341091
-0.00226896
0.00127369
-0.000550557
-0.00129792
0.00107994
0.00508657
-0.00457047
-0.00206667
-0.00126584
0.00299509
-0.000877086
-0.000769287
0.00029154
0.00352425
5.32114e-05
0.000461317
0.000443962
-8.82805e-05
0.000484024
0.000661997
-0.00104139
-0.00293217
0.00370621
0.00139814
-0.00216008
0.00276094
-0.00300172
0.00143228
-0.000479425
-0.00394076
0.00148561
-0.000329658
0.00185173
-0.000697816
-0.000682696
-0.00112424
0.000496214
0.0027632
-0.00307407
0.000883278
-0.00237843
0.00177039
-0.00109198
0.00315627
-0.00356779
0.00169628
-0.00243936
0.00083913
-0.000755626
0.00089707
-0.00125391
0.00210846
-0.00082759
-0.00121896
0.00202482
-0.00190125
0.00131535
-0.00224699
0.00202732
0.00061709
0.000768274
-0.00103627
0.000562964
-0.000618431
-0.000188686
0.00208419
-0.00319456
-0.000249121
-0.00124395
0.00136288
0.000194143
0.00355593
-0.00339621
0.00144012
-0.000115086
-0.000746384
0.00168608
0.0012205
0.00085022
0.00133725
-0.000417638
-0.00199804
0.000512316
0.000871872
0.000519536
0.00205281
-0.00163739
-0.00136872
-0.000161258
0.00238975
-0.000992041
0.000385284
-0.004243
6.95288e-05
0.000299111
-0.000356775
-0.00182994
0.00267578
7.05536e-05
-0.0037907
0.00132471
-0.00046294
-0.000261326
0.000611675
0.0021596
-0.000338373
0.000397725
-0.000885835
0.00457967
0.000154434
0.00262304
-0.00194737
-0.00266933
0.00480312
-0.00036283
0.000135336
-0.000281205
0.000499138
0.000686529
-0.000409902
-0.00150589
0.000647085
-0.000595418
0.000108159
-0.00344625
-0.00187864
3.71421e-06
-0.00213119
0.00238713
-0.00450492
0.003297
0.000397878
0.0026509
-0.0015628
-0.00197999
-0.00138688
0.00486047
-0.00366988
0.00174882
-5.73337e-05
-0.00233163
0.00403812
-0.00224401
0.000168032
0.00192048
-0.000733556
-3.74634e-05
0.000908815
-0.00537205
0.00584358
-0.00157056
0.0012976
0.000182684
-0.00260214
0.00196102
-0.00130304
0.00519162
-0.00313253
0.000967056
0.00161286
-0.00236704
-0.00071164
0.000194981
-0.00159774
0.00283238
-0.00299786
0.00191961
-0.00113511
-0.000237518
-0.000165949
-0.00186314
-0.000205375
0.00182682
0.000460415
-0.00158146
0.00279055
0.00261405
8.65065e-05
0.000692298
-0.000722807
-0.000961319
0.00357243
-0.000834168
-0.000834501
-0.000964188
0.000477936
0.00147582
-0.00399716
-0.00269873
0.000412815
0.00180448
-0.00227087
1.71665e-05
-0.00255846
0.0024482
0.000150229
-0.00273574
0.00105256
-0.00065692
0.000334256
0.00151587
0.000205508
-0.00196013
0.00248735
-0.00113565
0.001111
-0.00211098
0.00118997
-0.00170455
0.00231065
-0.00101173
0.000735029
-0.000372205
-0.000252785
0.000818691
-0.000644827
-0.000498159
-3.30501e-05
0.00156747
-0.00093713
-0.000155204
5.79928e-05
-4.39823e-05
0.000173461
-0.00108786
0.00143239
-0.00122499
0.00145534
0.000980256
-0.00288295
0.00236546
-0.000463941
-0.0015338
0.000455139
0.00290942
0.00358955
-0.000752614
-6.40233e-05
-0.000764064
-0.000678057
0.00193216
-0.00070161
0.000915865
-0.00185604
-0.00067143
0.0042151
-0.00266545
0.000209323
0.00138345
-0.00146883
-0.00511474
-0.00108464
0.000512131
-0.000270509
0.00138251
0.00133232
-0.000282667
0.00521616
-0.00770186
0.00578338
-0.00190621
0.000290889
-0.000559923
0.000110331
-0.000268284
0.00173211
0.00223288
0.00115792
-0.000432372
-9.59657e-05
-0.000864298
-0.00158382
0.00171077
-0.00419867
0.00279394
0.000274467
-0.00500031
0.00619068
-0.00363244
0.0026476
-0.0030961
-0.000657779
-0.00157795
-0.00153984
0.000788387
0.000173292
0.00131363
0.00103826
-0.00380119
0.00156121
-0.00172914
-0.000833399
0.00212812
-0.000778915
-0.00256082
0.00347137
0.00301197
-0.000202048
0.0012705
-6.88931e-05
0.00092665
0.000188022
-0.0025566
0.000337317
0.0027842
0.00156007
-6.72727e-05
0.000790478
-0.00344405
0.00109415
0.00400494
-0.00722914
-0.000182528
0.000680311
-0.000924565
0.000438059
-0.00148185
