-0.00589638
0.00712485
-0.00413399
0.00494785
-0.0102024
0.0106319
-0.00760746
0.00785586
-0.00451595
-0.00690162
0.00640896
0.00754728
-0.00452061
0.00183387
-0.00194201
-0.000993008
0.00107098
-0.00251693
0.00138108
-0.00401893
0.00691554
-0.00378782
0.00121053
-0.00299069
0.00408317
0.00261621
-0.00416732
-0.00383488
0.0033122
-0.00110615
-0.000624205
0.00163513
-0.00103049
0.00351082
-0.00182237
0.000276497
0.000383011
-0.000731328
-0.00184226
0.00266614
-0.00421297
0.00113807
0.00243151
0.000983418
-0.000859053
-0.000324921
-0.00169056
0.00167105
-0.000943006
-0.00157184
0.00268723
-0.000118781
0.000275723
-0.00215514
0.00366981
-0.0036336
0.00365615
-0.00316605
0.00213305
-0.00185849
0.00192353
-0.00309938
0.00261101
0.000289492
9.02109e-05
0.000612533
-0.00191289
0.00216701
-0.00318082
0.00252272
-0.00224336
0.00399247
-0.0033102
0.00377354
-0.00156854
0.00170273
-0.000469038
0.00116067
0.000729267
-0.00324218
0.000549514
-0.000539293
0.0018292
-0.00271539
0.000986104
-0.00269377
0.00212402
-0.00282523
0.0023508
-0.00310529
-0.000435117
0.00302818
-0.00080233
-0.000927107
0.00099695
0.000847059
-0.000694362
-0.000170796
-0.000961171
0.00389396
-0.00320138
0.00166537
-0.000825149
-0.00252375
0.0020744
-0.00174749
0.00130265
-0.00318342
0.00215864
0.000699522
-0.000501638
-0.00291629
-0.00401451
0.000259617
0.00159348
-0.00196737
0.00193569
-0.00412312
0.0049107
0.00158277
-0.00463847
0.000447701
0.00536384
-0.00165198
-0.0010337
-3.1079e-05
0.00255169
0.00320085
0.00183366
-0.000949779
-0.00212273
0.00179907
0.0015961
0.000280339
-0.00314924
0.00280203
0.000424444
-0.000566057
-0.00316294
-0.000801072
-0.00163867
0.00281585
-0.00309466
0.00132785
-0.00119665
0.00148917
0.000215672
0.000236579
0.00124859
-0.00066165
0.000659538
-0.00297458
0.00196002
-0.00214368
0.00320964
-0.000320519
6.65121e-05
-0.00355917
0.00683255
-0.0089392
0.00361003
0.0025248
-0.00295387
-0.00344575
0.00159864
0.000502165
0.000705863
0.00175625
-0.000357754
0.000175321
-0.000527275
0.00045222
0.000435399
0.00172272
-0.00516481
0.00897807
-0.00399178
-0.00412063
0.00395519
0.000745472
-0.00394782
-0.000353032
0.000427065
-0.00218406
0.00222346
-0.00267293
0.00370036
0.00216689
-0.00266518
0.00381724
-0.0020748
-8.32059e-05
0.00372849
0.00301775
-0.00374504
-0.000807741
0.00402777
-0.00123472
-0.00199264
0.00409287
-0.00167206
0.00104415
-0.00320644
-0.000237844
0.000400732
-0.0014917
-0.0019596
0.000204848
-0.00261146
-0.000398534
-0.000838709
0.00411638
-0.00414052
0.00308388
0.000898452
-0.00222037
0.00164531
-0.00162071
0.000406949
0.000364654
0.000821469
0.00185662
0.00369176
-0.0020947
0.00156645
-0.00124622
0.000706895
-0.00229335
0.0028162
-0.0033536
0.00160302
0.00158281
-0.0026126
0.00064893
0.000885311
-0.000700716
-0.00201623
-0.00261909
-0.00174286
0.00253997
-0.00078868
7.98603e-05
0.00324624
-0.00272743
-0.000950035
0.0038761
-0.000265447
-0.0060466
0.00474065
-0.00155974
0.00151048
-0.00079196
0.00447317
0.000934628
0.000673884
-0.00119698
-0.000386299
0.00136134
-0.00141194
-0.000509939
0.0044021
-0.0040979
-0.00313614
0.00901031
-0.00920332
0.00481283
-8.03816e-05
-0.00239998
-0.00394919
0.00176108
-0.00174223
0.00163958
-0.000326924
0.000521164
-0.00226161
-4.64818e-05
0.00258022
0.000920528
0.000434374
0.000225447
-0.00228244
-0.00138623
-0.00246174
0.00586044
7.867e-05
-0.00277625
0.00083781
-0.00149072
0.000525569
-0.00042944
-0.000129681
0.00304466
-0.00216086
-0.00212077
0.000224225
0.000265165
0.00232274
0.00312816
-0.000605071
-0.000622154
-0.00152241
0.00374697
-0.000896717
0.00194249
-0.000997885
-6.00447e-05
0.0015514
-0.00233283
-0.00367849
0.00351003
0.00177645
-0.00316136
-0.000193116
-0.00276959
-0.00263247
0.00698533
-0.00187871
-0.0025079
-5.64376e-05
-0.000465819
