0.00174345
0.00603122
-0.00875557
0.00790681
-0.0035797
0.00693149
-0.00357466
0.00165734
-0.0134685
0.00881993
-0.00183311
0.000498773
0.0037869
-0.00851778
0.00192953
0.0075945
-0.00259752
-0.00486546
0.00509875
-0.00587401
0.00392353
-0.00241906
-0.000467239
0.00482226
0.00472182
-0.00583124
-0.00284372
0.00354119
-0.00349699
0.00259423
0.00447474
-0.00928021
0.00488432
0.00229488
-0.00272804
0.00107736
0.000326147
-0.000255466
-0.00294771
0.00176564
-0.00391188
0.00539804
-0.000643052
0.00147784
-0.00206861
0.00284817
-0.00463964
0.00285535
0.000856935
-0.00116643
0.00218404
0.00181189
-0.00403861
-0.000334965
0.000508961
0.00156412
-0.00143213
-0.00257472
0.00226497
-0.000368757
0.0015713
-0.00350683
0.00254774
0.000308812
-0.00260073
0.000369307
-0.00147452
-0.00109485
0.000777846
0.00171986
0.00171833
0.000908066
-0.00154442
0.000166844
-0.00226599
-0.000236337
0.00137006
0.00153622
9.58828e-05
-0.00200982
0.00272888
0.00072284
0.00269112
-0.00152196
-0.00184443
-0.000114047
-0.00257241
0.00330076
-0.00370301
0.00137222
0.00129866
0.00165633
-0.000115469
-0.00285884
4.08864e-05
-0.00459122
-0.00747454
8.34793e-05
-0.00109684
0.000133616
-0.000587607
0.00242932
0.00160972
-0.00542531
0.00373584
-0.00255679
-0.000720618
-0.00182348
-0.00250148
0.00598538
-0.00181625
0.00708775
0.00700686
-0.000492727
-0.00236497
0.00388759
-0.00310198
-0.000166009
0.000286938
0.00487196
-0.00151496
0.00467458
0.000697736
0.00640669
-0.00486182
0.00176204
-0.0016862
-0.00503624
-0.00453909
0.0047649
0.000914621
-0.0015819
-0.000483261
0.00209274
0.000408759
-0.00314288
0.00212458
-0.00688554
-0.00238509
-0.00200972
-0.00290925
0.00378971
5.64265e-06
0.00398765
-0.00194377
-0.000674005
-0.0049762
0.00584846
-0.00416169
-0.00100521
-0.00269367
0.00370092
-0.00456602
0.00435576
0.00214466
-0.00211056
0.00389952
-0.00391762
0.00137791
-0.0057222
-0.000105213
-0.000197827
0.0032884
-0.0022694
0.00012298
0.00178619
0.000634889
-0.00230812
0.00203392
0.00158443
-0.0016195
0.000769067
0.00502863
-0.00364349
0.00568734
0.00209092
0.00358302
0.00228996
-0.00166029
0.000193491
-0.00178757
-0.00123291
-0.000788725
0.00235217
-0.00253486
0.00186833
0.00178683
0.00132443
-0.00181862
0.000397793
-0.00755846
0.00169795
0.000906236
-0.000929712
0.00107567
0.00126301
0.000290436
0.000103851
-0.000271526
0.00405549
-0.00375206
-0.000124506
0.00203119
-0.00329066
0.000473866
0.00321815
0.00151555
0.00125356
-0.000436132
-0.00282401
0.000674052
-0.000253437
-0.000428236
-0.000612965
-0.00385806
0.000320633
0.00485385
-0.00117716
0.00136532
-0.00179086
0.00178382
-0.00527402
0.000931178
0.00129879
-0.00195711
0.0038047
-0.00177852
0.000696185
0.000204015
-0.00124827
0.00507076
0.00102324
-0.005051
-0.00148523
-0.00139999
0.00330343
-0.00300819
0.00349
-0.0046853
0.00160174
-0.00182084
0.000319948
-0.000529938
0.000824591
-0.00396782
0.00331885
-0.00129656
-0.00441114
0.00656653
-0.00273326
0.000745491
-0.00332783
0.00335035
0.00202391
0.00105312
0.000541913
0.00199505
0.00116043
-0.00311503
0.00101565
0.00464333
-8.06853e-05
-0.00577564
0.0100492
-0.0090228
0.00756393
-0.00306413
0.00372563
-0.00706755
0.000677994
-0.000264391
-0.00119894
0.000494628
-0.00184031
0.00117698
-0.000445518
-0.00395603
-0.0042684
0.00594778
-0.00614443
0.00402142
-0.00296969
0.00228524
-0.00171968
0.0100262
-0.00398744
0.00162377
-0.00156647
-0.00177354
0.0010926
0.00175733
0.00301743
0.00203525
-0.000935931
0.000816135
-0.00010634
0.00197806
-0.00124813
0.00199103
-0.0058042
-0.00418625
0.000711326
-0.000445105
0.000512446
0.00167434
0.000277672
-0.00301625
-0.00661488
-0.000195326
0.000865507
9.94289e-05
0.0059909
-0.00797306
0.000591699
-0.0028936
0.00855841
0.000851015
-7.00456e-05
-1.05762e-05
0.000822751
