-0.00288853
-0.00183595
0.00539805
-0.00906069
0.0056739
-0.00668526
0.0109844
-0.00884866
0.000293263
0.00365823
0.00392636
-0.00763706
0.00322349
0.00288429
-0.00553931
-0.000722409
0.00184281
-0.000733312
-0.000636328
0.00287171
-0.0023946
0.0042979
-0.00662181
0.00623066
-0.00222928
0.000464675
-0.00143129
-0.000611102
0.00264254
-0.00536303
0.00431913
0.00244816
0.00237036
0.00228161
-0.00514048
0.00392239
-0.00334495
0.00117937
0.00483911
-0.00948978
0.00540805
-8.69497e-05
-0.00354535
0.00336254
-0.00341589
0.00405068
0.000984814
-0.00443417
-0.00534562
0.00202708
0.000149131
-0.00215078
0.00328055
-2.40275e-05
-0.00305435
0.00385202
-0.00226757
0.00201232
0.0015789
-0.00397885
0.00342311
-0.00174438
-0.000513492
3.69905e-05
-0.000294948
-0.00204082
-0.000957666
0.00195043
-0.00214822
-0.00200004
0.00461525
0.000821497
-0.00205657
-0.00390362
0.00325133
-0.00320438
0.00337277
-0.00293268
0.00120737
3.80828e-05
-3.93265e-05
0.00259801
-0.000753826
-0.00186869
-1.83256e-05
0.00268145
-0.00165579
-0.00503079
0.00344939
-0.000795811
-0.000337497
4.83125e-05
0.000312749
0.000283397
0.000224921
0.00358226
0.00340252
-0.00229532
0.00116804
-0.00250773
0.000118006
0.00127421
0.00110549
0.00162392
0.000859131
0.00292895
0.000191689
-5.00989e-05
0.000497457
0.000978843
0.000969076
-0.00451301
-0.0115088
0.00658258
-0.00342327
0.00213655
-0.00171286
7.00745e-05
-0.00213551
0.000772565
0.00066493
-0.000602458
-0.00270119
-1.64263e-05
0.00192857
-0.00343683
0.000596225
0.00880907
0.00761807
-0.00411909
0.00254858
-0.00131068
0.00478757
-0.0030122
0.00153652
0.00256811
-0.00332032
-0.00187107
0.00313347
0.000202164
-0.00388624
0.00435063
-0.00440354
-0.00750387
0.00638436
-0.00120305
0.00160764
-0.00552681
0.00207117
-0.0020486
0.000841545
-0.00262602
0.00327923
-0.00249283
0.00231831
-0.00355239
0.00128769
0.00149107
-0.00342253
0.00638648
-0.00362611
-0.00510502
0.00350485
-0.000411102
0.00254936
-0.0020503
0.000617904
-0.00208803
0.000670654
0.00166161
0.000812717
-0.000301149
0.00201805
-0.00278866
0.0119896
-0.00411936
0.000449985
0.006887
0.000494802
-0.00377848
-0.000100885
0.00245609
-0.00297407
0.00178162
-0.00125766
0.00371119
-0.00291376
-0.00143568
0.00471956
-0.00531825
-0.00909367
-0.00175679
0.0028611
-0.00357469
-0.00241906
0.00340809
0.00125333
-0.00209491
0.00425934
-0.00437937
0.00174633
-0.000691554
0.00129242
-0.00086763
-0.00400216
0.0024347
0.00534927
0.00211148
-0.00469183
6.90865e-05
0.00761867
-0.00342832
0.00353122
-0.00531889
0.00728636
-0.000814611
-0.00298555
-0.00268728
0.00267731
-0.0015737
0.00150921
-0.00082255
-0.00420998
0.00103888
0.0038276
-0.00131481
-0.00811745
0.00221672
-0.00195531
0.000805141
-0.00334453
0.00216921
-0.00242425
0.00757761
-0.00551634
0.0012894
-0.000812768
-0.000185858
0.00597072
-0.00221098
-0.00211593
-0.00037897
0.00821895
-0.000874811
0.00613086
-0.00654565
0.00339289
-0.00155813
0.00426328
-0.00285558
0.00176047
-0.0024011
-0.00185586
0.00388225
-0.00635992
0.00214615
0.00114876
0.00131631
-0.00478196
-0.00226522
-0.00181759
0.000222194
0.00206398
0.00299909
-0.0031786
-0.00210237
0.00587171
-0.000109819
0.00422338
-0.00567402
0.00340391
-0.0015666
-0.000669953
0.000236095
0.00388205
-0.00200351
0.00191398
-0.00453316
0.00519624
-0.00357676
0.00171267
-0.00124289
-0.00224751
-0.000961186
-0.00486291
0.00469012
-0.00196575
-0.000561905
0.000130903
-0.000935891
-0.00594731
0.00275039
0.00146171
0.00663005
-0.0038264
-0.000698105
-0.00161993
0.00284001
-0.00153054
0.00557961
0.00182823
-0.00217251
0.00311555
-8.15408e-05
-0.000188571
0.00157641
0.00590338
-0.00170498
-0.000828308
-0.0101851
0.00342741
0.0016769
0.00700047
-0.0074503
-0.000839226
-0.00450238
0.00121183
-0.000934268
-0.00213661
0.000929333
