-4.55529
-1.67729
0.934725
-0.308468
-1.49946
0.935286
-0.2277
1.58163
7.4712
0.40408
-11.5855
5.08566
7.63368
3.44614
-4.75832
-6.86531
3.054
1.50108
-1.40222
1.81871
0.896531
-0.395219
-3.67339
-5.66716
3.53665
3.17901
-4.49073
7.56819
-5.11346
-8.63845
5.12214
-2.55778
3.19008
-4.85829
-0.073483
2.36223
-0.149271
-1.65994
8.44461
1.7507
-13.1506
5.25635
2.5555
-5.59075
1.9797
-0.357722
4.64631
4.21362
-3.22217
6.97123
-4.99857
-6.49359
14.8071
-10.1193
-0.43896
1.781
2.08967
-0.331731
-1.10027
-0.0179451
0.670827
1.1884
-3.26067
-0.969585
-6.56938
1.22152
2.20729
-0.291946
1.50803
-1.81053
2.85616
-0.377632
0.895449
0.221216
-1.00288
-3.94798
4.27113
-4.36362
3.67568
-3.05318
11.1295
-5.87808
0.837065
5.09242
2.12476
-4.25042
2.09377
-0.362955
-3.80851
0.498909
-2.67323
0.477393
-7.42963
4.14721
-0.522986
0.463613
5.02784
0.404827
1.17056
-8.10363
3.04048
7.23393
2.80961
0.746221
0.789828
2.23752
0.0276973
2.44771
2.74994
-1.36763
-3.28659
2.24092
-5.62175
-5.11616
9.02678
1.8594
-6.54441
-6.58703
-7.24162
5.20061
3.46469
-2.91559
-1.31228
-0.564516
0.0646942
-4.52997
8.64788
-6.28459
-5.20082
-1.66349
1.39085
-5.61525
1.50199
2.10929
2.52931
-5.97506
2.69525
-3.12381
7.28139
4.58337
0.246516
-3.0247
5.15133
-2.81635
0.702659
5.23166
-1.77548
2.6468
-0.129132
4.3025
1.98295
-6.9783
5.95151
-2.81314
4.87457
-15.7632
7.85025
-8.41754
-2.06824
0.829826
2.10092
3.75656
-10.1449
10.5372
-3.72763
-10.1388
0.580322
8.95181
-8.94947
1.88817
7.16202
-1.10858
3.65786
6.81432
-0.162205
-0.059748
-4.14155
0.607011
-7.32876
1.68525
-0.808803
4.85562
3.90712
-4.9171
4.93973
-2.31476
-9.88888
8.77813
-5.4038
2.64278
-2.15537
-1.14538
-2.44533
2.60614
3.60079
-2.39751
3.16388
4.28338
-2.77794
-11.2271
12.7971
1.04076
-5.19628
2.11487
-8.31735
-0.0713814
2.43334
0.211278
-0.389489
-2.02733
7.37562
-2.72828
-1.27656
-1.88022
2.97548
2.11332
-4.85945
-1.58566
-0.230053
2.27085
2.88409
1.05897
1.58729
-0.898795
2.57157
3.42578
-10.6724
2.23022
-2.08415
0.722641
-2.5616
2.16318
0.612689
-2.64266
4.41314
-5.24221
3.21711
-0.885876
-1.50555
0.492018
-3.61922
-2.81754
0.713608
5.25699
4.49709
3.53038
1.94022
-2.01686
-1.01493
2.42947
-1.01253
-4.4359
0.773951
-1.21256
0.32347
1.2548
2.55795
1.69064
6.15989
1.69832
-8.49325
-5.15057
-5.22606
1.5815
1.61117
1.51728
-1.44009
3.69795
0.0424761
-1.93351
1.57974
-2.64911
-2.15981
0.409697
-10.5388
3.00728
-9.95203
10.7013
4.41361
-0.805462
-3.62748
-0.214969
2.414
2.04906
-3.86582
3.96856
-4.64633
5.63929
1.70378
0.37914
8.16187
5.44605
-2.77694
0.673077
1.37016
-1.97467
-0.453202
-3.76275
-2.96486
3.69314
-0.0259537
-3.05901
7.29872
-9.87229
-1.00994
-0.507806
-6.59629
-6.91897
-1.63105
-2.41254
0.612254
7.68416
2.70823
-1.85665
1.91471
-1.82166
-0.557049
4.88085
-9.73502
13.0718
