5.24676
-1.41686
-4.82501
-6.60188
3.78612
2.48306
1.22639
-5.71966
-5.4562
-0.40139
3.83051
2.92736
-0.930164
-0.710807
5.21032
0.225886
2.93702
-0.0548581
7.28705
2.61994
-1.90251
-6.53361
7.5152
-1.78353
4.36351
-0.199431
-3.91788
2.74317
-1.08948
-3.03394
1.13854
-3.10513
-5.78467
-4.75695
0.459925
-2.38249
3.08249
-1.12982
1.58913
-3.00987
0.645716
-0.435949
2.19158
0.930117
-3.09972
2.72389
-0.0983678
-3.35249
3.10328
3.78296
-1.52207
-2.15768
2.12224
-1.02401
-3.44525
3.83938
3.81484
-2.81294
1.52786
-1.16834
2.26193
2.33058
-6.20965
4.20677
2.14033
-6.74977
7.94493
-7.94711
6.99039
-6.03938
8.93671
-4.50204
-3.54797
-0.685481
-2.02805
7.54374
-5.50401
-1.30159
-0.951879
2.87626
0.554834
3.73589
-5.25431
2.36447
-0.773295
-0.60974
-3.55794
3.24223
3.54814
1.0664
-1.38713
2.0167
3.75283
-1.88818
4.18101
0.261989
-0.76352
0.394199
0.987424
4.80703
-3.82024
9.55247
-1.09932
-3.50271
-3.83666
-1.77904
3.22565
-10.2476
-0.702122
5.06065
-9.13516
-4.99645
-1.76767
-2.62989
-2.33461
-2.33002
-3.69389
1.60078
-0.54399
2.13751
4.18017
-3.47305
-3.61955
4.2015
3.18769
1.6062
8.82682
7.71047
0.182648
2.37044
5.59863
7.70022
-9.61425
9.41166
1.71833
-4.49032
-0.898616
4.37355
-1.09113
-1.59797
-1.63044
-10.6243
2.33533
3.15703
2.35029
-7.69729
-1.74289
4.12131
-8.77506
-3.74543
0.948794
5.14442
-2.51633
-4.94729
4.53507
-0.207357
6.85785
-1.27651
-6.22237
-2.28697
6.49337
6.31227
-1.8335
3.12446
3.98352
-5.02445
-2.25024
-2.35493
2.21859
-0.0193788
-1.214
3.74988
-4.60634
3.80872
-0.207718
-4.46625
-10.1036
4.8724
-7.41952
1.95181
-7.43419
10.0745
-5.73296
4.9165
-2.51899
-0.8087
-0.104658
2.42749
-9.67849
3.17928
2.05677
0.150199
-0.175149
-3.8657
0.143175
7.15366
-4.15312
-0.868621
-7.00748
7.20199
-7.20421
5.77665
6.44683
-3.92494
2.46163
6.19013
0.226781
2.12341
9.84189
-2.81421
1.51951
0.0409493
6.35474
3.75623
-4.76197
3.67703
-1.65355
-0.231905
0.20235
-8.37639
2.43165
-2.82936
-1.7995
-3.76532
-13.247
4.51601
-2.29914
-8.50886
3.6594
-7.20452
8.85781
1.42563
-7.5597
6.92255
-7.65863
10.1877
-1.13438
-1.02566
2.16616
1.64618
11.9946
-3.63694
4.03014
1.66471
3.82709
-2.25793
-2.24223
-1.02655
1.55513
7.15155
-5.37691
-2.91314
0.746011
1.90446
-0.425068
-0.697296
-7.92477
1.84028
-0.704657
-0.234402
-4.79774
-3.67003
3.74766
1.30584
-5.50744
-0.747021
9.11005
-4.59861
-1.60716
-0.746074
0.399718
-0.883008
3.68496
-0.602793
0.949123
-6.8486
6.93851
-0.761023
2.57857
8.09732
-6.36483
-9.26307
11.059
-4.42172
3.82961
-0.807523
-0.257028
2.32798
1.85838
-3.2269
4.1725
0.214576
0.981108
8.77516
-11.6194
-0.336023
8.89195
-4.41035
-3.72079
-1.40093
-0.203989
-0.0944391
0.333588
-3.3951
-6.81536
7.69148
-10.3453
6.0279
-6.23326
1.47489
-0.254299
-3.90028
3.20615
2.65295
2.09091
0.581824
-1.27775
2.51418
-1.6116
5.58496
