1.44755
-1.95573
-7.35229
-0.328403
6.41068
1.97014
-3.61003
-1.28212
-3.67005
12.3715
-0.4562
-8.16056
-5.01542
10.9668
0.448899
0.54096
-0.330636
3.81562
4.73564
-6.54896
4.16711
-5.76752
1.94057
5.60255
-9.77466
4.31495
-8.05315
10.961
-3.77138
0.506648
-6.34467
0.351698
-3.55055
-4.00629
7.46693
-11.1273
11.3968
-3.86502
2.54861
-0.32323
1.32742
6.68677
-11.5193
4.67531
-3.88694
2.51349
3.98102
3.71477
5.21566
-6.52196
5.55475
-5.86032
6.2258
-5.24693
-1.76408
-3.12405
1.3433
0.469201
4.59969
-2.2676
0.185799
2.36043
-0.892721
-3.73322
8.51306
-0.894932
2.094
-3.68793
4.70789
-2.48015
3.01475
3.57932
-1.64951
-1.48247
1.7407
-9.2012
9.1215
-4.52993
0.919371
-4.07624
-7.99053
0.190625
-1.56941
4.01089
1.10991
-3.05669
-1.13186
1.67378
-1.71048
-0.68507
3.49074
1.74349
-6.42864
-0.359033
4.6508
-3.07049
0.749189
6.34337
-0.668106
-3.85252
3.00765
3.58257
-1.06733
2.85719
4.45035
-0.53224
-8.4231
0.155515
2.44945
1.45066
-5.00002
6.73222
2.57911
-10.9626
2.13615
-1.54399
-6.0782
6.9471
-1.8679
-4.65552
-4.86648
2.38415
13.2144
-2.74598
2.33968
4.32338
-1.37558
7.31939
2.39826
-0.193617
7.91225
0.581149
-2.35921
-1.17976
-2.026
5.13851
1.23559
-5.23143
-7.16872
-6.89257
-1.92451
0.171794
-2.37653
-3.94036
3.48628
2.28396
-0.651606
-4.37457
7.00378
-2.00028
1.95714
-3.94862
0.0307188
4.00821
0.0446944
6.60098
-1.45268
-4.92145
0.477389
-2.27062
-2.92185
-1.55764
6.99142
-7.59406
-0.450159
-4.40496
2.66396
0.0577798
1.24099
-3.37497
4.82009
-1.40849
1.05697
4.00048
3.04847
-0.839842
0.91888
-3.35748
-2.46765
-1.164
3.12186
1.86541
-2.41384
5.40283
-6.70699
4.28207
-2.59876
-1.73481
-0.220109
-1.52398
-1.661
3.85759
0.378408
2.61646
4.96969
2.02589
-2.77536
-2.34777
2.17133
1.60921
-4.0962
1.24944
0.73574
2.59882
2.88105
0.229979
-3.35552
-0.296247
-3.53786
1.02226
-4.47907
0.900564
-1.72336
3.95782
-3.73756
-4.41128
9.40382
-4.00935
-0.460273
2.72406
-7.69271
2.41411
-0.340944
-1.79108
3.65641
-2.74239
-0.785928
4.24934
-3.8292
7.28757
-8.80017
1.53353
4.99855
-1.29731
-1.53983
-0.607971
4.094
2.93994
1.95551
1.59274
-1.77088
2.75672
0.802154
-6.60941
6.21164
-7.29165
3.02379
0.0378908
-1.91561
-0.334359
1.6673
2.69487
-1.76126
-2.49524
-2.8582
-0.00166135
-0.254748
-2.15223
2.88426
-3.45816
1.74367
-1.02436
-0.538009
0.761412
1.27882
0.2153
-2.39666
-2.26954
-2.16543
2.65682
2.69754
-0.424066
0.871948
1.73743
-8.09473
6.0053
-2.1202
4.82511
1.07956
-0.641902
-3.11691
0.980239
1.91595
-0.355116
2.82182
-1.36811
-2.55777
1.18806
0.188706
-1.24544
9.43609
-1.02113
-1.91908
-1.47016
1.80863
2.15839
2.00389
-3.08862
-1.31285
-2.91798
-2.66906
1.23971
1.64548
-1.28731
-0.300206
1.96693
-11.9771
1.77117
-3.7445
6.85216
3.0193
-5.154
-2.52157
-0.470165
6.69619
0.978631
3.23034
-0.754946
-1.81947
1.87249
