-0.317939
0.991447
-3.17947
1.29924
-4.68411
3.29997
8.80762
-1.7066
-3.47499
-2.63747
-6.36338
3.90984
6.47115
-1.86403
-5.85006
-0.953987
1.2048
2.32996
-3.26065
8.11956
-4.65197
-4.18965
3.42614
-9.06969
8.27152
0.913548
3.60197
0.341657
-4.17495
-1.89816
0.463586
5.60954
-7.16821
4.35807
-8.53423
6.6072
-2.72486
-1.18528
8.67907
-4.6488
2.48048
-7.92966
-1.2757
7.96723
-5.77027
3.25596
3.39458
-0.192605
-1.00759
4.04527
-4.72367
4.28458
-1.99881
-2.97931
-0.00395972
-6.81156
5.93649
6.53054
-4.21281
2.68871
-2.20704
3.87239
-4.3196
-5.26735
4.84458
-2.13551
4.13879
-1.46642
-2.88973
4.95625
2.73403
2.77766
-0.751651
-6.67638
-0.356039
1.5643
-0.0519441
-4.11793
-0.0637523
6.00291
-9.82182
-0.0602382
-2.2862
1.80711
0.634911
-3.4543
-6.37572
1.21633
-6.92079
7.31466
0.391172
-2.63441
-0.510646
3.9236
1.69845
2.34451
5.03048
3.30468
-2.33183
1.10703
-1.22995
5.71678
5.167
0.958353
3.81544
1.02321
-6.98767
5.39933
-2.49198
0.262065
-4.58353
-3.20416
-0.0390047
-2.42589
-1.19635
-2.75018
-0.141178
-0.652245
-0.422323
-4.12564
-0.0156314
-1.51723
-0.752987
4.78441
-0.832117
-1.12974
8.46671
0.846392
0.928648
-1.9709
6.29871
-0.483
-3.20856
-0.200343
-3.35447
-2.64679
4.35895
4.85521
3.77874
-4.9123
2.32456
-0.417957
-8.37362
1.41807
1.42547
6.00747
1.13038
-3.29124
3.55297
-4.15865
0.623577
3.74236
-0.193485
-4.25546
0.00389233
2.65055
2.47596
-6.95911
-1.15377
1.56795
-3.33807
-3.95713
-4.03666
-4.48972
1.18507
9.31319
-3.19466
0.61947
-1.09033
3.91287
-4.68831
-5.32216
2.2827
8.86121
5.96396
-0.647215
1.41924
0.602815
5.88696
2.4284
-2.73618
-3.21415
1.09086
1.5255
-1.66179
2.86743
-4.34644
5.59289
-1.46961
-6.42659
-7.54053
-0.17485
4.51236
1.14325
0.23326
-2.78759
2.50115
0.698572
1.71503
1.8148
-4.63977
-0.534587
2.71642
-4.24295
6.90744
-0.438146
-0.27066
5.37883
-4.6237
-5.94653
-1.05146
-0.119233
3.15484
-8.71004
5.85002
-0.494904
-3.02443
1.52349
2.01655
2.26854
-6.60479
7.65234
0.628596
-5.12583
4.42884
1.97112
2.11098
-2.26748
-2.02023
3.16755
-0.476395
-4.10341
6.42047
-1.4182
-6.69408
5.68316
-2.79554
-1.6693
2.25301
2.41817
-3.66447
-0.127038
0.479151
6.85981
-2.02709
-4.49054
6.65478
0.874447
-5.66487
3.54564
0.31866
-5.58682
6.21317
-4.98401
-1.19083
-2.51958
3.70679
-1.33962
1.43122
-10.5896
5.93001
6.49906
-7.75741
2.97501
0.355082
-2.25207
2.4001
-1.62748
-1.04916
3.27691
2.67835
0.72396
-2.0828
1.69323
0.297918
0.262758
1.80114
0.294065
-5.68308
5.69306
-1.74653
0.218167
2.0615
-4.49561
4.13716
-5.07605
-1.97282
0.504415
0.65934
-1.41721
-3.1963
2.58737
6.66595
-5.722
1.0233
-0.689341
-6.99141
9.81632
-1.10716
-0.92118
-2.11296
2.88927
2.05876
-1.84429
0.93448
-0.365094
5.73833
-2.97985
-4.62783
-3.69681
1.73928
1.16832
-2.15495
3.29915
-3.08728
5.69228
-1.20724
-1.97239
-2.00827
2.51882
