-0.192263
0.46532
0.587234
-1.06995
-0.275099
2.61265
-3.36491
-0.491357
3.17696
3.55554
-4.77879
-0.548353
0.561803
2.39988
-6.32332
0.845535
-1.91829
-0.218811
-0.809524
1.36436
-0.694217
-0.582013
0.680615
-0.0431652
-1.59271
1.64628
-1.81044
2.24953
-0.559768
-0.71432
1.88186
4.17908
3.40937
-0.206193
-0.310545
-0.875273
2.84913
-3.29929
3.1177
-1.29369
2.18684
-4.00585
4.00751
-3.54145
2.72583
-2.03099
1.55583
-4.33455
-1.31138
0.367237
0.30812
-0.624235
0.750467
-0.610056
2.29464
-8.74984
9.74736
-4.91177
2.26242
-1.59308
1.50594
-1.5713
0.769788
-1.37584
-1.84832
0.677153
0.307772
-0.215936
1.21269
-2.14035
-0.843507
6.05844
-7.65433
5.62426
-2.37882
2.34293
-2.18254
1.51519
-1.37444
1.91957
4.03085
-1.46213
-0.170061
0.205363
-1.7013
2.99757
-0.308513
-0.973758
2.83397
-3.91796
0.0353632
0.484849
-0.353552
0.544469
0.0260783
0.804814
-5.56607
3.92134
-0.543691
-2.93422
3.19244
-4.84513
0.360814
-1.46836
0.010845
2.63514
1.65622
-3.02959
6.01594
-4.20491
1.32387
-3.711
5.25523
-2.50513
0.0134402
0.302415
-1.08574
5.0933
-0.719948
2.47129
-1.53628
-1.68647
-1.43838
1.5697
-3.75563
5.55385
-4.37246
4.85957
0.461078
-1.16813
1.87405
1.02146
-2.64838
-1.96813
0.823814
-3.21593
1.93097
1.41206
-1.40921
2.71116
-0.975837
-3.94925
4.73569
0.0235298
-7.31716
-2.47629
2.19742
-1.63162
4.30155
-1.5492
0.726331
0.568205
-0.695615
-1.03973
2.37743
-3.07746
0.856303
2.21112
-1.43905
-7.60355
8.71673
4.27144
-2.46998
-2.77806
-1.91566
2.15942
-0.272961
-0.165816
1.44224
-1.08802
-2.95868
2.03706
-0.214378
-0.0704963
0.750189
7.69464
-5.78404
-3.69923
4.61599
4.10856
-0.710787
-0.852779
1.11375
-1.59852
1.43296
-1.57384
3.71564
-0.960202
-1.71419
-0.117809
-1.82687
0.440482
4.45874
-0.744105
-4.61932
-1.29565
1.0941
-2.04951
2.32618
-0.764839
2.15486
-3.0522
1.45879
-1.61613
1.47539
3.08504
-3.75249
0.828438
-3.64067
4.64413
2.26934
0.811067
-0.165809
1.2585
-3.53406
5.88763
-5.55354
2.59185
-0.308649
-0.103846
-0.909832
-1.5852
3.8242
-1.04996
2.29909
-2.84581
-0.120051
-1.65816
-0.0579131
-1.02408
0.144713
-2.76286
3.09155
-0.477106
0.711367
-0.48768
2.17342
-1.99934
-3.49974
1.28591
-1.37192
1.3038
-0.242277
1.04262
2.67834
-3.03909
2.86695
0.270988
-1.12393
-1.75272
3.13877
-4.22485
0.433306
1.1004
1.81995
-0.996965
0.499977
-0.32476
-0.512786
-1.27407
-4.04633
4.05198
-2.12549
0.600191
0.834751
-0.616355
-1.40361
2.77751
0.0179803
0.559222
-1.29258
0.833543
-0.316716
0.0494203
0.0853649
0.713144
0.971539
0.89211
-1.19575
-0.483173
-0.856161
1.88875
-0.0922584
-0.601397
-1.77816
0.294992
0.945923
-0.683519
0.735581
-0.309378
0.614667
-3.70489
4.17207
-3.57478
1.0813
0.627482
0.0633716
1.24492
-2.1107
4.67161
-0.847522
0.624352
-0.966138
0.876244
-1.15938
0.850578
-1.73832
5.81547
-4.02122
0.440898
2.51958
-4.69229
-0.137712
3.27996
-1.92025
-2.43253
0.874629
-1.04593
0.980288
-1.25006
