2.18016
-7.97026
4.41362
0.95767
-0.626003
-2.08756
4.28608
0.406348
-3.2936
-1.58419
5.36702
-1.51267
-3.05386
1.28987
2.47293
-3.32187
3.99112
3.45815
-2.89445
-0.952836
1.54209
0.107182
-3.57173
1.88666
2.59409
-1.54519
-1.39576
0.0725558
2.98877
-2.719
0.0914603
-0.303479
-6.34402
-0.0219285
0.606206
1.34973
-2.32507
1.23938
2.02307
-1.76323
-1.98446
2.89421
-1.486
1.47043
-3.35762
2.36205
0.195297
0.120836
6.22294
-2.03687
0.984559
-1.03488
-0.098582
1.20504
-2.46686
3.16498
-3.19932
1.70075
-0.913743
0.468851
0.305107
0.396857
-1.26589
0.67419
-4.29014
2.74508
-2.82348
2.50503
-1.50914
0.502484
-0.0275593
-0.71185
1.38451
-0.290237
-0.884669
0.830875
-1.20498
0.774727
0.353008
1.48047
0.81295
-0.437006
0.492524
-0.978445
0.00356101
1.55752
-0.0591759
-0.0274285
-0.126817
0.284408
-0.422653
0.272491
0.549848
-0.33701
0.912037
-3.40305
-1.03068
0.821607
0.460976
0.503955
0.452019
-0.988694
-1.37725
1.60491
-1.0799
1.27552
-0.274047
-0.0918485
1.02487
-2.22632
-0.689306
3.03391
0.215238
-2.01047
1.83933
-3.47897
1.6489
0.706386
-0.822758
-2.95654
2.33785
1.62047
-1.38913
2.81696
-2.07751
3.03631
-1.72288
0.0577091
3.53789
-0.244794
1.66842
1.42926
-3.49295
-0.416974
1.63744
2.05332
-0.170503
-5.10387
3.87793
-3.01856
0.338546
-1.25227
1.51232
-2.63665
-4.19154
-1.69456
-0.610979
0.28608
1.7585
0.104589
-0.232425
0.294105
-0.681934
1.24023
-0.428698
-0.596396
2.32601
-2.83546
2.86434
-0.640847
2.92286
-0.168503
0.671376
-1.98168
0.698064
-0.699444
0.363247
-0.313631
0.431658
-0.184193
1.07148
-2.43669
-0.0251387
2.24916
2.22074
0.271679
0.608417
-0.22605
2.91451
-0.18608
-0.718197
2.04216
-1.29594
-0.307164
0.403388
0.423578
-0.979948
0.388891
3.63511
-7.29038
-2.75638
1.47598
-3.02851
1.22948
-1.93986
2.35241
-3.00083
3.04915
-2.10724
-0.514409
1.99258
-0.311363
-0.585982
1.14905
-2.92324
2.39965
4.01573
-2.10412
2.92701
-0.469872
-0.934114
-0.926325
0.662347
0.706603
-2.48086
4.06328
-4.54162
3.62193
-2.09791
0.676223
0.676575
0.51096
-4.02074
2.2489
-1.57953
0.0936695
1.78538
1.78407
0.848242
-1.31254
2.84723
-3.68864
3.72143
-3.22659
2.43736
-2.5848
0.215244
-0.47648
1.80973
-1.39351
0.498508
0.011863
-1.65847
-3.52968
0.425484
-0.985695
1.09845
-2.5862
2.90755
-2.15582
1.58585
1.26947
-0.464941
-0.236776
-0.655179
1.00383
-0.16806
0.114955
0.613042
7.4875
-1.96033
1.78792
-0.338225
1.20922
0.414194
-2.37147
-0.229247
-4.10302
0.971677
1.27654
0.102855
-0.704708
0.125938
-0.493644
0.513725
-7.11225
-3.65703
1.95275
-2.86888
0.903865
-0.29523
0.021119
4.50656
2.86086
-1.50935
-0.828772
-0.031766
0.452194
-0.24623
0.812934
-0.732755
3.12235
8.42913
-4.58146
4.68941
1.37232
-2.85292
-0.662808
-5.56983
0.778887
0.991767
0.389144
0.00385764
-0.673187
0.348155
-0.793658
0.510866
-0.599132
-6.70323
-2.60427
1.46182
-4.5788
2.9399
5.9704
0.253268
-0.789833
-0.566996
-0.380189
0.00623093
0.78766
