-8.67207
-36.6341
-40.9257
-30.5513
-11.2289
3.16689
5.56771
3.31454
0.391594
-2.42479
9.1995
23.1173
30.3136
29.92
42.8787
24.2695
-7.40194
-42.9349
-39.043
-21.3223
-2.66975
12.8709
13.9712
4.72615
-14.7817
-28.9545
-18.5654
9.94801
26.7737
43.6795
63.3822
41.484
12.4953
46.4397
47.9516
20.4101
-6.77587
0.757765
18.1967
16.4705
3.15349
-33.3126
-68.4881
-79.1628
-76.464
-39.6922
6.5132
31.9842
40.7499
116.346
91.4753
2.97238
-38.4011
-17.8738
11.5217
45.7109
69.5593
66.5566
-17.3229
-94.6855
-88.9725
-48.0488
-19.9782
13.7598
5.8236
54.9576
70.023
-25.4783
-33.3155
11.9598
28.0862
48.1094
129.517
142.91
38.1645
-64.7751
-88.2763
-50.8908
6.44935
4.79962
-46.5126
-69.7499
-58.2812
-55.924
-45.7469
-1.26631
7.4696
6.56161
101.761
75.1858
-1.32352
-7.56413
-84.6309
-90.1677
-102.957
-28.9694
-51.5429
-73.9304
-11.6935
31.5264
23.9252
22.4353
4.79221
-20.718
62.3769
13.2163
9.3876
47.2977
47.9172
10.1653
-67.193
-26.4213
-43.5236
-41.7931
9.00888
35.7633
36.8959
27.5804
-1.16651
-27.831
40.6806
3.48846
-5.60995
27.5751
31.8862
14.8045
-21.6339
-9.80003
-40.8691
-52.9013
1.68099
28.3544
39.6594
26.447
-12.8559
-36.1227
18.1941
16.4891
-47.7602
-17.047
-5.30322
-0.326949
-20.38
-8.48007
-24.9131
-41.9941
-6.67753
17.9472
13.557
0.483115
-25.2569
-30.6814
6.55078
6.02526
-79.072
-81.2054
-27.0854
2.48344
5.25505
-3.68674
-5.84017
-10.2264
29.9644
40.7812
-2.19522
-17.3225
-24.0696
-30.064
10.5804
-34.8642
-57.8529
-98.2028
-24.3595
22.393
14.1218
0.967666
18.413
4.82405
34.2498
45.162
20.7983
5.91185
9.06011
17.2911
39.3042
35.8779
-17.0545
-30.9122
-14.0123
18.5917
12.3365
-0.10393
42.6949
11.6527
30.5596
50.5243
22.4082
-7.43922
2.77732
23.7242
30.9243
9.98255
-22.701
-23.9397
-6.18854
26.5274
21.1167
-16.5848
58.8153
11.5543
3.56942
2.42671
-13.9867
-24.2812
-8.90613
5.50747
28.8767
13.9825
-21.395
-57.7303
-25.8441
36.1973
13.3191
-27.1754
56.7261
6.37108
-10.1106
-18.7757
-9.3778
-5.02007
4.8812
16.2408
29.2782
39.8468
9.37724
-16.8498
-3.27199
35.9868
-20.9937
-15.0428
22.3077
-26.7128
-26.9002
-4.13517
12.1449
-0.820018
-9.77489
-17.0027
-15.2987
2.86742
5.43605
20.008
29.0287
22.85
-32.7608
31.895
-16.8297
-40.7246
-46.7302
-19.6676
-6.32623
-3.08945
-3.49635
-16.9285
-12.7949
14.1496
29.6568
26.3185
26.0488
0.162333
-17.5735
59.9235
-22.3398
-14.9239
-31.1611
-20.1548
-25.3808
-14.5547
-12.5914
-25.9211
-17.6786
14.046
24.1052
20.736
13.4197
13.1822
0.527237
42.1292
-19.9217
24.7718
21.2252
15.8546
-12.4821
-36.8175
-39.9807
-34.0712
-25.1167
-8.02121
7.13266
7.3231
23.4837
25.3307
-35.3918
-4.36413
-7.8699
30.8537
18.5253
19.8883
9.09193
-15.8384
-23.8104
-16.526
-12.7263
-4.13312
5.91956
9.57467
18.4222
4.19577
-39.617
-13.6223
