0.00178926
-0.00490107
-0.000338469
0.00386718
-0.000812319
-0.00253471
-0.000623697
-0.00366305
-0.00190021
0.00694882
-0.00313545
0.00255592
-0.00291167
0.00329138
-9.36838e-05
-0.00580808
-0.00386729
0.00439129
0.000691516
-0.00160553
-0.000449561
-0.000820388
0.00594779
0.00106754
-0.00133915
-0.00079616
-0.00214472
-0.00014111
0.00424745
-0.00332241
-0.00225414
0.0073723
0.00451338
-0.0026387
9.69221e-05
0.000138748
-8.86368e-05
0.00215861
-0.0044734
0.000704771
-0.00167976
0.00370094
-0.00188072
0.000132373
-0.00143606
0.00166607
0.00276101
-0.00369686
-0.000715685
0.00241643
-0.000405028
0.00057866
-0.0043533
0.00394255
-0.00105617
-0.000530428
0.00184752
-0.00257731
-0.00175133
0.00394123
-0.00257086
0.000708878
9.33362e-05
-0.0050526
-0.00250297
-0.000153655
0.000974584
0.00160089
-0.00210284
0.00119963
-0.000392179
0.00124236
-0.0017821
0.00318529
-0.00164799
0.0012883
-0.000555036
0.000266731
-0.000548349
0.00353388
0.00183835
0.00127949
-0.00027581
0.000779294
-0.000684344
-0.000856227
-0.00129468
0.000444701
0.000250626
0.000528188
-0.00539263
0.0028559
-0.00101246
0.00123063
-0.0019116
0.0021434
-0.00508127
0.000945977
-0.000681637
-0.00107795
0.00389726
0.00205875
-0.000721643
0.000643943
-0.00417463
0.000724799
0.00190322
-0.0062322
0.00396132
-0.000659444
0.000477094
-0.00100828
-0.00094774
0.000166852
-0.00170647
1.7785e-05
0.00242106
-0.00519583
0.0044119
-0.00469566
0.00473466
0.000551395
0.0014487
-0.000491124
0.00212431
-0.00416879
0.00257391
-0.000598999
0.00208623
0.000631532
0.00245226
-0.00684228
0.00403446
0.00229798
-0.00386867
0.00546625
-0.00365408
-0.0010919
-0.00132188
0.00099759
-0.00093586
0.00423053
-0.00273632
0.000889576
-0.000942182
0.00194559
-0.0027623
0.00328283
-0.00404777
0.00134052
0.000596319
-0.000801474
0.00296886
-0.00290928
0.00327262
-0.000744117
0.00176632
-0.00333113
0.00230206
0.00044907
0.000432234
-0.00226534
0.00030978
0.00242415
0.00133026
0.000502035
-0.00074983
-0.00167819
0.00194718
0.00144763
-0.00214166
-0.000747509
-0.0054707
0.00691925
-0.00737244
0.00203202
0.000311142
-0.000821823
0.00294953
-0.00576613
0.00120972
-0.00281622
-0.000299019
0.0015025
0.000481966
-0.000939883
0.00559157
-0.00115654
0.00685195
-0.0052181
0.00495833
-0.00380793
-0.00141193
0.00106577
-0.000914752
0.000806239
-0.00290548
0.00466769
0.0033533
-0.00239466
0.00121104
-0.00411395
-0.00280726
0.00092326
-0.000983046
0.00110235
0.0020371
-0.000378959
0.000731134
2.41405e-05
-0.00192897
0.00100639
-0.000844539
0.00186271
-0.00333203
0.00112587
0.000362935
0.000742881
0.000129618
-0.00163834
0.00172436
-0.00136962
-0.00132459
-0.000640974
-0.00101815
0.00120237
-0.000776704
0.00349685
-0.000102824
0.000565472
0.00063301
-0.000101099
0.00302367
-0.00575036
-0.000757931
0.00232583
-0.00143886
0.00018099
0.00122721
0.000730944
0.00168039
-0.00103781
-0.00150612
-0.00155098
-0.000906149
-0.000808639
0.000374688
-0.00215863
-1.88201e-05
0.000745031
0.0010176
0.00423722
-0.00161547
0.00130269
-0.00103381
-0.000819474
-0.00105867
0.000287585
0.00104353
0.00289504
-0.00126644
0.000504946
-2.68745e-05
0.00644357
-0.00862593
0.00418911
-0.00467305
-0.00237982
0.00122607
-6.36457e-06
0.00165364
-0.000216598
-0.000659647
0.000119316
-8.62252e-05
-0.00303962
0.00196389
0.00306466
-0.00232874
-6.54371e-05
0.000874627
-0.000580132
0.00103498
0.00121796
-0.00204346
-0.000793217
2.86088e-05
-0.000869203
0.00172667
0.00090308
-0.000890192
0.00214014
2.63341e-07
-0.00446512
0.00112085
-0.00365488
0.00462427
-0.00326109
0.00248865
-0.00326162
0.00478476
-0.00160891
-1.7002e-05
0.00179935
-0.00221091
-0.000756711
-0.000904254
-0.00208575
0.000711795
0.00377197
-0.00259397
0.00872152
-0.0064994
-0.00149155
0.00315796
0.000332218
-0.00349261
0.00259319
0.000166791
-0.00279863
