0.000480012
-0.000505063
-0.00124314
0.00178313
0.00188628
-0.00143128
-0.00442762
0.00744297
-0.00423429
0.00159905
0.00351244
-0.00740066
0.0028752
-1.44304e-05
0.000140933
0.00163815
0.00163779
0.00269883
-0.000714776
-0.000374832
-0.00121501
0.000116895
0.00301757
-0.00755231
0.00212545
0.0045127
-0.00357605
0.00404573
-0.00333462
0.00184704
-0.00222013
0.00117637
-0.00475989
-0.000345319
-0.00164266
0.00102808
0.00107503
-0.00168331
0.000172867
0.00363628
0.00142128
-0.00505443
0.00386462
-0.00357845
0.000791851
0.00310004
0.00027531
-0.00258328
0.00174239
0.00129124
-0.00274885
0.00276143
-0.000889698
0.00203357
-0.00247808
-0.000985472
-0.000615772
0.00165167
-0.00283034
0.00146762
-0.00153535
0.00168197
-0.00257473
0.00183984
-0.00159623
-0.000144156
0.00218443
-0.000271741
-0.00134571
0.00269183
-0.000230259
0.00178133
0.00030564
0.000395472
-0.00179175
0.000499598
0.000193561
-0.00160414
1.16264e-05
0.00101269
0.00189278
-0.0012749
-0.00171303
0.00255076
-0.00152122
0.000996711
-0.000417485
0.00241377
-0.00458823
0.00288294
-0.00111453
-0.00122883
-0.00181054
0.00290497
-0.000820897
0.00170916
-0.00263963
0.00138663
-0.00176937
-0.000758791
-0.00127785
-0.00103575
-0.00344913
-0.00213235
0.00239149
-0.0003636
0.00250459
0.000426137
0.000160916
0.00243951
-0.00258908
0.00249259
0.00445421
-0.000844332
-5.60867e-05
0.000536537
0.000600719
0.00172515
0.00388044
-2.63576e-05
0.0016649
-0.00303069
-0.000718244
-0.000185488
-0.000624174
-0.00265738
0.000478758
-0.00259423
-0.00230583
0.000479815
0.00162409
-0.00139113
-1.7237e-05
-0.00408367
0.000774552
-0.00288407
-0.00016776
0.00295481
-0.000670422
0.00034231
-0.000670274
0.00420636
0.000475707
0.000645248
-0.00235373
0.00161773
-0.00105847
-0.000421446
0.00270972
0.00390433
-0.00178495
0.00251615
-0.000751632
-0.00242956
-6.85394e-05
0.000399578
0.00139279
-0.00246658
0.00111777
-0.00134895
0.000339132
-0.00321708
0.00136388
0.000640187
-0.00498493
0.00115493
-0.000272832
-0.000582314
0.00225848
-0.000506597
-0.000488248
0.0013739
-0.00389724
0.00369084
-0.00339184
0.0047517
0.00211603
0.00473061
-0.00426964
0.00459924
0.000472701
-0.00242954
0.00116123
0.000444526
-0.000877138
-0.000695407
0.00318851
-0.00209568
0.00277333
-0.000615099
0.000350007
0.000450265
0.000692118
-0.00526028
-0.000112602
-0.00215763
1.29459e-05
-0.000169715
0.00128177
0.000222968
-5.74904e-05
-0.00103945
0.000317045
-0.00104089
-0.000468891
-0.000802125
0.001197
-0.000497659
-0.000447824
0.00391835
0.000818708
0.00136857
-0.000135622
0.0002512
0.00051312
-1.97469e-05
-0.0021683
0.00140464
0.000944
-0.00164868
0.00235023
-0.00208667
-0.00138331
0.00187655
-0.00017686
-0.0016833
0.00100864
-0.00287467
0.000926326
0.000340031
0.000976928
-0.0012168
0.00148649
-0.00266646
0.000487235
-0.000158525
-0.00107449
0.00153009
-0.00023174
0.000138376
-0.00081246
0.00148744
-0.00226615
0.003595
-0.00116522
-0.00349167
0.00240084
0.000326313
-0.0011245
-0.000761059
0.00210799
0.000571583
0.000247711
0.00075924
-0.00112965
0.000147927
0.000173707
-0.000374975
-2.59338e-05
0.00131166
0.00104972
0.00557467
-0.00317805
0.00216804
0.000403222
-0.00193516
-0.000623759
0.000803716
-0.00407834
0.000857014
-9.31296e-05
0.000117157
0.000251965
-0.0013041
0.00113489
-0.00139024
-0.00227045
-0.00351667
-0.00429332
0.00286603
-0.00315227
0.00495457
-0.000535942
0.00119282
0.00185781
-0.000533501
0.000624247
-0.000158062
-0.0013173
0.00217915
-0.000146251
0.000861299
0.000736217
0.00416824
0.002031
-0.00430095
0.00448246
-0.00497427
0.00395989
-0.00531544
0.0016131
-0.000504276
-0.000498048
0.000196276
0.000854393
-0.00131916
-0.000544183
0.00150187
-0.00427227
-0.00136496
-0.00340415
0.0037178
-0.00251521
-0.000299762
0.00368802
0.000385795
-0.00168665
-0.000238289
0.00175107
-0.00159538
