4.18325
2.13535
11.1969
22.3878
35.7917
40.3469
31.1149
21.854
9.49891
-2.40004
-0.159801
5.30537
15.4189
34.0998
46.3864
24.1002
-11.2182
-26.7616
-13.1552
-3.40425
1.60726
3.1471
7.75821
-0.299749
-23.0928
-44.1171
-44.663
-40.8921
-21.453
16.7582
51.1216
40.3564
-32.7637
-38.9731
-1.47246
14.9433
17.0111
-4.6389
-24.1577
-29.2341
-33.1964
-28.214
8.17716
22.6529
8.28644
-6.81049
-9.64261
12.5323
-33.2003
-12.9944
21.3285
19.6954
-1.40693
-2.43369
12.8291
16.6298
32.8322
23.1733
-0.45794
-16.5516
9.02639
9.8049
-36.1916
-21.6086
-23.4771
24.5196
67.0849
26.878
-16.0227
-49.2087
-9.56398
62.212
88.613
-6.70484
-65.4117
-14.6033
60.413
67.0987
10.1387
-24.2032
-1.59264
35.4954
1.72945
0.424113
22.5516
-35.4722
-36.9259
22.0612
56.0353
-24.5489
-41.0066
17.6114
25.2594
27.8182
30.3646
-9.65964
-5.01117
-8.96577
-29.3242
-25.3409
-6.36472
-30.2773
-32.7984
-2.61647
27.4862
-17.1029
-43.095
-29.5972
-34.0847
-25.9723
-8.62671
-17.1957
-3.69186
7.37818
17.1342
15.9569
9.82624
-15.8778
-36.3791
-14.2511
22.2218
-13.2167
-13.1453
4.07097
10.8526
-0.886049
-17.4277
-19.667
0.337149
14.9168
47.3178
58.9422
35.9455
-19.2295
-43.8103
-12.7046
26.6164
-9.92765
-6.20622
36.6176
52.4051
22.0391
-15.59
-17.852
4.56636
3.13903
25.2324
35.7334
-10.7632
-36.5202
-44.4714
-24.1945
22.1298
-7.91846
-33.3148
-2.60366
20.7931
-8.50927
-35.3972
-18.1394
7.14986
-1.26939
-3.68194
-14.6708
-31.8092
-4.50981
-3.59011
16.3106
56.8566
11.3907
0.45769
-49.5968
-30.8359
-44.7318
-41.3242
-7.79448
23.2197
11.6442
-8.41449
-14.7192
-1.57706
11.7942
6.2003
-15.6978
-11.4439
17.381
33.566
-21.394
-24.3465
-24.7642
-11.0973
10.5072
39.7375
43.7229
12.3173
21.8961
18.2066
6.11775
-4.18045
-13.5781
7.75238
18.6632
19.4221
20.3223
29.1671
18.5424
32.1007
25.506
25.5859
55.46
26.7927
32.9097
18.3933
-22.2686
-38.2251
-42.1971
-39.9472
-29.972
-7.16563
63.0566
78.3626
39.1144
55.7768
16.4444
-14.0703
9.21327
1.60259
-18.0664
-21.8616
5.83808
36.7572
44.4565
41.0514
24.7735
9.93305
10.8265
14.4476
18.0699
43.37
-44.6578
-1.39974
-57.6365
-20.4079
-60.1786
-83.7069
-36.1828
1.52405
5.91699
4.38754
-4.18536
-29.6067
-77.2699
-64.5339
-0.0192354
18.6714
-99.0924
75.4421
-43.0669
-18.6359
-38.2324
-51.7168
-32.0262
8.34747
37.3638
43.8231
25.7897
-13.4269
-57.2074
-68.8131
-8.24254
50.3266
-77.9802
97.8324
-12.4786
13.3837
-9.24643
-39.537
-19.3478
17.2735
49.6774
44.4637
3.13903
-38.2115
-54.6441
-52.0386
-21.2272
91.7727
-8.1943
47.4964
-55.9739
40.3437
54.6106
15.4989
10.3945
23.2653
29.2585
25.6457
6.00537
-10.0772
-8.66645
-28.0404
-49.101
13.0925
-8.70052
3.34839
-60.0018
6.22714
35.952
37.1713
29.1012
23.9809
21.7699
20.2417
21.6504
15.2338
8.97182
-15.0513
-38.9907
-27.93
-6.93371
