-0.00458942
-0.000301657
0.000947069
-0.00356741
0.00422438
-0.000844472
-0.0024265
0.00220905
-0.00825784
0.00565954
-0.00156808
0.00201013
0.00115071
0.00188616
-0.00770543
0.00685908
0.00538705
-0.00140718
0.00245958
-0.000969604
-0.000943514
0.0012687
0.0014709
-0.000794329
0.0045925
-0.00272916
-0.000651966
-0.000796144
-5.71061e-05
-0.00274461
0.00386853
0.000821731
-0.0034413
0.000276878
-0.00208435
-0.000171769
0.00230522
-0.00266217
0.00132651
-0.00126748
-0.00114447
0.00213647
0.00231173
-0.00351812
0.00468279
-0.00216068
0.00170843
-0.00520437
8.80448e-05
0.0017104
-0.00243254
0.00345269
-0.00593943
0.00514914
-0.00221006
-0.000240602
0.000148771
-0.000842028
-0.000201433
0.00086312
-4.97579e-05
-0.000362732
-0.00104244
0.00055347
0.00189422
-0.000600415
-0.00104257
0.00176412
-0.00284703
0.00258856
0.000179697
-0.00138105
0.000199809
-0.000169615
-0.00161542
0.0017558
0.000270262
-0.000294488
0.000592529
0.00147672
-0.00180757
-0.000217069
0.000314227
-0.00120903
9.99148e-05
0.0010174
0.00159505
-3.65626e-05
0.00144976
-0.000477961
0.000675854
-0.000417718
0.001042
-0.00139875
0.00191851
-0.00166951
0.000241954
0.000502566
-0.00101788
0.00183773
-0.000774741
6.12654e-05
-0.00273291
-0.000408422
0.000745263
-0.00139085
0.00096258
0.00127929
-0.00230449
0.000199626
-0.000365785
-0.00253223
-0.00518847
0.000980771
0.00174016
0.00133172
-0.00315923
0.0020173
0.0029593
0.00115902
-0.00288139
-0.00142052
0.00108446
0.00333471
-0.00383893
0.00156047
0.000329291
0.00431069
0.00147047
0.00137239
-0.00416744
0.00279359
8.11986e-05
-0.00246003
-0.00188117
-0.00117947
0.000963324
0.00490002
0.00296223
-0.00389189
0.0010133
0.000408671
0.000108461
-4.77507e-05
0.00610695
-0.00240856
0.00226957
-0.00282861
-0.000548706
0.00318486
-0.00291691
0.00331109
-0.00156403
-0.00106452
-0.00262173
-0.00192503
0.00170665
0.00060958
-0.00356226
-0.00300259
-0.00151682
0.000463237
-0.00163992
0.0038114
-0.00297781
0.000187266
-0.000509979
0.000438792
0.000828574
-2.70074e-05
0.00212188
0.00039238
1.16506e-05
-0.00274556
0.00801647
-0.000552646
-0.000426665
-0.00122225
-0.00030717
-0.00207625
0.000188621
-0.00138072
0.000340535
0.000717231
-0.0016784
0.00227574
-0.00241381
6.23274e-05
0.00111825
-0.00140353
-0.0024107
0.000534849
0.00157618
0.00245583
0.00118936
0.00248932
0.000225779
0.00233769
-0.00118041
0.00158465
-0.000604116
-0.00269849
0.000512997
0.0024237
-0.00391558
0.00434754
-0.00194958
0.00182121
-0.000854566
-0.00540572
0.00141873
-0.00283027
0.000119945
-0.000778758
0.000728775
-0.000402602
-0.00149128
0.00167121
3.71297e-05
0.000879884
0.00154785
-0.00243964
-0.000188298
-0.00135978
0.000323818
0.00315606
0.000729308
0.00341211
-0.00159129
0.000544827
-0.000896911
0.000896626
-0.0015706
0.00115758
0.000470844
0.000605875
-0.00442531
0.00236216
0.000678556
0.00065625
-0.000828692
-0.00105037
-0.00024531
-0.00125713
0.0010433
-0.00299217
0.00435035
-0.00277004
0.000860966
-0.000672249
-0.000866449
-0.00101149
0.00393116
-0.0013434
-0.000756938
-0.00113814
0.00115851
0.00180176
-0.00153831
-0.00221188
-0.00104393
0.00617654
-0.00640339
0.000921879
0.000963799
-0.000582746
0.00489474
-0.00407636
-0.00249235
0.00165167
-2.39035e-05
0.0013321
-8.22338e-05
-0.00145691
0.000342356
0.0021387
0.00672116
-0.00562878
0.00210361
-0.000823086
0.00337824
-0.00316005
-0.000639944
0.0012327
-0.000639864
-0.00040226
0.000748193
-0.00201993
-0.000671313
-0.000307703
-0.000388681
0.00151735
-0.00468312
0.00119811
-0.00467955
0.00357416
-0.00183991
0.0050617
-0.00311874
0.0029207
0.000804972
1.33477e-05
-0.000147722
0.000941546
1.32056e-05
0.00133302
0.000149492
-0.00265449
0.00533077
-0.00323587
0.00715741
0.000457328
-0.00379417
-0.00180032
-0.000293911
-0.00510589
0.000829788
0.00011738
-0.000108035
-0.000152305
