-0.00668889
-0.000250109
0.00149175
-0.0030538
-0.000675126
0.00198975
-0.00157223
-0.0011198
0.0009097
0.00146077
-0.000295183
0.000413606
-0.00139449
0.00469549
-0.00109963
0.00673282
0.00468444
-0.000382349
0.000532625
0.00226531
-0.00220651
0.000997167
-0.000147072
-0.00051431
0.000620714
0.000590166
-0.00132443
-7.85275e-06
0.000503796
-0.0020499
-0.000203496
-0.00676486
-0.00151925
0.000578342
-0.00164968
0.000521162
0.000224511
-1.53749e-05
-0.000483675
0.00178547
-0.00116233
-0.00190682
0.0029579
-0.00123988
0.000858198
0.000100084
0.00073026
0.00472642
-0.00136996
0.00167979
-0.00150297
0.00045592
-0.00109383
0.00218442
-0.00228568
0.000484439
0.000515722
0.000727578
-0.00183946
-0.000509867
0.00180433
-0.000892177
0.000670481
-0.00270306
0.00216388
-0.00189858
0.00234509
-0.00171196
0.00123348
0.000520745
0.00128776
-0.0014251
0.00114463
-0.00247267
0.00193156
-0.000872686
-0.000951407
0.000650136
-0.000535875
0.000496824
-0.00291258
0.0017659
-0.00190163
0.000622122
0.00148037
-0.00166793
-0.000968487
0.000460018
0.000671017
0.00172335
-0.00174866
0.000674062
-0.00194192
0.00176641
-1.88758e-06
0.000838177
-0.000495296
-0.000768187
-0.000367527
0.00134721
0.000283437
-0.00138423
0.00232886
0.000610134
-0.00347555
-0.00187725
0.00127519
-0.000668463
0.00229393
-0.00294793
0.00071748
0.0003623
0.00259428
-0.0021783
0.00300252
-0.00419585
0.00115892
0.000742548
-0.000438624
-0.00257302
0.00360831
0.000749077
-0.00140645
-0.000239997
0.00113499
0.00197708
-0.000365223
0.00161355
-0.00418313
0.001699
-0.000584594
0.00553287
-0.00265689
0.00163411
-0.0014463
0.00222645
-0.00225467
-7.03646e-05
-0.000802322
0.000161846
-0.0037802
0.000800349
-0.001542
-0.00129848
0.00578042
0.000614534
5.03163e-05
-0.00463671
0.00484212
-0.0005206
0.00171593
-0.000187714
-0.000858184
1.84025e-05
0.000611549
0.000799088
0.00246015
-0.000898428
-0.000315054
-0.00136002
-0.00284435
-0.00405542
0.001624
-0.000287382
-0.00229195
0.000528633
-0.001133
0.000188233
0.00038045
0.00045805
-0.000828739
0.000307329
-0.0049463
0.00331642
-0.00094007
0.00274179
0.000933026
0.00136362
-0.00135972
0.00198338
0.00112129
-0.00110957
-0.00021409
-0.000717734
-0.000484191
0.00149608
0.00251196
-0.000499116
0.00215661
-0.00155376
0.00305992
6.95502e-05
-0.00288233
0.00206469
-0.000998937
0.000277611
-0.000813404
0.00206531
0.000937965
-0.00144736
0.00124167
-0.00283291
-0.000557319
4.40208e-05
-0.00035984
-0.00135877
-0.00104477
0.000994629
0.000629976
-0.00110072
-0.00147918
-0.000224789
6.21957e-05
-0.00102148
0.00196325
-0.00141581
0.000252298
0.00138552
-0.00011429
0.000995906
-0.000641705
0.00184476
-0.00132336
-0.000707539
-0.000664579
0.00236918
0.000810674
-0.000747741
-0.00105431
0.00120542
-0.00168325
0.000770403
0.00134141
-0.00233577
-0.000194827
0.00062745
0.00167554
-0.00170691
0.000910899
0.000931157
0.00106292
-0.00118101
3.58561e-05
0.000186592
0.00291964
-0.000474505
-0.000780626
0.00172177
-0.00258272
0.00319616
-0.00164376
0.0011758
-0.00442342
0.000807693
-0.000713757
-0.00112771
-0.000345007
0.00128177
0.000849238
0.000616427
0.000123599
-0.00277885
0.00302546
-0.00078699
-0.000405748
0.00051467
-0.000964322
-0.00106553
0.00295966
-0.000406957
0.00123636
-1.59606e-05
-0.00148854
-0.000411409
-0.00152958
-0.00105027
-0.00189867
0.000237088
-0.00173419
0.00100371
-0.000793169
0.000928974
0.000506293
0.00269172
-0.00124561
4.28404e-05
-9.12418e-05
-0.000964622
0.00248358
-0.000215547
0.000760817
0.000692369
0.00170196
-0.000323909
0.000694594
-5.12201e-06
-0.00019243
0.000372797
0.00113854
-0.00323503
0.000642347
-0.00122104
-0.000668846
0.00121272
-0.00268983
0.000689454
-0.000610132
-0.000575189
-0.000826098
0.000195591
-0.00170498
0.00163187
0.00064747
-0.00429487
0.00309529
0.000343803
-0.00143449
0.00341879
-0.000688704
0.000855631
