0.00135547
-0.00369677
0.0029511
-0.00326861
0.00126107
0.00136341
-0.00136265
0.00330253
-0.00207465
-0.00250102
0.00280226
-0.00199476
0.00206325
-0.000686442
0.00155987
0.0014829
0.00142179
0.000764548
0.00045364
0.000635168
-0.0015363
0.00127758
-6.17701e-05
-0.00367685
0.00382627
-0.000666435
-0.0002761
-0.000762967
0.00210878
-0.00234605
8.06116e-05
-0.00321027
-0.00196616
-0.00132503
0.000607681
-0.000431177
0.000699795
-0.00225542
0.00113159
0.00174128
-0.00177451
0.000620067
0.00105957
0.000427107
-0.000749386
-0.000548887
0.00139318
0.00138965
0.0035098
-0.000215195
-0.00016513
0.0011119
-0.00154527
0.00126773
0.000824123
-0.00267825
0.0015101
-0.00165581
0.000170042
0.000386056
-0.000962092
0.000881589
-0.000638011
-0.00142584
-0.0024602
0.00123445
-0.000761051
-0.000152305
0.00261124
-0.0020313
0.00169893
0.000173375
0.000418704
0.000644714
0.00027434
-0.00107256
-0.000672652
-2.38834e-05
-0.000131143
0.000985475
-0.000289789
-0.000168502
0.000536983
-0.000409352
0.000144789
0.00126927
-0.000998106
-0.00144924
0.000464257
-0.00159483
-0.000380138
0.000322817
-0.00117663
0.00105881
-0.000564668
0.00190146
0.000700878
-0.000293461
-0.000873773
0.000451801
0.000504761
-0.00119401
0.00175719
0.00152956
-0.00217746
0.00224636
-0.000247891
-0.000819115
0.00157814
-0.00141015
-7.35037e-05
0.00110145
-0.000878117
0.00160063
0.000276438
-0.00237918
0.00274746
4.20846e-06
-0.00252393
-0.000994833
0.00172753
-0.00153961
0.000422384
-0.000822459
-0.00124577
0.00287276
-0.00293551
0.00163162
0.000860579
0.000268674
-0.00252221
0.00322963
-0.00150012
-0.000107285
0.00417278
0.000473629
-5.0578e-05
-0.000831324
0.000402203
-0.00110022
-0.000559738
-0.000153012
0.00220421
-0.00212048
0.000412637
0.000596859
0.000170862
-0.00183978
0.00231824
-0.00127138
-0.000272461
-0.000978746
0.00180639
-0.00122122
0.00112898
-0.00122474
0.00115519
0.00215605
-0.00533192
0.00163116
0.000375063
-0.00341207
0.000466215
-0.000581499
0.000179356
0.00139112
-0.000153605
-2.26754e-05
-0.000582785
0.000130914
0.000126039
-0.00175916
0.00046826
-9.38818e-05
0.00540727
-0.00101069
1.13911e-05
0.00132508
0.00104915
0.000468995
-0.00059599
-0.000243904
-0.000534627
-0.00153094
0.00166887
0.000366288
0.000288475
0.00103362
0.00201559
-0.00222461
-0.00370447
0.00325088
0.000743777
-0.000614534
-0.00223366
0.000206364
0.000381884
-0.000366891
0.000233353
0.000244171
-0.00230894
0.00253885
-0.00184702
0.000515756
-0.00222866
0.00121403
-0.00100798
-0.0020448
-0.000739799
-0.00101748
0.00164802
-0.000571822
0.000899792
-0.00143636
0.00108196
0.00106863
-0.000560292
-0.000684924
0.000701659
0.00128264
0.000682059
0.000775716
0.00149643
0.000531792
0.000645685
0.000670417
0.000209818
-0.000234448
4.59182e-05
0.000319509
0.000278868
-0.000998176
0.00119392
-0.000362557
0.000740436
-0.00209624
0.000262573
-0.000162849
-0.000423081
-8.65824e-06
-5.8301e-05
-0.000969384
0.00153233
-0.000150086
0.00209023
-0.00186423
0.00104211
0.000538289
-0.000448113
-0.000659673
0.000397067
-0.000264848
-0.00147722
-0.000828861
-6.09412e-05
-0.000110126
0.00034858
-0.000128944
0.000486753
-0.000748158
-0.00315559
0.00095313
0.000573034
-0.00198339
0.00246616
-0.000668799
0.00102737
-0.00160217
0.00424062
0.000849863
0.000326677
-6.39354e-05
-0.00139918
0.000801049
0.000316312
-0.00239737
0.00197485
0.00163083
-0.00288986
0.0031711
-0.00315859
0.00170561
-6.72156e-05
0.00119343
-0.00510925
0.000384413
-0.000279101
0.00111686
0.00148424
-0.00077828
-0.000559631
0.00126309
0.000904124
-0.000517024
-0.000527765
0.000501176
-0.000558776
-0.000106685
-0.00151335
0.00243099
0.0016314
-0.00087137
-5.06979e-05
-0.00113723
-0.000948692
0.000571469
-0.000617039
0.00043416
-0.00157006
0.00230587
-0.00392186
0.0034224
-0.000948208
0.00246065
-0.00183374
-0.00241354
-0.00104041
0.00153337
-6.0876e-05
0.000517646
