-0.00152396
-3.23697e-07
0.00199057
-0.00460789
0.00331804
-0.00056684
0.00307115
-0.00389076
0.000931474
-0.00166047
0.00175077
0.00133672
-0.0032617
0.00334864
0.000509027
0.00231499
-0.00138366
0.00133469
-0.00131409
0.00121757
5.24893e-05
0.000568508
-0.00261716
0.00266734
-0.000739423
0.00109123
-0.00026971
-0.00311601
0.00406224
-0.00299449
-0.000231907
-0.00176562
0.00106733
-0.00135538
0.000528242
-0.000509071
0.000829209
-0.00178578
0.00224406
-0.00108396
-0.00134797
0.000893942
-0.00132235
0.00192068
-0.00133242
0.000406709
0.00141143
-0.00142893
0.00112654
-0.000404964
0.000730706
-0.00191556
0.00187012
-0.00130898
0.000655017
-0.00080124
0.00117624
0.000254901
-0.000174529
-0.000412571
0.000631475
0.000168881
-0.00144236
0.00171262
0.000161109
-0.000358427
-0.000162387
-0.000120374
-0.000288601
0.000206669
0.000472243
0.00119355
-0.00221424
0.00161913
-0.00135807
0.000330712
0.000508339
-0.000138847
0.000567685
0.000379715
0.00114156
-0.000456282
0.000363648
0.000132184
-0.00048109
0.00203589
-0.0023552
6.90057e-05
-0.000236619
0.000786013
5.81967e-05
-0.000949466
0.000533992
-0.000504029
-0.000585941
0.000244128
-0.00130058
0.000469605
-0.000607349
-0.000385083
0.000241932
8.8129e-05
0.00193727
0.000447858
0.00267553
-0.000146623
-0.00146083
0.0022684
-0.000401613
-0.000473401
0.000927133
-0.0010042
0.000116589
-0.000624199
0.00103878
0.000874708
0.00040334
-0.000659053
-0.00365375
-0.00163279
-0.000879448
0.000719213
0.00123875
-0.00124495
0.000232816
-0.00121272
0.000476115
0.000770787
-0.000153766
0.000119515
-0.00119515
-0.000828722
-0.00147823
0.00169108
0.00275008
0.000191679
0.000959098
-0.00281414
-0.00141573
0.00243243
-0.000973227
0.000104098
-0.000377449
0.00247258
0.00078768
0.000154898
-0.00136984
0.0037848
-0.00274965
0.000222698
-0.000137235
-2.67575e-05
0.00121352
-0.00114043
0.00316888
-0.00157231
0.00139163
-0.00127476
0.00156031
-0.00683792
-0.00156946
0.00358365
-0.00124391
-0.00093309
0.00139035
-0.000271005
9.29463e-05
-0.000467886
-0.000613512
0.000569981
-0.00052441
-0.00136395
0.00142746
-0.00104442
0.00131596
0.00168283
0.00166527
-0.00630043
0.00352894
0.00023539
-0.000790253
0.00040543
5.56669e-05
-0.000679844
0.000954083
-0.000422097
0.000395095
0.000512723
-0.000641528
0.000565859
0.000932485
0.000767701
-0.00219558
0.00324993
-0.00230455
-0.000100927
0.00136255
0.000761129
-0.00137363
0.00179595
-0.00124917
0.000787625
-0.00107632
-0.000179425
-0.00195155
-0.000248932
0.000963088
-0.00156821
0.00131178
0.000657175
0.0029192
-0.00145645
-0.000297695
-0.000663319
0.000504846
0.000637574
-0.000944597
-0.000198829
0.000265622
0.0010018
0.00102486
-1.15667e-05
-0.00225884
0.00212414
-0.000434571
-0.00022506
-0.00339378
0.000178395
-3.87306e-05
-0.000822179
-0.000177485
-0.0016392
0.00142901
0.00104151
-0.000479285
9.81295e-05
0.000190109
-0.000599062
0.000775202
-0.00138352
6.98391e-05
-0.00100317
0.00178162
0.000274377
0.000306077
0.00131831
-0.000544505
-0.00109935
0.000575351
-5.81051e-05
-0.000755911
0.000499078
-0.000772221
4.5485e-05
-0.000372099
0.000697392
0.000894559
0.00118426
-0.000161733
0.000874617
9.9554e-05
0.000316696
0.000832446
-0.000548838
0.000739427
8.24401e-06
-0.00124959
-0.000497222
6.3254e-05
6.82602e-05
0.00034347
-0.000676285
-0.00095456
-0.000906795
-0.000681013
-0.00158814
-3.23469e-05
0.000245432
-0.00102835
0.00187711
-0.00248922
0.000218247
0.00136729
0.000213092
0.000612636
-0.000274678
-0.000404194
0.000966857
0.000649701
0.000871145
-0.000279557
0.000116078
0.00316501
-0.00281871
0.00070447
-0.00158193
0.00322871
-0.00191999
0.000840284
-0.000736172
0.000477024
0.000730003
0.000182801
-0.00133784
-0.000268249
-0.00104721
8.97045e-05
0.000743409
-0.00034723
-0.00308027
0.00522243
-0.00221436
-0.000514817
0.00129642
-0.00123601
-0.000405404
-6.82932e-05
-0.000831821
7.95872e-05
0.00132893
