-0.000807579
-0.00130412
0.00207326
-0.00075694
-7.63468e-05
-0.000625049
0.000610954
-0.000512687
0.000781954
-1.21136e-05
-0.000970041
0.000178732
-0.00112945
0.00138865
0.000104302
-0.00092264
0.00126105
0.000953469
-0.00168396
0.00105861
9.24185e-05
-0.00041297
0.000904995
0.00032585
-0.000896737
-0.000604092
0.0006446
-0.000659443
0.00140788
-0.00114698
0.00014025
0.00132929
-0.00129628
-0.000794025
0.0014731
-0.00121026
-0.000263997
0.00100115
-0.00129591
4.88093e-05
0.000346894
0.00156809
-0.000834159
0.000642858
-0.000637928
0.000166914
5.88538e-05
-0.00182574
0.00129037
-0.000639545
0.000676364
-0.000816868
0.000873418
-0.00109524
0.00122515
-0.000627999
-4.72159e-05
-0.000992109
0.000458198
-7.06562e-06
0.000325839
-0.000303316
7.52574e-06
0.00115646
-0.000748069
0.000656425
-0.000630769
0.000432942
6.99855e-05
-0.000275905
0.000403168
-0.00100888
0.00195809
-0.000290156
5.34702e-05
-0.000135956
-0.000199503
-2.73931e-05
0.000151532
-2.7094e-05
0.00101457
-0.000397565
0.000482813
-0.000169302
-0.000255322
0.000105585
-0.000488736
0.00149932
-0.00260957
-0.000102827
0.000321218
3.36373e-05
-3.84132e-05
0.000360012
-0.000518062
0.000131877
-0.000563539
0.000300274
-0.000359333
7.20977e-05
3.98662e-05
-0.00044582
-0.000118535
-0.000973449
0.00131166
0.000938093
-0.000307715
-0.000133685
0.000122399
-0.000140607
0.000593942
-0.00147798
-0.000612736
0.000316608
2.52031e-05
0.000329237
3.11131e-05
0.00109664
-2.79505e-05
-0.00154982
0.000715651
-0.000679744
0.000189746
0.000457914
0.000403103
-0.000423581
-0.000214734
0.00097916
0.00161047
-0.000827724
-0.000328925
0.00083508
-0.000397527
-0.000196033
0.000461107
0.000971223
7.75565e-05
-0.000409483
0.000990737
-0.000891563
-0.000817052
0.00030848
0.00020414
-0.00127424
-0.00235885
0.00115966
-0.000610613
-0.000667752
0.000263054
-0.000716478
0.000474966
-0.0011351
0.000486257
-0.000297155
0.000202385
-5.02543e-05
0.00143373
-0.000871707
0.000553286
-0.00134864
0.00213589
-0.000665349
0.000861283
-0.000961941
0.000454507
0.00042788
0.000173235
0.000482441
-0.000185543
-0.000402309
-0.000633596
3.08738e-05
-0.000361622
0.00105451
-0.000631193
0.00163502
-3.09203e-05
-0.000795948
0.000738844
0.000973293
-0.000526089
-2.88204e-05
0.000606398
-0.00101196
0.00106113
-0.000904866
0.00108732
-7.50134e-05
-0.00117018
0.000285328
-4.73325e-05
-0.000240537
2.26121e-05
-3.35553e-05
-0.000104799
-0.000347506
2.49678e-05
-0.000444479
0.000371698
0.000258691
-0.000399555
0.000738504
-0.00104814
0.000247582
0.000696185
-0.000230499
5.71596e-05
-0.000391309
-0.000201558
-3.6283e-05
6.9847e-05
0.000227857
0.000874579
-0.000235964
0.000433072
0.000633043
-0.0011661
-0.000255774
0.000588012
-0.000402032
-0.000787745
0.000970583
0.000354271
-0.000153062
-0.000409575
0.000409296
-0.000888459
-0.000537879
0.000209568
-0.000637981
0.000425044
0.000747589
-0.000861493
0.00062884
0.000321105
-0.000644527
0.00112204
-0.000912384
0.0001777
-0.000101581
0.000176025
0.000384853
8.8708e-05
0.00115722
-0.00102408
0.00108091
-0.00111321
-0.000738217
0.000598131
0.000877506
-0.000683051
0.000431156
-0.00161531
-5.4674e-05
-0.000178025
-2.0973e-05
-0.000483272
-7.06006e-05
7.38743e-05
-0.000382873
0.000343322
-0.000399151
0.000819461
-0.00250972
0.00207148
1.76392e-06
-0.000500963
0.000779014
0.000775535
0.000340367
0.00023462
2.96808e-05
0.000312383
-1.70666e-05
-5.49137e-05
-0.000505593
0.000708761
-0.000616357
0.000335935
0.000493843
-0.000776298
0.000546195
0.000224442
-0.000813311
-0.00017577
-6.82195e-06
-4.91991e-05
-2.65302e-05
-0.000143892
0.000600886
-0.000784929
0.00057961
-0.000605678
0.000302627
9.41907e-05
0.000267649
-0.000645736
-0.000172785
-3.45419e-05
0.00142865
-0.000824755
8.18935e-05
0.000361826
-0.00037235
0.000113508
-0.000805452
0.000787041
0.000591334
-0.00132531
0.00150735
-0.00131716
-0.00111709
0.00160746
0.000313511
-0.00025505
-0.00102809
0.000770403
-0.000432848
-0.000145869
7.71595e-05
