25.6321
40.0651
-9.06272
-29.8587
-28.4613
-15.9669
7.32126
13.9983
8.16277
10.2707
9.68388
9.26066
10.3362
16.2134
23.8107
14.579
38.6942
44.3375
-35.1985
-57.1101
-46.0342
-20.2191
15.4799
26.5009
16.885
10.4952
2.60165
-12.4492
-20.7955
-8.87001
21.7565
16.6347
18.1442
8.28532
11.3325
41.0554
63.806
50.4771
18.347
5.07489
-1.6112
-6.96225
0.0211112
1.07238
-7.32213
-25.7763
-42.6464
-14.2026
-0.59459
-7.38587
-7.79377
-21.0985
-32.0567
-34.5543
-33.2195
-30.8547
-15.4425
-42.0273
-50.2543
-8.12765
60.0193
83.9276
-5.23261
-36.5683
1.12052
-8.47397
-20.7148
-3.26783
-7.77949
-18.8936
-18.9689
-31.1045
13.9574
8.34596
-19.8739
3.32352
38.0333
73.4694
10.9048
-28.5401
4.37253
-36.4962
-41.0609
-13.1972
-5.11032
1.43872
5.34855
2.76591
47.1664
47.6873
7.2483
7.29355
-24.7157
-19.551
-54.6752
-28.427
21.6793
26.874
15.495
-4.43421
-9.69216
-2.2808
14.5034
7.23447
30.2591
20.427
-3.33697
-6.72752
2.1953
14.9308
-20.6324
-16.8385
34.5579
50.3035
24.8899
9.82148
4.33695
0.968535
23.2971
-6.29573
7.10358
5.26696
-11.6247
-1.09622
4.46386
13.7411
3.23619
-3.41947
18.0295
32.1605
-0.00601937
-17.3496
-26.8063
-0.728939
22.017
-22.3424
-15.3586
1.02218
-28.666
-29.1857
-20.1755
-6.45125
6.63283
-0.202737
-0.684111
26.1232
5.3342
-24.9179
-20.2669
24.4388
39.0574
17.5391
19.3951
22.2344
0.00917079
-33.2129
-26.2412
3.11861
13.4187
-6.62753
-12.9434
0.00198911
4.78801
-3.50459
33.938
5.65423
-6.87767
-13.7855
-3.91074
-4.42184
10.9769
24.3245
-6.80185
11.3421
6.69993
-4.31255
-28.2578
-24.1639
-2.05556
13.6258
18.5174
-17.479
-13.5164
4.48455
12.5337
-12.6667
-22.2254
15.8556
5.4966
-0.186233
-2.40079
-2.4152
-28.3514
-47.9446
-23.2264
-0.940705
-3.42431
-1.53389
14.2331
1.73164
0.671597
4.4775
-13.1087
-19.1197
-10.7095
-14.347
2.52959
-20.2937
0.145789
-34.79
-8.95748
-2.72697
1.72612
7.09936
-7.57989
-33.4059
-28.4816
-3.80088
2.87201
-15.2658
-16.8116
7.42421
16.8079
-40.7043
36.0999
3.52152
20.3749
55.65
26.0107
-9.64222
-4.72806
11.6338
10.1142
0.522543
-15.3015
12.7016
33.7071
46.8444
23.1467
-29.8219
38.5585
32.2516
10.876
42.5066
-2.52762
-25.4029
-27.108
-11.8736
-14.9363
-8.07912
-15.2075
-8.42212
19.2396
41.1846
18.5332
19.2181
-13.0703
-0.7403
3.60117
-9.53357
-35.3982
-18.9716
19.7919
51.6464
50.0164
15.7418
-25.1637
-39.5649
-16.8388
-0.680424
-11.9966
25.0277
-30.9339
-42.6662
10.2025
-27.3428
-39.4373
-46.776
-24.8837
0.0507754
-1.7186
-29.9455
-41.797
-24.8094
-19.3797
-21.881
-12.6269
-17.388
26.5505
-12.0447
27.6971
-16.8504
-27.3457
-18.0374
11.8613
36.819
37.8961
20.6968
11.3525
1.24831
-14.8923
-6.76969
23.176
-9.95063
33.6192
19.3777
19.7524
-4.64356
-5.78451
6.91317
25.5886
38.155
39.4691
37.542
21.5512
1.30748
-7.43769
0.198457
8.18693
-6.14089
