1.57836e-05
-1.69435e-08
0.000519437
-0.00206355
0.00076006
0.00042521
0.000112
-0.000796618
0.00104553
-0.000392144
0.00071241
-0.000568407
-0.000369346
0.000623027
-0.00189854
0.001676
0.000386767
-0.000584564
0.000156967
0.00057133
0.000103983
-0.000222747
-0.00014654
0.000538586
-0.00133661
0.00127273
-0.00112286
0.000253635
0.000258385
0.000176759
0.000758776
-0.000404498
3.91573e-05
0.000115794
-2.62483e-05
0.000119687
-0.00018605
0.000363534
-0.000773945
0.00146707
-0.000523056
-0.000108205
0.000361483
-0.000504275
0.000114544
4.60335e-05
-0.000537687
-6.43796e-05
0.000312477
5.43976e-05
-0.000298613
0.000709946
-0.00112689
0.000482233
-0.000644071
-0.000448754
0.000183513
0.000450293
-0.000556269
0.00117491
-0.000483388
7.83515e-06
8.99912e-05
-0.000127666
-0.001056
0.000379516
-0.000110935
0.000158188
-0.000726089
0.000679215
0.000350904
-0.000229024
0.000427516
-0.000460851
0.000416624
-0.000734284
0.000732128
-1.80101e-05
-0.00028854
0.000333276
0.00114558
-0.000356124
-6.28245e-05
-4.26142e-05
0.000209248
-0.000253345
-0.000166703
0.00144567
-0.00150174
0.000363437
-0.00068469
0.000524647
-0.000425171
0.000573161
-9.26582e-05
0.000693261
-0.00059831
-0.00062285
-3.09493e-05
0.000524843
-0.000991435
0.00101045
-0.00114709
-0.00104002
0.000459123
0.000382695
-0.000340032
0.000734357
-0.000609451
0.000154427
-3.75917e-05
-0.00130502
0.000249353
0.000876514
-0.000511901
0.000342572
-0.000184566
0.000794371
0.000958809
-0.000433729
0.000945571
-0.000651099
-0.0002969
0.000156884
-0.000197269
9.54999e-07
0.000183683
0.000130815
-0.00139042
0.000555715
-0.00062664
0.000469575
-0.000841878
-0.000809816
0.000314122
0.000434956
-0.000883412
0.000285633
0.00124641
-0.00132724
0.00145938
-0.000189593
-0.000706854
0.001923
0.00187008
0.000435405
-0.000203566
0.000150853
0.000628783
-0.000166929
-0.000224524
-0.000425926
0.000895555
-0.000198369
-0.000807607
0.000938138
-0.000442791
-0.000346811
0.000648321
-0.00178258
-0.00266739
-0.00063248
0.000749492
-0.000892886
-0.000210828
0.00095302
-0.000257648
0.000428557
-0.000169789
8.23947e-05
-0.0012498
0.00042503
-0.000909003
0.000406159
-0.000332078
0.000837449
0.00183177
0.000236797
0.000526528
0.000404911
-5.95309e-06
-0.000422375
0.000271552
-0.000389884
0.000346639
0.00011738
0.000507238
0.000147002
-0.000140165
-0.00028206
-0.000219749
-0.000350196
-0.000154588
0.000546169
-0.00146585
-0.000510864
0.000213766
-0.000411981
0.000242136
0.000261874
-0.000518477
0.000226123
0.000533552
-0.000988557
0.000972003
0.00157704
-0.000374509
0.000286307
-7.27438e-05
-0.000306054
0.00125834
0.000358375
2.62297e-06
-0.000535643
0.000529006
-0.00103277
0.0012799
-0.000812749
0.000187219
0.000404355
-3.92753e-05
-0.00219121
0.00113619
-0.000964501
0.000401557
-0.000532273
-0.000549221
-0.000266968
-0.000877545
0.000650901
-5.86034e-05
0.000353294
-0.000415166
-6.32938e-07
-0.000607379
0.000552285
-5.89756e-05
0.00156032
-0.00058862
0.00143309
-0.000372357
0.000496197
0.000421674
8.8967e-05
-0.000338139
0.000609791
-0.00105384
0.000935282
-0.000511309
0.000332508
-0.000249247
0.000374777
-0.000694579
-0.000912804
-5.54613e-05
-0.000710188
0.00015475
-0.000542278
-5.42332e-05
-0.000355203
0.000905199
-0.000295234
-0.000145819
0.000397694
-0.000321617
-1.05277e-05
-2.28041e-05
0.000102608
0.000432961
0.00100901
-2.3424e-05
0.000410777
-6.0232e-05
0.000496172
-0.000136869
-0.000117263
0.000209557
-0.000287302
-0.000129906
-0.000440148
0.00103404
-0.00027753
0.000318436
-0.000680128
0.000513991
-0.000588225
-0.000103782
-0.000177296
0.000216728
-0.000156984
-0.000112149
-0.000306724
0.000265977
-0.000196748
0.000780767
-0.000730759
0.00010817
-0.000583192
0.00101593
-0.000534911
-0.00067048
0.000177211
8.51422e-05
5.43081e-05
-0.00042781
0.00038916
-0.000661927
0.00108774
-0.000897008
0.00055632
-0.00129031
0.00019174
0.000856729
0.000305476
-0.00060474
0.000892218
0.000409097
-0.000286902
-1.54507e-05
5.30569e-05
