0.000437526
-0.00159545
0.00238543
-0.00160207
0.000848795
-0.00042087
-0.00105066
0.000471786
0.00160978
-0.000684862
0.00022178
-9.36282e-05
-0.000353777
-0.000273767
-0.000429457
0.000437162
0.00072693
0.000597421
-0.000762851
-0.000477443
0.000949756
-0.000322967
-0.000374355
0.00143141
-0.00160709
0.000404224
9.63346e-05
-0.00112728
0.00109865
0.000180587
0.000159617
-1.06627e-05
-0.0017108
0.00120697
-0.000555685
0.000261142
-0.000273197
0.000635617
-0.000838988
-0.000704875
0.000722242
0.000478169
-0.000160392
-0.000108097
0.00030656
-0.000106879
-0.000686021
0.000156274
0.000595715
-0.000569794
2.80952e-05
0.000411709
-5.13337e-05
-0.000656342
0.000758592
0.000326255
-0.000654144
-0.000251249
0.00100684
-0.00111607
0.000762567
-0.000279383
0.0001021
-0.000255085
0.00030063
0.000147837
0.000124623
-0.000876442
0.000398638
0.000582327
-0.000139498
-0.000333141
0.000890437
-0.000233066
-0.000800255
0.00060522
-0.000669212
0.000461507
0.000198183
-0.000420594
-0.000897904
0.000129343
-0.000155431
0.000380459
0.000410486
-0.000447254
-0.000527526
0.00135692
-0.00192962
0.00126281
-4.17865e-05
-0.000351743
-0.000832435
0.000454319
-7.45555e-05
0.00134446
0.000142064
-0.000190321
-0.00016945
0.000628275
-0.000537034
0.000135917
0.000465024
-0.00120386
0.00096485
0.000218023
-0.00110937
0.00196408
-0.00143641
8.27977e-05
0.000292557
-0.00130794
0.000395215
-0.000449999
0.000529223
7.19084e-05
-0.000778928
0.000528855
-0.000689086
0.00141522
-0.000322489
-0.000769078
0.00074156
-0.000279931
-5.57441e-05
-0.000201778
0.000254303
2.15412e-05
0.000531629
2.47418e-05
-0.000597121
0.000778787
-0.000659743
-0.000525272
0.000979127
-0.00146226
0.000152264
0.000882717
-0.000211819
-0.000353714
0.000495008
0.000534018
-0.000332822
-5.40736e-05
0.000293469
-4.41858e-05
6.44832e-05
0.000644662
7.54446e-06
0.000674839
-0.000996188
0.000719292
-1.13414e-05
4.25162e-05
-4.744e-06
-0.000528438
-5.75621e-05
0.000721638
-0.000998641
0.000830308
-0.000859621
0.000510327
-0.00105372
-0.000239519
-0.000546965
4.54744e-05
-0.000188488
0.000635983
-0.00102835
0.000475545
-0.000122629
0.000194033
0.000856153
-0.000541265
0.000661787
0.000185518
0.000585234
-0.000908579
0.00145528
0.000516958
0.000522637
-0.00128801
0.00034773
0.000662504
-0.000560711
-0.000281251
0.0010927
-0.000238734
-0.000683883
0.000384125
-0.000904057
-0.00060023
0.000154557
0.00125468
-0.00199662
0.000566929
-0.000205658
0.000387634
0.000242252
0.000756024
-0.000493386
-0.000759249
-0.000234817
-3.33007e-05
0.00051295
2.81072e-05
0.00129326
-0.000310323
-0.000243209
-0.00121229
0.00111176
-0.000705101
-0.000719926
0.000626375
-0.000337619
-5.61548e-05
0.000446657
4.29424e-05
-0.000537516
0.00110478
-0.000836065
-0.00053969
-6.19742e-05
0.000288141
0.000128163
-5.34271e-05
-0.000348051
0.00127316
-0.000188858
9.7694e-05
0.00112256
-0.00207758
0.00108021
0.000181862
-0.000148811
-0.00113922
0.000682892
0.00035614
0.000156479
0.000159715
0.000140533
-0.000174331
-0.000117107
-0.00143691
0.000169064
0.000954546
-0.00179058
0.00137919
-0.000625335
0.000108585
-8.69395e-05
0.000338956
-3.72699e-05
-0.000447785
4.96876e-05
-0.000409192
0.000185136
-5.52739e-06
0.000599252
0.00121702
0.000964713
-0.00140943
0.0011658
-0.000605509
0.000989541
-0.00148418
0.000366302
-0.000363589
0.000270968
-0.000198339
-0.000234099
0.000651962
-0.000204482
0.000151379
-0.00102199
-0.000621
-0.000655833
0.000522168
-0.00119822
0.00070378
-0.000660136
0.0013918
9.44769e-05
1.51438e-05
-0.000357373
0.00060659
-0.000250681
-0.000401844
-4.93492e-05
-9.25358e-05
0.000969097
0.00078469
-0.000391627
0.00084521
-7.92727e-05
-0.000176169
0.000201437
-0.000953373
-0.000478134
0.00110421
-0.00046657
-0.000393523
0.000196738
0.000409896
-8.49389e-05
0.00025853
-0.00104409
-0.00118264
0.000718108
2.53871e-05
-0.000467439
0.00155404
-0.00241786
0.00350787
-0.00342432
0.00196693
-0.000552252
0.000841431
-0.000584167
0.000132965
