-4.42079
1.0531
4.60625
6.78144
4.27113
1.10528
-6.95272
-5.67905
-0.312358
6.57985
-4.6283
-16.2353
-7.7469
8.99829
15.2416
-1.05615
0.775635
8.81138
11.2597
23.7181
29.8901
11.0261
-16.0112
-22.1762
-2.79209
16.5006
-6.0339
-29.4815
-23.1661
-3.52223
17.8488
3.52804
-3.88819
-21.4721
-28.49
-9.32718
-11.7231
-22.0973
-15.8815
-4.7571
25.1489
49.0871
33.6998
22.2188
19.0205
1.52536
-0.800621
2.52791
-21.0221
-25.9984
0.620442
17.511
-4.36953
-36.1618
-23.3418
5.61773
26.3451
7.13906
-20.3728
-1.40855
9.83722
5.66248
1.41569
-3.88812
1.41341
40.5201
8.52377
12.7749
36.9421
13.3408
-1.97973
1.70771
10.0152
-7.67556
-27.0366
-18.4181
-36.5873
-44.2993
-1.25126
9.33566
0.758568
30.3209
-6.7252
-24.9946
-0.587568
-12.8072
5.36111
7.48052
14.6624
8.48071
-11.1594
-5.87608
-2.96209
-10.6841
29.2498
15.1792
-28.7076
-24.2285
-24.9719
-45.1327
-13.642
6.79289
26.7645
-7.30905
-7.94229
27.2721
28.1045
-12.0771
-25.2506
7.49149
21.1647
-0.389329
-30.6122
-30.1689
-6.53692
14.2759
16.0772
8.57036
32.1921
-6.3448
-14.6281
14.1611
27.3251
51.6001
47.7349
22.456
-21.4829
-13.1975
-3.14462
5.23401
-10.6621
-26.1281
-39.2137
-8.27706
32.7223
-12.9421
-21.2867
0.726852
-19.1916
-5.78114
10.9481
1.42764
-14.1867
-10.7421
11.3172
36.6054
8.97557
-30.9368
-38.6745
16.4183
41.7331
-16.4432
-19.9429
1.94048
-7.95192
-26.8652
-16.1279
-8.43665
-8.76676
-6.45062
9.21125
38.398
30.9442
0.857993
3.89869
6.49361
27.9602
16.2907
-2.90253
4.46927
0.908155
10.4677
5.29078
6.8002
-8.70062
-5.39689
0.0446991
27.3216
21.2813
6.64763
-17.1711
-17.077
5.56625
13.1764
16.4617
13.9915
-8.41325
-7.69018
7.71161
-3.4874
-10.2093
-14.2393
-16.4173
10.2607
7.74321
-10.1516
-8.34131
3.58596
4.45536
1.39351
7.49386
-4.93685
-29.2422
-37.9905
-5.39541
4.05368
-3.33818
-21.126
-10.3333
-8.14887
-12.1367
-3.2696
38.0111
34.6285
2.87427
-28.4641
-25.96
-14.6476
-7.53335
1.4482
0.40694
13.0425
1.42296
-12.1501
24.9218
-18.9312
-18.3186
-17.3894
12.4214
22.6502
-0.517816
-7.87569
-2.33107
9.69347
0.985614
4.21968
19.7948
30.8902
-3.983
24.4322
14.1754
-18.3359
-6.59846
-32.6835
-57.2085
-18.0263
33.9845
49.8015
41.9313
7.03973
-45.0266
-56.2127
18.9127
42.5152
-45.1272
57.0684
-31.136
7.87292
15.8155
-7.16309
-26.4949
-22.9703
-11.0579
-6.31572
-2.01836
-9.41397
-26.8411
-15.3871
45.4445
39.6851
-43.8589
6.948
-20.0386
9.60015
26.4697
1.58661
-13.8514
-10.1329
18.8201
47.8596
50.4786
25.9315
6.42275
12.4425
47.9579
22.2266
12.8248
-16.1647
29.2427
-2.52526
-16.0442
2.05178
-8.76669
-23.3887
-6.50887
4.75196
-0.165887
-8.00258
-14.5849
-10.5706
3.8632
-25.4198
16.0797
-4.52477
20.7573
-9.36752
-20.831
-4.27782
-0.525863
-15.9118
-18.7703
-19.1683
-22.3478
-19.9342
-21.854
-12.9148
-12.7189
-29.3448
-0.818825
-5.67564
