-0.000390782
0.00112017
-0.00144722
0.00136775
-0.000736673
0.000674926
0.000387715
-0.00107523
0.000811966
-0.00161737
0.00170277
0.000125167
-0.00145032
0.000971837
-0.00056262
-0.0012317
0.000580434
-0.000815994
0.000361981
8.43789e-05
-0.000280545
0.000347772
-0.00081543
0.000635169
-4.56259e-06
-0.000178491
4.04619e-05
-0.00029686
0.000616318
-0.00121003
0.000980544
0.00132744
-0.00047358
0.000599793
-0.000155181
-0.000360653
0.000949898
-0.00129493
0.000923697
-0.000285267
0.000174711
0.000189369
-0.000270716
0.000698741
-0.00101258
0.000776542
-7.56902e-05
-0.00188981
-0.000438419
-0.000542048
0.000143775
-0.000205827
0.000552675
-0.000138093
0.000813392
-0.000123664
-0.000141655
-0.00050142
0.000520735
-0.000503277
4.18138e-05
0.000346079
-0.000556772
0.00139819
0.000478961
0.00019674
-4.29455e-05
0.000138745
-0.000280146
-2.54674e-05
-0.00129777
0.000681436
-0.000377806
0.000686818
0.00011928
0.000341678
-0.000250786
-0.000273384
0.000152645
-0.000247084
6.33983e-05
-1.24723e-05
-0.000626524
0.000263349
4.57359e-05
0.000228262
0.000649609
0.000113194
-0.000211568
-0.000233476
-0.000164472
2.17426e-05
-0.000439419
0.000587134
-0.000109178
0.000961196
0.00057386
0.000123881
0.000547102
-0.000567359
-0.000513632
-0.000136922
-6.40398e-05
-0.000877809
0.000711817
-0.000305377
0.00045428
-0.000320637
0.00120292
-0.00111574
0.000490174
-0.0021724
-8.48609e-05
9.56629e-05
-0.00050121
0.000568721
0.000643203
-0.0010556
-9.79656e-05
0.000203711
-0.00120095
0.000208752
0.000292924
4.28836e-05
-0.00134839
0.000824534
-0.00020954
0.00197773
-0.000974006
-0.000222667
0.000392658
-0.00050222
0.000453902
0.000748386
0.000416274
-0.000338414
0.000670891
0.0012726
-0.00106406
8.79176e-05
0.00060124
-0.000245261
0.000657231
-0.00140946
0.000474157
0.000596872
0.000498941
-0.000651101
0.000355538
-0.000603064
0.000381555
0.000272453
-0.000119992
-0.000361709
-0.000304114
0.000925171
-0.000478188
-0.000704343
-0.000372369
0.000872252
0.000879978
-0.00146683
0.00029735
-0.00077056
2.24846e-05
-2.28944e-05
-6.17984e-05
-0.000214387
0.000324609
-0.000282275
-9.59606e-05
-4.06172e-05
0.00027602
8.26631e-05
0.000319184
-0.000460398
-0.000757275
0.00107774
-0.0006931
0.000480947
0.000126746
0.000807796
-0.000394514
0.00057452
-1.17478e-05
-0.0006812
0.000116009
0.00034585
-0.000274259
0.000487668
0.000649867
-6.05401e-05
0.000715185
-0.000170856
0.000533092
0.000240932
-0.000959186
0.00042209
-0.000406154
-0.000624457
-0.00023485
0.00149745
-0.000887435
0.000469316
-0.00101091
-9.91866e-05
-0.00122905
-0.000249912
-0.000634928
0.00011905
-0.000502856
-8.19839e-05
0.000754031
-0.000135021
-0.000428072
0.000433531
-0.000351469
0.000553895
-0.000165681
-0.000117492
0.000411774
0.000721262
-3.85464e-05
0.000757991
0.000806022
-0.000350702
-0.000370728
0.000335741
-0.000624614
0.000285794
-0.000695398
-0.000648443
0.000669087
0.000199666
0.000874832
-0.000339335
-0.000167592
-0.000850107
4.01349e-05
-0.000331406
-0.000612498
-0.000166748
0.00022846
-0.000359672
0.000142213
-0.000968991
-2.18917e-05
0.00120533
-0.000766463
-0.000105882
7.48157e-05
9.46858e-05
0.0011669
0.000985196
1.69367e-05
1.00058e-06
0.000694679
0.000404423
-0.000281333
0.000604229
0.000356157
-0.000102379
0.00119219
-0.0018001
0.00161304
-0.000687552
0.000363383
-0.000941852
-0.00092756
-0.000229694
-9.59742e-05
0.000119207
-0.000599747
-0.00012498
-0.000205514
0.000120958
-0.000364261
0.000706731
-0.000796944
0.00164523
-0.00166463
0.000390915
-0.000266322
0.000783632
0.000309406
-0.000235462
0.000217998
-0.000164825
0.000330413
-0.000125889
-1.01076e-05
0.000277691
8.26981e-05
0.000214001
-0.000104839
-0.000654133
0.000773715
0.00030801
-0.000235889
-0.000337764
-0.000114117
0.000348954
-0.000398224
0.000467931
-3.65619e-05
-6.60335e-05
0.000283667
-1.3293e-05
-0.000162745
-0.00137825
0.00225885
-0.00131751
0.000694015
-0.00228988
0.00111729
-0.000119504
0.000564019
-0.000511964
0.000539003
-0.000573462
