1.84696
14.4616
12.4958
6.76488
-0.077355
3.47842
4.96679
1.40143
3.89896
19.2996
16.1217
6.31262
-4.75423
-1.0969
-2.00641
0.0707242
-5.71916
11.687
11.9873
-9.74748
-21.7085
-11.9218
-3.65747
-4.14574
0.102455
15.4326
16.0866
-4.5688
-19.157
-14.1217
-12.9397
-5.49905
-22.7389
8.67086
29.1333
-4.16855
-8.33042
3.11475
8.44197
-11.2691
-14.4002
-2.7391
-0.853062
-15.8358
-15.5516
-2.17787
-1.14421
-5.35373
-29.6051
1.11177
-1.3076
-57.0304
-61.9543
-8.38235
25.2191
13.0388
-2.52854
44.4872
52.9777
19.0083
8.82938
24.2691
32.0729
2.21258
-45.0816
-22.3414
40.7705
22.5523
-19.177
-38.7629
-24.9455
-6.12668
-30.3132
15.1597
50.9539
37.3749
-5.54703
-25.3525
13.4675
5.71108
-11.5092
-17.4787
-4.09852
-18.9309
-19.5535
-35.1833
-36.5374
41.7787
10.6425
-13.2083
14.8354
17.5323
-6.61391
-19.3507
3.39115
7.65226
17.7332
5.21613
-5.26671
-7.8841
-0.196347
-23.2647
-14.981
54.4855
31.5457
9.96526
28.3967
42.9897
26.1629
17.2577
17.5599
14.1866
26.6249
18.4797
-3.24164
-9.40015
-19.4348
-29.9903
-9.29574
29.1609
19.1425
1.13362
6.32218
16.0288
16.1146
1.14401
2.85445
9.73159
29.766
12.193
-14.0973
-16.4036
1.12467
-6.68622
-7.50962
10.945
-9.74558
-5.29189
-9.38412
-17.103
-21.1094
-22.525
-17.5462
1.55353
27.2238
12.3131
3.41747
36.5769
58.1361
-12.5247
-28.8593
-3.59922
-42.3189
-30.4022
-10.2092
-3.0672
-19.662
-27.8365
-22.4023
-1.35865
12.5442
4.67235
21.1064
55.4297
10.009
-12.2529
4.3005
31.1642
6.1981
3.93062
-5.97359
-14.6757
-16.6632
-24.9393
-17.4131
-4.65893
4.57711
-9.03618
8.77255
-1.15016
-38.3043
-1.93393
12.1475
12.8583
-2.73396
1.68654
37.476
8.42579
-17.8571
-16.9227
-12.4701
4.28178
16.5621
-17.5103
-7.91366
-24.0639
-14.0671
-9.47855
-26.4284
-25.3344
-16.2282
-3.86698
31.6406
34.1118
0.135503
-12.2168
5.96865
11.7724
30.3908
-17.6537
-1.0077
16.0956
6.42752
-21.6065
-17.841
9.22827
-0.219623
2.95464
17.4118
17.646
1.68131
-6.74825
12.2079
11.6958
28.9453
-21.8961
-5.27389
24.4466
-10.2112
-15.4224
0.474018
12.7076
5.45865
12.4345
8.15949
-9.74808
-18.5944
-1.88677
-13.4103
12.2123
-6.63436
-33.4713
-16.0232
22.8696
9.25405
-8.03596
-10.8252
2.42806
-2.63444
1.39511
-11.2879
-12.6814
-7.0129
13.2532
-48.8685
14.9281
-14.6669
0.509598
8.59283
15.2111
21.8788
14.2219
14.5467
14.4387
3.47098
-13.1764
-15.0931
-1.46275
19.5263
39.7484
-23.6284
15.0155
3.01637
14.7288
39.0718
7.25563
7.8912
10.1095
2.03585
-4.59054
-21.6053
-25.3201
-6.36844
5.28329
23.6473
43.3488
2.06639
16.8453
34.0163
-25.7794
24.6172
-15.3707
-12.8109
6.67232
3.6411
5.31875
-7.65963
-11.0215
5.41025
4.19394
-29.0799
-5.58243
3.04882
-11.342
15.7378
-37.186
-7.20051
-14.9672
-17.6349
-0.928745
5.03849
4.0669
1.90962
0.4683
-0.303509
-17.8545
-50.133
-21.865
5.76419
-12.2495
