-0.00147214
0.000446268
-0.000606925
0.00139977
-0.00130854
0.00028103
0.000666471
-0.000866503
0.00138946
-0.000718392
-0.000113161
0.000159641
-0.000772238
0.0013026
0.000439094
-0.000496368
0.000519955
0.000428786
-4.84967e-06
-0.000477829
0.000690268
-0.000671299
0.000138605
-0.00036173
0.000270955
2.37189e-06
0.0002183
-5.17845e-05
0.000481032
-0.000509636
-0.00078303
0.000204935
-0.00141405
-0.000288263
0.000393809
9.97332e-05
-0.000336001
5.50282e-05
0.000430275
-9.79143e-05
-0.000708769
0.000179251
-3.97174e-05
5.90925e-05
2.86797e-06
-0.000138395
1.89326e-05
0.000441296
0.00202274
-0.000363774
4.43698e-05
0.00016755
-1.83714e-05
0.000214499
-0.000101376
0.000266134
-0.000267526
0.000809141
-0.000458686
-0.000176013
-2.74859e-05
-9.02131e-05
-0.000183683
0.000575367
-0.00104965
0.000702294
-0.000690833
0.000137273
-0.000259201
0.00014455
-0.000760297
-0.00031499
0.000693865
0.000171396
4.52039e-05
0.000267212
0.000191742
-0.00020901
0.000293191
-0.000523274
-7.47883e-06
-0.000243452
0.000417551
-0.000745431
4.00155e-05
-0.000553533
0.000419183
-0.00034258
-0.000699028
-0.000446341
0.000546066
-0.000211932
0.000547975
-0.000143775
-4.10259e-05
0.000294541
0.0012524
-0.000743647
0.000681649
-0.000202178
-0.000286165
0.00048775
0.00122742
0.000617545
0.0012418
0.000306246
-0.000636857
0.000556655
0.000287607
-0.000779551
0.000627061
-0.000687775
-0.000939122
0.000454797
-0.000174224
-0.000128771
0.000306491
-0.000715753
-0.000964256
-0.000761654
-0.00120528
-0.00032904
0.000327991
-0.000576642
0.000122044
0.000179021
-0.000275558
0.000671224
-0.00117258
0.000868759
-0.000317706
-0.000734772
0.00139007
-0.000485476
0.000853668
-0.000291171
0.000736018
1.21628e-05
-0.000877555
0.00105858
0.00107817
-0.00259668
0.000832513
-6.86987e-05
0.000795891
-0.000365522
0.000234878
-1.40709e-05
-0.000393868
-0.000363037
-0.000126915
0.000462121
-0.000162193
-0.000246508
0.000797985
-0.000359741
-0.00105258
0.00180502
-0.000661852
0.000112548
0.000522215
0.000110037
-0.000287948
-7.20888e-05
-0.00017033
0.000811881
0.000269845
-0.000517506
-4.08063e-05
0.000463115
-0.00065068
-0.0002436
0.00123381
-0.00107271
0.00116295
0.000451001
-0.000272616
1.31761e-05
0.000153419
0.00100281
-0.000250133
-0.000467412
0.000357521
-1.63067e-05
0.000223915
-0.000564456
0.000842926
0.000467579
-0.000562931
0.000478686
-0.00249234
0.000292086
-0.000651492
0.000231565
-0.000526745
-0.000734359
0.000182192
0.000171682
-4.85098e-05
7.13338e-08
-0.000322643
0.000543137
-0.000744063
4.97958e-05
0.00034084
-0.000139786
0.00176486
-0.000661708
0.000284377
-0.000373006
0.000366465
0.000234158
-0.00043651
0.000349642
-0.000365369
-2.05317e-05
0.000632475
-0.000760923
0.000484847
-0.000120207
-0.00012375
-0.000497487
-0.00128858
0.000293197
0.000161045
0.000485862
-0.000437749
-0.000254331
0.000752108
-0.000930378
0.000803758
4.86929e-05
-0.000648703
0.000116994
0.000390769
-0.000221251
-2.08064e-05
0.000950113
0.000769692
-0.000113225
-0.000376275
-0.000613148
0.000476884
0.000337307
-0.00128223
0.000710921
-0.000239714
-0.000315087
0.000648656
-0.000556266
0.00061176
-0.000331481
0.000603874
-0.00052425
-0.00021668
0.000203132
0.000612056
0.000596415
-0.000168779
-0.000825661
0.0012046
-2.44602e-05
-0.000707822
0.00203522
-0.00164132
0.000399065
-0.000600409
0.00018115
-0.000142961
0.000143243
-4.94809e-05
-0.000196489
-0.000576967
-0.00030912
-0.000415973
0.000347624
-0.000390285
-0.00059101
0.00109296
-0.000729618
7.80473e-05
0.000597957
-0.000528072
0.00013028
-1.06338e-05
-0.000127071
0.000239665
0.000332976
0.000278151
0.000189249
0.000215517
0.000271251
0.000692071
-0.000297149
-0.000771977
0.00101253
-0.000744039
0.000335566
0.000935109
-0.000693379
-8.89236e-05
-2.44454e-05
-0.000204354
-0.000322187
-5.17611e-05
-0.000183401
-0.000215376
-0.000186277
-1.09744e-05
-0.00083723
0.00125895
-0.00204263
0.00197627
-0.00151701
0.000285859
0.000697696
-0.00010623
9.24698e-05
6.40668e-05
0.000216111
