0.000276597
-0.00120645
0.00112772
-0.000719206
0.000894478
-0.000120182
-0.000198792
-0.00069298
0.000474189
-0.000349894
-0.000930599
2.50512e-05
0.000708829
-0.000821632
-0.000423808
-0.000332964
-0.000212192
0.000271796
-0.000707532
0.000747005
-0.000325763
-0.000145305
0.000527768
-0.000124158
-0.00017915
0.000303616
0.000717596
-0.000113431
-0.000354796
0.000283309
0.00106804
0.000259284
0.00047669
-0.000495454
0.000809817
-0.000327804
-0.00070149
0.000693248
-0.000275884
-0.000218404
-6.71332e-05
-0.000236782
-0.00062543
0.00111023
-0.000567472
0.000275642
-0.000738879
2.99158e-05
-0.00061452
0.000494367
-0.000226065
-0.000903746
0.00122338
-0.000737382
0.000339
0.000348144
-0.000169205
0.000337996
-0.000113999
-0.000245411
0.000448706
-0.000187976
4.33386e-05
-0.000280486
0.000431158
-0.000164232
8.74823e-05
0.000544617
-0.000695293
0.000553032
0.000153381
-0.000260587
0.000131438
-0.000722593
0.000250254
-0.000429567
0.000422998
-0.000116314
-0.000101322
-0.000355595
0.000498813
-0.000652402
-0.000140264
-0.000149123
0.000376759
-0.000149444
-0.000333223
-0.000105441
0.000498775
0.000510805
-0.000243612
-2.56965e-05
-6.70194e-05
0.000120185
0.00024861
-0.000778939
-6.30369e-05
0.00029361
0.000310743
0.000506129
-0.000181465
-0.000687981
0.00121239
-0.000122729
-0.000495517
-0.00102188
0.00146783
-0.000860548
1.0235e-06
-0.000428775
0.000363828
4.92281e-05
-0.00117209
0.000576228
-0.00145198
0.00104881
-0.000396467
-0.00103167
-0.00146366
0.000392335
2.4651e-06
0.00168963
-8.12892e-05
-0.000815027
0.00168562
-0.00104367
1.00523e-05
0.00173909
0.00103235
-0.000346692
0.000840826
0.00068904
7.4953e-05
0.00141882
0.000456923
-7.45481e-05
3.47232e-05
-0.00086824
-0.00160687
0.00111944
-0.00159224
0.00111226
-0.00144665
0.000231285
0.000585262
-0.000116026
-0.000790281
0.000597124
0.000168293
-0.00121378
0.000432386
-0.000539734
9.2363e-05
0.000305855
0.00129458
-0.000578271
-4.26577e-05
-0.000418725
0.000930403
-0.00165895
-0.000289954
-0.000811719
0.000675781
-0.000945849
0.00027427
0.00085515
-0.00018116
0.000167869
-6.50493e-05
0.000203109
-0.000854945
0.000131187
-0.000324665
0.000694134
0.000535703
0.000976414
-3.42689e-05
0.00124516
-0.0011877
0.00138239
-0.000162664
-0.0010944
0.000354891
-4.48244e-05
0.000157105
-0.000276211
0.00091179
-0.000857545
0.000855153
-0.000739727
-0.000626396
-0.000622233
0.000135504
-0.000907691
0.000241698
-0.00122687
0.000317233
-0.000529483
0.0011201
-0.000563984
0.000617399
-0.00100078
0.000716977
-0.000110002
0.000307962
0.000326658
0.00051999
0.000586398
8.43357e-05
0.00040291
0.000218272
0.000865526
-0.000515205
0.000455055
-0.000706613
0.00103973
-0.000935441
0.000518223
-0.000285371
-6.87747e-05
-0.00055737
2.38254e-05
-0.000517803
-0.000290639
-0.000456746
-0.000174263
-2.20179e-05
-0.000887194
0.00040277
-0.000796561
0.000610335
-0.000944109
0.000844732
-0.000411599
0.000336632
0.000155175
0.000630673
-0.00039466
0.000279833
-0.000412362
0.000364838
7.38696e-05
-2.35849e-05
-0.000255139
0.000254542
0.000564098
-5.34884e-05
0.00176349
-0.00195364
0.000704546
-0.000710544
0.000213582
-0.000344182
0.000564937
0.000530124
-3.65948e-06
-0.000348094
0.000298807
-0.000498987
0.000614935
-0.00101441
6.65046e-05
0.000603404
-0.000323906
5.94547e-05
-4.47663e-05
0.000196841
-6.73205e-05
0.000614328
-0.00081497
-0.000310406
3.37713e-05
0.000431036
-0.000268886
0.000392501
-0.000542823
4.56453e-05
0.000520368
2.92885e-05
-1.21901e-05
-0.000182632
0.000105916
-0.000378817
-0.000171611
-0.00029185
0.000844186
5.45904e-05
1.19981e-05
-5.43478e-05
-4.79425e-05
-0.000305888
-2.27696e-05
0.00111369
-0.000273499
-8.36691e-05
0.000237421
-0.000322468
0.000773229
-0.000424672
0.000137785
-0.000380579
-0.000317838
3.34352e-05
9.67769e-05
-0.000315887
0.000190332
0.000263552
0.000385747
-0.00111438
0.000804623
-0.0014942
0.00159154
-0.00129015
-0.000152227
0.000385687
-2.41952e-05
0.000679971
-0.000248581
0.000184806
-0.000293004
