-9.06693e-05
-0.000774741
0.000761449
0.000492528
0.000519814
0.000437119
2.2764e-05
-0.000981094
0.00130067
-0.000479844
-0.000618247
0.00051627
-0.000137524
0.000243887
-0.000835566
-0.000333258
0.000271492
0.000123907
-0.000151125
-0.000645383
0.000208918
-0.000902195
0.0010106
-0.000546232
-0.000303929
-0.000271815
0.000852755
-0.000366689
0.000364943
-0.000222503
0.000290178
-7.22935e-05
-6.68283e-05
-0.000205621
0.000288154
-0.000469797
0.000365249
-0.000319371
-0.000232435
0.000484671
-6.24773e-05
0.000180458
-7.17642e-05
-3.27822e-05
-0.000315728
0.00108414
-0.000788298
0.0014664
-0.000286634
0.000177253
0.000199241
-0.000463951
-0.000113454
0.000313686
0.000755874
9.00285e-05
-0.000564101
1.15043e-05
0.000153835
-0.00057179
0.000921438
-0.000781142
0.000161242
-0.000439635
-6.98358e-05
0.000324543
7.75249e-05
-0.000534403
0.000764872
8.5449e-05
5.40229e-06
-0.000442874
0.000509355
-0.000605647
-0.000671787
0.000576858
-0.000822541
0.000514104
-0.000222923
0.000463236
0.000108379
-0.00024112
-0.000129475
0.000405648
-0.00022247
0.00016516
-0.000108403
-0.00100354
0.000518289
0.000734307
0.000198701
-0.000139282
1.74178e-05
-0.000468723
0.000501697
-0.00112025
0.000197561
-0.000175959
-4.10936e-06
0.000603786
-0.000308963
-3.85421e-05
0.000256125
0.00155834
-0.000701804
-0.000428951
0.000331707
-0.000679346
0.000153894
-0.000535142
9.51084e-06
0.000572773
-0.000158261
-0.00013181
-0.000159671
-0.000338316
0.000622012
-0.000622548
0.000804148
-0.00114864
-0.000583677
-0.000683056
0.000885902
-0.0010645
0.0014903
-0.000679632
0.000208251
0.000121351
-0.000673608
8.41127e-05
0.000373277
0.000195303
-0.000356636
0.000170267
-0.000259311
-0.000148331
1.19796e-05
0.00195285
-0.00135078
0.00109956
-0.00157279
0.00146899
-0.00110795
4.96859e-05
0.000597517
4.04678e-06
-0.000127035
0.0004906
4.0082e-05
0.000208108
-4.92729e-05
0.000721441
-0.00029014
-0.000254851
-3.64603e-05
-1.06177e-05
0.00041248
-0.00144435
0.00186419
-0.000327326
4.72237e-05
0.000698426
-0.000116857
-0.000586444
-0.00014555
3.78701e-05
-0.000199349
-4.90694e-06
0.000428433
-0.000237934
-0.000631788
0.000690884
0.000128522
0.000641646
-0.00166945
0.000893989
0.00015479
-0.000845358
0.000353527
-0.000140586
1.06301e-06
-0.000664111
0.000177473
0.000484984
-0.000770755
0.000648956
-0.000320173
-0.00045065
-8.71854e-05
-0.000788577
0.00035252
-5.02658e-05
0.000809544
0.000156238
0.000485049
-0.00027271
0.000787639
-2.68484e-05
-0.000805332
-7.58957e-05
0.000188528
6.81078e-05
0.000490018
0.000173694
-0.000102499
0.000772153
0.000390596
-0.000204288
-0.00135842
-0.000650448
-0.000284686
1.24184e-06
-0.000278985
0.000155066
-0.000175592
0.000287178
0.00022615
-7.01772e-05
-1.67579e-05
-9.95805e-05
0.000412029
-0.000784621
0.000152749
0.000476725
0.000569112
0.000623686
0.000417901
-0.000426785
0.000781454
-0.000467626
0.000328304
-0.000464694
0.000132494
0.000171788
-0.000243561
-0.000196642
-0.000410327
0.000555143
-0.000505394
-0.000179241
-5.94242e-05
-8.73011e-05
-0.000195831
0.000651503
-0.000149198
0.000778019
-0.000609372
0.000216558
0.00114248
-0.00161805
0.000819475
-0.00072313
0.000429637
0.000170653
0.000225137
-7.30558e-05
2.66402e-05
-0.000161199
0.000512579
-0.000654041
-0.000327715
-0.000944433
0.000776102
-0.00163119
0.00278519
-0.00198374
0.00107032
0.000669207
-0.000320899
-0.000714816
-0.000130112
0.000130187
-1.10092e-05
2.47742e-05
-0.00068047
0.000260153
0.000253707
0.000644496
-0.000525534
0.000761923
-0.00167013
0.00214528
-0.00154379
-0.000633519
-0.000261432
0.000623404
2.37797e-05
-2.79475e-05
0.000269329
-0.000333246
0.00110384
-2.22297e-05
-0.000216771
0.00043569
-0.00131588
0.00182264
-0.000609107
-0.000166266
0.000256873
0.000918422
8.13402e-05
-0.000473219
0.000287548
-0.000176606
-0.000558334
0.000629151
-0.0010719
-0.000603748
0.000453955
-0.00116866
0.000965474
0.000109137
-0.00108043
0.000742389
-0.000929785
-0.000591502
0.00082021
2.86893e-05
-6.50449e-05
-0.000153331
