0.000819046
0.00105874
-0.000527839
0.00186358
-0.00223378
0.00194035
-0.00117733
-5.58113e-05
0.000949023
-0.000213561
-0.000317687
-0.000743591
0.000662914
-0.00062961
0.000398234
-0.000640208
-0.00199087
-0.000332694
-0.000510666
-0.000262721
0.00129751
-0.00160651
0.00118255
-0.000305389
-0.00011826
3.86264e-05
0.000799452
-0.000243034
-0.000326639
0.000961536
-0.000926625
0.000470771
0.00134989
-0.000135616
0.000318573
-0.000887827
0.000230034
5.45317e-05
-0.000260527
0.000463711
-0.000724963
-0.000429997
0.000668517
-0.000499118
0.00114041
-0.000955297
-3.99637e-05
0.00102182
-0.000567674
0.0010321
-0.000222448
2.37884e-05
-0.000415329
0.000515765
7.02587e-05
-0.000932134
0.00102947
-0.00026977
-0.000109306
0.000739897
-0.000868717
0.000658352
-0.000663404
0.000403059
0.000200785
-0.00030045
-6.11226e-05
0.000536548
-0.000673241
0.000458178
-0.000289728
0.000651874
-0.00058734
0.00016662
-0.000562899
0.000436102
-7.73923e-05
3.32124e-05
0.000222742
-0.000508256
-0.000311776
-0.000328853
0.000671297
-0.000552003
-0.000311542
0.000189888
0.000471138
-0.000762903
0.000578733
-0.000247087
-0.000155686
0.000696007
0.000267626
-0.000531337
0.000500703
-0.000244901
-0.000199374
0.000651518
-0.000213921
0.000319893
-0.000211008
-0.000233775
-0.000224125
0.00121454
0.000305264
-0.000122376
0.00057176
-0.00064535
0.000476441
-0.000285155
-0.000109948
0.000214428
-0.000489731
-0.000256573
7.45115e-05
-0.000646682
0.000903135
5.66694e-05
-0.000355026
-0.0010886
-0.000964458
-0.000155343
-0.000604935
-0.000343446
0.00061884
-0.000264126
-0.000381214
0.000730614
0.000552173
-0.000132529
0.000249943
-0.000763984
6.47849e-05
-0.000170087
0.000568386
0.000501081
-0.000124599
0.000748836
0.000114097
0.00122164
-0.000964793
0.000678982
0.000245707
0.000576532
0.000608249
0.000346874
0.000637526
-0.000722665
0.000661171
-6.52697e-05
-0.000542928
0.000205221
0.000473535
-0.000204128
0.000518081
-0.00077026
0.000258389
-0.000838575
-0.00016268
-0.000441526
-8.86887e-05
-0.000506966
4.64577e-05
-0.000360052
-0.000720916
0.000612175
-0.000346748
-0.000588261
0.000591545
0.000124964
-0.000831387
0.000141618
0.000100174
0.00136262
-0.00210524
0.00143127
-0.000226949
-0.000330999
-1.32906e-05
0.00108769
-0.000919463
-0.000147894
0.000355235
-0.000392448
0.000561683
-0.00029296
0.000686673
0.00042565
-0.000599199
-0.000285488
0.00175036
-0.0016038
-0.000202895
0.000352903
-0.000126634
-2.10864e-05
-2.2985e-05
0.000301356
-0.000278091
0.000600108
-0.00136637
0.00050767
0.000450759
-0.00035927
0.000238054
0.000711152
-0.00140564
0.000782724
0.000456292
0.000219647
-0.000851742
0.000153326
0.000354408
-0.000378006
0.000536001
-0.000202347
-0.000201921
0.000206632
-0.000439294
0.000325525
-0.000626052
-0.000260728
0.000895135
-0.00071256
-0.000455605
-0.000175686
0.00105105
-0.000479009
-0.00024465
0.000360678
-0.000619239
0.000411945
0.000297891
-0.000627207
0.000834372
-0.000311168
0.000531876
0.000165993
-8.84712e-06
3.6389e-05
0.000105764
0.000404621
-0.00123386
0.000501395
0.000302172
-0.000261408
-9.18308e-05
0.00155159
-0.00174611
-0.000271952
9.77822e-05
-4.56477e-05
-0.000516146
-0.000381261
0.000306557
2.51227e-05
0.000273616
-0.000255246
0.000493407
0.000623812
-0.00048893
0.00133325
-0.000952386
-0.000246491
0.00132354
-0.00112842
0.000772288
-0.000635765
-1.68035e-05
0.000145847
-0.000401407
-6.63055e-06
-0.000376864
-8.70876e-05
-0.000293168
-0.000123319
-0.000482145
0.000637476
-0.000263794
5.5579e-05
-0.000722107
0.00106301
-0.000547694
5.73307e-05
0.00118597
-0.000471096
0.000433826
-0.000188828
0.000409931
8.72028e-05
0.000186964
-0.000585149
0.000241271
0.000118837
-0.000689544
3.57943e-05
0.000960181
-0.000755665
0.000657926
-0.00122797
-0.000522335
0.000752108
-0.000142906
0.000287633
-0.000243364
-8.81433e-05
4.91879e-05
-0.0004177
0.0019002
-0.000859761
-0.000124497
0.00212022
-0.00274885
0.001733
-0.000588095
0.000284662
0.000446015
-0.00111634
0.000212284
-0.000490663
