-0.00141033
0.000306653
0.0002035
-0.000497357
0.000978793
0.000210186
0.000152698
-0.000126955
-0.000234845
0.00037882
-0.000157169
-0.000430085
0.00180988
-0.00179771
0.00174505
0.00163171
7.37233e-05
6.59891e-05
-0.000710152
0.000345892
-0.000420695
-0.000463678
0.00106401
-0.000493321
-0.000652462
-6.99384e-06
0.000283204
-0.000329591
-0.000112935
7.85784e-05
-0.000304992
-0.00169324
0.000824894
0.00012096
0.000626059
-0.000959733
0.000397886
0.000129153
0.000133928
-0.000102501
0.000558382
-6.9956e-05
-0.000254268
0.000742911
-0.000229444
-0.00020369
0.00028157
-0.000276371
-0.000881864
0.000318705
-0.000103193
0.000407248
-0.000668231
0.000563547
-0.00122869
0.00050807
-0.000299381
0.000827473
-0.000473167
0.000184219
-0.000140236
0.000410204
-0.000677476
0.00139213
0.000243999
-5.22201e-05
-0.000142865
-7.80199e-06
-0.000154839
-0.000180988
0.000594918
1.12971e-05
-0.000567621
0.000441625
-6.10851e-06
0.000243449
0.000293862
-0.000656643
0.00048712
-0.000300541
-7.74572e-05
0.000314389
0.000196172
-0.000556789
-0.000123028
0.000359845
-0.000306881
0.000383328
-0.000653714
-0.000118812
5.05277e-05
1.89428e-05
9.4432e-05
3.34562e-05
-4.06088e-05
-0.000978932
-7.2356e-05
8.3998e-05
-0.000679223
0.000407296
0.000183747
0.000469192
-0.000659274
-0.00140218
0.00157561
0.000346936
-0.000196519
-0.000656937
0.000623644
-5.0929e-05
0.000562268
-0.000417597
0.00121531
-0.000175085
0.000247884
1.26499e-05
-0.00085735
-0.000661766
0.00129675
0.0011405
-0.0015367
-0.000503911
0.00037238
0.000539344
-1.92788e-05
-0.000189876
-0.00111899
0.00016252
-0.00118709
0.000270877
-0.000209456
0.000172683
0.000221175
0.000155452
-0.00036903
0.000275751
-8.02363e-05
0.000373464
0.000443676
-0.000995664
0.000643511
-0.000225945
0.00131403
0.000449442
0.000629847
0.000190501
0.000535504
0.00051377
-0.00050627
0.000536708
-0.000531544
-5.21486e-05
1.03628e-05
0.000364543
-0.00069055
0.000414138
0.000375071
-0.000551115
-0.000719851
0.000623878
-0.00101824
0.000842852
-0.00162536
-0.000490594
-5.79127e-05
0.000532564
-0.000380816
-0.000190335
0.000455729
-8.62886e-05
0.00029521
0.000366221
0.000193645
-0.000161986
4.5254e-05
-0.00128381
0.000756778
-0.00143334
0.00249978
-0.000500723
-0.000297234
-0.000117257
0.000838155
-0.000127214
-0.00030617
3.68068e-05
-0.000133719
-0.000172877
-0.000473346
0.000187587
0.000283865
0.000856237
0.000403594
-0.000532998
-0.000494878
0.000403762
-0.000390246
-0.000238716
-9.04979e-05
-6.58367e-05
-0.000423115
0.000950897
-0.000628676
0.000276587
0.000467111
0.000463665
-0.000614084
-0.000541093
-0.000867957
0.000857336
-0.000139059
0.000151182
8.69116e-05
0.000874873
-7.01491e-05
0.000407315
-0.000790639
0.00035551
4.35285e-05
-0.000441746
-0.000318019
-0.00110907
0.000714335
0.000407397
0.000145277
-0.000526377
-0.000463653
0.000133828
-0.000473391
0.000548999
-0.000262103
-0.000624125
0.000384886
0.000528063
-0.000666797
0.000533596
0.000448543
0.00107961
-0.000793738
-0.000151837
0.000357573
0.00034006
0.000281602
-0.00033766
0.000191354
-0.000329695
3.27427e-05
0.000333938
-0.000458624
1.65474e-05
0.00071199
-0.00119811
-0.0005757
-0.000410393
0.000561209
2.25934e-05
-7.35609e-05
-0.000368789
-0.000338651
-0.000572652
0.00126338
0.000144742
0.000328236
-0.000236071
-0.000226741
-9.83111e-05
-0.000196593
0.000865661
0.000421708
0.000292019
-0.000703306
0.000115019
0.000168003
0.000388056
8.76412e-05
0.000713095
-9.7552e-05
-0.000805339
-0.000190961
0.00125707
-0.00135867
0.000946768
-4.05335e-05
-0.0001829
-0.000623743
0.000163162
0.000437577
-0.000324411
0.000238031
-0.000849952
0.000309356
-0.000873054
0.000487415
-1.01127e-05
-0.00010142
-0.000371008
0.000299343
-0.000542505
-0.000613208
0.000955172
0.000763287
-0.000429298
-1.8665e-05
0.000217919
-0.000466188
0.0010125
-0.000188096
0.000278835
0.000746707
-0.0015527
0.000354616
0.00103035
8.81751e-05
0.000319525
0.000256868
-0.00172901
0.000193924
-0.000109655
0.000238653
-0.00039232
