0.000784711
0.000708057
-0.000588925
0.00199503
-0.000320573
-0.00266275
0.00137528
0.00177418
-0.00501473
0.00392589
-0.00104778
0.000245997
0.000100541
-0.00135681
0.00055886
-0.000650609
-0.000550512
0.000279266
6.61826e-05
-0.00126089
0.000108383
0.00199629
-0.00164227
-0.0001384
0.00251627
-0.00177979
0.000715904
-0.000892056
0.000772703
8.76982e-05
0.000371
3.03706e-05
-0.000178453
-0.000199414
3.67149e-05
0.00025862
0.000159766
-0.00087593
0.00105622
-0.000609988
-0.00129502
6.02283e-05
0.00157994
-0.00193401
0.00177317
-0.00129362
0.000106226
0.000155445
0.00020686
-0.000170906
0.000204555
-0.000857677
0.00173453
-0.00169388
0.000519538
0.000542799
0.000549475
-0.000489542
0.00104145
-0.00127294
0.00062318
-0.000549545
0.000593974
-0.000912485
2.36867e-05
-0.000190175
0.000458155
-0.00018784
-0.00011291
-0.000306555
-0.000229507
-0.000720397
0.00123546
0.000345562
-0.000703231
0.00187843
-0.00177048
0.00123644
-0.00057281
5.83351e-05
0.000174384
-0.000314952
-9.47246e-05
-4.86053e-05
-0.000133918
-0.000764496
0.000397336
0.00014861
-0.000641472
0.000253496
0.000497932
-0.000628814
0.000996429
-0.000472878
2.11914e-05
0.000840091
0.000319997
-0.000426749
0.00123056
-0.00074928
-0.000286026
0.000910145
0.000194422
-0.000724988
0.000282445
-0.000117128
-0.000825772
0.000538316
-0.000795921
0.000511133
-9.05036e-06
-0.00139133
-0.000253794
0.000136194
-0.000645889
-6.75432e-05
0.00066345
-0.00121998
0.000412005
-1.21348e-06
0.000638
-0.000181169
0.00137556
-0.00191688
0.00167745
-0.000537516
0.00161498
-0.00126872
-0.000817918
-3.19314e-05
0.000515382
-0.00122685
-0.000136061
0.000286003
0.000883023
0.000975722
-0.000661668
-0.00245707
0.000886877
-0.000557593
0.00102863
-0.000284031
-0.00132074
0.00312302
-0.000530355
0.000383305
-0.000669435
0.000872482
0.00108777
-0.00132747
-2.7846e-05
0.000294164
-0.000758715
0.00126545
0.000599838
-0.00154794
-0.000373194
0.00136804
-0.00033777
-0.000121179
-0.000687024
0.000982727
0.000249123
-0.000632044
0.000206435
0.000379274
0.000468078
0.000538768
-0.000449018
-0.000843929
-0.000822765
0.000741567
0.000915749
-0.00220908
0.00100213
-0.000154791
0.000843371
0.000150019
-0.000884921
6.64471e-05
0.000982392
0.000260161
-0.0002823
0.000344779
-0.000401742
-0.000265597
0.000961858
-0.000390019
-0.00190801
0.00414214
-0.00192638
0.000316085
-0.000498989
-4.63029e-05
0.000860042
-0.00100341
-0.000646736
0.00103326
-0.0013678
0.000602482
0.000318517
0.000228871
-0.000534854
-0.000167756
0.00123829
-0.00221357
0.000611886
-0.000989752
-0.000449208
0.000331991
-0.000240987
0.000458383
2.74381e-05
-0.000278144
0.000117915
-0.00143427
0.000890844
0.000361385
2.73267e-05
0.000382508
-0.000446152
0.000990984
-0.000195649
0.000263747
0.00119908
-9.83572e-05
0.000265533
-0.000202833
0.000684838
-0.00114623
0.00125098
0.000120025
8.09107e-05
-0.00146663
0.00128535
-0.000772163
0.000306436
-0.00132206
6.046e-06
-0.000232426
-0.00107732
-0.000216986
-8.81651e-06
0.000135875
-0.00050197
3.51763e-05
0.00126513
-0.0029551
0.0031952
-0.00184093
-0.000129093
0.000160673
0.000397071
0.00139057
0.000472293
7.59606e-05
0.000183564
0.000702452
-0.000764765
0.000334878
-0.00187276
-0.000349214
0.000295425
0.000922853
-0.00175071
0.000980462
0.000777102
-0.000142074
0.000596201
-0.00160595
0.000365391
-0.000484498
0.000214654
-0.000767258
0.000452342
-0.000402688
0.000784751
0.00150298
-0.00160213
0.00100564
-0.000648285
0.000259126
-0.000674872
-0.000312503
0.00027307
0.000698402
-0.000303167
0.000800602
-0.000145101
0.000336399
0.0006369
0.000605216
-0.00113094
0.000237347
-0.000513879
9.18156e-05
0.000808036
0.000331157
0.000151086
-0.000482952
-0.000892263
0.000564308
-0.000191102
-0.000653186
0.000326797
-0.000309567
-0.000622267
-0.000993299
7.60759e-05
0.000348738
-0.000928472
0.00017189
-7.03212e-06
-0.000704367
0.00100516
0.000637214
0.000969979
-0.000998589
0.000109987
0.000769758
