0.006877023018346349
0.004710295772287911
-0.03724439785363291
-0.015863074634293785
-0.03144793947091635
-0.0027582505394654977
-0.034809053634272925
0.011402171593973347
-0.033172102541079586
0.03238127984803808
-0.012213599992457923
0.049432906689444285
-0.002945452839572165
0.06752506807817911
-0.013254678330540894
-0.021517335748442834
-0.0037381582671809684
-0.004267951604357283
0.0029701770837056826
-0.03183125336456604
-0.017944652650294317
-0.007303024178349535
0.00344892625042756
-0.007187286727555337
0.07402069226565468
-0.033852307093931146
-0.045560837655249806
0.030995195681587356
0.024329647250477083
0.05904302367339127
0.034666517746676485
-0.08415655389489549
-0.06902580195546927
-0.0328948577357834
-0.02317237505624284
-0.034765477252969676
0.02212101380966747
0.023174759367476667
0.007254211431046731
0.012638636419155353
-0.019551382822359017
0.05617445059120031
0.014668009713263958
0.02234092996730746
-0.012432916053736948
0.04267453435690305
0.041350728369970564
0.025572632302265377
0.010577477190663775
0.03622221347171279
0.0377226839518705
0.06245201011758483
-0.00915269809018018
0.05356456622675102
0.04296152804700064
-0.0030492257368662265
0.00536818206423518
0.021997224908635447
0.018097731540562077
-0.008615057854475725
0.014321935901413476
-0.019559854241712474
0.02589741324955247
0.014799081055831168
-0.033758806158516196
-0.015538451965234581
0.013188844263431775
-0.0028231398449179573
0.011982738141994027
0.001392752773609513
0.003710199996121059
-0.019611222371811888
0.07703581463347925
-0.00898636150085487
0.001530289244619675
-0.008476466379398787
-0.0249868956036018
0.0006049487300844716
0.003503305072478831
-0.010895179309670542
-0.00725977266212497
-0.03068465475128989
-0.018392677963604217
-0.07876149274162722
0.05022020097355414
0.01505396977476172
-0.037753387242349
0.020849071169680336
-0.02129211050009453
0.027110138990493582
-0.024794625714180157
-0.012171859049013455
-0.02177294439492738
0.030557107564946544
0.0010758530054774838
-0.01588250657131244
-0.10404979941391597
0.04170294922922342
-0.005047448258038978
0.03720725954258787
0.010984841995301343
-0.023417155437270156
-0.06008425838972056
-0.021736295802708437
-0.00722133685854607
0.01570145985568523
0.019301763579153416
-0.019103072017951757
0.008389726514692273
-0.05252031538569774
0.025651791661300792
0.0013283385017038199
0.027980232172256373
0.013582739959412523
0.0016655570321915801
-0.0035207707219171514
-0.02541796209041321
-0.014475915797493858
0.020238547764614808
-0.00598761638517743
-0.025935629958060757
0.023525743590291488
-0.009381432341471074
-0.008485077953004233
0.03226279466672076
-0.018976907141631895
0.007845074183524633
0.04267148162104036
-0.0444116626737798
-0.003454455373373286
0.03166281292155702
0.03744613303880089
-0.02862284116231548
-0.021022216939018203
0.008044480982931174
-0.006249761088942997
0.005482286603181391
0.003211376692213582
0.010619785524191225
0.04737905365944176
0.001489416400908002
-0.03310434370903734
0.029162125437809126
-0.03885340047643542
-0.0011445445141429341
-0.028353894449201982
-0.023638175615807513
-0.03580575429446118
-0.002343533114730098
-0.03291391896589413
0.05151770835283075
-0.004102877395290033
-0.024890761715969413
-0.027228178496366284
0.007279505283589772
0.028116067545638338
-0.017476564139758375
0.01812202783051867
0.008439940185005284
-0.01099981789707243
0.050849075398003166
0.022072209767366877
0.034394161785072326
0.005501281810824762
-0.016617622214082098
0.016514855115096302
-0.006125356912593104
0.028754103377810147
0.03145408798551446
-0.020973891232058194
-0.022676309075281703
-0.06210753031793687
-0.0346591192978024
-0.012344298882675875
-0.01239703434653207
-0.021279481947104592
0.0025520680486384086
-0.023098831634162504
0.03495783794236177
0.009300844137185661
0.04139709351019707
0.05394781369938157
-0.004298851250637934
0.057405338634086214
0.04085627622882725
0.03142811646090278
-0.005914974864530849
0.043679539102534054
-0.00423029728330648
0.009438107787395783
0.04899176158111009
-0.023050918309080883
0.002003172366488659
-0.00524057531141521
-0.016117183156304407
-0.05329832717021904
0.0153334964273937
0.004242938541533312
-0.07278967122119999
0.028175300425531513
-0.0068886714469567996
-0.00010893057119170708
-0.028784493846891458
-0.016185245355614067
-0.04809762852057563
-0.02556318197402937
0.0016987657736545429
-0.012124494052438059
-0.0084868293567848
-0.0004001628534623678
0.039606941670124796
-0.013538257547962411
0.017894152680055373
-0.009857562353452394
0.042503221426882204
-0.058417644367526694
0.00661652488484249
-0.04595964420499913
0.05156019207379573
-0.06066044915638563
-0.030816179444813147
0.03948779979907193
0.0010630226169451196
0.07750414094559117
-0.001739794885218787
0.025800698413628118
-0.0781186893608697
0.005097652904284174
-0.002245492036921104
-0.002275511426420254
0.011399561675311339
-0.03871457922945061
-0.0015552129149217838
0.031199475560875836
0.014925529858517686
-0.004090996338973413
-0.013487455187358386
0.060797810929950916
-0.0151471660696715
-0.044485891967354294
0.004210755790917078
0.018548914763462026
-0.0022776283157373697
-0.010624601454573829
0.002929980537616429
0.009300595483965713
-0.036576042727202815
-0.0030993251903158603
-0.0007964742680725957
-0.0025157141821288906
0.03673217150616303
0.014212021045821468
-0.003958829071277863
-0.010769107533681089
0.014840141281551063
0.029229847056591703
0.01169155297689587
-0.010102105382474419
0.0011513738085399178
0.03447269917452068
0.05517770790761451
-0.0009374020424138327
-0.0027049471456662517
-0.040888862809164206
-0.02469331214618108
-0.020616671741820133
-0.03893383930003145
-0.04922699823246143
-0.04601870278161567
0.001576929143005199
0.04923561234436957
0.020403854529841333
-0.053102733838209105
-0.023493153248606527
0.030751814402316308
0.026301201980430507
0.0032166794071222275
-0.03291112695690366
0.01125682994154551
-0.038326725890259844
0.010703476739868238
0.04195276443457297
0.038269362965109695
-0.0053050253619830465
0.05079766418240927
-0.07030296346144169
-0.04949081899888126
-0.03432737934024141
0.03898891212911809
-0.017173602524670574
-0.00969254158445404
0.028311094864911186
-0.0014895322708984003
0.028143828450063444
-0.01285067098451579
-0.02393335162831025
-0.0004043804968332362
-0.017706987067976274
0.03123660238078751
0.020845629844011164
-0.006734553823919897
-0.021341864388636052
-0.002667696751897129
0.01902407875610324
-0.006544732649038542
-0.0016143449389123446
-0.02731876322073075
-0.03168434858860632
-0.04235936478807785
0.009395415457467337
0.026674473909463654
0.020860192124547074
0.004274361930831963
-0.012704382103475563
0.037649144813775536
0.02798393722904926
0.007296248155935489
0.02007563138116626
0.021551097897800676
0.05417530427277742
-0.020006790818404722
-0.015921817559846622
-0.006509151359596192
-0.01010074751634392
-0.027217135824230326
-0.0033825952478460292
0.0023594892241762797
0.03540791428852472
-0.000747873336070527
-0.018000265434672556
0.00383928105731992
-0.0315079322606282
-0.019418693533480805
0.02341810082356296
0.04496473966736276
0.019934838328666694
0.005454229354293395
0.0075984481421033
0.07076422551358365
0.019928100520200404
-0.029048949194552285
0.03240747175675669
-0.016736785179030815
-0.021879465020080074
0.017670796551723458
-0.02541628048701018
0.020919191524138098
0.0007576579399834463
0.027323149784650978
0.008846613387657831
0.023354324535308498
-0.009539340478824447
0.014224863363298933
0.00114102431245064
-0.013519346561502742
0.008955434508211827
-0.03645972906463869
-0.002104065421132584
0.01593013762402231
0.02541217983781261
0.00030979025558697297
-0.05764136623243526
0.007694637217566121
0.04177548410575849
0.006581816947188613
-0.05762714982015991
-0.008765627758465752
0.004632324631537527
-0.06268658710221404
-0.013269842976317623
-0.0019486787372867485
-0.029021966127900718
0.0048307877649199195
-0.02642374802243855
-0.004804409512135567
0.006129461914914908
0.022620513059062652
0.015867778519593645
-0.03152173378111685
0.01059893675446068
0.02535663438977289
-0.045929222947813056
-0.027789587949758627
0.0034861666677089157
-0.011812572803392285
-0.008873129791964739
0.004209990505501361
-0.031679788769009204
0.05561692097333253
0.00047571970752624185
0.04867544916040202
-0.00028966829157804093
0.013345097557926826
-0.043323385771984226
0.02634345821914935
-0.014527015822108951
-0.04357673858301212
-0.00030122152343354814
0.020402935694321396
0.004252607985093618
0.03807340388556427
0.028914387350344906
0.003734926486726233
0.007334635099143071
0.03664110938773289
-0.022743984347363484
-0.03511899049475936
0.013344298685164516
-0.05149030702867243
0.041130715952350176
0.011865606610808764
-0.04648807780886999
-0.054768332658012404
0.05622374787643164
0.00846859385834887
-0.007517682993850304
-0.015676826731118882
-0.00022201047301747133
0.05451820098523029
-0.022174099639795594
0.0119192751898224
0.013601081137025368
-0.008861226375200117
0.03540854500801252
0.011046740133626705
0.007496712354000845
0.08085683236709375
0.01361156921344434
-0.0025449109536999763
-0.002663633023178802
0.031413119323847716
-0.0005802899679848878
0.01558677427606002
-0.03649103870491137
0.0075294211289382825
0.013604523045177312
0.001449062449212804
0.006653638756915819
0.04619630574421119
0.01550263703941972
0.016960339260753448
0.010620134587541234
0.01443323142040833
-0.031026221878711954
-0.005794343534413802
-0.008372750489484876
0.0036751626222687357
-2.4955538963641133e-05
-0.0029674221038940435
0.0035162124222710774
-0.0043858695402770945
0.010704409225383243
-0.0140986797522753
-0.02120615218543734
-0.031098171825475668
0.016608605772113705
-0.022405752579051738
0.011767870096059152
0.026703866764020697
0.030071769049745036
0.023191212334217826
-0.05135787248998545
0.018069418238882085
-0.01725466130198576
-0.03998997121251327
0.01764794496462304
-0.00041019386200521427
-0.011159662999732355
-0.0026657259297376756
-0.003695444807147811
-0.014792521090341688
-0.01511607244518376
-0.014288328498641598
0.02915572359127172
-0.013892976470665053
0.05606156751866035
0.03881563206519624
-0.015248304472239444
0.01633927268993236
0.0319231104595477
-0.030806343306262616
0.00991623966341977
-0.0221952647332581
-0.012491186552710292
0.04156242239249831
0.03431620130170481
-0.010988936313362466
0.03620007528082103
-0.03188846732018409
0.005095315882441631
-0.022940315390689348
0.05159678778733787
-0.03389280762691186
-0.02376110114442424
0.020746401590543195
-0.016574090281226746
-0.05979513476568084
-0.028780310879070865
-0.01201305367604872
0.03591771826375168
-0.001177864203149991
-0.06357067972556077
-0.018114221641022374
0.03434622939011598
0.045252009729985034
0.01696447300624251
-0.02978620860066902
-0.01321065729570958
-0.037935288523037874
-0.04663104448386372
-0.024800524841157582
0.0035380298923334387
0.05640725725864306
0.00704273176091199
-0.024820370598984755
0.002936794957742373
-0.018380729899278306
0.014420992973866922
0.0027345594806542054
0.02386632425996656
-0.029976704829494234
0.015103595481012254
-0.001568052193180591
-0.01141243391571724
0.014911934524509972
0.00930713167694624
0.05605858826551307
-0.0024255132043652953
0.04044711390506947
-0.03021925850774771
-0.01002760932902306
0.0007425791760162484
-0.016948419414037064
-0.031078946471251406
-0.0388857353492316
-0.04456879615791168
-0.06145104998002384
-0.006431439062249234
-0.048366720681880984
-0.01089162432465018
0.009128452531962832
-0.015501540755677433
0.05999373435033713
0.009432667014060068
-0.014244053855088288
0.05067955901382535
0.034060718914020204
-0.02669528029196029
-0.027035526352042448
0.04380658238670795
-0.037763772440915826
-0.03195693478158623
-0.009944373946453497
0.07272785750679128
-0.026505643360270222
0.033284151143301174
-0.01387183934291863
0.015845807839821126
0.0005077286001268087
0.03237649996325265
-0.008904795633939911
0.005254528610701982
0.00353790173314821
0.01340692274413357
0.07993718462128961
0.0583956628995725
0.017903830576438448
0.022809892514383465
-0.0373681526257267
0.017635629320781568
0.04170947881880318
-0.037160654909442196
-0.01585079103968335
0.008594428550183351
-0.0390804833766785
-0.006629941956942201
0.0055594197092958125
0.003088681756084723
-0.009248558605596978
-0.0009604690577109708
0.030296998423645027
0.021351630443931055
-0.011034403332838104
3.078822391055736e-05
0.0009031782878058223
0.007355415954380078
-0.018207501566103557
-0.012264451238769021
-0.00723125776343154
-0.01579320140291814
0.018754734949773425
-0.008650460926444326
-0.041413983152136916
-0.02818715845918955
-0.03940815151114074
0.005473770546583184
0.034716621280975135
-0.01282776727801497
0.008902603067403408
0.012374144638096704
0.012081673732700596
-0.02957486137605261
-0.02231457254798057
0.029748868927426238
-0.017672891010549568
-0.02473515306697005
0.024924291057680303
0.011072779729777778
0.04035538118744153
-0.009018280584479727
-0.019285394464201668
-0.031561475413637546
0.0005078832025087622
0.018282633503819524
-0.0008391233395526828
0.009543969909684903
0.006752735891865191
0.006010574476984684
-0.003092921188079842
-0.02563770438847513
-0.022377446851420568
-0.0009131635732075397
-0.041051770896765136
-0.000497662879459192
0.019320707357187345
0.016658697694293536
-0.012218026852404232
-0.040697998159948276
-0.015178055513261034
-0.011684499461574472
0.015296778883063527
0.016608949176226753
-0.032930016063183666
0.020464580217512247
-0.010912585816916422
0.005343991887494888
0.018167438364662114
-0.007037294046359996
-0.018888849715193796
-0.025820381449705936
-0.006319934684087973
0.015216158343835337
0.02569335628330548
-0.014469488408073656
0.031414388463925434
-0.010876714874462326
-0.0017832704513939368
-0.04129323061861875
-0.006325488727469451
-0.11948938331484094
-0.027373248342844488
0.007592298262516302
0.026812567674098706
0.010575441219993308
-0.07077864775910074
-0.093365268263233
0.006083687058610109
-0.0026833173573211073
-0.014295269927579027
0.015501817219677564
0.017157764628175594
0.016914055229378888
0.004107805764466376
0.003594232613513281
0.020735396303270343
0.00017813762800381665
-0.013270479158405991
-0.01330881111711289
0.014227042403540313
-0.024802874969669316
0.014584934655710846
0.030313324984950353
-0.01313165372070895
-0.031859386934854524
-0.0181505658288936
-0.009291362154946749
0.03110556523199813
0.004507085828324487
0.03875426384128439
0.01670116222077273
0.012675328210719794
-0.006901235960208894
0.02174132712619727
0.011271499214976468
0.02278131521514291
0.009419995504048654
-0.0017178143402696454
-0.005734586384964989
0.015745826844931515
-0.008269456127423087
-0.0341555634507896
0.06959741094103776
0.04259832337392176
0.0069995689054801425
-0.03881336635683624
-0.02883829824505382
-0.041043813863715695
-0.01868623338845337
-0.040701422919407544
-0.00396711624239517
0.04877040530136487
-0.015188481694964177
-0.007193425353251342
-0.015245852214649181
-0.05661234951102512
0.049064995456677994
0.026033845812954863
0.014009687620652805
0.008477610946006426
-0.029945133483837195
-0.010929470980374162
-0.013168544094733451
0.01833718537829174
-0.01381160642392426
-0.013504570874330787
-0.002342896190554655
-0.0058144593298528014
0.02667064185779636
0.020502753223840712
-0.027535124789024985
0.023918184981262573
0.002804100859159783
-0.018501994659044552
-0.013356286137062662
-0.05961277241907975
-0.04266156622069264
-0.052501132545936295
-0.010673560016713355
-0.047393529575006
0.043249124735606034
0.013206297832542077
0.05708485917643739
-0.02626214497606735
0.03749447692893054
-0.022141761199825083
0.0012517492262989348
-0.013035648575061608
-0.025550283887429463
0.07224042354006734
-0.016468331272314434
0.005007936342333388
0.0013805793195620312
-0.0026380243686844078
-0.024505225625017363
-0.07476197961483354
-0.005491396406488553
0.03089059684148845
0.006532249445872282
0.013850082996368184
0.008490456446158208
0.014760767250019223
0.009696192341259551
-0.04517865643035941
0.0017198068518724974
-0.01127247148667314
0.015326589717526675
-0.0074273996086269166
0.00929967272426721
0.000843429566848595
-0.026769670341188528
0.020408962251072995
-0.006236434050412521
-0.034565387466808234
-0.04166331327731163
0.004939269960103818
-0.0014857543994124625
-0.039133577950635046
0.006310104058735823
-0.015083453078975018
0.013745534754482248
-0.005899260361672696
-0.047063750597939956
-0.033369683583011546
0.027624621726584666
0.013978410746264632
-0.018153395606143107
-0.00018828873737135213
-0.0021000919222310243
0.0004878839091610045
0.0020340436992895877
0.00671244265680621
0.017346054306186593
0.045799182722022116
-0.027058526068574524
0.011271196204165473
-0.0008112523222288987
-0.03389818173456821
-0.028252607650352365
-0.0020880235671134873
-0.011877293575314767
0.03599649044952461
-0.012124269211123582
0.0019318273969258536
-0.04286016235634157
0.02568998584855603
0.008602889863002342
0.0026516015657714197
-0.012679389523766276
-0.035083870124092115
-0.0010457483333599401
-0.002755060912739239
-0.017455800195535682
-0.022862529261252512
-0.03934661363194364
0.05046488391018158
-0.03403808375239655
-0.03818747875396053
-0.022055838197337727
-0.03530071297404092
-0.011243277727281323
0.017196095322161375
0.05337847596908822
-0.05942436076714039
-0.06224447401168196
0.016817121944089672
0.04733600071514373
-0.013770702061316524
0.01813392062829155
0.025395885005440023
-0.010578163012572854
-0.03132905063075578
0.021375839748438503
-0.011256011733458946
0.01543499120164203
0.05608283055744519
0.006213435206475245
-0.018124396249435945
-0.00744808047584455
0.01805784047202358
0.009096976868690178
0.029540733902421533
-0.033451685698902334
-0.023653131993543533
-0.02574494413945799
0.00641876339061653
-0.05793306516381709
-0.0067141194808086
-0.003921046725411946
0.01115570934469017
-0.0004784170315933437
-0.045639972056597956
0.03494867344090697
0.03026931999925618
-0.003771407624609444
-0.01675049760503996
-0.01234178044625444
0.04749070200217838
-0.013519109465630341
-0.030547529519753418
0.04966933135512953
0.06587364274220163
0.00927358982604964
-0.05792718393211735
0.037368683347495574
0.047702569007135806
0.03203836844576152
0.014840896621806349
-0.013009758748582225
0.047692608363224254
0.037890863453281874
-0.007832730412833576
-0.009305579209764426
0.02574314423262652
-0.0006060375427067025
0.03608110692815207
0.0024902280535544757
-0.03686360638023608
0.04688932396750943
0.005543921100522985
0.022839370553216512
0.008068774662715805
0.050533468719688765
-0.00015795039430907415
0.012956995669671883
0.021534180039898487
-0.06547973806924343
-0.03753188309736773
0.010424216361848324
0.01194552148917396
-0.03228641086563246
0.05008082590212706
0.056711852357472996
0.03444789819157887
0.0165944611063946
-0.008472192642799688
0.007376480876353992
0.003276410362869266
0.03653322916724331
-0.026998309019614183
-0.009413434289091863
-0.0645881355731644
9.359429280230891e-05
-0.03257825421706356
-0.0005534410482174475
0.0217734935742672
-0.04886521779476614
0.011742839478626498
0.010760283488705748
0.04416181267681787
0.028776210683811133
-0.03665895653063814
0.035149423063956596
-0.011918975892042893
0.013456407626397373
-2.1654255523996208e-05
0.0028717910413510045
-0.018136643632435317
-0.019379339649478407
0.020307284044718942
-0.04533655966090579
0.01862956553245429
0.004645166137742383
-0.06079775640948176
-0.00537261627891686
0.04804182167034594
-0.04239729838454253
-0.006608315667320113
-0.027220179975346696
-0.012383830040411043
-0.06019469294997615
0.01201739157176734
0.03394544066992001
0.010171547584893175
0.05865464675356893
0.04069688277387193
0.00987757257270669
-0.00013538800417981804
-0.006860828364304677
-0.09132883978997358
0.0348180352177201
-0.024291522454293564
0.016382500884386284
-0.00997357002626795
-0.009341980095330831
0.031072394884025266
0.017086230625189238
0.015053326264890974
0.02013701000426208
0.0041430676652420275
-0.006907587103108485
-0.010601596986298601
0.025344839269016182
0.0018792870173998397
-0.01559508990793283
0.004431117181138141
0.001745647182344249
0.02301661783020113
0.005425638238171885
-0.01979893111506897
0.01289593917294704
0.018292204185216435
0.0052919588311136035
0.020349311030329612
0.020516762716576018
-0.03182913286598592
0.021056579988834437
-0.003046186555691156
0.05682763518457223
-0.00792643402885481
0.007187577963224162
-0.053362626782873505
0.010973339105160724
0.007306114420692604
-0.020344612127598555
-0.08627347401954401
-0.0003440567904528324
-0.024312655556917376
0.009801340359885356
-0.013227910290268315
-0.03364390833883385
-0.03817775548415989
0.02830520564286262
-0.0005770387210406058
-0.017046701809119068
0.02351680683705137
0.01627459260679961
0.07506242060574955
-0.024381229210917614
0.010938895152324966
-0.0010459810800119663
-0.04462575261907858
-0.024508183352884336
0.035745416724302585
0.0007636551450437676
-0.055038031564465004
-0.01641321578392228
-0.022044671675089004
-0.017150834049065266
-0.0011675457287132636
-0.003938305874538189
0.07895784132172953
0.0082415700532053
0.009713478394230207
-0.05468676430753219
0.03288328755308246
-0.01519323055544641
-0.006757657402526985
0.0036991101561616247
0.0241389283834641
0.0029324395624678165
0.010833330458009879
0.013102962890901366
-0.007879739205792022
0.02814619440013827
-0.017693007219458587
0.022812477293730177
0.001546940210898485
0.033055029651328796
-0.032410724227815955
-0.004515316688726862
0.003666992481561513
0.018086093335509132
0.012138436475489026
0.00046113811128674413
0.015177698087275884
0.031857813928702496
0.005089578820746566
0.008948604378083235
0.03200091012578907
0.009608418520711422
0.04611907927841823
0.04954757801390927
0.03520208031298909
0.006948104169368068
0.01911878249600043
-0.0033607206011536566
0.0024247751598189204
0.022035637087643854
0.0026993366250433267
-0.03091888345294829
0.018937001436254545
0.026697169078241913
0.02087518630370775
-0.013494264531547093
0.07863357885439545
-0.015595560816315916
0.009710938805814532
-0.038424923516130985
-0.017120547141157412
-0.0071203331243983705
0.004202098887598492
-0.02242590474429212
-0.0885067316949374
-0.012706787021176504
-0.017086530884869097
0.013187651419121038
-0.010906749153058358
0.008260872574048716
0.04572092813429041
-0.033112349208463544
0.011357049263214566
-0.02192358942643525
-0.024970569719239662
0.011771321527105435
0.006892532143716814
0.0063683543427942215
-0.004709590456559541
0.01661766931018625
-0.001612879479495635
-0.0022393986203046905
-0.007123929521046029
-0.005485318063984921
0.021775563903792622
0.01518584645454864
0.0035754218228798342
0.00366818928904602
-0.001991484161000337
-0.052092173297971126
0.007442896963996275
-0.02912190105722306
0.03341378009220251
0.0022166685302066353
-0.03132642052678418
-0.038491896970052945
-0.06671242585426111
0.009615210948874861
-0.013658809515861191
-0.028445223947791518
-0.03148608807693917
-0.03589688461327338
-0.011865545476277481
-0.03557543893021352
-0.007781548590571145
-0.029668180563019515
-0.049922424679704945
0.007532062657749177
0.0526501550857137
0.014152845924867052
-0.017181452500313735
0.0016651801654920836
-0.013927501747284155
0.008517896851350616
0.0036804396103465933
-0.009962298891859971
0.014387606314444962
0.01646423940625995
-0.0013661877069511
0.02356510299321177
0.024329702675807304
-0.020298774222931373
0.11151588525521161
-0.010091802581098493
-0.015140845552222214
0.0024374059050198352
-0.03445341641486085
-0.010483897515525463
-0.009342029891798359
0.04340484865511979
0.02853166410087166
-0.008766514260371984
-0.0226566299718645
0.020439942659332737
0.03106598401459223
-0.025731596889018535
-0.02259901072060372
0.016953451732926346
-0.027579272083921136
-0.02581274858706175
-0.024442165869668353
0.04935954685025861
-0.018115581032639015
0.027262903869280427
-0.00365167423819255
0.02909902668791522
-0.0115665512701801
0.03397313632385859
-0.0005507421399571147
0.05011322133920371
0.01835270299125602
-0.03285484049706589
0.004549693567688462
-0.012754099866499178
0.006985858221610463
-0.05489736284767382
0.011159204978191247
0.03202158508130802
0.009120578989231274
0.012991660834365778
-0.033333349384078
-0.020105871259734377
0.02733022111971494
-0.06096240525875574
-0.019707468896035692
-0.004661969659362732
0.01981102105063598
-0.01682556961948764
-0.05206922359169103
0.036830685908936706
-0.018447064179312706
0.030142803546512678
0.009723465360594107
0.028416934062364178
0.028641658592154784
-0.004170436296394439
0.041601415840131516
0.020698325706922347
0.01333827953270595
-0.00021361636605919982
-0.005170412387693135
-0.025211748164286923
0.11801119120490691
-0.037217626971253664
0.027425609621661986
0.04393622418185887
0.0029385709710519703
-0.017849825671920727
-0.006136769159148389
-0.021613640259425228
0.010393713169901678
-0.034434938237799945
0.007179909306443592
0.02314134347902819
0.032402663450715415
-0.006194026267080925
0.026898651492127917
0.01780436900029627
0.0004468340132684806
-0.0022872577793096875
0.003290048232861804
0.01729093012897328
0.009348630710610636
-0.05506222793790227
0.012717684549503831
0.00019871340578131322
0.03674693867382452
-0.01529896352010545
-0.0564172935136708
-0.010880383188964655
0.041841751060056255
-0.017582380671615726
0.005913525843403789
0.022665873112424052
-0.043881843433103904
-0.019515078068080133
-0.003672428587887702
0.017838730891328335
0.04283511333057657
-0.019025072596691103
0.01574398607821507
0.043536617553222835
-0.014522191440558344
0.0026363758936640085
-0.037685491067910665
0.03676431512363859
