-0.02987752460540883
-0.009916042786480249
-0.0364260930166581
-0.01789695647756824
0.049618612958781984
-0.02597177957998469
0.025356275120552395
0.007955629479850223
-0.012495536361766148
-0.003629062982366341
-0.010364691567036299
-0.003933783893952862
0.027597160751743864
-0.01950937108553031
-0.02166089003021166
-0.008657861534142235
0.01976492605516329
-0.04355563363015425
0.004910177205742422
-0.0181100961325806
-0.05626938133537095
0.04741946365465757
0.03146254646185793
0.01339933868208263
-0.024657255874072092
0.05496821889591251
-0.02932612297501791
0.08168253221949014
-0.02864962873602074
-0.020933466969405595
0.030172189424871355
-0.010877048703677861
-0.028069263519849338
0.00768068724167646
0.021009013736037724
-0.024028739707322472
-0.004613464746652491
0.020366116534963095
-0.05897906271417096
0.006238491799768519
-0.00033397317839271336
-0.002400612697379972
-0.016787496704094466
0.012759451318135513
-0.0030426654284397303
0.019376815649021207
0.03553226351537706
-0.023645531067102526
0.0035815708383600472
-0.004930821364839038
-0.027951961103830254
-0.02169881419821697
-0.0019803342196591817
-0.01806624000055164
-0.02935017353051967
-0.006758017492633793
0.0027804762421920906
0.03329468613894376
-0.021000951124231865
-0.010505549790139932
0.014593603496687533
-0.008455347280523846
-0.009134095337281548
-0.010888115001004107
-0.025285390084375928
0.0013921079499078595
0.038042628588730136
0.007506727759365804
0.0562489965236829
0.06369767430380051
0.01061045033093408
0.02561031147752736
-0.007343623602607169
-0.0218453357049209
-0.031136740755406723
0.008720761990470527
-0.05134553842362214
-0.005730099889478662
-0.025893215598245742
0.004252789971620931
0.0022245540127909446
0.013919401110521888
-0.052443734517066666
0.01739603539559883
-0.028435754903271427
0.04647016578731311
-0.017341594827174265
-0.01527936104057655
-0.02384845256260243
-0.03906108825623679
0.021094751684971023
-0.011608249913216075
0.013147752768860588
0.01466838517171863
-0.0009729177745014016
0.0067827664451351
-0.0026836372380234616
-0.004882019297169754
0.007170741615431646
0.028893159858315254
-0.02154510003918152
0.00702879766643039
-0.029799277610949557
0.009097536232339179
-0.003062065116174977
-0.0019121092232106413
-0.029011574372983753
0.023564878179792515
-0.028690788021032185
-0.015860800157478695
0.02565749455106112
0.015387667235905645
-0.03784889341538527
0.00870687026231251
-0.00820489992195145
0.0005311996243874164
-0.01684595637784298
-0.004172275013996823
0.026236421450258122
-0.00014721989844501476
-0.021036272218584028
-0.041432168991290125
0.02918307531791013
-0.048604025888318296
0.003236140510768393
0.031796774372502404
0.02188748959051334
-0.002527288286577793
0.030525611182163636
0.039785217266825094
-0.030039544946581634
0.051017869409202284
-0.056890767922795196
0.0062803850193149735
0.021446957374856235
-0.03357966577144997
-0.015069212775571635
0.02511453822545136
-0.0385474894586702
-0.008569713668717557
-0.027955470452680573
-0.0016043910014423362
0.016682804468943338
0.04038819497657183
-0.01863422168383029
-0.014812003093214583
-0.034566792930632695
-0.010934288078545615
0.047245320358821424
-0.025478288822592548
0.014752390693866904
-0.026285517895490617
0.03225112918109085
0.04076950083018884
0.010860277681179384
-0.06723150697006379
-0.08227235736875235
0.007407835826885366
-0.005459061848495972
-0.015508343906532444
-0.009833050232743088
-0.021358813562833864
0.025976200203795773
0.008235022903003682
0.020518914826259588
0.010009121462562769
0.09078752208833872
-0.011259800911312417
0.02107404762466136
0.024846230144038965
-0.019615240613196618
0.0077872226749729715
0.06837139889044413
0.030934617967136608
0.01653412244585094
-0.024339275000393294
0.03511792420644911
0.012584902887454856
0.0016861449363668578
0.031780413236230896
-0.0009164659036726592
0.03247856452929244
0.026212023084279907
-0.0017711614073849238
0.019597695873941327
0.06827710518032029
-0.040497967258240404
-0.03175459776832073
-0.0011002642743524259
0.019805218043968998
0.017610020068624582
-0.01045618826669411
-0.004202791599504528
-0.03978655170214664
0.01831629810231768
-0.007385227994620914
-0.015022357123331546
0.017836680067542483
0.03297929461931061
0.024512460359982623
-0.014359067410671163
-0.004513420748370412
-0.009348572520496614
-0.0025014851672640706
0.003989010109259509
0.00260216894330542
-0.018793874379441248
0.008131335596222726
-0.025480354880984706
0.02498303549830215
-0.03541115889155775
-0.01388691630810151
-0.04257611720244569
0.04743400982979798
0.0005672138058090626
0.05020771625856054
-0.0439588704656097
-0.019441268554272254
-0.011153523246275847
0.04904798064899762
0.01940378987471165
-0.0019308162738756573
0.0376529181150385
-0.11600301998117818
0.01877804442944628
-0.014956021012646311
0.0206874466969613
-0.021186133978898392
-0.002188143685103026
0.022515587273899403
0.031199348406699814
0.008571625780663878
0.019549579992117753
-0.01977311488598981
-0.032418406230489534
-0.07171918533430809
0.04038382928890527
0.06428338086840281
-0.04386887341217378
-0.012714426877048518
0.020535284237757013
-0.06286555440257258
-0.005404088488817437
0.01571218768688923
-0.03604590139154148
-0.02847209673596918
0.002432166673244882
-0.018164452873833933
-0.001295850489695948
-0.016239989733340895
0.004651723511512292
0.052979498660149914
-0.01299150553584262
-0.05777372674234805
0.003983935528716551
0.012384807703788714
0.006454700661131185
-0.01966138773287244
0.024603097579427895
-0.022245856549831296
-0.0753753723367327
-0.011516397390373457
-0.024014327589277212
-0.02398781523844189
-0.0251869672968458
0.01712823905990841
0.0324881190331314
0.018821841520899624
-0.02547496910602938
-0.047520179533200355
-0.008002895847208976
0.05950014024487051
-0.026014420179565005
-0.0070704384240516905
-0.0044578711889244815
0.012685595504830565
0.029251286868594885
0.014739417109540989
0.03286531252708266
0.031951006876707704
0.031122656909581697
0.02681110615251524
0.03349750970939249
-0.042441795517563864
0.004701875197851917
-0.0335349424097701
-0.07819802743514288
-0.00011541548497997681
0.03502937210569281
0.035456710936945586
-0.03145558484313161
-0.010029289245770297
0.02542338454310588
-0.012569075486280565
0.056330717196442316
-0.01487244645977584
-0.007038217174670887
0.043529941745039644
-0.011848121285621209
0.014962546502636133
0.05519249930285518
-0.014975460241255848
-0.02967756852002217
-0.013652094533186096
0.00050046655022881
0.04386862986053792
0.0033161655037068287
-0.00533237859396105
0.02684678484042747
-0.04717874588526129
0.022281994955170265
-0.014610457733394566
-0.03215228376520822
0.0028873772880278537
-0.027337964550276664
-0.07296331375529397
-0.03439758918828677
0.00950921534309548
0.01902005854659453
0.06553220818053218
0.007112267298627207
0.024538213133549956
-0.020989481487950216
-0.0006772950553983997
0.005036304245496611
-0.006022360019357335
0.024648556043101594
-0.0415182076612166
0.0011665750538139515
-0.04662773868551012
0.016799921746698285
-0.027603131429918975
-0.08612092101752489
-0.06699746532085198
0.04846089943626047
0.002549647588028828
0.019600359923985913
-0.02565594006385415
-0.0008949111491064942
0.013213869998961465
0.03017282640423701
-0.04039118736589915
-0.0068404671359489876
0.034320708544012105
0.04411448120628919
-0.0001452775744087497
0.04383389532471897
-0.009681225695573708
-0.0014990308971556498
-0.018827601665984336
0.01421633802806798
-0.004030140557953399
-0.02082250607192572
0.023297679769405794
0.005368109177249956
-0.01289572054897235
-0.029319055305317494
-0.025717480918829704
-0.03618773381805747
-0.006458095276471417
0.04966184346835097
-0.04981953728167973
0.040694753271792714
0.015723667929736434
-0.006503502816967867
-0.04049076244046444
0.00431878216469033
0.018021430840292306
-0.03159547079818391
-0.008087897606153872
-0.021693431333259103
-0.01652466265376118
-0.023308921755679612
0.015365814197724766
-0.005384607034152586
-0.01792068648412505
0.003305139828320013
0.010427678965609822
-0.017892695237581326
0.01161683796193474
-0.019641410071812904
-0.06848517659160444
0.01396253916102299
0.002657597310352578
-0.021433370004716863
-0.0331973631015254
-0.00791510938881326
0.01723825543333659
0.04792357721663772
0.025652285485203985
-0.0362729301769176
0.00821367063956148
0.025666677472012955
0.04878834743756323
0.04418681437624985
-0.022918620419151183
-0.0192109262175072
0.048060830834563806
0.03063977015600975
-0.015708754944039158
0.03190492940802133
-0.027352193114346703
-0.004564086478152417
0.017070963640847057
-0.055758505133714484
-0.001138671304688904
0.018542946900652193
0.003703105801115583
-0.002289854802990546
-0.05800847084054189
-0.034742262537287835
-0.012128038049571372
0.0013117826957569042
0.008305678158347582
-0.0303631832383275
-0.019503490465574997
0.018371954739399763
0.00556159262928512
0.01270347472077802
-0.0032487923230101416
-0.008050193753366847
-0.054456971645815144
0.07967441168107502
0.0008128070809982021
0.08140828614264424
-0.013585118449981413
0.017666609932761458
0.004777989774372525
0.024876276871826402
0.01210555919899173
0.009015888929512503
0.017086823752819818
0.01208773532709671
-0.0029877691199897073
0.0231343409065384
-0.018183831687118936
0.05574203549240573
0.021926976050133995
-0.053031322780141714
-0.004599364606686544
0.003828782709873404
0.019968553575428576
0.018421692627338254
0.0417849301237467
0.05447406073955572
0.02321913754491311
0.023167067052653652
-0.034055359654018
-0.004426256442792637
-0.08094019347987182
0.0002620113758497165
0.0032511850608167047
0.028813378581900202
0.0252621368694685
-0.04140029662625154
0.026069601982403295
0.028907934360880804
-0.0063726790874231365
-0.0005100033216017965
0.004841430485251268
0.0369280520543096
-0.03339745761387265
-0.005984120140046671
0.007495408004265178
0.03882356451532051
-0.022668883390117446
0.008410941161718338
0.037545923761436575
0.017797950737092377
0.007472816065629896
-0.044852148181812955
-0.06720547708445866
0.01034934079461817
0.02802112973308287
0.0135894406208261
-0.03146685219590443
-0.031597553796921335
0.03892249153256158
-0.07268908384646701
-0.0228205686448263
-0.05312851246117853
0.014690689735867938
0.08929404666298021
0.0278345641061895
0.022144357659907906
0.006799022939162273
-0.016782163666279982
0.01175222114408077
0.03622608034579676
0.03305800822732328
-0.02076685830206156
-0.038304006425929606
0.03397883935551506
0.0042499859015300906
-0.0030930238527169846
-0.03035465258992134
0.006131566023513938
0.019621229593290993
-0.027016803371418145
0.02050964696555485
-0.010772009309003683
0.050082690041557486
0.004789255552596517
-0.005345483541692106
0.005302507422452932
-0.09038971164738512
0.02577198024927308
-0.005400090511045757
-0.04909060460945311
0.021984195426896603
0.03696419740501717
0.010071427888614476
-0.004364484703545191
0.011338689567309025
0.00046758919364184667
0.005366059231055446
-0.008433443038129816
-0.03261464522019677
-0.005496148665280739
-0.003779956786002098
0.03731543729948617
0.018607170031165087
0.0016715177015346949
0.005170630228057638
-0.015177546457133104
0.010579790632555127
-0.009850442669301514
-0.011254566874389353
0.051348269149602145
-0.02758542109620859
0.006495066881835828
0.023214682910188356
-0.06012357316213269
-0.015844557605662245
-0.0009011491197466346
-0.025151847387778013
0.0235631048007193
-0.04057231534332364
-0.01111723943503128
-0.06319315807446849
-0.025101895491218003
-0.03924920859736743
0.024120556595072132
-0.02072726518690313
-0.02866480357484447
0.01455588819895155
-0.02021299480025299
0.018295162812272267
-0.03592806017754836
0.05335788282820719
0.021897605282056927
0.027354061644812924
0.052963950057333196
-0.031246436156035885
0.01881117050621303
-0.05005448876912799
-0.04401992516247877
-0.04893213890349176
0.002722777854344431
0.003489685475260361
-0.08007819838146539
-0.01469810689148125
-0.038158675383879424
0.004958127617802397
-0.013507984799766561
0.027632591123052865
-0.023868834370236826
0.07089873953821668
-0.02426607741526871
-0.03666479334727219
-0.027061595104207786
-0.0005341660192212443
-0.011593116176786215
0.013490316610891005
0.0041277456324248915
-0.022623995923206932
-0.05133802578123721
-0.01321865057059494
-0.04924356585501726
0.018903062690940425
-0.03110712761499728
0.022305516509286822
0.00212246222751537
0.007324023884885855
-0.019082784110979516
-0.005063406952810515
-0.011951661731598092
0.00550919515454045
0.015600188570450625
-0.0020114332019301844
-0.0019271063063780562
-0.006918898122712055
0.051718085864154446
-0.024424122017797777
-0.008881383370612395
0.0040491075227635995
-0.006377259599191444
0.005686484167719625
0.000728706575958713
0.03141286268547981
-0.010877303745253747
0.015007413469456528
0.010124331304663057
0.018930549312661478
-0.01679822002401978
0.043400799749904066
-0.016075739841752697
0.010324791706147146
0.0025851555361586986
0.02030355195590654
-0.01574332032464908
0.010436281109675465
-0.03582320445435119
0.016595418382129357
0.05183110332052706
-0.04141015206708782
-0.0017369961008712929
-0.023484697657602076
0.03838742417859681
0.017450764956800063
0.06098153061263233
0.02417276639157692
0.007360018124510218
-0.019755457449714874
0.01779294399842556
-0.0023559118691740084
-0.009887171701781489
-0.028916374551021248
-0.013949278364248799
-0.03351591635255256
-0.026537271703623848
0.0016753118736163497
0.0016749937228526706
0.008880394076714733
0.06063704749943527
-0.00025319067521094155
-0.004999819302851161
0.004859396715488453
-0.0009337387941347177
-0.033976125029398445
0.021030072637640826
-0.019616331183142485
0.027794262275792105
0.039849733220385125
-0.02152406640030329
-0.008507788926825516
-0.030635441385194345
0.004483107357563321
-0.0011496434114694606
-0.0071681211671861976
-0.0021112882995190725
-0.0184206494872788
-0.01998812542379309
0.016547245139178733
-0.03829583697880128
-0.0009259784408394001
0.014863841074976082
0.005298357718356936
-0.01363357801726197
0.007949989278863312
0.03730060315886347
-0.03187388125421081
0.009450545362098686
0.06571547028933693
1.430903269446634e-05
0.012632276189719528
0.007881618645442411
0.035441190276992954
0.0066067950875942924
0.08003575677900497
-0.012973229787906571
0.039222563182809735
-0.042510603430866746
-0.028843390224473003
-0.019155464095957763
0.007359231104782214
0.005534111301057101
-0.002082074043841603
-0.028788994454578314
-0.025547075919794385
0.0007542402426984774
0.024651663673849536
-0.013312016972924784
0.0019735004970080267
-0.024726514705596864
-0.00019356570165068103
-0.012919241268574572
0.005843932085883117
0.016451169224400163
-0.0064599768740420515
-0.06232842384999662
-0.0076104246589005255
0.006319134616286356
0.01198482456706005
0.018436194167876712
-0.043019960893387124
-0.002681192303099833
0.027825983171612338
-0.013002143890648408
0.014917904080692521
-0.006556802226650444
0.020908109977815836
-0.02865828947758495
-0.03247612106939263
-0.024079164512866385
-0.006362363566449875
-0.0007292064314628596
-0.046243106214286164
0.014380441972610061
-0.02195220937819067
0.009865759441320348
-0.02611096507560634
-0.022378957333614884
-0.009438309489476786
-0.026592699598138238
0.041977669098179286
-0.008477690220331582
-0.02595135935764953
0.019292537594009118
-0.011421900030300788
-0.008836398270293066
-0.00713515733144685
0.03438475041328317
-0.020819756840820644
-0.011855768760974522
0.04096326875972109
-0.02632051179733126
-0.015653425207384435
-0.0025431806300838487
0.00602941154012834
0.07853207353246691
-0.025197495651337252
-0.004084980687344178
-0.013782688771734185
0.016583530193566065
-0.0003981765528570375
0.01116398776548644
-0.05320817086526066
-0.003941847766160882
-0.014143580086060708
-0.03472443509623639
0.010096726420832088
-0.018139337962669373
-0.04134496649918361
-0.07725316718302966
0.0117969447744843
-0.04792932973644019
-0.046301678910155616
0.031074200261211334
-0.06228653440533458
0.0283713160093302
-0.03207470926564455
-0.03039610857653997
-0.0269377917452156
-0.024017139100675086
0.005011809414200462
0.008015146598907305
-0.00035940610389420454
-0.016237957315876413
-0.02136300841694113
0.05429286276359377
0.02092210168002022
0.025064281735325822
0.07951053975650202
-0.03538326944736778
-0.004382083470639349
-0.00831803718833185
-0.006873592991961201
0.026584166083947605
0.03668775451087687
-0.007710491209377614
-0.004523321306305503
-0.006558947247617934
0.03156365149620205
-0.00398127538913205
0.033382267922018004
-0.006180410518002744
-0.047602532608847406
0.024862251291651778
-0.0011952764633787179
0.012651502458242305
0.012339728459907405
-0.011091935465753308
-0.012803068812304122
-0.009906420820473284
-0.024838670799637648
-0.018440610146212497
0.0009195375376140957
-0.004308506695994145
0.01150111244015852
0.009379494135001604
-0.009913247838846112
-0.019709218247476106
0.0482574035689227
-0.06197519081957904
-0.02738330257256329
0.02187607186562482
-0.012065395974310325
0.031185441331130662
-0.014010648826311579
0.020717344346733953
-0.009690922067602059
-0.027583311585389854
-0.027579773040442346
0.014404668544871912
0.030601755594719404
-0.038683825991273874
0.01778762874424046
0.011458350636042914
-0.033705743523904486
0.005991397371294369
0.006830431027825144
0.029818508155751267
-0.040380636360439245
0.016603261964749108
0.03566510265285416
-0.04377138803396078
0.022617083001590897
0.008584198968689612
0.0170431037864167
-0.0049018721615294615
-0.03885178034396593
-0.0008155719263864561
0.010471343873127816
-0.08778749477224386
0.013969091466140334
-0.00450274447511092
0.04747734420245932
0.01341333877722445
0.010923783968401393
0.014951897230254006
0.03630523943213851
0.010610450710227143
0.015454233300693919
-0.015667498740268352
-0.0035118778653427498
0.016637067229215485
0.0017461365339801803
0.03128470303462547
-0.03189946032020259
-0.03824716936638672
0.07300574266798429
0.024840883544872103
-0.006427281274394699
0.014870725415070502
0.027138518767653007
-0.0064779568564679105
0.0031012489696356
-0.021651404259012148
-0.025812692651771288
-0.012701298026003898
-0.0720797468631591
-0.002397992480116794
0.0008250121928068965
0.03772810898187987
0.023913243463250303
-0.028296382414026617
0.0036417377567237777
0.002474365851416537
0.0330861594213951
-0.02196438854312479
-0.025779750246556418
0.024209784738547537
-0.03706512453035506
-0.03411988541650592
0.030888253397890583
-0.018326907073372232
0.0458327123783294
-0.011008697917314727
-0.013585265579202742
0.0031051405375001643
-0.031137929057216844
-0.022896122819693852
-0.005818896793240668
-0.0017887774742120627
0.026340071553626384
0.00466466034351761
-0.019284761990716964
-0.014917514437305018
0.0018171065969848996
0.0006154339293350928
-0.028453887901373008
-0.03060262299859273
0.012686721532792974
0.013395830941318406
0.016480728841160475
-0.01872259300157393
-0.012374244942960301
-0.025296798892292024
-0.03078228536389309
0.02721379350170564
0.022967033583031995
0.005306270330475982
0.011212231546325653
-0.007665922641226469
0.021846318716456554
0.05555985236072153
-0.028134757900858898
0.019774479323702507
0.01969508805454678
-0.022455522962256173
0.006411296971123171
0.002249716058653584
0.030197340442846707
-0.00903650330822702
0.008734268120074022
0.054463209207401865
-0.03177890401601491
0.03546166116497479
-0.009842470318830657
-0.009338223076077982
-0.012863390348176885
0.007138389623989686
-0.046064141164197304
-0.04525379527463836
-0.0023036638310791227
0.021656722144054258
0.007604105645312432
-0.013139077013918438
-0.012531678090315827
-0.041928533804726394
0.006485819755760316
-0.041980410411981174
0.007038743201149134
-0.04508493349354733
0.01700681060460616
0.03126334808695818
-0.01337496089718795
0.003522464719434004
0.011759908998514257
0.008990171480072999
-0.008624245444612138
0.015820151297340084
0.033341212691968714
-0.007925534687905762
-0.004769873706572927
-0.003516759430465324
0.030021784908687777
-0.01707361062419148
0.0002997496324394138
-0.02916610743717681
0.016234795093301533
-0.0232848033109054
0.02363680297674227
0.029480009347466342
0.0036132532903157028
0.09395531620836299
0.012851064947784601
0.06915489578256521
0.04840484740412361
-0.015358166404963304
0.026076951657691586
-0.035572739629800794
-0.014329364266711173
0.024727224026976576
-0.001506293417129124
0.040549426717147445
0.002200665685991594
-0.007729945090197338
-0.0020886179910594976
0.003564547307369355
-0.04740414062610323
0.015584196550332002
0.027511432877348422
-0.020823621369310038
0.040249344780524714
0.04256822085938648
0.006019592686785251
0.00030561465439238214
-0.07218704735721772
-0.09266401002035089
0.02310662775797371
0.012539304331540928
-0.015639416245608957
-0.07981955309827513
0.013299587008739358
0.018235846400768613
-0.006091948772328028
0.02526750320752644
0.021595089320581174
1.5428732341491136e-05
0.00041549379576356205
0.01643865622258096
-0.0169191503284548
0.010143740498667144
-0.0056538617194079755
0.07285664350650982
0.03203060537763194
-0.03148355591804302
-0.003488731483630717
0.006201557520230532
-0.002210512567805603
-0.020274635094471197
-0.06560949193556549
0.029170076212443382
-0.03714416936139404
-0.04292359158509796
-0.031578562826965854
-0.05357785062185862
0.020391523600949684
-0.022644132333396513
0.006941622959058462
0.016124851809337967
-0.018398700404293984
0.05353457851583245
-0.025304249798827262
0.03419399216304617
0.017548473722004923
0.023950284261816644
-0.014757001336247725
-0.04331077393128107
-0.028744646247635827
0.05068948762416456
-0.03778787596161255
-0.028187518044008403
-0.02480720572354471
0.005511776936664394
0.012435797624338656
-0.010192427882022632
0.018120101297444395
-0.04892759285209176
0.015666852084997896
0.006369492256203428
0.048693285258082405
0.03218075608534497
-0.012601116056054877
-0.007108947788704174
0.02370294564989458
0.002987140651124105
0.003217958984489617
-0.042153670461623736
-0.03451374335645342
0.03327431996106936
0.007859030160142737
0.027035936914886646
0.016182782514147245
0.019624161062979584
0.0016356544463962386
-0.01289717659613718
-0.0009060803808408135
-0.006055777893482873
0.003242137637077674
-0.024029621458776716
-0.038751328246083835
-0.041436820676517785
-0.015112758528742819
0.013297004519683431
-0.01840783853679869
0.014760032658807841
0.002056884294740251
0.025647667070664553
0.023188377532757865
0.012231059290562547
-0.015179721909445549
0.008410218606835987
-0.02852918675604351
0.009054593114452718
-0.041536746733564105
0.01757288481191958
-0.003665728563096427
-0.04015579053578734
0.019700784265935713
-0.0037204350551860023
-0.006270103871700725
-0.0018051524164252218
0.007629111705950412
0.039683012974500886
0.026442003462300894
-0.006800149955878678
0.03702571590791922
0.04849732595577061
-0.0003047224987253212
-0.015033961603294115
-0.02333743025035111
0.01343302801980592
0.008573213725119908
0.0020407766191737034
0.011732628811609361
0.07106049370449805
0.005795822105362975
-0.007274244842857391
-0.061787692028622526
0.015936599687033134
0.0210963323074547
0.01075989540780175
-0.0039989976702705324
0.03130796421049665
0.016096903756130272
-0.02489168370076484
-0.0027914792099754115
0.03387037037292773
-0.0011238540682004723
-0.012704126997018611
-0.001122434006578061
0.027229967245011883
-0.0006021206499814412
-0.007653869656547429
-0.05424327523692812
0.03665254741279646
0.006846038352895915
0.030130328774092146
0.009044375303678267
0.04313684581527465
-0.028229715286849876
0.04599824326164503
-0.0032334348383983545
-0.020819577680146154
-0.011672293735815723
0.0421437600667452
0.008068860440334889
0.008746380891777586
0.0326986399939164
-0.04327385234865319
0.03307527789203287
-0.013018959480745827
-0.031202101638610865
-0.01348069898509158
-0.03098998128675982
-0.023089241245199378
-0.01275794186284357
0.025100675042975345
0.021062252001925602
-0.06981046826899304
-0.01611751480180201
0.006738139102029455
-0.017010263166945767
0.009230225164282853
-0.006888563215107693
0.02053893143004565
-0.007844944387710575
-0.0049461392997462265
0.025286384731085427
0.00033840100898209415
0.03875354443637675
0.06190792050271723
0.048080007207702516
-0.007253167705448172
-0.01786481792535403
0.011915345832469601
0.01666548191438946
0.001350790711209201
0.02166720069580122
-0.021097554930329603
-0.02854075198826568
0.01608111843241449
0.007954410730843922
0.006364306759314461
-0.011111383520900327
-0.00924917682019796
0.0209633797191652
-0.00879765036746482
-0.03093842248228606
0.026913167546308066
-0.04922124958879317
-0.03678802684392748
-0.012078840448719565
-0.0831577095223814
0.02883285892200936
-0.04051712132495036
0.020772201677316315
0.013657807998690898
0.0065116817135629345
0.015493019153740129
0.007703657033250084
-0.017342797108200303
-0.015492325894028262
0.05431833071051146
0.01772482353624
-0.05183891757599005
0.04065282152683961
0.004000462162021082
-0.02472688322255179
0.014771633954156368
-0.016486950872009173
0.019979244729341865
0.015243543734159268
-0.012223443243429884
0.02214675706562164
-0.02955232587542603
0.03277018356490733
0.016295331025772825
0.016750835313332872
0.011793162166698627
-0.006084839797421126
0.003269803618908095
0.03679031447808009
0.02163956464029942
-0.012094366782873742
-0.05654327586952057
0.030378420128997937
-0.018835608885054287
0.023153754280181967
-0.05441743104801628
-0.034712273230039684
-0.005015176182628673
0.07209122681335588
0.011694617728438477
-0.03779326629095862
0.0036891739306230725
0.047711908841038854
-0.01416467530431612
0.013924786857651361
0.021734737841424427
-0.03186482387571746
