0.010347479563907584
0.015555452303400373
-0.020547593965922175
-0.014953998054102474
0.03640929824507642
-0.004122245016141822
-0.00026258398289457415
-0.005251802799426405
0.0032789256811969125
-0.007517075781851616
0.016122838823222567
0.003311884315818106
-0.030488428924857168
0.010180592587920001
0.02694467820648475
0.0069548695716373414
0.026328350201643567
-0.05746129190227009
0.001748136455681721
-0.018769180961736066
-0.01001468750625923
0.009472602140987139
0.01972107008372773
-0.00624164249894456
0.05296711969106768
-0.02491363283065459
0.02636328532204899
-0.0634937095958919
-0.03732350908404038
-0.0174547872596041
0.02814898207510415
-0.004333543006471073
-0.01850395421222135
-0.006374739202169831
0.01153561638677467
-0.007495930046597466
-0.005654500176224722
-0.023280813688598145
-0.03324350025298122
-0.015719486218811557
0.010472211984351608
-0.03538487739690643
0.017162925486962407
0.01039895605343482
0.005531259024258141
-0.014895160325024331
-0.005060656684839204
-0.022958681299212857
-0.02797810695321054
-0.025778598630318818
-0.06139089484683931
-0.025469448190664216
-0.001070770833974928
-0.020137030670145176
0.016634575108874554
-0.012249276503704654
-0.020102379426019296
0.016061414130924562
-0.026045044327792446
-0.01625132080344907
-0.06497683506120067
0.005303812490064267
-0.04540770670571229
0.014815879748392916
-0.04769068791865222
-0.047086551637266966
0.03918970961147021
-0.03388642525581724
-0.02124866824283083
-0.03492919095959177
-0.02671334260889562
-0.0417920196379564
-0.04457255710408982
0.009068431501243476
-0.02839465509165731
-0.0501515837676158
0.05226916112861782
-0.004376269924470512
0.0325266436651942
0.02340097294310421
-0.005272719427831673
-0.02810701995367481
0.0543396810439063
-0.059027874022456114
0.05046314482364174
-0.024501166957202388
0.0036334687333775748
0.003868891493692253
0.03680691456599347
0.025707171759674085
-0.023325801303942715
-0.029519083360146664
0.005650602339600506
0.012490128175757407
0.028217559133245144
0.012124466351915334
0.023366037109174363
0.0066304203157681995
0.00499059102871076
0.05074942151374149
0.04668038372760249
-0.020278344403656157
-0.012753277415137506
0.02341476895435797
0.017284664543278126
0.030164560036329897
0.027636449295919532
-0.00909690250200928
0.019069882529379308
-0.029602368773770076
0.027693897702348046
-0.002535172945315727
-0.016302462364535426
0.038700063210106786
0.02926733522895973
0.014576584566323124
-0.017691466194534367
-0.03039566177858469
0.03285484971818581
-0.005857499122387721
0.010993878659042305
-0.014334226164890664
0.012804543919661526
0.045080929418357576
0.01498389760156663
0.004200621886933269
0.03684631924845939
0.03556675080449761
-0.03198134708224929
-0.05034901415523628
-0.07716751166378448
-0.015930399533095323
0.033779482991210454
-0.010464591660210486
-0.01928182195625987
0.05076137754870818
-0.03772967981581531
-0.024399491809200077
-0.004179373940055927
0.031173878177797144
-0.04346124149217406
0.025593731558340837
-0.011623286742387278
0.018972804279305006
0.0016377645870846878
-0.01987262012069616
0.0004777045011119001
-0.002942073076696221
0.07897582055767459
0.024934350645273853
-0.019463324747376873
-0.03546403867884555
0.03823917908100828
-0.0016158920759359464
-0.002725757006511366
0.01283612451187709
0.007114240562940866
-0.019317754382286
-0.00653569050413425
0.021679389779176234
0.02163894896488053
0.0008746061323163324
-0.00695900745610719
0.0311898437480517
-0.014414222187470977
0.005087417197678159
-0.03191806478778108
-0.006660663302723559
-0.03943377788828426
0.0014814015802418383
-0.030314930857168347
0.005508684765202053
0.006336380295653188
-0.0035167097245385444
0.030472842700925627
-0.03174828492909937
0.01339047427408443
0.04700823564676666
0.030766971678795853
0.03687421032333156
-0.00157595520133324
-0.052881853292681955
-0.009691711969408198
-0.04917147975504344
-0.002972191747989882
-0.000536115989594367
0.009322510174312964
-0.0067818841633159824
-0.027594194523943003
0.04094722598431803
-0.08156372200932395
-0.02638418310615459
-0.05887427856752805
-0.06396220248096808
-0.01925107608974224
-0.003154468675185153
-0.00455810781857243
-0.030189164305731507
0.004949586092566597
-0.013110153278662245
0.017145743284435983
0.0017754528428967427
0.05410542997432227
-0.003533075439985071
-0.017182612467824696
0.0307649228305469
0.02406029304609927
0.020370778694712353
0.0017955143815442452
-0.025023029905651497
-0.021618039644487344
0.016205778209589686
0.006069868593133793
-0.033524596443555946
-0.01770885459750091
0.010554055489456038
-0.00641992753887988
-0.021324279711168303
-0.03809105074042256
0.003410268627319239
0.02854021178192543
0.0035365716481417318
0.015841191248629233
-0.050075428349153225
-0.004510057012350316
-0.025715619618694077
0.00013742576783081384
-0.02841647514734383
-0.051828822340721205
-0.035540299737126704
-0.010563511616866065
-3.836368098560697e-05
-0.0032097877799335587
-0.009096785524459972
-0.008623454467993487
-0.0025754382944208833
-0.01369366601469393
0.010208065680055166
-0.018539144150056214
-0.038844649753479316
-0.02795217767399746
0.013705709210571999
0.06803620177108026
-0.021609014049524467
0.05702107499893135
0.027862695355874736
0.030345225174242083
0.027347866975116635
-0.018334652616683104
-0.009763933879026885
0.012385275940689718
0.07469698946603423
-0.027773265175548862
0.014501428132401049
0.010478475887948714
-0.018253654946935406
0.025380399549796963
0.04824452748317695
0.003646288136756257
-0.025379839197646584
-0.012818244163257947
-0.009385430141311598
0.015780418543083676
0.009973845186283461
0.00032912503530516384
-0.016172025234639318
-0.017578624848404334
-0.022843045979892992
0.02223866103932385
-0.015106218074389803
-0.01719732855421029
0.08644290155226124
0.010594305897066314
0.00893312035698938
-0.01308501083291135
-0.02216431562396604
-0.018200261198649634
0.014953760226359743
-0.025800473381012334
0.014668012329457107
-0.015417351802278526
0.004134538533150773
0.00435408029818135
-0.005507051679976251
-0.008500508984970383
0.003650470456851687
-0.02560199516922875
-0.03879488521680764
-0.01594611815720873
0.040803308793726914
-0.011541154704548546
-0.035863940407920854
0.020832271922810792
-0.025289254224098244
0.003069742472823116
0.032036117204695964
0.00689602762485275
0.007042696128347309
0.013320414208978787
-0.016792781308712992
-0.00021747062565696115
-0.0023920725586782012
0.06728129723622282
-0.020235795723845092
0.006852893766115827
-0.014395304994618469
-0.0072896031917604335
-0.05484879441112534
0.0011841955138388778
0.018907904465512895
0.06048201628436375
-0.03383696596057918
0.04496718673945946
-0.004536057816819205
-0.006576681993631414
-0.004149796852624173
0.04704205745469616
-0.021088271835093507
-0.025049761322448457
0.023150143789199922
0.039436942332983456
-0.030747304309070963
-0.038015893088796576
0.015952203160653405
-0.03642066952602845
-0.038332968102980765
0.0453827887958917
-0.07261133050389895
0.0042954444818516626
0.024326939542372365
-0.028470999539042207
0.026219250959200267
-0.01717154544876117
0.028272392147523685
0.005959197569458079
-0.031988463174244294
-0.025374052685877377
-0.018070595783303174
0.01532566943349625
0.014279461361829277
0.020131838401157932
0.01970219209022715
-0.005197062211700866
-0.027958667736822422
-0.010965502656226851
0.013744790660810973
0.018729224939120947
-0.0042294835328491945
0.031144269552381323
-0.03692493092396527
-0.025990537760204747
-0.006303255416205234
-0.024367749153013495
-0.001429380639903483
-0.006126628679413759
0.011407968203895294
-0.0247527401647236
-0.02110045617194011
0.027575185741780157
-0.03647123085265118
0.008364060860007799
-0.0751504934162303
0.0007372425903691205
0.07216769571355287
-0.014138972223377065
0.022145275914654594
-0.012259989434630037
-0.00937412079745305
-0.020996220550091194
0.014129484269877274
0.00933803598673593
0.007921719921232301
-0.02223237998183007
-0.0019165025601466496
0.0134048979032201
-0.0324731231101004
0.02654648647754874
0.0017599631792169737
-0.011437886599897619
-0.06837194894960547
-0.005772005519297561
0.009041332266279066
0.015614583318599365
-0.025341012107356783
-0.023426622493671532
0.038271100301628426
-0.040998010933517855
-0.008177095656801308
-0.023983945726503288
0.029463382414179774
-0.013163907488448399
0.019498655407700363
-0.02004820016778991
-0.006512565918566129
0.009510740687438858
-0.01051314327587101
-0.04368248272803186
0.03700503720237696
0.0004561371162564985
-0.018127369478528742
0.014333393624727936
0.0036136394074378136
-0.023955761952468346
-0.0007282040876924139
-0.006441935176936242
0.049789622543358454
0.0013559436497993466
0.027990571759013733
-0.04688471119530575
0.033508403666146554
-0.028999742987223052
-0.009814864114268304
0.060679497620513695
0.004120674290677136
0.012113810742688302
-0.009444500757872013
-0.009525544306085815
-0.039968366546375714
-0.003213448398205971
-0.05096104676844479
-0.040001678304234234
0.018011998615587558
-0.01719012916276423
0.023572524657931544
-0.006601986946867812
0.03885748641728072
0.009613221871023935
-0.04183298560130323
-0.016076298135540092
0.027567104876088745
0.008553444283472275
0.005687772698560966
0.012794778694945422
0.004503187706502589
0.013218606632756008
-0.01689135428855862
-0.003090795198922457
-0.009496564585120694
0.03134337069651899
-0.02595777018270368
-0.012988485053234225
-0.0226494792536003
-0.016442790946189677
-0.019420856400158493
-0.03973564611790497
-0.014691871333695768
-0.004370535237410585
0.02805461715902914
-0.010372538497062076
-0.022396839692638948
-0.005432746043461014
0.009512195386221504
0.04748430751822691
-0.03380548318631472
-0.06918626668760824
0.048918403802836255
0.02355714653993891
-0.017343345260927172
0.04357631746167591
-0.0044891830609770375
0.007977564483307695
0.024414692452657653
-0.006169098591068365
0.0040489060916339276
-0.043684810800310406
-0.03817223039394866
-0.007311073940090171
0.03292760974702885
0.012630115358574522
-0.017724961102135447
0.002463157324558519
-0.09188499485981873
-0.037400997794656214
0.019793413257047855
0.012084243453591754
-0.037726764156547646
0.010541343871226062
-0.0011445755636117472
-0.06241335565346661
-0.0010610805400103301
0.0016386312736774017
-0.019391440675096194
0.004925826874310148
0.026058558943901286
0.06581413608251362
-0.00474598480216647
0.060153227739310484
0.016873084812635886
0.0024654627689158497
-0.01054529483695441
0.01223032911960454
0.027153998216248577
-0.023705717514027905
-0.010975402676811902
0.027889227522981227
-0.002537411524273416
0.0034120856970648603
-0.030530885209522424
0.0065175318538114
0.0035011996481715984
-0.009879991176044208
0.008400197273780545
-0.014478088220584493
0.03406540940943184
-0.011093700601771991
0.027388047658705582
-0.034782149249996834
-0.012544684585077062
0.038635555947517136
-0.0077690041561554
0.006660108368169168
-0.0647587507152776
-0.01313293852466211
0.01705061465669386
0.02573680761319232
-0.020804221416792737
0.02620905685924346
-0.01016710759175524
-0.013495487740012673
0.04571370881717061
0.011995888783974284
0.026759884174682648
0.02753873843928205
-0.02901520047453091
-0.003067316695353831
-0.0004501066958151393
-0.05204212174114952
0.0007194210308389755
-0.025324217415849275
0.006308064144868803
-0.016114981457144874
0.04549503314501048
-0.007881248624926215
0.015105254543286144
-0.002145519384440755
-0.02500701678090726
-0.00823448525726914
0.03225955881473243
-0.014187770904575424
-0.001137418084659894
-0.01136192427737069
-0.002002343175738497
-0.01102143824187038
0.015994640531472395
0.026683299003922252
0.01577010449055597
0.021259483065329838
0.0021763470561679942
0.01095678873379348
0.03938437724734117
0.012468874557882816
-0.024469007325600582
-0.01899308445403019
-0.058818506968588126
-0.017108027670585998
0.004437898913533132
0.042856031602098846
0.011599325934807567
0.005303506012426905
-0.012262462713530986
0.041676709612913455
-0.023582785471022848
-0.024196164382227086
0.005946214073767585
-0.034192665981398966
0.021472632236232005
0.012649174476168456
0.04035435321527597
0.029915348398643148
-0.002198436685986858
-0.030527343885628305
0.00031671284059105463
0.022697052936076236
0.053463980042797885
0.015401297248660954
0.005386992925701712
-0.009955708191392732
-0.018982065436415622
0.011746132290938065
0.0028036702271591243
-0.02523158770237583
0.002216799912047772
0.0677355867651512
-0.006703863883093841
-0.042124304306647
-0.04291362796718679
0.0003963326340859615
-0.009696553602861487
0.009161722387477037
-0.027748329252168802
0.015956196591547
-0.05269852699842709
0.06147724093633956
-0.014792059799922298
-0.0230324420854388
0.00017396974901440063
0.08117002823787464
-0.002167238984739946
0.011259709922768008
-0.03633943222021244
0.007382391969743124
0.024537990228798812
-0.02279837418547039
0.03843602817446699
-0.025330116043319015
0.08275263574427778
-0.0006665155704729105
0.03493503311611582
0.016364334637667198
0.014728150256131186
-0.001538746857981218
-0.02167104529481493
0.030288311458755653
0.03557197658999618
-0.030861986666061363
-0.048483015145712106
0.02755136629283573
0.01151676523671286
0.05340795761388792
0.06387127013231625
-0.02417631893959741
0.0018970526244548138
-0.08309964600121084
0.03495815072228803
0.007931032696870025
0.0096289807070827
0.020074938979541
0.04087569082511428
-0.018495602404945383
-0.04628821081132879
-0.009248298885773373
-0.009009800455788598
-0.02753758552016372
4.361552670665765e-06
0.006569643625130608
0.013922883224961012
0.020376081844440508
-0.0014883814725589288
0.004500643727086876
0.016979386899858204
0.03155446545880804
0.014506052092471388
0.003161169378792798
-0.007194706944214476
-0.01358384518491162
0.026211544521881965
0.0038592560020470203
0.01984771962433049
-0.0009214553077136771
0.009654521923404736
-0.01431914019156402
0.016406731646401888
0.03686952103375528
-0.03135563933713367
-0.00559822373013963
-0.045128875112977744
-0.05304385353078692
0.05444552275812486
0.008167921752870849
-0.027169990129375217
0.029869359989613334
-0.013700204802318499
0.017712399919670923
-0.000828109979601636
0.004582242450789148
0.008091250254183568
0.04074506837031901
-0.01683780787295391
0.018706869285274142
-0.019268716941000224
0.016311654729931527
0.02562333199728204
0.030052543471659077
0.015484680354976042
0.010983919747686232
0.0017396228802701078
-0.031034502584662983
0.007633608704674364
-0.025147191360279177
0.04464731186374045
0.028741750020639667
-0.009737649902255499
-0.008269230690880335
0.022319367645796676
-0.0021136094774366985
-0.008988162053053998
-0.0036078530573282717
0.020747922818157828
-0.0021112915741266004
-0.05424070073637021
-0.00217116170463669
0.002458079088568707
-0.0077744850379302295
0.01814750062459743
-0.08701423479553701
0.02582838530542489
-0.02476915178384988
-0.02056895786966069
0.020206285899641345
0.07052597246284863
0.022409236148812843
-0.03163032441476892
-0.01167035677553741
0.029022958083459883
0.0007753852562974236
0.006068917627919662
-0.03873041845465237
-0.0049516444282018054
0.043500932017526465
-0.019321985758949282
-0.020829665885630656
0.031395545756051524
0.05910833697239238
-0.03511789392361661
-0.002199918697273069
0.011265022477662373
-0.032390508146879576
0.030882335226955788
-0.005234995203160328
0.08711202373488075
0.03719498516890513
0.002286714952772964
0.03485185588366505
0.001197803178923558
0.01750111631313416
-0.012210507398264398
-0.036726045231583675
0.025194213162851822
-0.009174115835777052
-0.04519847889811966
0.0038288296924250584
0.04030606641141114
0.01915116099104401
0.022743296009340757
0.03889905194793697
0.033044984508744775
-0.04045434080745895
-0.008346961924711712
0.04209585724633857
0.01434658008151811
-0.005123061990288827
0.018689976438540253
0.047482284558961564
0.05500848762749146
0.0216587476347785
1.1030570141914006e-05
0.019713843642149984
0.00012932653291064408
0.013220912884679097
0.022692668277319136
0.02879922220971488
0.00556247110999739
-0.03569908254433733
0.029073333935620064
-0.04049246227619266
0.06558410222426504
-0.017121791556150023
-0.025259271128907693
-0.009241009044505909
0.03847466373258323
-0.018505554818114615
-0.057689645880915255
-0.03857187925823566
0.03508251047365061
0.05577780827716755
-0.008934112168550898
0.004316295948462792
-0.02045018625187227
-0.00455671513770645
-0.006229146151120558
-0.045619707570881206
0.03591538687257335
-0.028885140286555488
0.008520538897577881
-0.018454471190122206
-0.008765650153555994
0.03367066272123773
-0.011399828641572322
-0.0038855921948743066
0.008230100239588504
-0.06885801830492058
-0.026806070231150756
0.04485837551992613
-0.030271197175804794
-0.013285783163405236
-0.08162589341898291
0.01890400270248421
0.011884143775439691
-0.033114927002919306
0.0438905048925429
0.020856252578842594
-0.023223448413125833
0.016581211780146335
-0.01400110911804211
0.02049832211975772
0.00040067944025545517
0.06664843870216432
-0.009289329684147819
0.002628731315635341
0.03296415024257326
0.017917146257670095
0.024609005249154492
0.03344176248385943
0.017838106306182773
-0.042778246217937486
-0.020050529830101485
0.024541430211820703
0.06570868842244809
-0.01434874075690611
0.006574842298052059
-0.006044021353909091
0.0712748364886079
-0.042876633924774414
0.08760845101808941
-0.06061481378464436
0.00328555136326193
0.009278469456710986
-0.00039388023969138115
0.009379388658865388
-0.029346958831763338
0.007421608407484318
0.03769415351297124
0.04917987899611505
0.025836265219997157
-0.004847831532514777
0.03676312033937493
-0.023485647694584822
-0.012732070745748125
-0.02629052599739152
0.0032117194560578773
0.028245989100382354
0.03988880907463471
-0.015098067394005963
-0.02917031494601444
-0.001924029035689853
-0.028713044987602538
0.006621448136702753
0.015277441192652692
-0.016333467299401258
-0.04181920430870536
0.02729204802893906
-0.068349301694746
0.027407342806839558
0.02530039059873698
-0.04420340937568899
-0.006405084574545038
-0.04805270949964345
0.019182403973965874
0.0019653706758541284
0.02374319270537098
0.1266016937152777
-0.003935179873781594
-0.0033385341931893996
0.007005631672791864
0.02713310508975614
0.022752873026767453
-0.006267624668764445
-0.01574878854462263
-0.021653967701444267
-0.00440554566574798
0.013212066745141929
0.024855566718822428
-0.0036909248117857774
0.011028846090655383
0.006429362626923644
-0.015237607691085075
0.015015196513732221
0.001965495818753611
0.025969483085373897
0.0882672691632371
-0.0013102354184074505
-0.0015419981920561272
-0.012668947882515932
-0.03625746545748544
0.005484782523824848
-0.01806535761856433
0.00895304892428726
-0.01589110032469623
-0.00025333282268889465
0.003976525537075031
-0.00953094100957197
-0.044451997311787735
-0.027353069795078774
-0.04791356553352066
6.235318933416455e-06
0.006921659741390301
-0.028789291519492347
0.016888482397588514
-0.021280763682617252
-0.04037141743924962
0.03228234270300307
0.023162544028892392
0.011206618026728855
0.018493091973517894
-0.008826389844108223
0.04288155282639822
0.026706459005228052
0.009758908773113027
-0.007990126776641179
-0.017226028448257824
-0.009574231097462678
-0.013156667871542899
0.02700024895533413
0.03414153477550476
-0.019220120668701848
0.02515349233089084
0.0043573136231444855
-0.01705842831552277
-0.0044235203317619844
0.002626045035563361
-0.0037129506355038566
-0.004890163990269776
-0.028261021526984714
-0.0011439560770326802
-0.02646317772190528
-0.019870569951713744
0.011446511344431379
0.008175001910618247
-0.011391773943362505
0.03706865021612703
-0.005497811490090991
-0.0013353933478803827
-0.012804296352074768
0.020205772001848338
0.03576021437196447
-0.02612830673051875
-0.05592496284638785
0.013771932833171682
-0.03899513770358217
-0.07719402000023742
-0.010427446615921614
0.00714941348228305
0.015745617497444298
-0.02513282902455773
0.0666609406171338
0.003217049373863948
0.024383827665659153
0.0181545601007064
0.025018940658546616
0.025758214074530057
0.023623243942682157
0.014961868352078297
-0.034830307674610726
0.02889235332747866
0.04714329403940212
0.038912350268897646
-0.003842189392340184
0.0032474970742881306
0.014363951122921114
-0.013772126674617469
0.009442387710589981
-0.0015460522407599376
-0.0030590472942506985
-0.019976516740448407
0.02740167780061669
0.03421815086112001
0.022325127425374642
0.004853828109089777
-0.03852625607006484
-0.017510164933819378
0.026195481931495047
-0.012737162977255589
-0.0051723191002118855
0.009335766569825849
-0.016973500149447533
0.02484233808212362
0.004592640329826179
0.016717591824469868
0.01835180791493781
-0.015199875008312406
-0.006987087748921338
-0.001038997724831084
0.0015407627327364063
-0.012669903508040354
0.0019099132033913579
0.01998534395202406
-0.027018152319645706
-0.02309378998412933
0.022327410183177854
-0.009598413882495185
-0.026680576797467475
0.034303262350611964
-0.03800639432087997
0.0006630549173804789
-0.031902486015585006
0.027425451439784396
-0.039313780679497486
-0.037324228401125766
0.030469389107698842
-0.027086671600335205
0.013137076868138064
0.040653769635605935
0.0017101669739358523
0.0739844416055115
0.10451895945236805
0.016353379891684408
-0.005857412997359464
-0.028741423938923524
0.009415709389379415
0.015295628998578158
-0.014763991620828268
-0.040808997428764475
0.027960043378605623
-0.025915980415572998
-0.020145590897182906
-0.06613627198720219
0.015047927418042402
-0.002289884274707444
-0.011998342756368423
-0.004367138149675388
-0.061132668124107455
0.013610948738947259
-0.03249174581005133
-0.008579237640184744
-0.02221448488824344
-0.027370177484820853
-0.003969042709058874
-0.030557536801045698
-0.018363503937944378
-0.005073740796881913
-0.003246863326229057
-0.024255329938618016
0.03645884592360712
0.005543314080933486
-0.004690868530361828
-0.014894040870872522
-0.012732204845782613
0.009136230904918132
-0.022057688810252007
0.06893601372767924
-0.0257493333667942
-0.0442201178183948
-0.007070257025854053
0.025463481443915203
0.0035645715301237885
0.01474408589041306
-0.020993421554840793
0.028342286455112428
-0.00731585213294416
0.03029547710542926
0.0022898931191602944
-0.008625981145416888
-0.0327875420505721
-0.03011275034893976
0.06451559418794446
0.014253891440388017
-0.02065243691808176
-0.03921191441353318
0.006865299142825829
0.0247589424230691
-0.008189100427892596
0.011217186058297473
-0.0065008828054027865
0.01742568719002489
-0.02569157444469933
0.004789181361033102
-0.000716823415090323
0.008739158522380948
-0.007966525057645077
-0.03941069781009283
0.011979830708860438
-0.0015558075697712096
-0.0008628945530421603
-0.023028296132436378
-0.021938028985523637
0.02658418087743992
0.02390179574217987
-0.046205373295525015
0.04056062350797854
0.011047576846494819
0.005075051134874006
-0.017489019528120018
-0.009302728224556755
0.04835452479239545
0.03966837173562278
-0.02583386711299447
-0.015352620243423407
-0.030662852699708296
0.011716350249113612
0.021380659213323102
0.009379988975044069
-0.06302550368758394
0.05054602889158168
-0.039087125085938756
0.0008800507205423331
-0.048705426481945244
-0.03514820771787807
0.03405756904179572
-0.008008922958851335
-0.005620074064882529
-0.03160099708531714
-0.056590913348392675
0.001505240010029139
0.018496007367832617
-0.005882842591358291
-0.0015814951733261016
-0.023564121391247174
0.09159581438269424
0.06108542606914238
-0.04285667001308481
-0.09292975874983295
-0.016729457943250474
-0.011223268425028817
0.01733885623066511
-0.020960979419670976
-0.0038998612246719986
-0.01956479786772776
-0.033025181896265465
-0.0319120743708137
0.006127666150309572
-0.001066952036492245
-7.013023242814632e-05
0.005479793766739894
-0.008287750723115985
0.005060492804690152
-0.0027458296660074575
0.019037708256053054
0.003495041563676465
0.007259384346408888
-0.026903497159923115
0.01166025914168729
-0.02726190434558918
0.04835351463922694
-0.04642716869967778
0.011176760014622823
0.029320677627505343
0.01940659697385082
0.01187677160200206
0.028998511920673316
0.006093743802681265
-0.010491353610463688
-0.013262111683061338
-0.04864607163172637
0.02204243719809047
0.046035322422650064
-0.04599345360570991
0.01711725048111118
-0.014515099211441946
0.015078543402285153
-0.0003003115360376133
0.013301308111223552
0.021512828968911133
-0.01852376028455884
-0.04131592615528869
0.009878165628277973
0.01904875574878192
-0.03048437577301468
-0.0064748403930533875
-0.0072819488859180315
0.03408997352099061
-0.023362357131592463
0.0034893166196070685
0.00881859522870337
-0.06820300516434522
-0.04568764374294232
0.018320488391506046
0.0320237167014961
-0.016363106194165342
0.02200751404841295
-0.009830273925857507
0.055464365567494685
-0.040924795534847576
-0.004164812313419237
0.04359606268030004
-0.010651653612658287
-0.04744378173132642
-0.005360108801835095
-0.032436214354539576
-0.022728336417386124
0.04296653112484443
-0.002312861946530513
-0.00687705472192364
0.022373673511496297
0.04859378848723007
-0.02522419394428253
-0.06038539968719332
-0.015990798513508278
-0.05683097468967353
-0.014364535646496167
-0.0322816032534059
-0.015357163080745983
-0.002152786598041351
0.06616608313397516
0.015461510310828083
-0.00609681291516163
0.027459666239880533
0.028676397750667715
-0.007816253020996021
-0.014976800236176027
0.022566002893106056
-0.0042317003736621625
0.033264315204219415
0.03966827151767498
-0.04101484527645483
-0.013839969596459561
-0.06255117920002855
0.03388336756159546
-0.012639749176568562
0.04687827742977592
-0.016540768751155142
-0.04691473146993031
0.0369697572264618
-0.0033398430285445807
0.04226523353530419
