0.013250365972089116
-0.022780083400581682
-0.0035215372115217558
0.008932216390751565
0.011020556005052563
0.04361923978197553
0.027058563033190063
-0.0032401666484887333
-0.0027686253417992814
0.015329732803485178
-0.009126031228456503
-0.027364400345712137
0.005777442937457175
0.04153970175565451
0.014651838431355315
-0.002500504103408432
-0.024637700892171002
-0.004316861825982786
0.024782944199953933
0.0370076362098265
0.006416819527371788
-0.0028114842850044683
0.009347727463630329
0.020150349179224782
0.0509823888549943
-0.025156290001444172
0.047677158980402104
0.04508299458753482
-0.027268997518462363
0.013074638184051895
0.021514438971133733
0.0005005626925814429
-0.003075345691237136
0.03847049467728057
-0.03977109887599678
0.017135967868186105
0.002395374640088152
-0.009366534079777257
0.017801776668986025
-0.0036733757889542314
-0.022889379902268744
-0.01650007725618749
-0.009398723898550378
0.03346245791058023
-0.0145716516911284
0.0021322875702933955
0.008502439144719482
-0.0267670476550727
-0.035949302575936044
0.01239976842135932
-0.011624285089867868
-0.03666189291586125
0.0045892163596522595
-0.019242218588453777
-0.01670655202085363
0.006353016672389437
-0.05217905640350718
-0.04248198028729205
0.0007664490202538634
-0.027900770689760716
-0.008259968660085286
-0.02096020853351225
0.0298991733587537
0.043509711990035914
-0.006844901146188252
0.010668384305472893
-0.02104528044535407
-0.010376989100308221
0.0014183279912286556
0.0006990295909305385
0.044369672769283795
-0.010993245093775465
-0.028078554516759623
0.029668983942624568
-0.0032469100419117384
-0.006459342485152972
0.005629148643583131
0.0942408350857841
0.01976573636892244
-0.016570676200789555
-0.014630918557857902
-0.006488433900696983
-0.055733134657165
-0.07366874529619506
0.0429020442701467
0.005135716210250941
0.020567001897464347
-0.046100632913145326
0.02598936346119183
-0.008138759550117655
-0.0067723675950944594
-0.002735543283609504
0.0001682901034842801
-0.011286169703147858
0.021230867568033013
-0.005326134232397169
-0.023111861426748145
0.010491483563924002
0.02927271577045734
-0.014866114343348317
0.014510702072257993
0.06187769000280972
0.042780955930637694
0.01109143011025811
-0.0219410665253331
-0.017995528949989466
0.0005195203239450489
-0.016070731830110034
-0.03637490795260473
-0.015213134643976303
-0.022183291108491286
0.006542140206372181
0.030526054876706087
-0.008993593358063285
0.005879412027396182
-0.012677832065189075
-0.020708178054897074
-0.04593443801598974
-0.06271004677786056
0.01833525372985794
-0.001866322236428481
0.000811854995749503
-0.04201095823115376
-0.015730665524350963
0.013951824365578899
0.014875004329823837
0.006309432932763121
0.017586102341796386
0.005202773313070799
-0.026242737875452102
-0.0075994311940259344
-0.041040826642249284
-0.03776134864926596
0.010029572566721115
-0.0016503933657998934
-0.020954539084165353
0.0033735581592649233
0.013640169940218551
-0.10392770881066433
0.023537375563840314
0.011056814572007327
0.00986301573771695
-0.019945651907941647
0.001938005189500835
0.0048775323085297135
0.006216732757245219
-0.08459513685472039
0.0025611986271673695
-0.02404730203188323
0.029152822985150675
0.022623846884374466
-0.012007820718257465
0.010682057296548383
0.050294186957149295
0.02252811536800487
-0.01619907718068662
-0.007374966404112683
0.05901982244254223
-0.0077363364097953954
-0.021207483694342496
-0.022175931938323394
0.006529700737851415
0.009801792775398097
0.012133964780437465
0.00416065828125466
0.002977093769029398
0.0058864311602515665
-0.0023590368638379427
-0.024182528764171565
-0.02086533162163772
0.010364786937334733
0.013037087825312347
0.04122746371312154
-0.027107414988571044
0.006311631183071249
-0.02286409958365322
-0.01134606349759228
0.021466679372465998
0.03975263519036033
0.008894298271374595
0.047708704371305005
0.008220323098992881
0.027099217059882885
-0.014581903639796279
0.003871215802914499
7.163887010453362e-05
-0.019658253512492917
-0.0730878844389951
-0.002603984401683611
-0.05142647010715231
-0.01436002663648539
0.006419479456200437
-0.017026575686437635
-0.0031259361019813385
-0.04035031921153631
-0.003617342838186521
0.019155296847861027
-0.00025068750494366656
-0.005368615485868434
-0.02384254238293408
0.0038155038428980682
-0.01223352264545126
0.0035633356414437466
-0.011483437213580699
-0.03797126182176066
-0.025756084143272642
-0.016822214493713378
-0.0336504809335016
-0.002999215285191017
0.03379922032339969
0.03670366813863018
0.037824958446950045
-0.0031794127963066807
-0.016229859365788427
-0.014332566969894673
0.023875973301425987
-0.013756104383818645
-0.015905253159657132
0.0053299627127718005
0.018573242079588537
-0.051103387536173585
-0.007181960472417721
-0.01280608883117754
0.04515895945810471
-0.029475005440764153
0.02964642771462228
-0.03782309128570083
0.010395042868571487
0.005074223190911335
-0.011339933388233121
-0.00011403729258162098
-0.01574062071050351
-0.025380894661957216
0.021965609512669678
0.00964410046950726
-0.021412246653964233
0.012478012781561243
-0.028269271875139498
0.055685357383707806
0.013349524021445309
0.038961568596690324
-0.012532057865331084
0.0021848551996930376
-0.044219078374100086
0.004108718117536027
0.008333867121686342
-0.04459347328007216
0.00766453330904801
0.005261687172808508
-0.0068030851612576665
-0.02882178444318736
-0.020504644213184875
-0.00839024863012183
-0.02618118949140924
0.0674901464317933
-0.008176861121894
0.020836919651230332
-0.009602188791696163
0.0011062006030527465
0.02319733516809561
0.021351256320373196
-0.033039910305405
0.04825568377498871
-0.009764692722825017
-0.07506122227438
-0.0610258785640996
0.035999717942689906
-0.01656171395277037
0.0036447384246328057
0.04720178056314551
-0.04249526825481249
0.017149181444036782
0.0022043698536474508
0.0008258174381431082
-0.0018460550449744617
-0.03112635663711278
0.024433053026575426
0.010067483650999026
0.0018623293571418669
0.06811010469702435
-0.00781665748802141
0.02875003251768045
0.004172177279830194
0.03142525915471872
-0.02627295712701173
-0.005818638611673812
0.0007211266125841431
0.03170711951592922
0.026072544959831488
0.013248224056072158
0.0008877136698612068
0.01727049231727748
0.0043292338677445134
0.008457962780017968
0.054333025658900275
-0.006842656717957267
0.017207642436597146
-0.0042593264549522225
-0.0357913729153252
0.05778615568470818
0.02314107682791573
0.002831987401047723
-0.003774057397322612
0.007604744398158709
-0.010476388811806327
0.014678301716108655
0.026522274894759775
-0.013700192454249709
0.044840400228026274
-0.009654083970091465
0.08002663542872612
-0.0330578102862797
-0.0046614735035791655
-0.009330246223470357
-0.006739115956265603
0.015574915458269537
0.01589678838913527
0.013871729744848528
0.07337588745105846
0.011676077388887426
0.01220761177174458
0.018151831694851683
-0.0019261245785545612
0.016226818500999385
0.026133288416266366
-0.01202247052077182
-0.02750762143577989
0.04727875229177589
-0.003679606583363344
0.005547578203446776
-0.008635956018475516
-0.00637376946988006
0.009627081366613654
-0.0443762367260021
-0.043690397194246965
0.04832821525377111
0.05610733379114945
-0.014436296277631364
-0.031289763661828444
-0.019312451297633183
-0.04763846185241582
-0.01398794433994718
-0.008980209313292995
-0.016033003429525818
0.010024789006894805
-0.046093573385146865
-0.00034487849916023817
-0.012369519917390537
-0.014247852789891307
0.0057002807265961715
-0.016526217293753396
0.0005946320601941486
-0.01733114206742727
-0.0201350459304774
0.009331882713725575
0.0040940324774366476
-0.06442585235997642
-0.008492785441700432
0.0069658942849939644
0.04489281618008099
0.03507239230552985
-0.002035492055633507
-0.022038163613306447
0.015284259435477168
0.0782521233068393
0.00973642247885693
0.03597813419524015
-0.025467573870774515
-0.02011638314145892
-0.011675855243979691
0.08620760913730773
-0.008686248685433795
0.007599212238213884
-0.021552566294094806
-0.030406563091114253
0.006808018775950786
-0.02269128994747415
0.003299203866819436
0.018313555091592375
0.02445224414696336
0.011641810289238375
0.03041959499404512
0.006607770573318357
-0.010599558518335939
0.01179066686800818
-0.0023157937584263413
-0.030776996263894824
-0.004708505145700056
0.06767005230742439
0.028028926905549534
-0.008480805047582527
-0.020776480563384832
-0.02282272152861626
-0.03340610135240146
-6.389227391205239e-05
0.00212244945392487
-0.01737566726598803
-0.0034854623366158944
0.02483289488576188
0.01046105528204564
0.031238158630418646
0.017999450574153197
-0.0028951442423049184
0.010652692558343337
0.01269285454418052
-0.0008510953225006121
-0.034087934073879333
-0.01060057787561657
-0.014961325612755918
-0.012837843377493682
-0.016837241336948774
-0.0027271069890696087
0.011502263567703603
-0.04440310519171711
0.0015069016337120253
0.0033431261254818867
0.05688490148737977
0.018152925693765
0.05062511239456866
0.016698666972581114
-0.03306346409655468
0.03462789463565097
-0.04444913020779576
-0.06846715080453175
-0.02865840442768368
0.01692749783201706
-0.004520250422510823
-0.08028681021016155
-0.01608485326897896
-0.0473817716518237
0.0032500714604907217
0.02548292667138591
0.0028154620361446944
0.0006465920163917347
0.005439114859893978
0.04079348519927288
-0.025001749103573365
-0.011642118861609874
-0.0021897139003236965
0.031654729603914696
-0.0033907619372360066
-0.004906971767487073
-0.011343963017499806
0.030158236533506026
0.032991060537064694
0.025735973282992756
-0.019033377675676536
-0.00838710903842136
-0.014327141064611752
0.032764650032428594
0.00396478847344446
0.003036678494786361
-0.04028439897997901
-0.0128868236429308
0.017443683413347653
0.02118569139421956
0.02223761786356164
0.031010643646852996
-0.019740631391769726
0.004989637301114224
-0.01519001026308277
-0.02682758464900675
0.009790208381547701
0.013324397473385723
-0.02531356309885573
-0.06505071718067328
-0.00835864493530312
0.04609183835112223
0.0052704840607808445
-0.008968737273027255
0.024881047314524365
0.010810769292962622
0.014495660896663569
-0.024391018475436066
-0.01155778554569017
-0.1453077894644815
-0.02128390211299316
-0.01235530459288928
0.039985421801031255
-0.025676451561413932
-0.01906908939030256
0.013436010646564045
0.04793281525360292
-0.009611780593247304
0.02954184743076015
0.0027824731810666197
0.007499186393509285
-0.04842808660320209
0.003153795831650803
0.03787069569424382
-0.04220887681569062
-0.04071167594074942
0.02590064225902563
0.0024860647949080964
0.10161964314938837
0.022735112029369665
0.01700325078719514
0.00794903418091962
0.026473359056282137
0.018793797522264875
-0.0015439085296697927
-0.008194592979446818
0.021158645889550052
0.022942272445823534
-0.02362048524268308
-0.016674277147692047
0.061607944304501464
-0.02151819633961076
0.05614024809397896
-0.0043105097739601075
-0.0008729957546046321
-0.011456299205748307
-0.05050301335377012
0.01679401819015963
-0.0006978229733187218
-0.01133899924397023
0.01152102609229901
0.045107042560776085
-0.02657008527259149
0.01220575962374961
0.0014360474278558501
-0.012200665258014604
-0.032029303658211335
-0.029927059424709353
-0.0006830946494270351
0.05808449508512461
0.021485022468801733
-0.022716465866717044
0.006905746754286346
-0.04004687091754072
-0.038657466246403094
-0.03415862164680079
0.022607495924950767
-0.008774172711137378
-0.015470279755106132
0.03782875422520338
0.014069407104887103
-0.07461853015646122
0.004047378455429433
0.03836598979226799
-0.029394133569539186
-0.03413831769985466
-0.058358424455162594
0.02346829875693042
-0.019660680849874313
0.04587440995012099
0.01698495308042324
-0.002726588978700268
0.03328880380859081
-0.017258335708233378
0.015223522937709712
-0.0291711279615735
0.002945796326472007
0.006629998573246725
0.005479000340383496
0.060951493801910686
0.01841373907547079
0.05787236551258542
0.05043153060245834
-0.07510176123606704
-0.03129946889518463
0.018642791761753354
-0.022800570660289628
-0.002738904258992516
0.0453374058404201
-0.0020212725911480335
0.03196484536733724
0.004795876072976232
-0.021259125041768034
-0.011364476659059625
0.09185734311038009
0.010712668317845304
-0.0005213487678427173
0.008038619849038347
-0.0002669848782204691
0.03061490463957621
0.023620536121611507
-0.04176452486936311
-0.008442838770509683
-0.03258586635436514
-0.013080035752291245
-0.009829256633451362
-0.022184541418924217
-0.007207059480477225
0.03949731959903471
-0.0392696651201189
0.030945617479631326
0.0023300765539637823
-0.015432813172342299
0.020369694918076373
-0.014892714540189679
-0.0033649201948968296
0.005656336710515692
0.0322911207571822
-0.04425975651792051
0.03443240062630338
-0.011698116408800809
0.0017481782723810498
-0.027036190891928512
0.008253758595934137
-0.000675214256098752
0.0227695659498198
-0.018959263271365653
-0.012562644340402903
-0.013948151945444116
-0.0146349121966095
0.04038525873754805
0.015500185006792375
-0.002314418825045191
-0.015823334581544064
-0.04368465322624822
0.02580440503349234
-0.039230557399533475
0.05795431989889289
-0.03234953418776824
-0.038499702601447465
-0.007007554661993611
0.02076037593385145
-0.012158508144513424
0.028992742408624782
-0.052295451493959255
0.012044615894848234
-0.005753805880398143
0.016629738001751552
0.014509545189258434
0.012258339945263765
-0.011115237267353658
0.019223318625383585
-0.0015462974619388091
-0.04223655968926153
-0.04811996770600041
-0.022627547629915305
0.044181639580488714
0.0303307241201684
-0.036711687810122476
0.02320977505412247
-0.01974683487903261
-0.039323749013406635
-0.012237989608316504
-0.01847389149136349
-0.012206155203451698
0.021906340795390448
0.011454677523859643
-0.0033427382778155185
0.011806537684690165
-0.0012561820743278442
0.03727986953860804
-0.02260044680256955
0.014747499373695693
-0.007385730418010152
-0.03915929496402418
0.015612968678071727
-0.008465224465856614
0.09659159557001862
0.0031922684724025588
0.012078164823966397
0.0011896545043204442
-0.06703316559452253
-0.008630330600857793
-0.02277553196069937
-0.06522859739222688
0.006225849505538831
0.0026988911613572398
0.04286948010761708
-0.014590337335945027
-0.0577375615971106
-0.06050543499361487
0.0024208581585506888
0.003750108093177256
0.0017671097973777643
0.042955420822733154
-0.04003586898313199
-0.03807626518861528
0.04692496435888937
0.02233950301589615
0.013912222177931992
-0.017939498887227134
-0.0070096995465875845
-0.029332217732237518
0.05639675127130876
-0.016555911579678888
0.024545950842848507
-0.021875731189007763
-0.009666130721529347
0.016722486361621536
0.020303593007270672
-0.0007359326544837863
-0.018309462635537906
0.04934897199686658
-0.013592453972272265
-0.019543620622754818
0.003929092952789172
-0.025032911993904998
-0.02022984261053571
-0.06540657479971064
0.0066554414457090415
-0.006476893802428673
-0.02579282363151776
-0.021904211679024423
0.001326221631086003
0.0046305622996755755
0.009436063501999896
0.024218395022434877
0.0039302562623965325
-0.0060877882402455355
0.04529479742952429
-0.02338409537626151
-0.018643118355416315
-0.05105824513147192
0.05067184402023294
-0.017017471037951155
0.015066858740200471
0.02258008785171155
0.013959337897429985
-0.016065774363448002
0.01443995312152409
0.023679480990511002
-0.004669531974386925
-0.010420422702341224
0.03701674217137435
-0.03547664962266798
-0.0267712321194583
-0.00832118299286645
0.02029236661901485
-0.010694594717812887
-0.05787392564693148
0.0277530157694989
0.012932517893513799
-0.04610099920690308
0.005791231863072157
-0.017568628574987977
0.06084972449783573
0.01283126619007864
-0.061395755645624925
-0.010276387941931888
-0.01654886194164875
0.012659627380546669
0.01589792680001262
0.07027661154097863
-0.01551355908111255
-0.01755267605937558
0.0020764904804232813
0.010223576336734165
0.003968614296661811
-0.025495632814920798
-0.0016273065361192935
-0.017168142442291794
-0.04105415205782616
-0.006912498883345956
0.0023045999997552266
-0.044316620200349384
-0.013530383475716324
-0.008329160021190869
-0.001990029206452559
0.03436891526269255
-0.029480698426061033
-0.02372031883014215
0.02327583089212702
-0.01602467714639262
-0.05117440605697389
-0.011864309080154952
-0.02291785870209109
0.004129881037137896
-0.02063302254457756
0.008823364762315333
-0.030400221013122116
0.008127560805996966
0.03519166052506974
-0.010294632666866832
0.04411813590682033
0.004531883689098431
-0.004453966891168796
0.0285857650185027
0.022025230458260256
-0.010335127750026476
0.00522153310763138
0.04761984788643067
-0.000979436700451719
-0.011424468394809328
0.04355591235778251
0.022585658303770583
-0.013117651957020521
-0.012660899571545111
0.03241986498208936
-0.03618118091242198
-0.018669396215161713
-0.010059753408301023
-0.05111818476498317
0.03950823841951928
0.009085729958617136
0.0004588237389586904
0.018918915964005547
-0.012603288632861916
-0.07431781014885945
0.01491311463893707
0.057960166967652896
-0.02552891303008656
-0.014693448897367088
0.0015984709841568158
-0.03382860638224626
-0.00997617891880426
-0.03189736691595111
0.027028533373976607
-0.04153577219637662
-0.018268622883224783
0.037726587337000135
0.01993747884809124
-0.015419842905220403
0.04833067615034427
-0.021066392957602122
0.011650308886542381
0.03227873551328406
-0.012106918124705691
-0.031593297356451173
-0.029121273727310108
0.025021452433077584
-0.003985918446136633
0.012011980481560129
0.0038834722337772257
-0.03138736740800897
0.021412110522592877
0.011372918219187154
0.06959697924352036
-0.01412768208641933
0.018638923456359056
0.02080440503469333
0.045491570213559984
-0.004686996734478173
0.01423682713122568
0.006198247396898795
0.0028916336758691703
-0.004782329422173779
0.0011764399620207131
0.014434078626476254
0.015118381540676514
0.008324443520778522
-0.004044652523092058
0.03847121027088223
0.02048371443466783
-0.026454915372825738
0.03281307396692823
0.010264094355641887
0.12028750786005453
0.008281081338739834
0.0052541957081026205
0.008867693287098766
0.0243344756580195
-0.011262104821197617
-0.009722687988398884
0.005974291365612834
-0.014591983601806177
0.003721672173660934
0.009734382208512903
0.01663686146341067
0.03809356142729036
0.0024223532928213023
-0.01183935341356607
0.050579354848324556
0.035985961662529424
-0.014819990482097029
0.00349669225141509
-0.023950570045487427
0.006075257645192697
-0.008222505899352693
-0.04785139258971512
0.04278483554384576
0.012022787911991621
0.034260093829797396
-0.015768804029059523
-0.0290888497932092
-0.023548255623588192
0.017444833913848743
0.020199890204164947
0.016555081878362052
0.011998194991843812
-0.01353045446141421
0.022097316116699357
-0.039089184128480545
-0.010505461298264518
0.03344178972040035
-0.03992352199498177
-0.03480273279504601
0.011232703800776705
-0.002050730939949435
-0.0011544356763907668
-0.005644220396661473
0.017675681612791098
-0.024480884409709046
-0.005344184074579313
0.028267148357200428
0.031370692755675646
0.0032764082429143806
-0.020502397941758187
0.0023255694823708793
-0.011958455603649816
-0.007189239378509317
0.009197065735921196
0.0222480238841323
-0.005110832840337333
0.03902687161934762
-0.002957637852588959
-0.008722817187525475
0.010479695666151928
0.02460089553800717
0.009282196136145811
-0.0013698111994891599
-0.0250106321464302
0.010214222669928963
0.035761507450964326
0.024416138230233187
0.0147178460721656
0.015090948275578447
0.06559584047036798
-0.020259094168950956
-0.019642032865979403
0.02816830802549154
0.022941772326510266
0.0018279319178164696
-0.0322116247360174
-0.042880476790316084
-0.00962944868083298
-0.015293771341407246
0.0075903328911844205
0.026744473513693693
0.06575052913496167
0.029993835867754844
-0.008279179434699347
0.10313517700023314
-0.0008171368964365915
-0.04649246855960679
0.08885460475470051
0.02784198352320232
0.03364457156547931
0.01550933870206293
0.03032464598391539
-0.001614111709441285
-0.004170329909519684
-0.004318254305086985
0.006107949048176769
-0.04212996509946698
-0.004635140028632199
0.014747887280224269
-0.004265653772857174
-0.01288802430786662
-0.009207251114790873
-0.009556238599650256
0.02724100736795209
-0.004120349919110351
0.03920105165516967
-0.039299409372517705
-0.02342509549106525
0.00959905158496832
-0.023428410600013015
-0.035404400716745985
0.00021101468981016402
0.04350257688764764
0.045579077691935775
-0.012423395247911095
0.0032383300043264287
0.010327353899109102
0.028543458146812653
0.03428820922548362
-0.031771515599276
0.03977978205685654
-0.03019897913538385
-0.014009543642596342
-0.02577549668202106
-0.037613205942088154
-0.022629530751431193
-0.023342783633435824
0.05008596459555211
0.014466362950104613
0.037704127349733656
-0.05923361450206288
-0.0008534139732275308
-0.04693954533681266
0.04417878276588256
0.00903421543070221
-0.01408303753615769
-0.002788313709810242
-0.0139466303928894
0.02748365983583804
0.0071217373442815255
0.0038399717630807797
-0.01149132620238389
-0.01426136477642682
0.008828003979688434
0.03476354152081505
-0.03204079054509349
-0.003951096221219052
-0.08015408116226143
-0.006717022196227304
-0.012014310450212048
0.05547692962457831
-0.04501990316835079
-0.014205775282655255
-0.012218596401446057
0.07944809360885842
-0.01864921115914522
-0.011918827325792615
-0.03086457305268563
-0.026689291387799813
-0.0024497883308642948
0.04569881970687383
-0.00951101981947713
0.019115352555956658
7.791956651962025e-05
-0.02021662880557179
0.04817270888597233
-0.004528012820588146
0.011004605776256634
0.013560153015715382
0.015684984444980534
0.05974525406205405
0.014123853069524617
-0.022877682528423433
0.005148029544999828
0.030916465469663493
0.04201377776797795
-0.0008731046727758529
0.03302600282563992
-0.027184213702194867
0.013832243244083206
0.028613452493100888
0.014589299327844122
-0.04716927761973071
-0.04149666255195484
-0.04210566515646342
0.00874850097626675
0.05292787516867629
0.04555929349058743
-0.03960788361391702
0.04121488601527251
-0.01347234668288285
-0.0029811236191543324
-0.017289224444783407
0.041513760375280914
0.021023577671835835
0.0025794003962148287
-0.011096468819378565
0.036569843841884324
0.04710156197985246
-0.01112921716919644
-0.015419539379935655
-0.035024703703148946
0.00901698847330468
0.032962824784093826
-0.038017520027367795
-0.05687121530021784
0.012720157851844657
0.048938229852894775
-0.009767673287145874
-0.020973662700002567
0.0017330982314306517
0.014535372426390351
-0.01798163494830531
0.025009712098043924
-5.387285029322736e-05
0.004682122317249805
0.005214832714945307
-0.013968961909898516
0.0017954148006759695
0.009555122311959895
-0.023130684473658333
0.029480688798439812
-0.018974382743655406
0.042012172977026016
0.018455655559930496
0.011047441157750063
-0.026236131204163887
0.013872318482770703
0.01927149952795883
0.007315301481938521
-0.014600203774086306
0.1414929188748394
0.028831747574192386
-0.010922322179167223
-0.0038432779907621195
0.04025503841401854
-0.02508767689142446
-0.01073988969537269
0.018424229967514662
0.0026169980613629925
0.008609999228966925
0.00600905169559815
0.01734635312294984
-0.034958548736280286
-0.014551024842733557
0.00915393104731511
0.01984408460055318
-0.042659267943267166
-0.019908552846403298
-0.024014257854313967
-0.026625231459766766
-0.05995138546087976
0.008948110835180085
-0.04519036750856465
0.024536019782469633
-0.03680176126327066
-0.016725704723212758
-0.010073701775405867
-0.03084141202999447
0.02435043645921282
0.004464184259093574
-0.04142614360287119
0.05536732478541182
0.04296608942243037
0.02019214946548833
0.02573209671272291
-0.030197035764271546
0.004823930599120818
-0.004637138551453064
0.004579491682781561
0.032441718023793364
0.04531411688452723
-0.020746647722357132
0.02995443401967644
-0.03189382902741403
0.0029975455889172556
-0.027809106249463
-0.028260629770029782
0.0008999159071478003
-0.044017457151488325
0.004942035395619457
-0.030183462670759605
-0.033575630502303375
0.00888769323833472
0.06400817065438803
0.0020191812877806284
-0.0004924524016419293
0.0041453288260573365
0.019821478548058283
0.01114395567548287
-0.04583865098507303
-0.028808039558896627
-0.018373798200472337
0.035029963249072794
0.03699701742781066
0.02957871546134543
0.0004033727902772127
0.009584574670671168
0.027646462992786017
-0.04152397103590066
-0.048139658122898527
-0.0011545166831147973
0.022915883297010175
-0.02251219835682358
0.009364903496995213
0.04879037388701133
-0.015745690199690163
0.0024424595672491623
-0.0033080182881393212
0.03208303714581077
-0.05644604296816181
0.018460786967417004
0.015016795911615663
-0.005230091936591509
-0.016781762056895806
-0.015630557839695195
-0.026612599879256325
-0.018364030153518816
-0.0005780431003780095
-0.026382687040240445
-0.01747667560174243
-0.009112097981911463
0.002771805474675094
-0.02380226122347991
0.030298077591424246
-0.0364912079189759
0.005744730785102541
0.03594773220499179
-0.01571632537677657
0.0011596572605806674
-0.03129752175427993
0.014940510795853661
-0.025673721474201553
-0.044048008308448273
-0.05276206469291907
0.0274441241350481
0.05450901171617074
-0.013527892907504653
0.028073189874881905
0.018068484350264168
-0.011023426143868524
-0.001163446900950832
0.025071563161992085
-0.05056115842467793
-0.002574236637202036
-0.030429840862964273
0.008586766449435538
0.043777522210044384
-0.007867284960188866
0.017073516434841413
0.00604836962941846
-0.0027936758818016
-0.028139025873618283
-0.02362224278801202
-0.01601431132499297
0.005284014308686681
-0.040534332488075434
-0.0445783134248526
-0.011142111020212035
0.005015173370456316
-0.0537811174348587
