-0.017204695470103698
-0.00021103924372354663
-0.053755891866087854
-0.003810897612558332
0.028925897056312582
0.005374139143610374
-0.03228190553162445
-0.0075857195404114685
-0.025065860292226523
0.05970759557914036
0.017729313325228792
0.006480669943833775
-0.014985956895197695
0.026031800397556724
0.018678668636692368
0.04558200297301038
0.04624546733247108
-0.004923361748603933
0.03767176744559714
-0.029888562336382433
0.06547464790727199
-0.025926740144116667
-0.011561710435124153
-0.026823192345665083
0.011472061221269992
0.008748028256404299
0.054649349096207604
0.012834186620586358
-0.013046687340615983
0.03911650686357072
-0.03711407392469897
0.00605803935078925
0.01036293903542836
-0.00266911696756956
-0.04226082567159313
0.02739734754217156
0.032784209988109374
0.022729059941353297
-0.011990757490729543
-0.009742370045146253
-0.0019460835386977463
0.008165101094303073
0.02219447845213082
-0.00032657538375811216
-0.003284910321208788
0.008941569329643979
0.049802262877421434
0.011920816318317956
-0.00704604526965645
-0.025679691180643636
-0.015156128446125853
0.002056362129954417
-0.020525163494196842
0.04254859866240801
-0.028015536476585952
0.010897670507932604
-0.004837493398452588
0.008720417267560003
-0.028477581816281353
0.00089712204830562
0.021733168772621967
-0.01937774602551813
-0.02673978711705873
0.04039907509732609
-0.027405813025220875
-0.0018758098011486168
-0.018122382978985573
0.010010040262121466
-0.009297608067948278
-0.025940390299533208
0.0012473988942324956
0.04344988013698092
-0.010869706009196668
0.004301798244810155
0.014131258688465905
-0.02629408079433564
0.04409645534822159
-0.020852083378862372
-0.008047419738306007
0.024167868432911594
0.022551478540433746
0.05772763700911925
-0.017133128701209813
0.0072463442140900435
-0.00023655752728712163
-0.01269167342635484
-0.002853588775875931
0.011074061783339495
0.013919682216983543
0.029472209588374515
0.014771587236821654
0.025986943921101402
-0.017613197425745145
0.03737096027718808
-0.05407159919190835
0.030254306918310193
0.014930652308100263
-0.029977233134290352
0.014562148972732213
-0.01859928087626801
-0.017364005521633585
-0.06338187477440409
0.030978450751438846
0.025620122962923562
0.028782441323947146
0.012908667451956025
-0.034354386237413034
0.013562053891770181
-0.00014552712343426848
-0.050845058056898644
0.007986207852367162
0.03525152132091764
0.043736401346469334
0.0015339657638251112
-0.020608723846921785
-0.012112867389010282
0.0009505351817791928
-0.028516105913185184
0.004251464972356116
-0.02313823053192083
-0.0019876183418359515
-0.004321997178810169
-0.02510671505727868
-0.0021107789987142387
0.030092616338764366
-0.020157826563824557
0.05376945101310776
0.015617322681719337
0.01008466111936352
0.0067953341836645515
0.006091503653718133
-0.010496524645654287
0.03135088475658926
0.00862563942400893
0.001405107473377196
-0.00044114379194950095
0.014495795047108457
0.03444421149028757
0.03427479616970764
-0.03344713655594885
-0.009029848396124902
-0.042153265426096216
0.013263067073360283
-0.027646729713131975
-0.019167199226672992
-0.026507845809033988
0.05762368929888199
0.02727421409068352
0.043541675857059516
-0.0032389913135448195
0.006507905772100033
-0.0006225953337391262
-0.022409820947598455
0.0018538412062079157
-0.014569990352146869
-0.002973685188795579
-0.020764010707660846
0.03056087162851422
-0.04867107883404135
0.0011414477314530644
0.004841709118615997
-0.032843181195418465
0.03265111580476676
0.00943931149805668
-0.018986549395993417
0.021924089936700076
-0.02487627353023683
-0.04269344983987087
-0.028872366402319955
0.0450862723742072
-0.014225753722619732
0.05012210300538744
0.008569020457133371
-0.02409367672237646
0.0006513368632521002
0.02403329456826044
0.007432435560529134
-0.010358370585638451
-0.025663145496988587
0.00649260835483043
0.0066795483076110985
0.014772876442181908
0.038042212847406505
0.02414444139024218
-0.013573447303494239
0.022268284511526407
-0.037606258198883545
-0.012634576039434934
0.0029712292146738713
-0.04194702611311479
0.002677121182445294
-0.008223433399254994
0.0037742969157612623
0.02385919311511822
-0.019281481316410266
0.004075014528196339
-0.02393936543700508
0.0017326123732390858
-0.053483315497906296
-0.018663025850468414
-0.021160576417887232
0.01116846281661794
-0.07173995337779372
0.01625355630761197
0.025895656668294822
-0.019392021931367288
-0.013446628588578398
-0.005167355033213287
0.022069593056581373
-0.0033227266467080125
-0.007694006095057733
-0.023822512649056347
-0.008709222824723877
-0.04218267833629898
-0.004611402372554306
0.0690538706398054
-0.022067261317906355
-0.016167308183863496
0.030004346739015447
0.0362559304000483
-0.01602676962736977
-0.012612729056199168
0.01543922017863308
0.03570172945713815
-0.024072200643426418
0.04576911942830115
0.016237638927324844
0.022378511674874323
0.013758077632506537
-0.009573201262984343
0.0193529263709266
0.03342988520084731
0.020107301925605992
0.021402950326580218
0.022541807400319778
0.01951442213928344
0.019210364944235114
0.03278472615266203
-0.008233342277615322
-0.009063974886308016
-0.04412493214296201
0.03414291684090168
-0.032469087545019544
0.018841789634441247
0.0342112656973463
-0.054766943122723226
0.009255478375719717
-0.037070268123863354
-0.016482021296958943
-0.01747061576747195
-0.037794598889462086
-0.013783118062624266
-0.03236397376067712
0.03252554833894519
-0.0008928232628630221
-0.035126818346616955
0.03431184545371754
-0.010362445846940682
0.014675303171675886
0.006433973857320075
-0.007334459867122885
0.0003031209572931952
0.02070857825684497
0.11522968785571963
-0.008095267194735833
0.04197472093244811
-0.00863522100183221
-0.00851835005313554
0.0307017625161743
0.043755764844548725
0.0594095751061808
-0.03337757608858482
-0.003990125180084096
0.056122606365442855
-0.024067157594585446
0.009184786072880211
-0.0032224510987430145
-0.011388914740734226
0.023075617659693688
-0.029542463262005565
-0.03403295185711165
-0.0050966116692307065
0.02466662370757819
-0.0041630501039422625
0.04241225588358114
-0.02397856404667612
0.033701116104151635
-0.015963607151426626
-0.0026918202059968608
-0.019779661935857375
-0.024299358564757824
-0.014532507257851364
0.010672214915159751
0.002854188842846237
-0.02325559007553576
0.0003535388631514555
0.005355613041835263
0.0046923152863991265
-0.016981180732585276
0.03425193880148681
-0.02897582020593971
0.022195689101223492
0.04312154871519823
0.008429372426759483
-0.008292103781438402
0.042174653388585115
-0.026870482489954866
-0.002018420030137002
0.008293019208316262
-0.02712389328433481
0.02564865160279209
-0.0021119059664823805
-0.005891174048508058
-0.018545794797930275
-0.024112845954377533
0.026421504585601663
0.0022656107841686653
0.02261754337759258
0.0006644591512024818
-0.01406468417940402
-0.0074085000086756185
-0.12252397001002699
-0.00043630995336966974
0.006409720721561893
0.029432873367961323
-0.01862055316244523
-0.0022155935343368444
0.023130676819011525
-0.030805212522637626
0.058250930775953946
0.01601300785032549
-0.003329569509382302
0.007877696709194942
-0.06124625978095376
0.022401442966912415
-0.011259754471678068
-0.02920161389040553
0.014668820416410449
-0.0865829353363375
0.022141327417194507
0.012963904246335763
-0.02256327974299935
-0.01672795161579035
0.0059878953732946895
-0.011552872883508947
-0.0004595030276417359
0.05384412314299947
-0.03417760950584625
0.00611616329106951
-0.009611385104484674
0.0005315667226742464
-0.013763125512429001
-0.03537801629680025
-0.02372522255971019
0.0024682108633808076
0.0032495881533321155
0.01291981381772127
-0.021245955435784274
-0.026612474537487663
0.00377352099608151
0.010144248940023706
0.012442773854381722
-0.02940858908864987
-0.004690837491256169
-0.015645515281357113
-0.04306161222171769
0.009030333811962861
0.019503072307662454
0.01991814477786014
0.017714459947747355
-0.008214061814350694
-0.04190414168532603
-0.026627615225618573
-0.02508558798290106
-0.04554254047561244
0.019160312561673547
0.013916024011464538
-0.013865330703576898
0.007203062306193228
-0.009275177718302144
-0.0028211177265477006
0.0493477104616856
-0.017534749742147058
-0.018561783250062244
0.04925984763673071
-0.039498640063996344
-0.04757581160235109
-0.01870236026197247
-0.018854683013945894
-0.00923790470705747
0.05058092420155989
0.013649120044279432
-0.015406590773781871
-0.019768064542460877
-0.01963260681549583
-0.03483065314630665
-0.037559183891368746
-0.005428825094563412
0.0032067840252357305
0.016284008371901748
-0.005967620451218624
0.02300705622437
0.05801782850720887
-0.008321969479085672
-0.01178252422136558
0.037452164087097846
-0.04039753337729685
-0.019522181194425954
-0.014861381864474143
0.012979664892728312
-0.011013697994378485
0.004480902056480327
-0.019911947579371883
0.004727563197938171
0.04704239549333219
-0.01677173780422268
-0.003901551759934369
-0.01192967503141764
0.015173720941024855
0.021214586101510443
-0.0026873558866073234
-0.01540680105479436
-0.0015141270821085212
-0.013616680465391617
-0.003973991576433876
0.026560965679916837
-0.0028965673517299885
-0.011040285996120435
-0.03468319603288584
0.0032932242552221633
-0.01793713455185166
-0.044252338543720925
0.03222527953500636
-0.004248273994310127
0.007170612224172909
0.01983716049725189
0.0219530074445473
0.03561309156924872
0.009400299634909985
0.0062491968524717705
-0.02274280835497803
-0.025335541950800785
-0.014443074732552135
-0.05348642826754674
-0.024961339024355475
-0.016218281409053185
0.032368426722981035
-0.026620504391486503
0.017074319895003447
-0.05848389224879637
-0.023085710316478214
0.03733903480940479
-0.01570294613969879
0.02367715111956464
-0.002880181418879097
-0.028152423902642377
-0.025800429698338727
0.00887955326961189
0.016061824266376874
-0.024574029641855663
0.01937680960563134
0.010781468046402874
-0.00033389895897081216
-0.051459750574126654
-0.056720129833596984
-0.01773043020798773
-0.02484306936629606
-0.015112974448753428
0.0019293368112326685
0.04229832095749905
-0.04043928013471146
0.05873749977826586
-0.022923189274901817
-0.01149674824305222
0.020946936872303243
-0.01572392565343682
-0.01995894403311525
-0.010266960902983778
0.015797636030858174
0.02799441326859531
-0.005755811714084938
-0.025837507052180488
0.05188864444672817
0.026130712055197777
-0.00641881035768322
0.030181526644567545
0.006889247224310789
-0.024537182449347994
0.010447120650034015
0.002801711397248261
-0.0504976498534956
0.025967723034587373
0.0005365445502893565
0.0021989317095785547
0.015626586432775563
0.05314561405467622
-0.02680644608250356
0.015358018821638833
-0.018953689381712338
-0.003868358685554135
0.0257678034916569
0.0065488416906985805
-0.06723497816868433
-0.0012331846992880639
0.019817736809692715
0.016612577872235145
-0.0030251305852479586
-0.005350773148137998
0.049485373182322795
-0.01831088587006815
-0.030329008390563735
0.01821296569167765
-0.01869520965791336
-0.015517626010744894
-0.03417992768424841
0.024834419947321384
-0.04654763026427336
0.035010694318356884
-0.03470357865053248
0.025294150767242913
-0.003157153695717123
-0.0027588134475935774
-0.003015920580958886
0.011101832776613509
0.00851934525424503
0.017646997513081124
-0.02222655842158285
-0.011763597133355034
-0.008139791146953814
0.008734035718468168
0.00139808205876059
0.013428923847044865
-0.01642555631130996
0.01208193417809667
-0.004396349041280181
-0.002096743287379242
0.023922196402421568
0.005170506069525447
-0.0006646445813698468
-0.015573564106898266
0.004455141463603553
0.023591779272603416
-0.023324392238507668
-0.007694150363328443
0.0013609147114013143
0.06195041679373569
-0.09453332071760744
-0.019904269018276705
-0.031559143524419644
0.04974516935674909
-0.014029117351472845
0.06965292097106213
-0.020331825908079408
0.0413413888774212
0.005434414329182047
-0.015300556876972706
-0.04210775085762704
-0.032837961367952355
0.015566117167235341
0.008516877184860279
-0.006648450514151538
-0.03329670650077828
-0.027020649205815407
-0.01437432240888546
-0.010790646075118884
-0.007022049487114305
0.031686710498968665
-0.04118309399123336
-0.04300945227684899
-0.0608522705902811
0.04005880181628865
-0.06121433884078257
0.04380623646008058
-0.02315418118382904
0.021608650659256837
0.027548316908719613
-0.029586339214820883
-0.016005148836591064
0.0006340104758995094
0.02216705729451973
0.017010136310371998
-0.024267007826050742
0.005403682632791596
0.019152790293085926
-0.005181031105436242
0.016363297019935184
-0.02518945979014269
0.017447303945812807
-0.005112803047412488
0.018638119034561525
-0.000134324700479664
-0.06686555568623845
-0.019137377574202658
0.01738861009928541
-0.031085068433549513
-0.005262678180811452
-0.059114919330318004
0.0021831724337222904
-0.011300309408256623
-0.07899754259090372
0.006730578428433137
-0.00590201948600734
-0.004726541040134795
-0.0010459460213968117
0.01093789324794231
-0.012348439035976606
-0.018890871737311545
0.012585627902249527
0.022108553758098833
0.022073612547296038
-0.02349985097034558
0.0032208674345976
0.03569295800169299
-0.009044717334149362
0.04716383879856929
0.014059694623263013
-0.029193293467671817
0.016298943108095695
-0.012498259779067395
0.023858553685865116
0.000955788693367211
0.05045697292972577
0.015544276336463825
-0.01577535289710428
-0.002437455142678667
0.0007913244991041347
0.019666413670970592
0.0010838307007513042
-0.030037796990350786
0.025491907177692636
-0.011013835115391146
0.02190016080267802
0.10428901623094668
0.013670762531393498
-0.024694009163228982
0.017477577583615195
0.014865576807920854
0.01125955542442211
-0.006780192204642677
0.04306440358133697
-0.03303427530675607
0.01333022282404145
-0.00495699860136895
0.019681671724510113
-0.007768198973212601
-0.028882909979882923
0.010481019067288773
0.005910380613458544
0.03756430246038577
-0.03915390002493342
0.03387288422841444
0.03875799270022896
0.0007065256200427748
-0.0053284879093843576
0.0174693709450309
-0.005084191280487428
-0.005664503325276825
0.028376520098859315
0.025212839040572095
-0.011887303328205602
0.017882637509843587
0.03237649239530869
0.01724721118854787
0.0032757491663512072
-0.032115808942737065
-0.01661409901221737
-0.03249878631571967
0.007959974510835752
-0.013202383177090797
-0.06871123250020517
-0.020666469076706454
0.0062103260973064124
-0.014362173643575745
0.0007657189958605148
-0.05182977044276078
-0.022021937101185066
0.03334194978613703
-0.046782617832297244
-0.011397231118204563
0.008577055539098346
0.017351769233228533
-0.047128277517049066
-0.018027144435952953
-0.005755463931365262
-0.0038933865948096763
0.03155205339506182
0.01730002393027718
-0.03128727520665463
-0.005564793004346198
0.016590303089796758
-0.031064311528642488
0.06938046975014392
-0.05460534382374609
-0.010092763554514892
-0.03038971627513723
0.03329553128318703
-0.018441131686988195
0.03306234265114261
-0.04636060308470107
-0.02569855778897066
0.007435866837518476
-0.015655089552171986
-0.04608190905018128
0.04688377364400709
-0.029226686939476595
-0.034580565175399376
0.0032200257150324326
-0.025514481778238406
-0.02754246770525905
0.022326455071710296
-0.08862504693265622
0.003296520850599645
-0.00584102017010586
-0.004870285888284001
0.02492613909718195
-0.01661812867449957
-0.01926899673409209
-0.04899840049432927
0.0021653281074742363
-0.029536914722817782
-0.023031940128410124
-0.045419763138418695
-0.0448898920559219
0.0065029257318455665
0.022477347886462322
0.0021995456487273342
-0.029383451088743764
0.01140429043512843
0.009036167475025607
0.002391144017185666
0.0010847862298501544
-0.02628595603423136
-0.028927505363571148
-0.018615944267158943
0.009431571199971006
0.026000982734834456
-0.019297453680149852
-0.07140277234863518
0.03916219314155278
-0.044985864257863974
0.010379413429359666
0.03189881520918423
-0.025321806281502955
-0.09161156316984538
-0.0024017129559327126
-0.007638378065883811
0.00820385145592199
0.016333978335833943
-0.02131385526498975
-0.032498270241668195
-0.01396649174086422
-0.033280056260862424
-0.019559950180327433
0.010953148923529546
-0.03359967541559801
-0.033905937969964745
0.0563230762228133
0.028158230690828602
0.005128345004979178
0.01630423055803676
-0.018489519027762538
0.02093748996659344
-0.02847956165367907
-0.05442025700443154
-0.03812584137148577
0.03383950975815312
-0.00022530742335345549
0.016072791493075476
-0.010370918300687117
0.020544547368387105
-0.0787566518581616
0.004739499663562499
0.006920537201166287
-0.01235207046588085
0.029011414250067525
-0.020146452736109707
-0.023558872303063454
0.003088805251685581
-0.023698002851725672
0.028610867405422798
-0.0010932994877392661
-0.07362629868382765
-0.004004765266724981
-0.015176442739249625
-0.03463661525357883
-0.006612765507757024
0.038009369899183264
0.002336868032199542
0.00142919074177865
-0.0037286820048053806
-0.013591289956067096
-0.008908835289582088
-0.007306463333767009
-0.010624515496250488
-0.007890199787481325
-0.0012116148531905735
0.026553233955301136
0.04533837963112115
-0.009264292087804257
-0.026936361381456154
-0.02069409405359726
0.016680456872957387
0.03888559397541499
0.014739245494904137
-0.009901338047353382
-0.08557775867231737
0.028747480537025208
0.029457984025645013
-0.02343586468802409
-0.01273006067542874
-0.03820162503111163
0.020399479266733037
0.013326276269794345
-0.005172565962999568
0.016577445285439637
-0.06655649215985715
0.10787189169026672
0.025312276499459923
0.008032335583442577
-0.012147379333409257
0.02869700134233009
-0.04148540005750887
-7.265278251790164e-05
-0.005020733333039857
-0.02298126066052226
0.01134939053110286
0.06677376795992118
0.03176691117155311
0.02344482550625405
0.002643791263184551
-0.0032690731814984564
-0.0002985254949589677
0.014450634931092204
-0.018147935683343122
0.00747349048267286
0.010736330827578503
0.0023199857462612434
0.027600526179748706
0.0076137555263143634
0.0009833318725349012
0.006150446287585192
0.020117700455810204
0.008822208122078975
0.01971372297960515
0.0198292619867987
0.01462629450968845
0.019402317714482697
0.016272425389967638
0.029048922571477318
0.014746476222885403
-0.056251489435259594
-0.008404987312516078
-0.018983546156723104
0.000892260335551239
0.007262449572066191
-0.023352490051538985
-0.011136754817484518
-0.026841920166469326
-0.018721620953705942
-0.0023317689298013706
-0.0006255971230081389
-0.00638475003559836
-0.012194376444792474
-0.032020459054076016
-0.03807600690863837
0.006366706597569788
0.023463216231142083
0.043802644578641345
0.00852369741866583
0.037188532579823984
-0.017244946587190557
-0.053093579147702165
0.00921297610864766
-0.020533723676862934
-0.038699570497996695
0.023964418769380047
0.05082774559170927
-0.05137832945691082
-0.029966697263131233
-0.0755618588915196
-0.005894118687128626
-0.019043245326298475
-0.04092120958429072
0.006208473359408166
-0.029696393384618467
-0.058209630022631104
-0.032218928309622974
0.01747884062956691
0.018432275919984357
-0.06664807470093648
0.0012429012936318233
0.06306709756047747
-0.009854090365035057
0.07677299703893868
0.041759562852158524
0.010463957565782245
-0.008595332473991883
-0.059118532261363085
0.03849103396962447
-0.05869033571709937
0.024680222823622762
0.014675842150208307
-0.028811239016912227
-0.00931322636674876
0.009393688438979027
0.024079801186086616
0.003523792826053978
-0.007579605026251186
0.001696584064454575
-0.058735764248295144
-0.006190611734786723
-0.0056499063541890025
0.0032410928629346626
-0.018170943304567325
-0.016165070146199067
0.014078448314608513
-0.008660042191526557
0.006754777232726691
0.003619128822675475
0.001431702487112811
-0.035156183773877185
0.030050182672850666
-0.06408208792197771
0.022746437923481026
0.0403452507489448
-0.005933395803212824
-0.019013327411411565
-0.0002961647027329283
-0.008273117062124224
0.03342961140557772
-0.08706889345995489
-0.012113198541263222
0.01645669993943145
-0.02165333771242304
0.008686215498824484
0.0019234561408325713
-0.054729179214647566
0.035307846369121314
-0.030949802573184377
0.015386797408042437
-0.002606606301679614
-0.017793104194934132
-0.01397827997587749
0.006896108923834052
-0.044001931215510506
0.05888361444690228
0.029446356147257508
0.04251977323685972
0.020738568465334166
-0.004978721543359441
0.07829134307002582
0.007435201384430401
0.014035380548394732
-0.004640343426928102
-0.029389180815592844
-0.0008063030352272369
-0.011704273432859031
-0.010391484934237036
-0.014762919060815359
-0.05403034597079579
0.004809587271879268
-0.02959248713900656
-0.008741940602855975
0.008185218033550979
-0.002585263744879681
-0.0017748785143567082
0.0602826723982596
0.023231311868249584
-0.030086593272187
-0.029264328353852537
0.012500924635149157
0.00012179902250203334
-0.0396619002205405
0.027205154975067126
-0.00963897633410519
0.027093619037436595
0.007408358906211641
-0.0010767916854827087
0.005379387770273121
-0.0026986271736659686
0.04653150488011913
-0.02635316053130392
-0.03933525046771117
-0.044342937217567546
-0.027347683349015574
0.022486854920784546
0.003437420143041985
-0.03305755324639104
-0.03049188259817827
0.006734262783599228
-0.028911184908670493
0.042138348133024785
0.07329164528574664
0.028840343753430465
0.006809149049369296
0.012461356449584725
-0.01984870087342305
-0.016203693654868633
0.019020158359769068
-0.01925107049841835
-0.0688073620742544
-0.0324230128782015
-0.04488463154791514
0.009800269438521336
-0.04349359015084815
0.0029654536597499
-0.020422934352747286
0.005228347607708221
-0.009225872728623205
-0.0171390395470282
-0.04516047487080478
-0.026331469737170037
0.022325301922578613
-0.036863721986715996
-0.027915495040890623
-0.05219152728684009
0.0066526571351571955
-0.005601687732282644
0.010771190732052422
0.035680954999956514
-0.05167612104283053
0.01822002222669282
0.0020892991497601892
-0.09257723719125387
0.016606053075701715
-0.016675365622508063
0.00661653821499069
0.015884539911709548
-0.016829945919483162
0.07277020587708297
-0.01594777285744743
-0.01600053750754653
0.04022465660447416
-0.015230858617591585
-0.10289612295051902
0.0003686494560277274
0.048930949642070815
-0.00806714698307686
0.0062711147232871085
0.03138564917233749
-0.02917615290754831
-0.06350477215357446
-0.012499342601399621
-0.022096734410556033
-0.06656038940328048
-0.0012861032999933319
-0.04234884396093036
0.007769055009301926
-0.026339221908545346
0.0050618226861015424
-0.01815812482328753
0.04695067322167524
-0.013128914581280137
0.00416648328876958
0.022539914755818298
-0.0022553474281785317
0.0008865157117790067
0.04269910658774815
-0.008856732902025748
0.019412790969435777
-0.014541112144768909
-0.009817794894065403
0.018747155311680835
-0.05266067419369487
-0.0072020035373824174
0.029842216306567627
0.005967021204449114
0.01448182773003648
5.3037266110741455e-05
-0.00631278003993334
-0.0158739483775966
-0.03712320964675631
-0.010098261630460265
0.013801943225375264
0.02308222612715532
0.002842562815574863
0.019834856726799032
0.0031163873081803783
-0.007208360993876196
-0.038524843862309144
0.02833210364671018
0.015828301021139222
-0.0020088351176306865
0.014069269469684962
0.00019172274658487738
0.0020722385158712265
0.016326068667624396
-0.007359129145852907
0.0027600705907084256
0.05217611670679752
0.0044801608046015524
0.03936762570576065
-0.042979698185878976
0.020770366588190207
-0.011976335159617253
0.031926590221324797
0.020098295625386533
-0.012244922285444392
-0.03933193283147417
-0.008048824026196897
-0.053550451122397466
-0.030932991036167975
-0.0040465115168998745
0.02879349163321117
0.005073734596319624
0.020536194844334884
-0.00847602336785873
0.008224949640326227
0.0047220625209454855
-0.01598874968152588
0.007511501479009578
-0.006976799352891622
-0.017035563500395572
0.01453828471770032
-0.005278607173408461
0.033922706182916255
-0.0061015337376290725
0.030351772401814813
0.002528227536659469
0.06179214029498696
0.003294249772351265
0.007974868489634905
-0.02652793679216559
-0.031320854208798495
0.0582122025907343
-0.008521264511165349
-0.03183978951081606
0.01947376389511353
-0.01882259603223028
-0.01033429901855182
-0.021214732619024013
0.022697288320496264
0.0002998030914742296
0.008776285134175032
0.011235912513635765
0.03190987290686015
-0.027070285155087543
-0.005503271838293002
0.01821921482386797
-0.031046870737793497
0.03872460505355114
0.01283211456240578
0.027827949444368345
0.014426763290720419
-0.00025630232360565635
-0.004801452529995542
0.01188354078929954
-0.007141716054620552
-0.035200547288321636
-0.02259007465350741
0.016225183293480574
-0.02433264528656853
-0.010048693813495997
-0.04600288085102197
-0.03324096824915775
-0.03157613948318337
-0.035773279675384184
-0.06726125809110046
-0.0014472388616462756
0.019381211431498575
0.0030714607899925035
-0.015649457771555252
-0.00995205569711771
-0.013488977654318529
0.02180969939303667
-0.034461760584055055
-0.06181751657300111
-0.004093058143075615
-0.011811940190442249
-0.0414004018111358
-0.003689455927637807
-0.05515427761092185
-0.007807492243222055
0.053066626924848974
0.0686411649566873
0.035487327236626544
0.004680108641125452
0.0014822935434152243
-0.10957262859376751
0.018819108794736097
0.020242141994601573
-0.05911122094250657
0.002184866893667407
0.06077009180390578
0.04103986848980706
-0.003177314739381943
-0.0592206435247912
0.031935354356767996
-0.02631655024285301
-0.04873259373479499
-0.01982930629397402
-0.06275962831124784
0.0703802872171628
-0.036592105276770585
0.021896530668290455
0.006471011422424788
0.012630600417033377
0.002969108778971433
0.022954576349324997
0.021677378216551996
0.03020238884616109
0.005468231205363449
0.010974397994403856
-0.005264822780390738
