0.005963445007920533
-0.03821866265548027
-0.05188034671202468
-0.04117928625927521
-0.034124815807217004
0.01981997437922572
0.05671545111825588
0.015198493682228012
-0.004611467006110405
-0.028294398343250683
0.005947054640569266
0.0038008497108869654
0.020175975695339993
-0.019241733719332063
-0.04736404676242502
0.04696914218880221
-0.01208632236565318
-0.005323526220106314
-0.026486035487062663
-0.022629528177626465
-0.019752617208617557
0.020437104954655318
-4.4748691612332934e-05
-0.0006876365743748042
0.005983313598518207
0.0064059598598910535
0.004041025611507385
0.004060310567643085
-0.011266938758262136
-0.020309083985957096
0.01814297273749122
0.004590586761020213
-0.058978420954627866
0.05714046852815469
0.008615395805363463
0.028528177252725138
-0.0008927360024696463
-0.01721520200776122
0.022320856246911627
-0.004901880344417583
-0.00461866396507694
0.006584674276473856
0.016512894405113505
0.05596466998059309
0.019180921230871402
-0.0198603703465162
0.0351417244492895
-0.015455457455464451
-0.03510591728084426
0.008214349031492188
0.028817821806516708
0.014575533743642403
-0.023537142944154595
-0.0012006821074435358
-0.02198068032334812
0.018273589736114506
-0.04180449126426247
0.020145101201914928
0.011017698092352524
0.008541541914373707
-0.007519919077987644
0.021229937317437646
-0.0159177637537724
0.029639360523722773
-0.02893272793749899
0.015432749295307233
-0.006588073620314064
-0.014037330443206042
-0.05211139622624227
-0.03346088493897033
-0.025800699296612564
0.00026003317693798055
0.0052850005997384835
0.008962597514506631
-0.0006206379509397231
-0.011640163283275657
0.017674636438013817
-0.05102484951201219
-0.00695892699871997
-0.02494588186851194
-0.008304890258256602
0.006732418051126262
0.026817189373668653
0.020769300594977013
-0.017249792590728088
-0.016437746308886978
0.010590579749724544
-0.04843164212243113
0.029213761664676333
-0.0038208624104104616
-0.02125183779073109
-0.048875584707818026
0.009200531244647212
0.018203674796624623
0.01253623458597471
0.014399229551798717
0.007315720586312313
-0.05889840219453205
-0.013277760712496858
0.004230961077350231
-0.030107850369605837
-0.02280920774983072
0.014254259410906807
0.022223479239829914
-0.015163899996515103
-0.003301410412566424
-0.009483553589832201
0.011106130783840372
-0.010452955630932289
-0.00926870505932003
0.005535793810098927
-0.0428780711549988
0.025877041409396485
0.009975669076112142
0.04873665696287653
-0.0008196431532839413
0.015529605845115244
-0.032071953230941745
-0.08262588604564641
-0.003820167995516176
0.017222275400758394
-0.02862621582382351
-0.013589607795455155
-0.016837395491695367
-0.039210197312581296
-0.01047758204918175
-0.013272254850517595
-0.02005312752579247
0.003868537773768432
0.02458902180210619
0.048683661680968784
0.0218658664174886
-0.06303617921730711
0.020135645773290262
0.012873452988413962
0.015575706166318863
0.008497499076312597
0.001758273098010881
0.09690568791417702
-0.014704326935966528
0.0036559071658682977
0.016378089024662267
0.016902487709942033
0.00884086635232176
0.019576490108655305
0.02269245460557196
0.026250763802943052
-0.048699840007271074
0.025730720646403447
-0.02518033859922743
0.01650799876242922
0.0032472373069521608
0.008209283871650637
-0.025936859641737024
-0.02132585399273784
-0.01732613708809653
-0.04476561481773145
0.06237966079884751
0.014545309419325874
0.06506959752919458
0.021195195330247756
-0.0003501674139261138
0.02348250259750307
-0.004717063882981052
0.04568910162544456
0.012387584350524837
0.005331771505576997
0.06526976299620386
0.01884186961880714
-0.004649129561706298
-0.018455399586903124
-0.09920660402913296
0.028254500884085765
0.019789816512640876
0.008529028259270854
0.011368619984388238
-0.022347502281921543
0.005346018090710663
0.022390860592300537
0.007465005340383231
0.0005235672554803742
-0.02581895626954171
-0.015569734867221092
-0.04366146310341895
-0.00881592322985266
0.018811339007292264
-0.0031157108960330206
0.009708758189084768
0.002310842693512798
0.00403461320237272
0.017735240574495326
-0.03477908732919497
-0.039996578427372434
0.0003708232292306321
-0.058741422990820955
0.04264763425870527
-0.029281122357257
0.04421663138489677
-0.02380339765083844
-0.01696605119713751
-0.0016658410828857635
-0.010008966385669948
0.03607195946685464
0.0005513775232753666
-0.038578107592097975
-0.004872708977685521
-0.010225567138062134
-0.01372250881914555
-0.038549960116250406
0.014079523321398425
-0.01331470670762477
0.004247588640899406
0.025010321615623447
0.018299831899047103
0.008758686076609432
-0.0479577334008821
-0.03140972833457219
0.016751032461820192
0.019572295625780695
0.041888006826010196
-0.03155089761718939
-9.801079017881938e-05
-0.033471594485312325
0.012440401791487182
0.010692895772699978
-0.029223253787036618
-0.011100228438739724
-0.023201725093569523
-0.016244649867160368
0.022403020829573753
-0.011667493074032748
-0.015288947071089184
0.00021985579209712251
0.016483009610379972
0.007106419043289171
0.009034971171415726
-0.020707940632873012
0.030942544158532325
-0.006389392305341804
0.012993619690255961
-0.04102640002215965
0.053184871584743346
-0.02466843389102865
-0.00967164945054979
-0.000748201774975023
0.04574486272002175
0.027817244669491217
0.02197859541692718
0.050613596994115856
0.026797702347276138
0.04690854285306914
-0.011731217449830127
-0.013402043456129782
0.031177190157417194
-0.027460612460132556
0.04147937710776961
0.040131097552340546
-0.05520359892084124
-0.003432444777279534
-0.0061949362507580236
0.02143567473917311
-0.03687385116477906
0.019593035694007752
0.0009812735855713203
0.012748182253263504
0.0178692113490337
0.009293891714667544
-0.022334154239425988
-0.0014538273360256823
0.016817659927122756
0.016167704166193318
-0.07653193256750009
0.014297704557553546
0.0386955405168809
-0.005219809031631709
0.012851007512402467
0.03772112171901265
-0.00708797976107229
0.03910700655313522
0.018293797147374474
0.026777398441374473
0.006813930281728095
-0.03735185678563828
-0.04155645052408158
0.021928399931651528
0.01163124508887968
0.019555116531176447
-0.008096310855542518
0.02658898413916769
0.003262130640555973
0.02090006676241097
-0.011146342917534349
0.008368978761497326
-0.005736476253442133
-0.032914847279573146
-0.016422962470523935
0.05178741516437463
0.015930720325208047
0.013501337491189664
0.01327073283119001
-0.00972041886801915
-0.02063190338131709
-0.019921164906288487
-0.07244195227329493
-0.0068508473106892245
-0.08159137976258335
0.013797927969020157
0.02860199232144931
-0.007343606988580384
-0.014149525100482216
-0.010321036147333913
-0.0035506443149187694
-0.0030049625218628324
0.020299623702077427
0.013000048361624635
0.013142794936936776
-0.006952477199465449
0.003964414137809165
0.019163402035036522
0.030335661134991733
0.006648789585197811
-0.010965905606778186
-0.003599401356458945
-0.022177352947733504
0.0070505894062612975
-0.05300968300621861
0.043983189598640435
-0.02529850387394463
-0.03510785558432642
-0.020589341825984923
0.026421458292873734
0.001787350317206085
0.005091787458878674
-0.025114521618328875
0.04972031123493784
-0.00033341143546555184
-0.02556738236761758
-0.03193389897420525
0.017247336355431298
0.02046500305844554
0.010497386579068093
0.03429705450468651
-0.014967411239555294
0.010818649238685306
-0.008466099145427532
0.06947279164888553
-0.015260032052918319
-0.002155250135632022
-0.026146233844881347
0.006610196575510949
-0.0009313341833965379
0.026166957377385915
0.03203179702320893
0.003772465837888276
-0.008980405965343823
0.03578403284671545
-0.03143961559308116
-0.0021777613275137694
0.00951158581522787
0.011860039837761994
-0.029106580839878878
0.021657702850829394
-0.008728296013562903
-0.020219691266509333
-0.008904753727277143
-0.0673122318185047
-0.047390911692681406
0.043339382337933954
0.014482212756306956
0.0152234829667488
-0.017833185292758312
-0.07851363127053934
-0.05649556101159641
0.014050114434983848
0.024631763671596606
-0.007083062876022634
0.003088249608373749
0.0033621237070226196
-0.04650810634597135
-0.040277534260733196
0.003517950336286721
0.0416103763640201
-0.014791255095165701
-0.06453562864575907
0.031355272008009
-0.028665962452842548
-0.00408314872050222
0.008605784665039105
0.0025714317392175733
0.03860426409956298
-0.006671032944496115
0.012132908601035238
-0.04304268071621139
0.03580436599263569
-0.016497629020073575
-0.018143883515539486
-0.006286667477046129
-0.05245131677006644
-0.002367100770081839
-0.06546042439004038
-0.015821645916934267
0.016706732619566907
0.04690678808670074
-0.014753258952151618
-0.012625902898961283
0.053760094990257266
0.019610470358936188
-0.012754730756689122
-0.023389903414321435
-0.002473082435923779
0.013457502980635994
-0.006816188399794124
-0.0059967291086307425
0.05842033044991289
-0.01419935155426076
-0.02736429460121514
0.009329111408904807
0.040209077076690435
-0.0036796423642416016
-0.003857872531696563
-0.02714452691932276
-0.05523702961495617
0.012531274104419237
-0.0827914243034438
-0.0005821345236953161
-0.048562106325612316
-0.014202891544580615
-0.020023790509787733
-0.00877233272729482
0.03993379706922964
-0.020838885081798736
-0.029911084524225248
0.006429448858432473
-0.03671819080808788
-0.021718799749025214
-0.02332094195656454
0.019100408699979712
-0.027034070826379354
0.0025895012322565926
0.03134977058369539
0.028721833204633965
0.005463340079977245
0.00020799080388307788
-0.06168027710577704
-0.017413017087731197
-0.024062218352914843
-0.0023965061339095133
-0.01723727478732762
-0.0066467435516772725
0.08117471129427373
-0.027526757596315277
-0.018863146937988573
0.048688604122727776
-0.021986206668797758
0.0044641161000725715
-0.02791831820000101
-0.04432319713160874
-0.008033789230978425
-0.029965561994909646
-0.024482955028370494
-0.011530799820363443
-0.02307157997912276
-0.008216882594977324
-0.01606597457272826
0.035237305678288276
-0.010307809482396185
-0.002346341582669304
0.010056113209545121
0.018552999480364308
-0.09177667337989609
0.04504999082435403
-0.018777313046809137
0.014954067290538591
-0.026302010310163264
-0.0381675484121785
-0.006824438597708601
0.023112575308335832
-0.021182483136225852
-0.0035470845536492803
-0.012481969507822934
-0.02277691775320401
0.012121519394042915
0.004296161167870803
-0.007569695126406685
-0.009767359421656244
0.0272067286129656
0.014181757138178845
-0.016760429178786035
0.0024165240617987057
0.01359646493753783
0.009096079536770298
-0.006959043704422944
-0.011280400241154696
0.022395999013917218
-0.052228503413461545
0.0002801057712402745
0.02650058877505322
-0.029659382903469263
0.0681361166163477
0.02881151826112591
-0.024250496384900375
-0.01340161114331365
0.040776675775589584
-0.02143673429319657
-0.005000007239073451
0.0017833278181429244
-0.013517903199487206
0.008527816449953905
0.027002586332001494
-0.05316912239204703
-0.008134564664376082
-0.021339393735536068
-0.00962703191683916
0.012613461597643979
0.05675095328159867
0.006896039040561368
-0.03762072794540399
-0.021362751934073634
0.0358551505544113
-0.018395049564327758
0.04141362994256057
0.01861673176342324
0.01635119397029899
0.008372623055019283
-0.018810568360370043
-0.08498855397025275
0.04904955122472808
-0.010906912197837628
-0.0370866272913205
-0.021302322334651586
-0.005540490586204441
-0.005035553756851395
0.024629305457170222
0.01191208290946877
0.003203609477973976
-0.06970253882412805
0.01391056949247348
-0.04588844436779795
0.0016233908349222355
-0.00038134482081591327
-0.04302674413605169
-0.009995040726890857
0.004059263616294668
0.020188531560234525
0.005702295943386016
-0.04588230438471515
0.01221918048885332
-0.04119636635450625
0.026083890884443652
0.03514761444485417
-0.013564912620834733
-0.03293612935036011
-0.017929170441416578
0.006012038132665514
0.007070276258161584
0.012475596332706979
0.016023764686937947
-0.06702891745971379
-0.03296825570841962
-0.01644213518893302
-0.04598023005602747
0.00629841501833923
0.015544025315030355
-0.026368281494891732
0.0026287518872788592
0.010273922477663731
-0.018323611971368677
-0.032737691816405845
0.028936743350729148
0.03291376836422107
-0.07011963050403082
-0.0006086256256624519
-0.04659331915909036
-0.020230672219193745
-0.008834492884130938
0.052411281312941156
0.003732659175271135
0.0087568764805745
-0.0034991811997229345
-0.05107728123204906
0.044244270819284164
0.010262440478518731
0.0019193938604255944
-0.0392882726067374
-0.0036418903554607195
0.00956850015064158
-0.017365979734131527
-0.01971325650592413
-0.0291531918371693
-0.009846162302315754
-0.02197838655315862
-0.038211042379161696
0.038172890024998116
0.02553767739058642
-0.03087102318960254
0.005160384991707973
-0.008214399818963953
0.0013916664009322663
0.0199016597312248
-0.007368100635951457
0.01263791582864137
0.007201887176553088
0.023693686866113853
-0.041909353492063525
-0.019938564708619787
-0.020772538384730317
-0.036840957703293986
0.020948887548769914
-0.030402966820249677
0.014095335284201723
0.06889512677720327
-0.043407418524560634
-0.03488897150788184
0.024393877448246594
0.04315726310674474
-0.019589538893372935
-0.004167152214273859
-0.005251607653199313
9.030909427563589e-07
-0.007586781778067877
-0.028322209273122245
0.03268001284767897
0.015043699446542231
0.006988709328665841
-0.0021837943842738573
0.008720879601578654
0.00033357811876866803
0.006532284333442216
0.04555297227851182
-0.03224812162786055
-0.007200896308182415
-0.01909517390349577
0.01368075541508912
0.028038959290870052
-0.013905299846632841
-0.035362465677426354
-0.014076817239948835
-0.03163942911992647
-0.00445920546229632
-0.014705175396885125
0.0082046089677948
0.0068327278229230615
-0.009691950936139565
0.016141129935038485
-0.007051859523568604
-0.03191463956014743
0.03361399908158311
-0.024556185057196766
-0.004512648134607452
0.0009730811774749113
-0.010269319927481604
0.020747854055676744
0.003027918838776157
-0.004197156057056365
-0.03649511051953106
0.04720806971995211
0.010133164609101632
0.002958967352214519
0.013609926383775561
0.014594491011081715
0.006960945878841688
0.008239901130484962
0.0011309170062254968
-0.014966486476353848
0.04277326406197268
-0.0021481801079541872
0.04614902563459249
0.007400914078547128
0.008168401418148497
0.0076877411079959036
0.02285880207109209
0.0020771496540753632
-0.0007269506869445876
0.08068547690071085
0.011686425810471166
0.02780560755073307
0.024041448666108495
-0.013584741058056802
0.030981571125965657
0.014214847700856546
-0.013265744231233157
0.05383304692576557
0.01698149871012058
-0.006550670336882438
-0.008881151873990857
-0.0250000083820964
-0.013390978110111708
0.016257599102314415
-0.019235144997359514
-0.01656422404464816
-0.0952333375521407
-0.002942054688201355
0.07247375646407714
-0.0005151610580484517
0.0109861857553567
0.0145565930768546
0.02780748999937449
-0.05965267181141644
0.0325043926954258
0.05451619381674689
-0.055836608230047914
-0.0042280552673296425
-0.007277949376226647
0.03127331819561676
-0.07905925035580338
0.01664773310059675
0.00951813590154063
-0.00333944751698296
-0.008268446516108828
0.017203077695221638
-0.03494883244447178
-0.003524758559817556
0.013930159158805827
-0.10913270696913852
-0.028636491147815208
-0.013482873508659367
0.012159989058337737
-0.08031880934913996
0.010210274489152557
-0.021170549354777003
0.0014784053617928
-0.08046098862581268
0.01978180792774523
0.033103891935820216
-0.00102501552382398
-0.017998649602008577
-0.012228847492366557
-0.014368514979976576
0.04060484297376784
-0.02395909458128519
0.016174918577881392
0.0028309600422001912
-0.023352609355339605
-0.021337523313410853
-0.01495076949770927
0.005950607451880391
-0.07588833674443114
0.025919834138356076
0.01766333770403438
-0.016842993342099766
0.04830378798020451
0.045392584334590286
0.040901887533939446
-0.007689967420681808
0.05827730266850911
-0.013135014240712544
-0.011487004610278654
-0.020970981066601165
0.026297436888141984
-0.0038379823858555907
-0.011904394438545554
0.010788854104574374
-0.007386419521038271
0.009459283126660042
-0.02714612462298609
-0.0028008566883416905
-0.0681387796033749
-0.006300931420689616
0.05771434321069995
0.022921183922222903
0.015317462685705645
-0.023645884245003745
0.006075933004811642
0.00892094700652296
-0.013103943997501819
0.0012976522453417446
-0.00017949387866389294
0.05721349955861605
0.009588426573627297
-0.04220224401063865
-0.023706213393921552
-0.03513014840882853
-0.006235147410279502
0.036645827563581895
-0.025150478448969924
0.019049727507224036
-0.0004090740511105319
-0.011264838712654929
-0.04547097695621396
-0.0053213041624486385
0.0020911532967781876
-0.03117940291967057
-0.039207588921541976
-0.01615656224164144
-0.06622368919406102
0.018117520817112678
0.008498693429700343
0.029592321778600317
0.003883012123878488
0.00984479747632218
-0.008156219366698627
0.0037498901059176658
0.007304529289088065
-0.0208921458991015
-0.013205649273940941
-0.007605888620994119
-0.0052107521551599395
0.008635177118917632
-0.01562011847064482
0.02958218413781887
-0.02488462681344181
-0.009702750943492391
-0.04119566902995272
0.02581620469927582
-0.009526623106106746
0.00509658360186721
0.027674688521364062
0.05243627060473487
0.02414549774897994
-0.047157628522801344
0.04737221933489313
0.02669467506427764
0.026481064191035256
0.019862582679812384
0.009247220693991446
0.019713253012905017
-0.002767045202435117
0.060112265382961515
-0.008737208122665565
0.013597010377217212
-0.037418892855325916
-0.015648650419527736
0.018102234043747507
-0.03283432414806257
-0.04589650578103163
-0.05758369893920379
0.022351318876310335
0.0077369105364388305
-0.014146962139560113
0.020292747960131766
-0.04475957163961013
-0.009408134731680961
0.026295038084405593
-0.03512222013119086
-0.007443613051752834
0.006709263513493227
0.05677545055662812
0.013965006630797097
0.005495871566436152
-0.05729895613614673
0.019681871505307508
-0.051339829599107434
-0.005443797507209888
-0.010713681543766966
-0.04790291592178709
0.022730106624092975
0.004985063034826685
-0.03915828316728538
0.006394868769126175
-0.011616697675251421
-0.04996590446452545
0.029022910609158487
0.0013680032974693335
0.021709733658976025
0.0369905150748736
0.0333935373201895
0.017200886640520212
0.00492698147468825
-0.029089845034226694
-0.013496766467087723
-0.0434478233507522
-0.03479566851139415
-0.029850704290048876
-0.04633316918473323
-0.02459793719426725
0.04588885126482989
-0.01324373996703478
0.011321453106063889
0.005123244141463907
-0.026766270961440113
-0.0004868432391636261
-0.0013216747695156373
0.03476065339107479
-0.0028496535169015317
0.028170604428800552
0.0074342880007279444
-0.05907304941280437
0.005355039464471533
0.00898327165744054
0.009337945967284995
0.0033880326100196798
-0.024483216990772487
0.017165633242903537
-0.031113361984245306
0.01776665919792448
-0.06164205175222438
0.021236812981688277
0.015225823092858574
0.024688029596478343
0.10097253627114007
0.014857973184142304
0.054760517216458846
0.007975576274823353
0.00893750880124946
-0.031117532308040954
-0.008481516242089603
-0.021951216173247592
-0.016175166299574106
0.017231885834440294
0.05320088910507131
-0.07143481975992419
-0.03557666964213535
-0.004409428702141379
-0.040320155491330556
0.0032621122431672495
0.012513034959082535
-0.07143089392558448
0.011078349132202679
-0.0056596964858139625
0.012359591778407128
-0.033539036617523145
-0.028265618903653533
-0.005534453557728823
-0.0339927922219226
0.04250607149932155
-0.03359690638227168
0.02799652712183413
-0.016638021904533222
-0.010877088158174437
-0.002119108980376649
-0.03318400853697707
0.018442807945730413
0.018141528918977443
-0.010779941765470834
-0.0652091889647766
0.050783148891751236
-0.019133749088649767
0.0007859677634701999
0.0013788099554969372
-0.007786876064528875
0.002829647145360341
-0.008295466541947768
-0.009069124351557455
0.04751167545186829
-0.008077326459558862
0.0050131323969251134
-0.013344819312683992
-0.009873254037080404
-0.0010878461431656334
-0.009040160387992744
0.04733252826180369
-0.011920691307876008
-0.030398202415860845
0.017475192330126108
-0.011454908490526324
-0.03676040767610152
-0.02424763937198861
-0.009613781351373654
-0.01077328161471409
0.04926342196217024
0.019494110683762642
-0.02496221665732042
-0.02402112649900685
-0.00833956587290158
0.0036270830092399744
-0.019390247409245016
0.060790582426966444
0.002917876483118619
0.035968847518586713
-0.026264156080610307
-0.0018652743745914287
-0.005309416981695403
-0.0011645799733641562
0.05044434257468374
0.03126345694743643
-0.023800835927966845
0.02623631263619224
-0.003238969560761654
-0.06448364536267204
0.03181410924737901
0.017343750704243873
-0.045481333836615644
-0.007410779086007688
0.0005100484251630035
0.013000838002870645
0.008866644368346647
0.00942681380116367
0.0008093931491449542
-0.012797178524455975
-0.028104868002257585
0.010806393293638106
0.013506306659104964
0.04499356199710574
0.07362822106746027
0.021494863523185293
0.01343288617377912
-0.012812520889187171
0.0646356322280438
-0.014264886887289776
-0.0047159252903132805
0.029195650931097893
-0.019630702594586793
0.034344010114712865
-0.008153339137730427
-0.02581824115766514
-0.006480499243912731
0.026534993993698224
0.004840491609016754
-0.0362707469625928
0.0050856530812510604
0.046254148715624534
-0.0074119016126134455
0.021166160962069767
0.03539839923831214
-0.0332915659497254
-0.007323537392557354
0.05978373601991454
-0.01921415864548077
-0.037392820224751704
-0.02999346512468145
0.0036160697166474414
-0.0008184932867203361
0.020459002650874688
-0.03509194690020128
0.008916219099062152
0.006419476460637444
0.018126786783138813
-0.00011643160329738014
0.02287780904740131
-0.00518446330736869
-0.026736481072781846
-0.009616551859697111
-0.0033512514423817354
0.0192465963940402
0.018734743934241987
0.013036938805937839
-0.00819016254112246
0.003571458800954097
0.008101961386157102
0.008317750156497012
0.005721675248914735
-0.023076980109705825
0.001014034874079762
-0.01089490905616583
-0.005596942115608613
0.026667859010509817
-0.0100359846157359
0.04607571113564194
-0.011951714864157538
0.019493917664401575
-0.0534447984859262
-0.032455991423319855
0.02362728764107131
0.03398842899983466
-0.016397478562321086
0.04130167604113774
0.0023585291026952445
-0.010390607845993225
0.027840073587610075
0.02130911903390899
-0.01819293365223938
0.015315275502331478
-0.024498699322992645
0.010175307420244271
-0.010784715373610806
0.02761631645928982
-0.005148249942760494
-0.029237674961500752
-0.005852669712195325
0.009777517926692528
-0.010581630317678696
-0.007493237975639765
-0.020452004577914015
0.011210891075860624
0.02644885966290361
0.010784371798049823
-0.03482005274375164
-0.01880805929154382
0.07704578745589767
0.015514041269841447
0.00860172903472842
0.04021502656779144
0.008504281525629594
0.06342582762836103
0.05888187732327507
-0.018585488091080217
0.014894312818282735
-0.04427594798609719
-0.008346894159118406
-0.0027928007389943876
-0.04306009204722954
-0.03765125273420738
0.009037377090135875
-0.03125620637983412
-0.002296021371470963
0.0029013132417866736
0.020071178916049582
-0.004030825483119621
0.007165799941367005
-0.017223736064410567
-0.04607479960242487
-0.03656006347260346
0.026922940710400797
-0.011549037408152614
-0.04372756884602958
0.03680552265734674
0.007272830537794571
0.054576674218541614
0.0036412215745249684
0.049918514870842146
0.010256099101671969
-0.028957260431960105
0.006620792413779248
-0.014824479011416631
0.008676361318792404
0.006845975881780413
0.021627363491158735
-0.025979784048427487
0.012333527718166261
0.027740492252790832
-0.012002705415036029
-0.0013910936558789863
-0.013240610179699172
-0.002134165973586376
-0.0022259436002774104
0.12024856020464869
0.05624468616722084
0.023502562285222375
-0.018183660565307434
-0.006652753359230654
-0.03394871413148265
-0.012762154810389793
-0.00821764347606837
-0.0365302840090834
-0.032449004937523
0.004853556733275595
0.04067328333994215
-0.015633942980399645
0.012371200917058066
0.018946299344744746
0.005080318803873597
-0.00591213672468692
0.0026855078015325063
-0.015637701968241234
0.027880654240273212
0.012311928076908807
-0.041625129487875875
0.029019771879435233
0.011919924525232693
-0.007733965395392262
0.009949368714317303
-0.011616493999467747
0.010956795160482282
0.019840274492556213
0.030520069021999555
0.02794484859380939
0.0722633692361834
-0.005027377284722279
0.008606573380219544
-0.04684027315900853
0.011443554355062373
0.01044245176849017
-0.022181388503894256
0.01772063332152767
0.00925329606701833
-0.04179614050239484
-0.021456709793986953
0.07504283085928547
0.014376584896794824
-0.0067951240656591765
0.01759748862795576
0.01776330225362351
0.013680507254831418
0.026182449549183445
-0.007845380956128226
-0.009261785982688057
-0.07881681954656208
0.017685521772372488
-0.004253545875301989
0.0069318457138247145
-0.018897992692482962
-0.037975671562332045
0.022671902403056214
0.024346564291378093
0.07467240690753334
-0.00931716232461976
-0.00972640385343376
-0.011017482745997722
0.031147220771800065
0.02856974600005169
0.00016347229957748856
-0.025996029920243077
0.03462148715194847
0.023753340727858428
0.004745273014226606
-0.01985491049679812
-0.05666589450442687
-0.036706722709293024
-0.04204396384762381
-0.0881050994235122
-0.033784249830273824
-0.018577919026313578
-0.024220377937374814
0.0020009613860349665
-0.0120724958193052
0.030949284908998224
0.06314865805763462
0.011207741558632316
-0.06046251309364931
0.029582829690252818
0.0007121959408724812
-0.009981181917513664
-0.012568350690874844
-0.0005265892338497921
