0.028821949826566544
0.01617091813677622
-0.014400890906375023
0.01786929718540997
-0.050206875548956136
0.02665554992918493
-0.0004743562321606327
-0.010092429916465032
-0.00783401944097668
0.022553449884597124
0.054938176522105295
-0.005058567029767099
-0.010273599454305988
-0.03780783660776804
0.0010158772911717708
0.009516929281006234
0.04413268304966724
0.0069325729443531344
0.017986021212743862
0.0727535676929263
0.05572802979404007
0.06529934968164704
0.001136772375716025
0.04163630703384363
0.01649027171252272
-0.03224279777034404
-0.004731128871622022
0.056227750554476534
-0.008917468281477584
0.0510525951916361
0.004846901555691476
0.047997857652026965
-0.03116736817416345
-0.0038480347924890962
0.03149986391430928
-0.026491729716405933
0.02828356408219337
0.004836765357589397
0.012098993432987362
0.01747910071266935
0.09804789203986955
0.022999815519635508
0.038251837075637375
-0.06043040508656816
-0.01095541538785282
0.010648261586406202
-0.012672605440577904
-0.011730998552920587
0.024142297605954724
0.011536465162337858
-0.023398035024395684
-0.0017856198161697407
0.043580039202160886
0.007948227582948967
0.0011206446457622374
-0.06279137763139549
-0.03358718501090605
-0.01640289664256109
0.012645346199015453
-0.002965077004457078
0.02165952918878025
-0.00859107234290194
-0.026138295191688424
-0.053328334115218305
-0.012402208183816881
0.0042179583023181895
-0.004722474974561381
-0.025671995470082518
0.0057084550054896915
0.0008094216893404385
0.004105330461870513
-0.01412260129165012
0.014426501051111719
0.016209977598922825
-0.012352625082342963
0.0008981029395474021
0.020667898676482083
-0.034207900836115857
0.0262397663708854
0.023400825374980866
0.013608978471500612
-0.017954327122203788
-0.015582608039439604
-0.004194336740904752
-0.04185744777420874
0.052725660916178294
-0.02423643776641308
0.011535654518964496
-0.01781638765097619
0.019966651172115654
-0.025647796966904987
0.01698471721051657
0.015760141169356187
0.003391349305550364
0.001929121386455483
0.011692414918632392
-0.01170472790355709
0.0458188728008364
-0.03453395093314579
-0.003983460632770852
0.007030248756423237
0.04870324490092955
0.017912409489557166
0.0026753806577083164
-0.007184241600811851
0.008496746403331142
0.0039034059830298316
0.021088824667675633
0.022820444828665576
0.039436132583135546
-0.05218325330148873
-0.016554023677114813
-0.03287453586656421
-0.05801295926479989
-0.05054103809158878
0.008666948567514383
-0.020148964891900524
0.019782511095495704
0.06532793143803503
0.04664903234725396
0.036930999073124034
0.037052052793632016
0.009750639394108968
0.029258509719446782
-0.014382838893454705
0.02120119094795986
0.007710516337737579
-0.002884142231272792
-0.05993353731514669
0.021832590884582025
0.011288115133209885
-0.03407555333849034
-0.003513711456579383
0.015323034193527844
-0.0200642728730977
-0.011072943564045337
-0.003833027816615234
0.011761736909749701
0.030440624459278764
0.01942352430948856
0.0016154561857665468
0.015421860108518159
0.03910223161298769
0.015766952736230383
0.03313568304431397
0.06933047782775681
0.028532193867435465
-0.05173676407452729
0.03017094572439824
-0.009378092643135579
-0.07050084252365696
0.014034336242663504
0.016441718048216234
0.0037683172325627522
0.004745868695576244
-0.023959499530853676
-0.03546983303019084
0.05285121366123099
0.04931192001916312
-0.03434500203688629
0.024685537125246283
0.00494924722644235
-0.03454260995065848
0.002701900267406028
0.02134388660863506
-0.02649469466118889
0.006105229462655731
-0.0005593456365352742
0.009809111507048943
0.018512201192861743
0.017490955397075302
-0.10101325861733795
0.003953288948236241
0.00808636256104207
0.0009981214917294179
-0.006438779113423803
0.0002616019710935123
0.03589426569163181
-0.00843905740486996
0.031147856241980878
-0.019495073755738387
0.005345246346274041
0.045815094764112274
0.03912767350785741
0.0015072583000797222
0.03144732458175329
0.0029326907689949016
0.046893247756675076
-0.004797156964225814
0.0005911030878170437
0.008826991299575556
-0.03137854852906352
0.028234452107344384
-0.006403094853250791
0.010647631157067175
-0.04299691043309966
-0.005023206680974134
0.0003680838224613779
0.007685173951491375
0.03429647726746259
0.00995511983037451
0.024035442506057852
-0.01518534899379075
0.00036790918532495523
0.04116666875819717
-0.022501656378696822
0.024941028138891333
0.033629855515286515
0.009794162721574337
-0.021597573228501792
0.026936987293393107
0.013503050579311136
-0.02057344433362586
0.01476204717486481
0.02752336013869258
-0.010864916234913743
0.03815082194557048
0.031797358934255025
0.02194253145784325
-0.008888344698063058
-0.033355650068054014
-0.003409236328172738
-0.015096090028656401
0.003968056034898297
-0.0021612176958839655
0.015230731959300943
0.018018290993709316
0.02732995149602811
-0.012887572319827451
-0.0036066149501844
-0.013050532082735449
-9.049426830509863e-05
0.02729645303225022
0.03747402883921485
0.015115222912633477
0.001008970936746592
-0.035633932761796466
0.0004947842588462993
0.0032947569334145985
-0.009537841904766172
-0.046126578600089
0.0060885979992092686
0.01148507382778528
0.007110613263766951
0.009868735569477908
0.03466772970820097
0.04924906946213868
0.010221312606604478
-0.02872235713684263
0.009811385181336847
0.0022169437718439354
0.023572495436943345
0.0475855194001176
-0.010128105276603766
0.003202660249951924
0.008795151978935645
0.020733787094439883
-0.05669318258489956
0.02146921363001268
0.043440238074805626
0.031777126110895955
0.007320800145915043
-0.011866301490263752
0.0020669101054231354
-0.0021307109235620325
0.011072053236851133
-0.029029416416754647
0.016913691010551398
-0.016971547970568043
0.027178864014625798
0.023772615140186887
-0.04060775687041202
0.03242526039719819
0.012829402107724737
0.01000879412117511
0.011519312063218982
0.0023833814773011395
0.024212080923173895
0.006269770162737185
-0.012886211438501858
-0.028203497047103874
0.018856222487949843
0.03738472826636025
-0.026859932070921466
-0.03610724612541039
-0.011200623450216083
0.0657569581393919
-0.013005014455522022
0.021696133591289343
-0.022477503093734214
0.01830994100268089
-0.004420319823631435
-0.01100779701373555
-0.0036218440314384776
-0.03908116215455848
-0.004803188364940111
0.04695599852976594
-0.007163996665071297
0.012133166196636715
0.023158049931345515
-0.03152728702419167
-0.007235134700331444
-0.04601673122884019
-0.014692097920549567
0.02348968424399328
-0.05294917967393106
0.008953309400834386
-0.04355399032372461
0.02125663046864689
0.01728541522879713
0.013150511000183353
-0.004413866750590203
-0.0013879514445292028
0.036644064346742125
0.004302587041466255
-0.008558082980410203
-0.03686271289802685
0.04942213537601268
-0.0030327790073533967
0.036922469413185874
0.008688817221491717
-0.03510222350998668
0.0657043230551426
0.0013846297546128042
0.018185661284711944
-0.01676377770688619
0.0491491764579949
0.00880736613705087
0.02178351217450312
0.01571389004520018
0.02027678372657143
0.029407201306446674
0.007394641119879496
-0.04246174981857746
-0.018123103794695655
0.02049505828219029
0.01164975927157023
0.028496930296734533
0.02665751429014792
0.036499693289340815
-0.05493660499496405
-0.020206720540301374
-0.024403013328144842
0.006414383567776604
-0.02716459424879924
-0.028823490713322082
0.06987509230526928
0.03104158460680566
0.02632145662589542
0.04599652777996546
0.008153760814521516
0.003415157173555291
0.021637179167125025
-0.00017650585054592433
0.01644612065719691
0.020525361360634903
0.004750027992949095
-0.029776129273568798
0.012637703444764694
0.020149073170477576
0.0056264402897574055
0.023261255074987146
-0.015950756817042895
0.0007536504679143656
0.0015401462054065668
0.0011492832203377334
-0.059107217105594405
0.059014421025611496
0.023057963297986123
-0.006113310722223989
0.01576842215113539
0.04826463031286017
-0.0005231641919720965
0.043859515184476734
-0.009849642358135891
-0.033241107897189905
0.01598016003516473
-0.0384659537568074
0.010469597723773132
-0.006664232106977654
0.010142358699935333
-0.05569811889149754
0.018755493638279407
0.05138670335954786
0.0338813305858453
-0.09496247672461591
0.005516630585369605
0.02034724486879372
-0.004890956246504565
0.01340724532087271
0.022402672962526734
0.021116529586565347
0.03085284501722752
-0.034416972146387954
0.039539735019355864
0.017535524014943824
0.014395437716731936
0.040340945937195095
0.01952994442233533
0.022241144171687197
-0.06335144545579384
0.01676522820223417
-0.007251171847388615
0.03885227723951158
-0.015782977114544017
0.00413962806192018
-0.04029474767517982
0.011386409176960276
0.006045283001111102
0.04337496488657105
-0.023270328410217388
-0.03976448018942567
0.03770488038177465
0.029876057778500154
0.0298211780648142
0.06311851736280649
0.07935226499585558
-0.004954836731140197
-0.0014303631518025812
-0.03447706285713266
-0.061762887770879446
0.035798096332569945
-0.0044946238284632
0.0031105667194138886
0.011774075225824276
-0.030644164739563783
-0.020942089243944393
0.03002844314095005
-0.015838387519734598
0.07687692540636792
-0.0453308003862037
0.0213484674296114
-0.009843095409679073
0.009935418336839263
-0.011997558766778466
-0.015110403470548579
-0.02918114008416208
0.007819819326159853
-0.02661354813575397
-0.02269942009610532
-0.04548080053399136
0.03158775647311916
0.015506399259674548
0.02493585052087613
-0.003234469329637396
-0.014246917220759242
0.010655638835495524
0.02875394016880091
0.0017920497862762297
0.06285008438922111
0.024558616309347154
0.03740597714744507
0.0037615082836303087
-0.019011463947614445
0.02540832759859346
0.019193757066185986
0.021388303866829154
0.025880598139984456
0.02915186029562765
-0.022915174948904566
-0.0011026053168520726
-0.018090718842464337
0.006870321369884198
-0.020606994443955994
0.021140712416335746
0.07079700119492584
-0.032533687304034206
0.0008436481926506711
0.005691003412230225
-0.0035675330994866185
-0.01718573093164408
0.04838906802386504
0.04060439701755075
0.0049554420674194945
0.04193554838880135
0.006911088308648577
-0.02421538758799129
0.019118828189222524
-0.01005466448739303
-0.004600688935936187
0.016485310620117988
-0.045397433547783576
-0.0764156624629169
0.02791665466485193
0.033248003080101396
-0.0006181812552306989
-0.0032605009732899664
0.042895309456807015
-0.005449343012403702
0.022717354240612726
0.03033506105153238
0.00043363152375203813
0.01471685499082179
-0.03790907358741224
-0.0017699442354473596
0.04369734464561285
0.011693315592022325
0.013118357954460187
0.02257473283843764
0.001952117843960499
0.008153609683293726
0.010378803588341727
0.07786164222294643
-0.02616091567793405
0.013889272640291895
-0.015542522577819054
-0.010451549813138155
-0.017532255087253645
0.011268903876513749
0.043929539615113575
0.019465593455865446
-0.04208038046536772
0.00871387411600124
0.037481455504432486
-0.011611402523100079
0.016021954654745593
0.006694606634361469
-0.026450055902279754
0.04393941430245619
-0.016508674000854078
-0.01101931688668776
0.032226599101519565
0.039992349446980255
-0.010591716726495696
0.016334850915618256
-0.02804065119332744
-0.019659323352573446
0.02344803115855698
0.00684333156045647
-0.011512085815798285
0.007796696922040809
-0.001435893920871346
0.01621854066807439
0.14219500605393445
0.013979527352581067
0.03084336353614656
0.04446333727985047
-0.020750249434796874
-0.007534217616394449
-0.012640997502910057
0.03373536649660662
0.01951402771356616
0.03121643946359766
-0.012805152807258849
0.009077373554877316
-0.03676713943339222
0.00202558841512091
0.0023758696082655053
-0.027205763968840117
0.04240085372454111
0.008583958030508926
0.05626962664743539
-0.015596121300396724
-0.008197037726565066
0.03835581272883768
0.003507563096068927
-0.041318558761338255
-0.04777492405630579
-0.027640523880996335
0.014816976648474695
-0.019950726047902767
0.01579996241632884
-0.008347005311873778
-0.02378702000017618
0.006017144305211393
0.0076734232994458765
-0.013894153895880773
-0.02840661486820969
0.010038458411217305
-0.0009262782429221329
0.045258230098703896
0.003378904204360396
0.007986778970583579
0.019207167327712067
-0.017439890494069715
0.022001600552120477
0.05173692140121917
0.020452851344471258
-0.0033895745331719625
0.06343040807451675
0.02162826625237342
-0.06454302978137351
-0.019539562416316818
-0.009938673324566943
0.008206360197189748
-0.007940718734993657
-0.0040892866706346885
0.01765778412374721
0.024642412476964932
-0.0029119277092851457
0.00038065257622363314
0.053389862509547754
0.05313325265027427
0.004105415265805381
-0.024535510712687225
0.005835479580384444
-0.015270205425564428
0.009243072344160597
0.005641585811316456
0.03674768655030277
0.0004870153235147835
-0.010297697746626063
0.02474558090494946
0.01216703788065104
0.001969586274463819
-0.024888011652260882
0.015190321315619412
0.020010472356462423
-0.0014793175521253892
0.015052665072316156
0.008979526452539355
-0.00029268600991245986
-0.046587947923651105
-0.001163496176489534
0.01821120822264103
-0.020646936821319867
0.01664100212430474
0.03754350689443849
0.010871249984416728
0.026943587416040072
-0.003157777432059005
0.08712405604120566
0.00788975271586779
0.03603931267375866
0.04298058468003426
-0.003722945795479605
-0.029797464661145048
0.009631559127393007
-0.049921191444647225
0.035941949178563866
0.03933781621658406
0.03346647209355414
0.04637077968341764
0.023937213319688833
-0.006081973267188606
-0.02485955198802473
0.0006572550311015403
0.021004180912051827
-0.021094705999985783
0.015162409959267521
0.013886863046133686
0.02307068884657041
-0.012741355148170616
0.03760949595846897
0.011808541582554913
-0.009261906159283455
0.01821315831529746
0.016305459219833656
0.021876536970478838
0.00567310147343498
-0.011417885834141987
-0.015102049243209528
0.04886902835966621
0.03793870261998749
0.023048582242521272
-0.050594955987402594
0.056949919231447155
0.00477841593145381
0.009463155715070365
-0.043398520836729786
-0.0482902724326439
-0.012577877185577985
-0.032295756842030045
-0.01011573726371756
-0.017461228286490535
-0.004516642793255899
-0.0008558138583018566
0.010756592247558877
0.009926168785923591
0.047827758019131895
-0.05561917668008574
0.018613153257190325
-0.011443711493817926
-0.02101174379407037
-0.010631244266811396
-0.008109796974956864
-0.020774409200469215
-0.023687923501871433
-0.08354845445671519
0.033821897650366535
0.014671489706243922
-0.029976858994294604
-0.0013254635648441136
0.05446106042781177
0.0015864689747062575
-0.02152222710962885
0.03420180110144095
-0.00954144236325253
-0.013771481364674591
0.0013211660641323972
0.009769311212170286
0.024881619843205412
0.050767143495151816
-0.011423164108329536
0.020252777909812298
0.004704825405173331
0.016490826889132202
0.011917509061770692
0.050039827760679625
0.04481370730962714
-0.016806722954654945
-0.010781097860151141
-0.0008159559714263191
-0.03722105731107896
-0.024292320033209507
0.006251836586572472
-0.0012978513816817366
0.001042442111857399
0.0011975019473035562
0.008768139253739643
0.011493937017320521
-0.04504584585862538
-0.028214595002558556
0.023300980573086116
0.03377226815248499
0.04551122156664683
0.02818827811281873
-0.01042021647937673
-0.0023832468279179186
0.017267696776470717
-0.011354351167376934
-0.00112929839110938
0.03510601605804737
-0.05659412350375164
0.013034209594124827
-0.03098671994329011
-0.006351434479137305
0.0981002887353254
0.003621166290897594
0.03388413482324495
0.0029893508768804628
0.013385559726162222
0.037085284042108785
0.016068245301137336
0.028114403277087734
0.010003445574092005
0.014605425387746786
-0.009316955007154189
0.009712588844241992
0.062459948342766615
-0.01789635635174713
0.06189849659048495
-0.0024903807259324365
0.03956778704885311
0.012324037518401667
0.0020969601865434857
-0.001726817251350173
0.003929528394773459
0.0012816620593719325
-0.007241246036287023
-0.0002503582513385096
-0.009280193396296647
-0.00030563764345329476
0.02634816099197351
0.03659966158917756
-0.007414351360412748
0.01843554457325254
0.01972391130983534
0.02163720313263777
0.0031159263591347816
-0.013986240923192854
-0.01851171436251367
0.0531906649299028
-0.004410545386169495
0.0022641371832900657
0.02251617082973876
0.016971623830596725
0.01727651879330165
-0.006039383979162907
0.02903360155970874
-0.006887266974000364
0.04988839472687638
-0.015312633750527434
-0.027984262189958947
0.01010784248770238
0.044859001548908525
-0.009654719243380757
-0.008579684795719614
-0.0022368805002382507
-0.0007474591612715775
-0.0038795654199925
0.040758319863268326
-0.008881907509128751
0.0004165751561274739
0.0626313468012254
0.03399591104285345
-0.02993343103706505
-0.006640145716916173
-0.02167250856865238
0.015457635530731336
-0.00982866761670813
0.008386387723833606
-0.01609821306526121
-0.031251781105997724
0.04089031593849878
0.017618236286466464
0.00037860326193204244
0.001933560661347064
-0.0004115419324377721
-0.04178662638839192
0.009905758947477411
0.024994062842345104
0.060923115256113144
0.03894474541929075
0.02595120181753013
0.03675989888312507
-0.0011473109508227748
-0.05879300945717756
0.00860140865576015
-0.02546475727267676
-0.04350149221107578
-0.03393138445226902
0.034050876030337705
-0.00016423709497308495
-0.03196305638746502
-0.050979771838074055
-0.008602431526178497
-0.008029150483763185
-0.023051161541604463
-0.0029089737915665523
0.007288437055508531
-0.002842846425525968
0.012504571778586472
-0.031003380012335605
0.0018637395565571264
0.020408174844868225
-0.016890231819994786
-3.592596169898282e-05
0.010438474624652227
-0.003448549905461314
0.05686942378800089
0.018749841277738096
-0.009322101484622813
-0.010695087030820788
0.04867001613383628
-0.04456058249404035
0.00735245852253596
0.008698907883208176
0.04379222534606801
0.010339093847850846
0.028541583213387102
-0.005198752290307619
0.038748632464607566
-0.01585058533085697
0.011901580490091499
0.02339254428922155
0.003606682023427343
0.008364534295401432
0.005324736537032592
0.03464875439286111
0.04785002262187979
0.026682489159245693
0.006277218640684148
0.02365196730368772
0.01570050541980823
-0.0017600692147397546
0.028250984398093308
0.0024880841139747747
0.010537212497112756
0.040528523966308114
-0.029340586161109516
0.02659185309272254
0.010274980155238034
0.04695485594229221
0.003974765854899898
0.016067623268413215
0.00022640413286932718
0.03995838604112592
-0.018806317799642733
0.009222470171571844
-0.04154273368817405
-0.0064093517752475985
0.003749227117908053
-0.024711084848142117
-0.028192953523070732
-0.07216707155478805
0.02977593273591579
-0.013992614672799738
0.010477742461640842
0.0036785750085587578
-0.02178936348934896
0.0208239068384428
-0.020154385300492895
-0.008441366570585208
0.027040766640098704
-0.05372962147780658
-0.018677143889097237
0.024121891634519662
0.03887914583057824
0.02843338999419567
0.07366885776777916
-0.07394968498202309
0.008036493892748398
-0.021485874416602338
-0.011587917083117768
-0.008924070400057877
-0.0021370118633654675
-0.015883228419191955
0.005522890158842652
0.0014915523869513737
0.02576287320994904
-0.02698495013604298
0.0008720416069576031
0.005313793762453168
0.028507679815453095
0.015316440732795266
0.022751002535967846
0.016053754534570405
0.030218421591802682
-0.032213287124049375
0.006389748773214302
0.028013866186197976
-0.006782720507099913
0.057547727557869695
-0.033195928472156994
-0.03824487992529255
0.03759737589915384
0.006316458715166539
0.045520142032025805
0.009319573821191975
0.017702219744966472
-0.037033996408057074
-0.014950434104855222
0.0631376003288648
0.05202364681783384
-0.0050771295961355226
-0.020973913225590834
-0.010109056788480977
-0.016698252492230406
0.0057309751643828555
0.08593138984434176
0.0160943819169149
0.017576103873605697
0.02932290922154688
0.0686166344447841
0.03713939557252519
0.01722026917717326
-0.036086397372721214
0.007850729851924755
0.020081638856013998
0.04671500276726983
0.015335952169302312
-0.03221414810672401
0.040055109031428865
-0.027072524717336257
0.020614711185069655
0.03813038610990675
0.009664103160886672
0.02202042170572967
0.048141120463530064
0.045230574474400986
0.0030273892742311024
-0.028190242173169268
-0.0012129318257365505
0.01603780255534758
0.01965857041828734
-0.039077927280188225
0.00679450249351212
0.027023315651521412
-0.02573236419500005
0.1250264567103963
-0.003473797988268949
0.01175356530079958
0.03169981172493365
-0.023146695825620667
0.02722424684303795
-0.004618771625226275
0.0038708976269790168
0.022374374118202405
0.05833005868170559
-0.005017331951455096
-0.05563976411836253
0.005268185979342001
-0.012564705947165838
0.002931199008258332
0.010625055796711101
-0.013656427095925388
-0.04518669201295836
0.04977083792016494
0.01231909620821233
0.014930886889758726
0.020232319795403665
-0.013853023963699092
-0.020299873725719692
0.018841505157138887
-0.0036278904266453223
0.033101316897642466
0.002672474644777186
0.0097200841901139
0.000554878987661761
0.03668336401417642
0.02693986038229435
-0.05941335955909939
0.04988159550138179
0.05321977545899596
0.013500597648853542
0.030541609400190874
0.000474895736905735
-0.01150099599173125
0.018169227021058228
0.03725080573860212
0.03082573594710185
0.03526808816171229
-0.017719540802835027
0.02374110942254016
0.01103987951500914
0.000979974460895343
0.02261315620287469
0.0028317611038730078
0.015793905096580227
-0.011431203458721248
0.08188093414360975
0.027661072246331023
-0.019547788396757335
-0.012972000081440938
-0.00300505628347979
0.02381982193502157
-0.005973020084493588
0.019504152435790845
0.028609740469250602
-0.033153855161159436
0.0017515114033296963
0.020914556999563447
-0.028925628474297745
0.02391671862988441
-0.027448828329599717
-0.021177601337301857
0.0005455498673281993
-0.017359712158924446
-0.01351544436712785
0.006725151452320897
0.032727349135187676
0.0010708353833915982
0.036295411796345045
-0.0030157771993355124
0.029414691219645055
0.02422939127588886
0.03380723262553254
-0.005076960948712418
0.017640979137648286
-0.0676137288876781
0.010600533758210753
-0.03225608246509207
0.029656445915142608
-0.020236901410707227
-0.00880923695773865
0.031758196765761845
-0.002332458451740455
0.02197131256189331
-0.00925146820193499
-0.003570374752383368
0.09390829996949675
0.01924694590451553
0.017899585322902853
-0.034358710013729914
-0.010233950765094065
-0.013565261161463086
-0.014128925657597343
-0.01044706660105148
0.025489800162390424
0.016104963473309534
0.02312643637467941
-0.003127952142627177
-0.04745341016299838
0.03706877821953595
-0.022879761078655962
-0.007291644364858146
-0.01191536053884035
0.009022296899827984
-0.031866548892104635
-0.015634576396829126
0.023370284379721277
0.025709072961520436
-0.0815122528072498
0.031078813084231584
-0.007327071096245083
-0.01643399171435332
0.015277151461281557
0.011305712202548873
-0.02515297625565432
-0.0024419759319187686
-0.005954025468307228
-0.013539109664715047
-0.025413831174292863
0.016220096764783146
0.022513060892563556
0.0045772695706474634
-0.013882583672090162
0.06665595144968228
-0.0006482642999497946
-0.0277713898678532
-0.02557177041103911
-0.023502285553752136
0.03265140367425905
-0.008694861863391917
-0.022566463042165807
-0.004713920389622055
0.026293962811871675
0.014372428774761848
0.007799008123480642
-0.005693136259513817
0.02665381777821085
0.0004694855659010821
0.03288282555130957
0.009175420519333509
-0.0395838930107804
-0.002046056879724213
0.03325227757984433
0.022455294301431332
0.04333647468052138
-0.022467819500750906
0.03935915730198051
-0.007163187697618972
0.01812088679300744
-0.008751392676968948
-0.019795535787988667
0.014964186054001998
0.00976320378964339
0.06913095132872699
0.023001341343382272
-0.041977249127861764
0.003032226979338402
-0.010959208873690486
0.004429291316500965
-0.03750884910772052
-0.015939509901318857
-0.007163866178150674
-0.0023631498410095634
-0.015236501289396904
-0.0071675689031227875
-0.002700863466719601
-0.007862464866767166
0.019026288669732196
-0.01610315251630303
0.014271548304370048
0.012535203112690355
0.019717106468969972
-0.014629786486841564
0.00900402775735835
-0.006847676736037572
0.08284411116871325
0.028212480427940913
0.014401275465513494
0.0507905626066618
0.0022478872183691097
-0.00485923912943642
0.10368321654847686
0.00526797396568141
-0.0330984916289462
0.04161115124061289
-0.011094988911553626
0.01644934660194833
0.009392473509698717
0.01450799453972556
-0.009949218955860819
0.03623036647572901
-0.04032182871124133
0.006025829696182843
-0.018200435360095923
-0.001873830447884104
0.020576427428730774
0.006552893569706699
-0.009497444995178713
-0.008457512042024716
0.016900186901602127
-0.011950114892128492
-0.014730195917920625
0.07885230027832624
0.019933233682046823
0.024613253759056385
-0.023937995613762125
0.00909955794223794
0.009359798666467998
-0.014001299321919526
-0.03417866491832819
0.06136549305759126
-0.004363160237593392
0.0033670344890960415
-0.006903034078799038
0.027551296929308015
-0.010460984121590902
-0.0004317116608910543
0.07433889836156277
-0.014746112454141765
-0.017834501259649548
-0.022221547346357243
-0.06726559520749986
-0.002069505080419149
-0.002513995718302415
0.013607500946240206
0.006650419694296929
-0.00029994063781780986
-0.0019123333142788436
0.0031357541138658245
0.007507770796570686
-0.01676387661841961
-0.016153276176990226
-0.007557863525976996
0.07477664561246533
0.019243404058674793
0.04270761919440682
0.011531383512385482
0.006874161442738456
-0.05817253053486522
