-0.0015062693650947825
0.03809744555985426
-0.004349016468607634
-0.012812643002528636
-0.0160860687912991
0.04641628887189311
0.0028014792496704392
-0.01980146840699708
-0.03311999887464774
0.015654761494083645
-0.04785842104728546
0.08384375125684601
0.0116005140608861
0.019438069790352074
-0.05664707761117261
0.0038523802086977174
0.011961632287807365
0.009683072654456285
0.03486761253492586
-0.057623125444566624
0.0007866442693236515
0.03232566826451766
0.023370600692602325
0.006480434021633354
0.004393708892180167
-0.0012197471498213482
0.03307378602502418
-0.0003248692637120278
-0.005801068142571939
0.00812901582865739
-0.0527057970469159
-0.051346647434089246
0.019259631041037912
-0.014333656089041321
0.027092585183717276
-0.03345550365322012
-0.00831584135879768
0.08072466725409713
0.013741745885203977
0.04689708336941939
0.031213607123960655
0.014381531536693734
-0.011473879487189545
0.023806443611778895
-0.0037908938411425194
-0.0003239677687774083
-0.04274819507682015
-3.2410461571690404e-05
0.008997204761434582
-0.0059992062176753395
-0.013814111698546929
-0.037479298562198796
0.0123410627370513
0.025430226473160247
0.013868233049270267
0.02398836935493861
0.014264996078032062
-0.02500757029426199
0.026168620721387502
-0.011409974744615876
0.016505735614867963
-0.06145683989971739
0.010686899091537359
-0.03288468719409803
-0.009621327209898625
-0.016301881084492452
-0.010329693545801004
0.017324453157499285
-0.01086701067833688
0.007365922051103096
0.016896731654229287
0.031023802085106713
0.04409731439785234
0.03450445711514085
0.039415670789746164
-0.0031783506397984485
-0.03947721580559364
-0.026778042340561983
-0.007688619370030528
-0.013472576911658856
0.0071308983085149
0.007029898645212255
-0.007084126124816366
0.024865105423597753
0.00792142980285529
0.016194664142274044
-0.010948943684921678
0.025463189739783232
0.020583827240266642
0.016717115200122406
0.008283238159734207
0.007507711114854216
0.030757671578395606
0.005550553388180469
0.02195222669660456
-0.04381082872462657
0.013981393665277324
-0.005765449884118964
-0.0025688224156112495
0.0002599722298986879
-0.01080001371417048
0.0042570563309763335
0.012990228544183476
-0.023094550901686065
0.011383566341085274
0.03355396021764561
-0.0055043804027157
0.004416147490716639
-0.007449433587717349
0.016619478548783817
-0.003746297463260432
0.0057685396820164134
0.00726574369837259
0.0011500511631838285
0.023995004990930154
0.014640931245264572
-0.03207716912885394
0.01770620270207658
0.01739721741723137
0.009274876082089307
-0.0069028409847217516
0.04023079357079374
0.014453702474271087
0.013715912845461907
0.0013131482332242202
0.045998700716217075
-0.007768346069597713
-0.0033952875516049794
-0.022952540511080637
0.022322837422106837
-0.018372636741881686
0.05788359154497654
-0.030901330754275487
0.010320238935550214
-0.0006136433429120648
-0.021375369391215465
0.00840387202352287
-0.04296171417817986
-0.001294888698102393
0.01578486236920907
0.030394579431507442
-0.004216668271916765
-0.011106615058375178
-0.002432130572287954
-0.04305136691079543
-0.024726498133215567
-0.051425452253390895
0.029360945953741963
0.03342801384595769
-0.019494720474548328
-0.01277887979943268
-0.02628909202176938
-0.008983081515354667
-0.01824866106060196
0.0030552552947215425
0.03457710932528847
0.033346444486613974
-0.011988026852192152
0.022593232022630635
-0.004944938935269292
-0.0036441439396814506
-0.01951539008313474
0.050735032209905606
-0.012251902831344212
-0.008139665016680469
-0.018325840489603118
-0.006340352179992918
0.011901982684096693
0.009954623765870283
-0.00789791535531792
-0.027159599595200007
0.03724382752447694
0.021421508340632826
-0.001031418952305413
-0.006314304545689743
0.01865715447621145
-0.006860311216219601
0.027118594488930933
0.04049163767212064
-0.05207360029050071
-0.01199375217765503
0.01881124885753251
0.0039141461632359285
0.0037056496581150747
0.011925109046380283
-0.005963599871897213
0.01665483437901492
-0.04441157877168328
0.023818274305946078
-0.04745518725200686
0.05542809965509615
-0.030593031340362647
0.0038641156597905364
0.006472527260788972
0.03196465106542011
-0.04562054982733944
0.050449536655950054
0.029821792616461243
0.060493667611067274
0.006376901045089305
-0.014643482410628659
0.004740289506979083
0.03488038448295705
-0.03268166169924441
-0.000997502806184642
0.0015321194055532678
0.014103766226773402
0.035890296279770625
0.051897525581663856
0.008267980211929872
-0.010510001086081562
-0.008989937918784026
-0.0012500015098312002
0.012917224723075051
-0.011910210373689388
-6.56594236972283e-05
0.010454968083097618
-0.01262305889538335
-0.053226840143112686
0.029751487906395545
0.06248085754173924
-0.028053264929371647
-0.001990653483825962
-0.019941926332366314
-0.0031912168549961526
-0.013872589718756418
-0.00638633016050706
0.007416268707032704
-0.009538818759836231
0.018242362561661885
0.022912387895608333
-0.010809071400056209
0.03344674367383461
0.0038925066501996224
-0.009569416545805948
0.020245736804317523
-0.04957271138602107
-0.03637503689122737
0.023433967524845025
0.008873819013061163
-0.05250996328385669
-0.02589735130686056
-0.006153695796078885
0.023150637656166748
0.042828105057599715
0.07706745953610955
0.025051998897811543
0.006549216201697194
-0.04468509483710309
-0.008786564428457608
0.013869525131609602
0.01675850667392637
-0.02142391107057493
0.009797553543081587
0.017384757979859444
-0.0171335303602385
0.04032422288856949
-0.031397978462891205
-0.018115462061821956
-0.008984538710365926
0.0615679608297386
-0.017291005395572424
-0.00547077272347921
0.009093808680250821
0.0025640503079506294
0.009111658180231725
0.02595141224280065
0.04118947380082801
0.030299851236704492
-0.0023337412728579063
0.041495690396362896
0.0758453429632729
0.017996932886545112
-0.023576080719722642
0.007880690602037516
0.06384277672708345
0.04589905218432665
0.031127014330893443
0.02736772996118666
0.004366027661456675
0.01716230384503162
0.013979893919524434
0.014718054668623713
-0.017624800699704977
-0.025209160291401644
0.024656735448168383
-0.0037854099405441877
0.0227040667318478
-0.013193342110080492
0.02603505099809745
0.002183572816358939
-0.006819254104723712
0.024476536975693502
-0.027136064224282153
-0.030003814302096272
0.03052290683702289
0.0003415255843457923
-0.04462843608974001
0.006027267863585741
0.016464239082341865
-0.020463661964262456
-0.022264164098071616
0.027798710774756038
0.0142647468260557
0.02948382356985991
0.048598290397339663
0.0016909312995257615
0.02792627502185257
-0.0025171847530855106
0.025118217392912354
-0.007215561553490866
-0.011848994311578617
0.018307200091639494
-0.03873139966228899
-0.005336253463634413
-0.01067392871638741
-0.009828006733778023
0.035364494247568184
0.0024851183022795566
0.031285377614406265
-0.021860346314247832
0.02756600383714425
-0.04272792379072981
-0.008772717207676549
0.017212835012339202
-0.0662976891925568
0.011453088160300882
0.0012709744759369554
0.06350363681699009
0.09529688223166476
-0.016768957924215275
-0.023715738264351943
0.012189067224318912
-0.04015298226459218
0.024681684977963796
-0.0072848091408227785
0.004138416658516897
0.025878523066467016
-0.02715349338356665
0.004280406672005765
-0.04181767407554314
0.008950408771838041
-0.02450204396589745
0.03003885693090069
0.007924377371703397
0.06700643335946926
0.005063047404068354
-0.004028141792688921
0.04481431490252254
-0.008842795552322888
-0.03132120832652056
0.01796176829137591
0.009831821535659025
-0.018976455314923705
0.014536949029507694
-0.01609604941452092
0.004357046375941756
0.00494138654460587
0.008318435090417794
-0.003616603052509156
0.037734386280787
0.010126148230105957
-0.011700047463976262
-0.03516225118668056
0.048074675411883185
0.018139102861290918
-0.01304340511913226
0.033813135749091144
-0.02076918845776028
-0.014985166132904149
0.026905536197986753
-0.028656483909379915
-0.0624938255509055
-0.025219350734535663
0.024530344722209708
-0.007918055848360937
-0.028122198934374645
0.027835597193773234
0.023018286790631854
0.0028653874647964032
-0.014708043935087393
-0.03217860210641344
-0.030220441565601983
0.04326562712876968
0.024733648947780844
-0.05642286879486496
0.010666747429195355
-0.013701549432635629
0.018031237335414656
0.016063845196873636
-0.02639361069622019
0.05131635053303844
-0.03866665693337259
-0.0575400503917342
0.009664822216261491
0.01807975928800994
-0.0005906769592923614
0.020269528798317213
-0.03825933872859569
-0.008940074993613961
-0.009244421039070746
0.010350704744166139
0.036664208198145615
-0.03927039731465876
-0.015354172399238909
0.008370467457630195
0.01823411523743583
0.021941163225931395
-0.012184106128583195
0.07025782315297457
0.006841323535337601
-0.0015282880098854439
-0.057555078986652734
-0.013865518789188317
0.004460643067584354
-0.05086545897597311
0.004123239798266151
-0.03004301749614052
0.012571049710711577
-0.02818395792566941
0.011756227848089478
-0.0480542987785745
-0.0003257869424586087
0.00045498555007803215
-0.008804425724218077
-0.001946940302045949
-0.012179889021815878
-0.009372928175289777
-0.001472677301036308
-0.0399672857327106
0.05959583080265325
-0.044775494678957035
0.01300961045329507
0.016703029008088427
0.01236272102450586
-0.03414795700847424
-0.053841076506839
0.003917130970247429
-0.035303433954395495
0.02076470228390969
0.001863889561879195
-0.029137353208308906
0.030187081160796526
-0.02380989848106503
0.01839440630557622
0.021085689699188795
0.0038733970509082128
0.023650390053749772
-0.010371508845311031
-0.027417305679038093
-0.023479630501990166
-0.006779935465978715
0.03257019768364714
-0.04143471884828929
0.00720509498878785
-0.011025946377241002
0.005133022950921792
0.07046533419273604
-0.0291539142369058
-0.01108521577496356
0.034453737629463625
0.02538053804943172
0.003591058048680888
-0.024839169686751292
0.015414382226494229
0.01452399902723384
0.00457033003989492
0.015915037162725548
-0.01081352463843517
-0.03459286707945503
0.05324310748926897
0.04238939507700236
-0.0027833818070749344
0.03870789118443384
-0.018654189138726452
-0.042416592421477155
-0.023128339276918944
-0.024970768321290623
-0.06811742707442867
0.037652380528642206
-0.013693048119940222
0.02084139583795994
0.03935641667374771
-0.01886232122919356
-0.09971367038629585
0.017987883029736175
-0.027309953332364408
0.01872623239701201
-0.014245810663195425
0.01286644346513607
-0.034650105105079036
0.02072239204375207
0.035607692410611874
0.027177195516345044
0.010470322836066382
-0.05200724235521982
0.005233691828196671
0.024753069045065506
-0.032036044762619814
-0.02322725587447244
0.02235908044476937
-0.04055601081556598
-0.0628924372894175
0.023182508692741115
-0.03530404510119499
-0.014386282819507478
0.03809150939706712
0.01724128700396273
0.05160201867621405
-0.033182464463575784
-0.0006203172556999067
-0.004433047174460583
-0.017651298090065298
0.011794473294481937
0.021650724000088044
0.008361178666754607
0.07347526808302549
-0.05239008505413493
0.004732165521608218
-0.007235557127601996
0.05913525959984074
0.013880131241998843
0.03721736554347028
-0.003956727554455349
-0.013563165066114519
-0.03219896752835351
-0.06141993977376164
-0.03022601124683898
-0.02207399479181054
0.01362637910299903
-0.02106551136316062
0.0315347717512022
-0.07768871248529491
0.0442160385888827
0.01675678378454969
0.0031548260720068266
-0.03707282177614133
-0.008712230033611351
0.00718232713609732
0.019050902476395768
0.09766450893085042
-0.00387219131872605
-0.02819447640415556
0.04692381074413784
-0.005007958070098108
0.023508285782094396
0.00943623099714934
0.00350229261401862
-0.017788702713096547
-0.037090061242851774
-0.011701672527961272
-0.035832454849543345
0.027385138818964816
-0.016488754552565495
0.024393011449225805
-0.017613441526202707
-0.04653159294467891
0.024179777790983605
0.03269354068620457
-0.0057748841267672504
-0.015033270650825582
0.04523658267326231
-0.014560514111043572
0.030283362957578806
0.04611094216737254
-0.018244732253520947
0.006206127357226109
-0.03892207356854331
-0.02616442376727853
0.01543597665836069
0.0054327647013780915
-0.03748960763935205
0.026337782096147032
0.015547746671665323
0.01744578230637528
-0.006730977474779954
0.062287257044973905
0.0015522825748277035
0.020774609928594395
0.02355735566586788
0.009466223523925614
-0.018367524772742522
0.02168800251846063
0.005059909571892261
0.0066442044133237736
0.0009284432801038234
-4.7369334346467294e-05
0.018818437933991405
0.001528176786982004
0.02165959952809766
0.0071596077228868
0.0032514142186459917
-0.05526195591855344
-0.0048465463063227625
-0.01234304441430666
0.014202755481128345
0.004037914419970875
0.009686809492681227
0.012579161539934052
-0.006078621267307659
0.00488813034501421
0.020370263569821103
-0.018378661157366815
-0.01670287440011626
0.022587494174721025
0.0015088171748630322
-0.014201975958584447
0.033431802951290855
0.031919367763728626
-0.005213253975669183
0.021207631171670203
-0.00669508641543849
-0.018429234468809355
0.03964900450904044
0.023027759657603904
0.03254749749467433
0.052941750611479245
0.04574725852390506
-0.009760313095062692
-0.029593851848869483
-0.007898220847738053
-0.04212044271029224
-0.023584491787849358
0.008573367194725628
0.04198648117799447
0.044029767911349584
-0.04761652185162293
0.021644138999066555
0.018912442939255723
0.03127383072626174
-0.005502488531165828
-0.02373817106139264
0.06097944981553955
-0.04992236738512579
-0.005551885291558874
0.01489588833235905
0.010871306189003633
0.01720922723102378
0.05324029328938978
-0.0021276428641391894
-0.013347899088517504
-0.06450743427320085
0.01897636210157711
0.034792633151355286
0.009591934443793236
-0.02222387105591171
0.031575198120071785
0.004351379300369408
0.0026422312816623368
-0.013557767276356342
0.013809296984252071
0.05486018484777119
-0.02456613327974676
0.006924929062933413
-0.013269716066449654
0.01438760753005381
0.05161429393385705
-0.004672913090480687
-0.03610793477183779
0.00024065623687639183
-0.003412935085725671
-0.005497475095579441
-0.010458981170305052
0.03971365230168861
0.05809985404284752
-0.038474916579262726
0.01177441102635281
-0.023438458377434992
-0.0004994296294156116
-0.03790727341670943
-0.015354042117849392
-0.01474399760519293
0.005410497990553807
0.08953683435243381
0.04433343078231557
-0.03388846961121474
-0.015360255088655624
-0.028603790304129604
-0.03944031389300484
-0.017973233553939937
-0.04633462573350171
0.012756919129654746
-0.032776684563397177
0.0004186940892996051
0.01657168034895315
-0.020202111344529577
0.016190333404462538
-0.040897860289109106
0.02394185806808688
-0.02787939853928411
0.010977428466488096
-0.006988770014283549
-0.01684248915384071
0.01173912575098091
0.00539359745174721
0.026222981123508793
0.021604895622848362
-0.052084152349397395
0.011736361851847727
0.027551526197721738
-0.06111086607504089
0.012958322489119717
-0.03615750233267432
0.012071812964879981
0.04971055650962751
-0.002496005155224949
-0.03489205470061129
-0.016783294116428305
0.04414357043961697
0.040026846841065104
0.038194284928651505
-0.009406689851226037
-0.0006187777071954523
0.02727634725006126
0.02898911685020888
-0.042456612843657475
0.023714422698870256
0.037177647386849484
-0.01052149231697622
-0.05540357949760911
0.004804164271483057
0.020470090189720708
-0.014464346171183222
0.03811115034088468
-0.010264556615817039
-0.03308531330986199
-0.07268105400925856
0.016358229274063114
-0.019370481633753395
0.0047390895393388775
0.025852600741570673
0.03867752280912458
-0.004422233718602403
-0.009224731510688571
0.016536960932294162
0.009443773683286742
0.033190286904781575
-0.011143172631314832
-0.003467182980851497
0.02776644431960832
0.0073473966290773995
-0.05236737884730276
0.0060680623871436174
0.012026353266693822
-0.02821211718181332
-0.013549314302644184
0.034611830578773886
-0.00983073734673607
-0.032771042882923374
-0.021736920036557743
0.030859627960751982
-0.023684309978990396
0.005390643296899222
0.007149107317828458
-0.06260303006392734
-0.006111826395846314
0.02905389299616797
-0.07148153834553057
0.02948362020963298
-0.013772391845217039
-0.03053947103374544
0.009380499501936852
0.010042812953980828
0.03519239055529655
-0.02840357416221466
0.03529900394973143
0.02511516233355655
0.009568847779699394
-0.04434750036338405
-0.10027044962121119
0.010291030645559621
0.019771700667343323
-0.0032971389134192446
0.04086634164843036
0.022795340320415903
-0.02048881781133776
0.012251359858796837
0.0013093064179661123
-0.007458918171129486
-0.015351652927203432
0.04084638142747796
-0.009129483541757721
0.010325676335320312
-0.024100617541818335
0.021981238063033925
-0.003889301914167546
0.04032197330431669
0.011111505722863377
-0.03059915223313324
-0.024519362238081172
-0.020254795486020147
-0.03456823376709561
-0.02463225558359852
-0.006803108453074693
0.06224202559163419
0.004496732865515167
-0.014112017693656975
-0.05763878748272532
-0.024439094705739586
0.04453460417176687
0.00423371655796091
-0.032369691043636434
-0.042846897450348795
0.0011189842863814617
0.003584400239360685
0.009444879142869301
-0.005723585174071478
-0.0004583843886457536
-0.01817514721105792
-0.03868184291636325
0.03923578440239607
-0.004451320753087081
0.016174769564903643
-0.008509764520861928
0.0017394143120782579
-0.018260554646191907
0.04013894737162276
-0.03145458752932502
-0.05430736103225899
-0.002010388250430518
-0.021628948239465595
-0.027920162808867718
0.007812595871113423
-0.020003221098250593
0.017202643071005212
0.005290786954356951
-0.08885115039780346
0.003235829160954998
0.03996160032929341
-0.028302945583293795
-0.024813638742520915
0.019321819940284403
-0.01576711053045577
-0.012350291613071735
-0.005611022800580601
0.011672547277313546
-0.020992306625911433
-0.001965284091184971
0.03650496087830809
-0.0036294932590116035
-0.014288216171761722
0.016312322369338484
-0.018884913526050612
-0.01402890628689987
0.010430758584093355
-0.004885991474188522
0.041557744858474445
0.0134578237112583
0.02351498775166406
0.005773074492041254
-0.003589690040481185
-0.03605890983018376
-0.01282531528581634
0.024977652221467264
0.032488379415089357
-0.009172921488007097
0.025700569150270403
0.009578542034315476
-0.01416924250997318
0.04511505670780998
0.03078690517651009
-0.033765486863014206
0.04098909076772065
0.0012972384076189467
0.06752165758828158
0.042820154741156136
0.07400730411769862
-0.025247369184660973
0.014821753042001498
-0.03285706155954261
-0.004032584421216312
-0.0066943074684655155
-0.048315602515765395
0.0070437172665167025
0.09142230389939526
0.0007385255344396947
-0.01794135748687196
-0.022320406701227327
0.025816683724033024
0.09400039808354371
0.005358300883207574
-0.06503546102014399
0.04891294525695978
0.015037586028292527
0.013925899697705139
0.004734827769307929
-0.0021257744662133648
0.015534130200496472
0.027955497389256904
-0.029373147288762037
-0.04634953802662847
0.0041988298969862095
0.011194482167331488
-0.018376758460588033
0.015007534249484719
-0.02574344767608926
0.00847750312578534
-0.03526023911818611
-0.0031371467953497005
0.003241298107657782
-0.009832425261869086
-0.004534144053596945
-0.09923970142563576
0.0526201339198111
-0.030201307185598842
-0.009270956653780808
0.018740018393847886
0.007119592375251445
0.004412282579814773
0.03882191295366359
-0.04995171486058362
-0.0010761494539297575
-0.02023272210158199
0.002096708885508168
-0.0062652600459454375
0.03757692239388511
0.018332162580788007
-0.03895489399036691
-0.016954946112310333
0.00945044084132782
0.04966512985747671
-0.08180457142170203
-0.030445046457791766
0.03498348067495625
0.03211705465926171
-0.005822790753858209
-0.027633883594287117
-0.04204292819610263
-0.014848232398923293
0.007623458825112531
0.04661261795479239
0.021052297413105957
-0.057627970932418456
0.04164597800107383
0.027374492893749353
-0.03559233875814749
0.024019113841579762
-0.05521506656634531
0.01691094369692717
0.04942739564877813
0.026933080219542247
-0.01565560409267722
0.024611693650095055
-0.02116903740653488
-0.020819898131578928
-0.022679284236928186
-0.03306756982510565
0.028593618813129676
-0.012605991434813134
0.0819590418008043
-0.019651517168790978
0.02759416637006136
0.020930618905140135
-0.0009770235938931602
0.011819867880532162
-0.002183558175841876
0.007692480608957132
0.03967549160642714
-0.017512165741926423
0.03216288270104369
0.022009740896014363
0.02138586207298699
-0.013188861238200926
-0.0668852011468995
-0.0013988711216514627
0.013607689366879656
0.05025025873483812
-0.013855778928272253
0.01463735417791889
-0.01681168092675513
0.031755877549968684
-0.039615227494104004
-0.006290099137758022
-0.004380278655170988
-0.002338178299458622
0.0002561544554785045
-0.029937560072493697
0.014915478492907835
-0.0075090770811474285
0.0011457904518174817
0.03872890647060446
-0.010324575694790289
-0.04194607830395309
-0.0031095151468329796
0.007681669727374201
0.01737993075393202
0.03474027201962674
0.05807075115827909
-0.012905022470338557
0.015404050820825133
0.023793836600831147
-0.0025697020648745086
0.041827294449673987
-0.020664286977565213
0.019187434634067052
-8.033772989802252e-05
0.03776326752274726
0.009975428523587234
0.06822133605267129
0.010986259640431598
0.03041909531321303
-0.012511885316236074
-0.042567049351441455
0.01876930289932603
0.006995330981293934
-0.033188206382587036
-0.02903833564534206
0.020498838881480182
0.013290064610269986
0.0216226150939063
0.006623891049746381
0.005268542709590534
0.0027559772751631108
0.0036760419279215327
-0.004935834425531386
-0.07059550914488777
0.005477813036452691
0.00811320257213251
0.0032006099128335814
-0.01628284766134485
-0.006486490214266773
0.018412788947457657
0.017155451259430323
-0.013743393182388403
-0.023685950661540316
0.008446803708615813
-0.007677776694821106
-0.024056429300650967
-0.04358980461733257
0.010926828598636203
0.015077322701817766
-0.0011593415944668956
-0.036093537230950254
-0.02600757174113657
-0.01365528538767068
0.052761266361132236
0.005691349188659223
0.027116539773615566
-0.014643440691177373
0.0033914953456726854
0.009321044394980464
0.03995493121027368
0.025431440671725876
-0.04031661174815452
0.03371785746482028
0.01940057046112118
-0.042268983230690116
-0.006924920568178058
-0.012947939564345543
0.01055584309379044
0.039784977145916826
-0.003942887145388439
-0.01290394052619327
0.028665803233595542
-0.011581858604829883
-0.0020120518875074256
0.007893664955522468
0.04631607813596178
0.0065639779265899475
-0.01231862423190023
0.02463868226444515
0.0036188554471185165
-0.05605482449062214
0.008024637057278414
-0.03563547042374747
-0.02495502994845513
-0.05250594526269251
0.01652208267411573
0.006610805684010249
0.02741605736366978
0.053782671647165915
0.0178494018206748
-0.024733504654386465
0.008732158470793725
-0.003718281068099531
-0.010116053487549232
0.026973912620342582
0.08710598031815321
0.02688536114572335
0.025942354923822596
-0.004211358316260324
0.03536681606416055
0.038580840262822665
0.032727502357122906
-0.0005117756648021601
0.016355318742193706
-0.012933469817544452
-0.0014224309686327254
-0.011390334843097275
-0.03331233969962725
0.00767436002507271
-0.00841104328170942
-0.025839867496491246
0.0194555616164265
-0.04547929494060996
0.011238995546072146
-0.03458531903080082
0.020724075965982247
0.06417892491435329
0.04682439068968975
0.007175638969686828
-0.050577452272129966
-0.010468652053024073
0.03924466404435622
-0.04141565313830441
0.03265945960803283
-0.017851017280003628
0.02652821147241992
-0.009879025204781173
-0.06832533262908208
-0.036703679334308265
-0.02396011727773999
-0.0056308756733626794
-0.012303861871876482
-0.029775795457459175
0.057386647609882234
-0.024395985841517923
0.04007539170654906
-0.017676870789718625
0.014634357791531638
-0.018814752169563267
0.009672537281793124
0.028290139155896246
-0.025154394367829964
0.013186305384862282
0.026836553207053544
-0.006013642559493659
-0.027571751626922915
0.02557877358924527
-0.01730229654774952
0.023946228787227245
0.012879072020146142
0.018209097124333773
0.020457807670258323
-0.023076618742634263
0.03924166654061802
-0.002888848965590842
-0.02102401978010458
0.027692328385573936
0.005898714185392194
-0.014605553125568384
0.02337096983109404
-0.01299561060871211
0.01178420335900469
-0.01231695306183472
-0.005238070444100894
-0.029850565542404388
-0.007109374651102584
0.008468552673950408
-0.008001252210668794
0.006478907173150235
-0.012352936523442456
0.015831725121938197
-0.023966550323972192
-0.013634104155767657
-0.030070977412087984
0.01397099343363006
0.00409004745550926
-0.018840279561860435
0.004935235570734707
-0.010589117937725706
-0.026570658212167145
0.011410955237366807
0.023771968188699776
0.01829413819441475
-0.0612538177385922
0.017953242144556347
-0.011568977749089044
0.003950589492709053
0.03883644135137907
-0.0377713119167629
0.03966345264499243
-0.02446783324371569
-0.014497439704696241
0.09237362583274304
0.044594010735802596
-0.01425597623206998
0.02936528656084227
0.027360118861231866
0.012281319204582771
-0.004318062304422094
0.03827793131820797
0.021278665438166908
-0.035324081631421936
0.004639958897274071
-0.011034759040073066
0.0525042478215365
-0.023131700691736687
-0.007340875571188036
-0.01846218599006728
-6.28387493337176e-06
-0.026728520984572936
0.012087742364755237
0.00669805564274335
-0.03519628272188511
0.03169103986527596
0.007247854084464711
0.0037046521066511785
0.0011884984564280788
0.009440137415696336
0.0009943186294772929
0.04167439553682855
-0.05441315762011578
-0.011658511175399358
