-0.008311399450981902
0.002094747374435899
0.039912857225244715
-0.038596995991231224
0.008077754781693132
-0.007199778033594291
-0.004279182517634744
-0.004079302339046217
0.025133429535875506
0.05181998087373841
0.022383349977537586
0.0037319555591163937
-0.020226587205885115
-0.030148683596506316
-0.009569010725364004
-0.006741594764460323
0.041637953132912575
-0.0020929786754632306
0.03836772692212086
-0.03547107100049541
0.04696939205630328
-0.01818075415636625
0.0007423562386464055
-0.02119865612997137
0.008375445085716403
0.029027300092225195
0.011081877490562725
-0.005838723234109656
-0.012659980522744231
0.004479390989203362
-0.04140330770605568
-0.0002894322434495153
-0.019642462107665758
-0.018564714470932192
-0.07496147160866598
0.0006245324804990947
0.012091487828779652
0.030356518481697535
0.018821781617410455
-0.023152455995164835
0.014512988373500109
-0.004398742840075468
0.018035761611097836
0.01551313948143159
-0.03711406922237152
-0.007356810694432232
0.02114264667123655
0.01986002655504447
0.006771337943107176
-0.055104969321439774
-0.00504461709103509
-0.06867866714698631
0.04542034208910635
0.025900809721272976
0.02015758734798938
0.05407096962731459
0.027175406310723824
0.0063367707423919875
-0.00265445194716774
-0.011488213731437056
-0.002958547253286998
-0.029412117899379416
0.0002962114218349906
0.0014943796696629222
-0.006209663418961226
0.025330859397766428
-0.046904078808387054
0.016648673184198992
-0.03301683201120992
0.002664465923990559
0.03963448948492716
-0.016664582625237942
0.02327591238165354
-0.02600636597468633
0.07414789504509055
-0.009488640517254626
0.015805310892652472
0.015279888155083708
-0.03172441315268405
0.005490027235718603
0.0379155249083025
0.024126453949939296
0.004810079263098143
-0.028398665946676106
-0.01594864052381111
-0.02208856737026998
0.008819548228576474
-0.017411730022099666
0.018617478893273365
-0.027048098455889392
0.02506607550077005
-0.004505027988188962
0.030329048155415234
0.017289376232613538
0.027622317370345702
-0.0016203355745995805
0.024390463552320895
-0.026056363707602424
-0.012821069429722415
0.008138777020665946
-0.007164841373482732
-0.004006552681364159
-0.07037451039311445
-0.02941606875211385
-0.015279742648299819
0.022208585901907166
0.025803900387722435
0.028897547973414414
0.01247441776703864
-0.007279406620382545
0.0015305089855149427
0.020187993149443733
-0.024217423171027392
0.01884952066240692
0.04115875020106682
-0.005593339888861752
-0.019991306568474334
-0.021008331673273307
-0.03723298920993821
0.0015084715123039368
0.0016290085197181114
-0.027151859027635086
0.019541248627836686
0.0070379392831807245
0.01076375971760387
-0.023650413169973086
-0.03502820052504684
-0.010976327963310332
0.00340878210153469
-0.03633376159339868
-0.016166446562051053
0.006656592480674393
-0.04220454645348795
-0.008165394951733101
0.03542901259939766
0.02355515342858544
-0.005366332849752904
0.03392836552080355
-0.0015694705732514815
-0.021532029799220195
-0.006525934220156746
0.028054086947094818
-0.03876769993628444
-0.03855941286152745
-0.00863897057427684
0.020988365420825567
-0.002961706932461647
0.0011989696216229547
0.01970506528185252
-0.037074113472824556
-0.015400997667881652
0.022831220950018594
-0.01903991108213972
-0.022364471979583037
0.0011658099717661253
0.07388640531340188
0.05711711919152716
0.030411059694819966
0.026036984355884862
0.03769844550603609
-0.004121748175834999
-0.01696171874098669
0.011427703505716815
-0.004026214390540915
0.032067422960097965
0.0390050563997403
0.001480154617442219
-0.009796620119139874
-0.02182430151073528
0.0016691287414306794
0.047323996508589934
0.004792281167757433
0.004285786107403081
-0.01406521834202784
0.020851613753809724
-0.001276746424768942
-0.004202633872823088
0.01933115596103736
0.006741146016940355
0.015221657035784979
-0.01851416268095914
0.0005938124187378815
0.06915064229679224
-0.006608130462363095
-0.009383653335160268
-0.01901369033436714
0.0029933326495790607
0.025407906725432677
-0.03368996406273353
0.016434752341574044
-0.0687394170341317
0.013759525017297516
-0.014223530846109552
0.030774126773338635
0.015812012695435314
-0.03527376822369374
0.026472765652430126
-0.025073553145161125
-0.06502387628270274
-0.025624569455759288
0.01707564962549626
-0.059132202022814315
-0.02891252376704027
0.01649242625964698
0.0012256783147128814
-0.04120989955074764
-0.02636048326962261
-0.025250651655744662
-0.00384936151552966
-0.04134443421760687
0.005397159999225411
0.023529101666158465
0.014000448133644986
-0.02331420184887189
0.046502563304112454
-0.03591137541777408
0.07191374367439572
0.022504506211257266
0.023365370326176478
-0.0008180009014267159
-0.006071019873131197
0.00045812318249841043
-0.03523982991157493
-0.030377589403870087
-0.04026471891258848
-0.04948050021614823
-0.04561364933475348
-0.02135617477143504
-0.002222616495328366
0.04003575658972196
-0.01709213663657755
-0.012427179193795983
0.013686430351949759
0.03202586727267187
0.0006681529421454377
0.006763487308288454
-0.029138173719745464
0.013415483949463899
0.003408987761491733
-0.07681778610115972
0.004382307164315565
-0.002363197125203598
-0.011924930415339301
-0.025919486820213257
-0.0015089922236005372
0.033008298426704566
-0.01993618832022858
-0.001781811239769664
-0.03955786114274652
0.015581106030606584
-0.012789732684039613
-0.03713533998709674
-0.03074530209643283
0.0155139322651935
0.0009026278081196966
-0.008659600509077953
-0.009052871755866075
0.03939726679542009
-0.043529794498108204
-0.010177317319187688
-0.04167839557020756
-0.02686365198200302
0.043041859788107796
-0.028576503002600374
0.01206500778578118
-0.039187269048523175
-0.008426388618802108
-0.003554170604571802
-0.01991606754319673
-0.012001698559143473
-0.08987446295058002
-0.0021709566028335417
0.016867276144402192
0.06149602386307466
-0.012583243697775274
-0.02071378859970953
-0.013996723135414361
0.06581945059747905
-0.01736637207343773
-0.008851156459524074
-0.014058594438878257
-0.01630647740244952
-0.009473957519920357
-0.026261046116698845
0.02815424943020533
-0.05273297819152325
-0.03286144654695496
-0.01279298739411303
0.0088334908233901
-0.008054491282813186
-0.010061755322928256
-0.013467327092721667
-0.0016567228982855133
0.005600510656565343
0.016242146581308008
0.00972552880888139
0.008963424807955643
-0.02319166149715925
0.024513500286629266
0.033650889077543315
0.00290824391720521
0.02228055913015628
0.06440001667130445
0.00807565260612437
0.005546456204725056
-0.003324575586206364
-0.0329893774181083
-0.011818532301181827
-0.0713613495659484
0.029870122285996056
-0.013315641903448869
-0.010242725437564148
-0.03302754854329711
0.07632310361724548
0.04163415257672621
0.002059984468007991
0.010337746321902945
0.01884215936520626
0.012204471397076441
0.047246395086299055
0.003670540033637467
0.006547191758566661
0.05832973236501669
-0.0023386801255211843
-0.0026393506744676032
-0.008144448486653643
0.0019864463637756747
0.031992318876723685
0.011031929282679818
-0.059574099184075684
0.0209799493633177
-0.025103595908226486
0.00011287982090744093
-0.038072453041103585
0.023093508377891755
-0.01251746317383057
-0.0013601588045862516
-0.023899104031661355
-0.07416885915193877
0.025776030634065812
-0.004074950362723215
0.0010985002609601485
-0.012198175025215434
0.0729413971337064
0.043775346949755815
-0.008280193043292984
-0.009237695770115566
-0.03224887406732382
-0.030530379725449294
-0.020373586295788865
0.026119631711991165
-0.004613364497133083
0.025772346913808895
0.025840532189180768
0.004829640847499491
-0.003519576837934824
-0.02343629799898662
0.0008038402981818092
-0.0008905860374646685
-0.018270196197523996
0.024009425305166688
-0.008550530973337663
-0.022617633692667227
0.002454667125719405
0.002836389262736343
-0.01915598711722815
-0.024480380997070852
0.020124783887526084
0.05972422204632071
-0.0381595194908521
0.02927764586557531
0.010515555180782076
0.019979312549602758
0.022403101277690133
0.014575054478039588
-0.006297627106352358
-0.03996656224652522
0.019888214677763576
0.031070495406102593
0.005813048169093543
0.009291133487036177
-0.02704476818632431
-0.0034063420189167884
-0.010373837553242447
-0.045000386599695484
-0.02444748754402855
-0.04819968356485817
0.0344207235514819
0.011155047083997912
0.019803507815710397
0.002727438905800644
0.0380170892359608
-0.007759836485692299
-0.03277974721559958
0.017871687753626464
0.008282985552340309
-0.014643471966948032
-0.026775169779275392
0.0018075835878209362
-0.017276944423094014
-0.014707938332691597
-0.007183678011989644
-0.024727665984170193
-0.005906835526629622
-0.03674519597529617
0.002657702646903915
0.033457221314829894
0.017125215585672218
-0.02876567341834402
-0.06006078054308045
-0.008320503630916904
-0.021765905366224057
0.04639552157778111
-0.02407653319643103
-0.011928803765770844
-0.027960476187732647
0.034436464644293924
0.026618405949514454
0.008473594545523813
-0.025175940812433625
-0.0067273930992153
-0.036399781410005216
0.0020872637774919127
0.0891389105857455
-0.0068412566580850626
0.004292105746550746
0.047373613982633164
0.009180379107335756
0.01020422706937012
0.0006418043489195458
0.005293876304691243
-0.026686274089718354
-0.013914654532277356
0.001356295293712049
0.0346324284386137
-0.017454533797980853
0.03481166519737488
0.03221203350718523
-0.062017424178466854
0.0540930092502111
-0.004752896141605678
0.008718331088045537
0.04899853709699707
0.013177220762323142
-0.01162232146360728
0.008518503395431911
-0.05343409113941529
-0.016872523999830316
-0.013588924867405351
-0.00020095381811591732
0.018888014282892336
-0.031244157536109363
0.034248907182753904
-0.029914898757506914
-0.005165825372273787
0.04002886486833487
-0.04867409022062875
0.0045340731085841525
-0.017800915797581977
0.01866773894270696
0.007036502085860421
-0.07164225094457399
0.020088259449611498
-0.007515116929333554
-0.05546173033773077
-0.00903103441187706
0.010060515544435204
-0.024318562967288737
0.009111441578403592
0.030644849196086812
-0.02482093664563467
0.015975688463518153
-0.0010398972425208436
-0.018060084677397035
0.05047681922740454
9.984588471033753e-05
-0.03248662547336632
-0.0037211417924352696
0.05608387670974129
0.026977560396609587
-0.056366403911350935
0.03103776500555351
0.015183687627791962
-0.0073914526790063925
0.005149602764234757
-0.005937757626231161
-0.00860754969438536
-0.012834152300161583
0.01148427851831268
-0.020759700619182992
0.0013878728083082058
-0.0291727185996909
-0.008213787974355957
0.01735347285819528
0.0009985942825959724
-0.07262013268743954
-0.05294894183117034
0.012111509313068284
-0.006363780801313257
-0.006388342439513899
-0.03499710636412091
0.02851780722521216
0.013355617336415137
-0.014024109230876186
-0.016026704376955643
0.013211231200489967
-0.00981074240553824
0.030004339585680075
-0.02617705312825977
-0.006219225682818425
0.013147626923646008
-0.054012446402711335
0.007321924038711636
-0.0014756334323340922
0.008967777131797897
0.019815118002497127
0.012822237784192513
0.009765904172607172
-0.003923524800294188
-0.007193353193858488
-0.011030791947442251
0.031961048019330036
-0.04375092163287712
-0.005159836798412891
0.011169166228752234
0.06758192237237078
-0.003486020473472275
-0.022311926422672768
0.03127309128417671
0.01914846550798457
-0.019444491159391532
0.009455057789242506
-0.019922764841568585
0.017531715458799578
-0.021473969047523345
-0.023828069043340103
0.009662058529918277
0.049507981725958716
0.024395204548696977
-0.0019615563482341405
0.008013381129831174
-0.01723502802365449
0.005205991666772566
-0.0017788040518205174
-0.00790008352396998
-0.010479034759944413
0.08304809657220251
-0.011573905678837955
-0.0009985995636109302
-0.09089472020111584
-0.04475040954919319
-0.06761045323077863
-0.0015997849435065061
-0.02223037270768584
0.008916404928991456
-0.003081116682502467
-0.029132734637217057
-0.019711346519554373
0.0024714628751809522
-0.026508291455889288
-0.007840442573014987
0.027809585047842634
0.010325804778607315
-0.020607204676751627
0.00808260677931835
-0.02844345836219514
-0.0022751397153959844
-0.001877973152926085
0.010845111143212903
0.008979667772831114
0.03232139258967207
-0.013732669342569398
0.03997886425896911
-0.05871513873780761
-0.019374479042971782
0.024696952464541795
0.035008684366460346
0.0013199299711486839
0.019485026781631963
-0.03677643958572501
-0.03240560946913032
-0.0205976471521195
-0.006144285123634293
-0.08203873928924571
0.0028559118121478755
-0.021815914328159415
0.033373384039137595
0.02056195425132618
0.040584993536203595
0.024235801869563256
0.012555901770385802
0.05398070779042279
-0.01151847853833218
-0.016073353547762598
0.006997894356812718
-0.011982802027618741
0.014679737599754031
-0.01614154010094144
0.008749419523965914
-0.011584913473986186
0.006674835342616599
-0.00643177245752402
0.017758469490221758
0.009754060596391856
-0.03599398337796501
0.021651760473783564
0.03440240974100047
0.06631967088990687
-0.01961082693735744
-0.02073615538940892
-0.00938837296609261
-0.00764262605728125
-0.03187264664643592
0.04573122349450579
-0.023919238104810673
0.017214984264870035
-0.03003105477926759
0.028574779201065287
0.003739388200918903
0.02750780467911425
-0.010706499276634538
0.03866193920763231
0.014936253455027382
-0.0010242105650747166
-0.01024581477180709
0.0006858558353935767
-0.042844139545988195
-0.014831169326548611
0.02517504601802279
0.015233936143707046
0.013828179576135255
0.029031460498449346
0.03815729425016813
-0.042011597032149565
-0.0264642243636728
0.013769352158569765
0.0218574445142294
-0.0037756360171299604
-0.0053322707721674715
0.03167515140518362
-0.011722997594006261
-0.07934811277556306
-0.06456337302299561
-0.011491308616508877
-0.0016124769618340255
0.002362143018115024
0.017338597412872095
-0.022976984354751515
0.003371133753354331
0.02188763653350152
-0.04255248244925822
-0.017784767420407962
-0.014470150037560255
-0.02859615441226219
0.009167207604925726
0.02040976770445962
0.03779485431083276
-0.01594901479085091
0.012416689029410594
0.010401600795484666
0.020242393767257717
-0.06781477735201948
0.020299298800626857
-0.024126992377826072
-0.04387943964041589
0.03284021338127847
0.028404932114162125
-0.03467493042564635
0.007724698668725456
-0.033280932336085055
-0.009322289960613015
0.01260249200153072
0.026912713330210374
0.03710384512237252
-0.04596563724346612
0.00047461989033242044
-0.080468673192612
0.04316363302504473
-0.04929933665525784
0.0049022281785536
-0.03663684223400481
0.00035163367774667265
0.017336769587880968
0.010215768876840182
-0.029903761817009357
0.013630836566720745
-0.027519425190454836
0.028778160171966362
-0.005257150845095625
0.014484193325510082
0.0505241323181631
-0.0052494389694576205
-0.025299984154197028
0.015081085805407068
0.07391826948450436
0.0003179466209628405
-0.011018828041132096
0.049796950409666474
0.13338160249074543
0.050562491144148236
-0.002367809570252046
0.01347384852061031
-0.04639749943893569
-0.07563673075041816
0.010536520848320055
0.10031186998137843
0.032786958947545
0.014584800265433271
-0.007802027012840418
0.005179074471759642
-0.07720936109319983
0.002344605606485781
0.036708299768181664
-0.03714262876849797
-0.008899771098893223
0.031076466930040483
0.019382500318694748
0.03456157519243865
-0.006861109764260162
0.00803758496722725
-0.023995670436897036
-0.018165761103321052
-0.0028331473781524966
0.005636457353807568
-0.03741389959397122
0.06419421839527302
0.028505003040014364
-0.043493174225568615
-0.026905341882015793
0.016213382287041417
0.0034253889498508288
-0.027219111821205625
-0.023570057205370584
-0.006818594853652428
-0.006397873273196123
0.004122818124403563
0.012302753617871054
-0.03900072368436849
0.023286410782338566
0.06892143243657987
-0.021296945590294863
-0.037587882888989545
-0.016071764676613684
-0.07486624974366506
-0.02535265233595169
0.03531661024802324
-0.024108904974339873
0.05036202076059657
-0.002871805823447925
-0.039475124021219145
-0.004654442395875647
-0.026924638642594537
0.02255142895435694
0.005035646768609834
-0.014410200686171378
-0.0005202982034759581
-0.014057644508539335
0.09618846060006607
0.0005497337419945521
0.037921615110143525
-0.018233581465912346
-0.02015326315777422
-0.01736715932493951
0.005271662729595905
0.0432028890190227
-0.026227363838740737
0.00600604724671802
-0.007235663276881645
-0.03115540227028625
-0.0317537921711245
-0.01895671758985926
-0.018002417289028492
0.005970148019441306
-0.03470436502308778
0.04927655752843531
-0.04007910384333869
-0.008185014960533732
-0.045971692499116965
-0.023813101684327286
0.01203056253677278
0.021976076451622247
-0.008869412460917962
-0.00963434557732231
-0.003930862395084372
-0.0721751088157863
-0.0027167687460687667
-0.03900582954919177
-0.021762294313113734
-0.03058444439190052
0.005117792995745105
0.00011131783498100974
0.029111869505216905
0.005178555741836445
-0.020167041561008694
0.0052072938320788945
-0.03782467068654064
-0.01722665395313364
-0.024246706896256662
0.0010033981365299943
0.013398593122963641
0.038093947449153946
0.025894328825912166
-0.00975228161031742
0.024759108168587087
0.022757015812966633
0.04447561628139776
0.01923673017597678
0.009616457417205295
0.009851369969221818
-0.018777416063713775
0.004331859820685741
-0.007113104105049846
0.03644590873862563
-0.008204883919501518
0.04003519497136952
-0.0038291974606420765
0.04550300702180359
0.004092610414375415
0.014235842505709171
0.00047379451451896003
-0.003134035853814058
0.02932516534546857
-0.016275741619382635
-0.024458841743344076
-0.011635573941741195
-0.008513371053284749
0.005199642994817972
0.002786712976566052
-0.04697640278805778
0.00059396700061563
-0.06386723583923216
-0.011617992496451846
-0.06255668728971281
-0.008074466142966388
-0.027343859131366485
-0.012296311051888595
0.03967835454096034
0.010264659399583759
-0.008497636579744687
0.0007573451828719814
0.04158310456562959
0.013597669283406543
-0.04652001313001749
-0.04400398592454357
-0.005729021498764701
0.035687059898086404
0.020420673958632982
-0.021385529349396228
0.019751807321138428
0.00784969849685142
0.002037088345221268
-0.02401381917522332
0.005066403012903597
0.016619071629453343
-0.02638586498859331
0.05062061938801733
0.03180930352228885
0.0016164487663570893
-0.029316766059821062
0.028328694707203908
-0.02416162166878693
0.03141104667948948
0.005637983946029154
0.043765181699259206
-0.026023484393003792
-0.04938394065213811
0.05131960639777117
0.012332957593281553
0.016309577809774132
-0.006488485646746883
7.047153776867589e-05
-0.03698247146174729
-0.007463114332633913
-0.005678994575293547
-0.0442206342236225
-0.004064266340223696
0.0456309544782892
0.008192544191998987
0.001198532053918069
-0.0016027807867031727
-0.009318701837475307
-0.02530408632825684
-0.015110551205654514
-0.02896548293620777
0.026062430796434232
0.0047677732018939125
-0.008186321085517007
0.03499752372047743
-0.01569989497849608
-0.013635984149884543
0.048089684299017145
-0.02442793403683412
-0.0069054658720690085
0.02440080887636266
-0.003144909702203451
0.05323126374916406
0.0013148960958774345
0.016752540938309263
0.004644814246215375
0.021565057130667902
-0.0008988679236098512
0.05821763360864254
0.031046894473926185
0.0007030908686838209
-0.02161415948003855
0.07973654060446295
0.016454595624721565
-0.04460928910226054
0.01499958833377675
0.034340325860319
-0.00429584710309024
-0.011910982642231005
-0.02647560275506904
0.028642999178719035
0.029854883869885912
0.01495964542792644
-0.06570330362171412
0.0006684485879824073
-0.023264194879584338
0.0006142795157157764
-0.029374553150339523
0.03478922284632123
0.04704322168717388
-0.00013389230311971532
0.028783026189238385
0.012694353754260158
-0.027043048722017352
0.013539289319981933
-0.002827862132442733
0.04693324434680581
0.03214322759352128
-0.0122763376603404
-0.0373146985397449
0.034130857217400994
-0.02687301006057272
0.025617091139577917
-0.023934910387068575
-0.015223009634546309
2.1957784518127826e-05
0.04546119981223918
0.012007475908284482
0.030180146615603157
0.07140715281296797
0.0018201710254109262
0.011232261610822037
0.0016204328633635612
0.00027853664421766984
-0.008429797967137337
0.009794694361447634
0.007878896129144174
-0.017544119090504028
0.016755699848633267
-0.02210683910224018
-0.002447164131372378
-0.013034124906511691
0.011652153298235369
-0.031134549896282004
-0.008779556906043448
0.043075848727019785
-0.06571256853626557
-0.02059204542681049
-0.022256815372940764
0.00480175625920667
0.01743183461879983
0.020288520223583465
0.009546233764572934
-0.050493565394628945
-0.004810974690442854
0.02027239230385263
-0.05202095758887872
0.004821379183542702
0.04750090099999307
-0.017932507271007033
0.037300984160488805
0.019852008188213477
-0.015080701611569734
-0.004327153353031296
0.03443105783182588
-0.006450288926718696
0.0015531007352501771
-0.018481219218417572
0.011947324532681382
0.00042702803570924354
-0.02839693062578616
0.010186831682793634
0.06422445680566123
0.008521839113594774
0.007693481851665577
0.034595321673538876
0.02456295974403119
-0.00925929554113717
0.00784497430075444
-0.014523516455905319
0.013256271815210106
-0.03351529683553408
-0.024510884097284774
0.002581435589927449
-0.012038540211588239
-0.038930738902920946
0.02798980905209669
-0.005320799658114487
-0.038704921348522374
0.017432969192715534
-0.022301528903824093
0.032513539989135205
-0.040115986311304426
-0.01777738839478905
-0.002599653700111211
0.014594140045987277
0.004501900450297997
0.017363430583248986
-0.021344740871485517
0.0031268767658908245
0.013126374655685294
-0.017838754507956595
-0.03584739735467092
0.017013301864986095
-0.03744380166655571
0.01869342898992744
0.010227190346042534
-0.001605735734193833
0.002805456910516548
-0.03784758074327618
-0.04151674257377738
0.007714786861051967
-0.0075038474908744645
0.016784891790679473
0.028169664865332077
-0.02158562035328288
-0.037182291775246665
-0.03085758360156446
-0.006905133036385012
0.0051303464450201215
-0.010882662718944357
0.05978111519446117
0.01816434421898376
0.016600377059820544
0.030083142781065282
-0.015402965063383721
-0.013877258141927983
0.04993239688250208
-0.11207230384624856
-0.014600434728010401
0.017465491285426158
0.029401527587167423
0.004159766677870101
-0.004704091902273066
-0.00675414937387866
-0.018614605650147036
0.001410026033725097
-0.015522447957058759
-0.048069789259073126
0.006878174047876423
0.004054234580376355
-0.014714420476543798
-0.0045806239681795155
-0.00645872140124885
-0.037297489443246463
0.004942225837811499
0.03385001556799058
0.014695554038424733
-0.024643941390574173
0.03235190956370533
0.0007490344426131499
-0.03184700091644669
-0.0021039623743947223
-0.055710555677930165
0.04610450485003517
0.003072204907514784
-0.022530164469271585
0.029769697797893197
0.02836462469932347
0.016968735310264133
0.017861756748261626
-0.006588384277782136
0.009069547457539632
-0.014869146518849841
-0.04617056457533856
0.0034289452868556266
0.002057522122113909
0.014488616075071912
-0.008310229075735677
0.040922197570777634
-0.02918498650797095
0.019022559961301096
0.010424193576212942
-0.03837941195583904
-0.02485827966219284
-0.06468262382560117
0.021528481263386193
0.026202548547631
0.05033457182164181
-0.023077797953622133
0.014774312888110796
0.007023677682322976
0.04045462004724262
-0.00041698863489715923
0.009215271352080237
-0.05700854651066308
0.00028847969917710436
-0.020071548814627492
0.025040568046789013
0.003359500236920541
0.05928219672576385
-0.007050995160837834
-0.026739294597824894
-0.009925482305204281
-0.01439904527360033
0.005244439313898429
-0.05089461071310188
0.0218392591114233
-0.023908781174057845
0.014465997685546825
-0.003105009162592118
-0.025433557578736582
0.01166066308709204
-0.01520147374385275
-0.019414082267555303
-0.018596027840377262
0.05946979188614122
-0.06517375202203292
-0.026473266695254818
-0.014280514132481405
-0.010366072923593353
-0.015450765223891414
-0.004649795944559459
0.026438155302644983
0.035638174714396724
-0.012536215445981555
0.021437337295049066
0.027046825515764025
-0.05278474044439115
0.01286330525284323
-0.009247848969538112
0.014667089721480158
-0.046767723409381325
-0.009312463751204337
0.01859297525138189
0.046819025730331074
0.039358669199749466
0.07800774573193917
-0.030446146075137678
0.019503549654894363
-0.014848595285199922
-0.026987606762706708
0.006414972788837818
-0.043370557654312525
0.0001356503038606961
0.025041330799007843
-0.027967279414188993
-0.016727463047058095
0.032588536178543466
-0.012553385058075163
0.026927048605544974
-0.021410128319896915
0.03107804845638928
-0.001596612945648953
0.04519029519434782
-0.001987905292871295
0.009564766859130514
0.007544671983181065
0.025401666643273563
0.0203401019119022
0.022544417810225995
-0.01733841201417783
-0.035454626661437706
0.032691554225482304
0.04956701269834177
-0.02245221590682512
-0.03554095960076882
-0.02995049790493118
0.03247962468531575
-0.02799394055953584
-0.06791162942282714
-0.04854540909932316
0.052040710440142246
0.04125824124285519
0.006987650240756062
0.0038496071060414765
-0.01881041082470072
0.004847011276402606
-0.07395812749490319
0.01871042543360305
-0.009395238207371951
0.004591881251826924
-0.025118407865385946
0.027817952906365212
-0.015945485598106733
-0.031146174242196616
-0.009552906955569289
8.208864636416541e-05
-0.01196282235690608
0.0010237734685953645
0.0071793931227666485
-0.025339188727121993
0.020645506476480464
0.04827195660754805
-0.006971765730853504
0.020344738297162147
-0.03556461144230925
0.03147277120129032
-0.014468384238494435
0.04593162382851956
-0.03316081657077899
