0.031726325621352136
0.033697326838509234
0.007814638925556725
-0.0076694226905811005
0.021231783219749067
-0.018154898136550295
-0.004585662014896947
-0.02062420459924879
0.018845251969888375
-0.010657660215826304
-0.019333323621715554
-0.006248481846488152
-0.011447391988771477
0.050470424311148655
-0.04974151863547077
-0.004864143037395007
0.014947447784829856
-0.0053369562069923385
1.2951269052340362e-06
0.06417514682694293
-0.04034873422140468
-0.016079827932397022
-0.004822045358139158
-0.01670832532057972
0.0024453841290054306
0.02710064913097813
0.030111936504399424
-0.0444218742979474
0.018094709864734493
-0.014309262309056572
0.001400178297416028
-0.029359150520059198
-0.012546216307905821
-0.08203632210484028
0.05515991159754473
0.0017308019248961695
0.013509868496434405
-0.0008161691140348792
-0.006224747081494687
0.04675352715432854
0.01261971746934089
0.026632922003798416
0.042582373813488665
-0.030259343889155518
-0.015932228633087058
-0.031443540054637904
0.004927454137653411
0.006096701757108788
0.004951601245737539
-0.016802371216841524
-0.007339498611665648
-0.02509519873691182
-0.050931524872331074
-0.0009085474869573848
0.0016261213120677253
-0.01566363705882757
0.07613726064559044
-0.058393444887096024
-0.03374985699821643
0.023741906484174697
-0.002967414329255555
0.016532692906829103
0.008337029604434965
0.034964939815573005
0.0038290720818872173
0.012200166030966218
0.05553885948786462
0.011713354967772888
0.03710356424523511
0.022687504785687564
-0.006995594069767123
-0.025668529589393918
0.003340876868005412
0.02606375506544069
-0.03707391471434806
0.01295828586748668
-0.025533652541786734
0.07202147630149869
0.003894099017971796
-0.009556098110079965
-0.011858997441756
-0.002931893196489974
-0.014777125487377125
0.008953417796417921
-0.046186749727377414
0.0010008165853318822
0.008464166667554162
-0.03788623948342283
-0.024087809161172067
0.01592369223183292
-0.010388687010006345
0.042757984769466684
0.0009940263493158966
-0.014501707531292698
0.0033714357766169937
0.010846584972816304
-0.049722268599750354
0.01474240261409423
-0.02794955393339406
-0.007584819321211973
0.012089731545162472
-0.023248194151196028
-0.0039806321457751545
0.04164613814854161
-0.0009955071995595473
-0.006575187882777903
0.0018341592248254685
-0.036753993496218884
-0.006725108735809842
0.012077314569432153
0.0005450343432312842
0.012158748853351756
-0.0031492974950485093
-0.02048666662834031
-0.03846181788622146
-0.003607745425575718
-0.010412790078708165
-0.010257923503463771
-0.004271826446795896
-0.0003900939714248363
0.035592217521392994
0.011042469155466087
-0.0179145043991275
0.0111748640307438
-0.003127185840556976
-0.03335529352477257
-0.0033664834991204576
-0.00709693216851174
-0.014220995213792257
0.008602524899027842
0.07747898833589414
0.011155693437430772
0.010655404475342188
0.022024460530604133
-0.014185502820959513
-0.008536924820904493
0.00987027023844978
-0.01617955938327632
-0.041244933194121765
-0.02783976229821552
-0.026867972590928515
0.0346410537515932
-0.008101320583173107
0.002979838333903493
-0.007365745445711568
0.016798969196776124
-0.00499432107208703
-0.0013352327110465292
0.006621188947859968
0.005781393619546459
0.059597680103002856
-0.02250653131212302
0.029273962512486866
-0.019214134862291364
-0.023245515779465577
0.012339358996699225
0.01461218628816883
-0.010027598007254467
0.006240411942534125
-0.015981371099747108
-0.008121436282538745
-0.013437924680284256
-0.007409744942085265
-0.004816023051771997
0.002893879611418291
-0.005780244131875695
0.011926667157138846
0.03628435936605156
-0.005801564982951171
-0.004772074571527699
-0.029641653799294197
0.08177236006692387
-0.005502694242869322
-0.046759317398661106
-0.023102706406555054
0.002893964056363676
0.002231075719444583
0.0381091338961191
-0.04590680038283033
0.04284732456837713
0.01353697043124916
0.019564547394988772
-0.013218774717369363
0.0016320563121186742
-0.002855905701648288
0.007837330947725584
-0.011800899150852242
-0.00735898356357008
-0.04813765544081337
0.03295116459822723
0.008688701040939977
-0.010812890425903374
0.025294691668574603
-0.014752735778114876
-0.019550207040393616
0.05108904235200205
-0.040381675707795515
0.0058617730892829125
0.03529552248362999
-0.0012049296806001595
0.020952261759155256
0.011192267874063064
-0.01832886151522684
-0.01498895297293517
-0.03147061076639006
0.009108202192318888
0.0030605785071605176
-0.0035435362158702352
0.04680048092357711
0.008905219041712117
-0.04314924882800421
-0.041938529812823484
0.047791839452893566
-0.035181238333902125
0.015224416257348473
-0.019371383134128325
-0.051383758449815436
0.016780132374664258
-0.04864857520101464
-0.09420675248796795
-0.026726448292524834
0.028003768868639388
-0.03164205025681704
0.04792964422737524
0.012780588399263285
-0.07144108253796497
-0.0263721225124468
0.0357692369229518
0.020138916523596603
0.026747676095702694
0.02255574367820459
0.031708596447617705
0.014458853768692012
0.01005850127116147
0.022534328696235274
-0.009259790069977115
-0.034579138680624226
-0.03515539567577783
-0.0008583803901451916
-0.017422816620210335
-0.02666820016006141
0.020800732714037023
-0.044775352069149614
0.021300149427489822
0.013333805754819569
-0.011898796161109757
0.029701920372562356
0.02119752074316722
-0.003045856813992567
-0.012408330982958774
-0.0396685625539018
-0.020103759283898598
0.025968708218883786
0.007136047413747589
0.00800364536544585
0.0381099112899271
-0.019329760137363417
0.023471897572493967
0.016791688462362373
0.0034051571659224154
-0.006973301729113348
-0.0072654940176896015
0.00152633588632029
0.08155272810957716
-0.016129658053809597
-0.01423741691364292
0.012539703244955161
0.03171048852965681
-0.01057173625845655
-0.013294992209628197
-0.0051467564181843315
0.003572205255433405
-0.006886509326905618
0.11719111506647553
0.023239853102274766
-0.025510946440622025
0.008942871352683545
-0.011909054537368796
-0.015113057528746731
0.0015758741543962077
-0.016346257506154448
0.04805195519917215
-0.025203763060390082
-0.02705946559855835
-0.006678025507049293
0.0006233998758824383
-0.004272645770119794
0.005594897039773459
0.03772360472904531
0.02286048632562277
0.01572038402441992
-0.04336912913770249
-0.00754361413481683
-0.0002043464154845707
-0.007127447501315499
-0.016942379397808047
-0.011089621304829014
0.08044887337387688
0.005958871395247802
-0.03602699992048305
0.006579746688148496
-0.0016076664638124782
-0.00013456850750759547
0.012789212001018811
0.0680762053596895
0.014141669704104218
0.026825040691679663
-0.010234184694099402
-0.07659537904791441
0.03710741824721937
-0.012146313473264732
-0.017816370976055044
-0.01178386377753441
0.0357176239233274
-0.011475173833009883
0.0058472922586863905
-0.057306520197891106
-0.00646666468692022
-0.019170480038012985
0.0017775292862837562
-0.01650042324199593
-0.06872734723400048
0.03703393830110942
-0.032033096538723695
0.039977773379363625
-0.05405316465857017
0.009620775548310334
-0.038242550659520674
0.010639856416704663
0.002419710710718303
-0.013389711996391242
0.028489330816817402
-0.007694673629862116
-0.010849616859209139
-0.005696727245144286
0.03976167498676555
-0.02079926217370659
-0.02984122008971346
-0.04705365728333377
0.004636347090514805
0.060807543350945514
0.005804898929539253
0.007676451439837756
-0.09129184214844582
-0.014914366713677242
-0.011559727798959528
-0.025273549391743064
-0.025479570728989456
0.02339765818574892
-0.005599075610038139
0.025553438318722487
0.043167222368390955
0.012694314057560514
-0.012066962546642858
0.01344874611266295
0.018954971300835406
-0.010845428710972632
0.024316331132706665
0.0030371844790237855
0.023447413792363418
-0.0061460632541299205
-0.023895429768154695
-0.0181254959949604
0.006935307717156532
0.010987226723839137
-0.00480211015611297
-0.011052087967864969
0.0035887415846806536
-0.03965342787393458
-0.01112795288248992
0.008922464477048227
0.00233957263918602
-0.008996771558136428
0.009582177265490469
-0.025398711860409224
-0.0365871381420603
-0.007284387844168244
0.007407041795792882
0.013322837048814158
0.004350373912214109
-0.020101752481157305
-0.008685575472209658
-0.004168480159064782
-0.03642824820688783
-0.0078009910951598775
-0.02147276548403476
0.0013132807950069082
-0.02081619453853513
-0.019646870483902498
-0.025737612184135096
-0.02360855753033696
0.0046911241626342035
0.03284614597941043
-0.0018841180992802493
-0.046959011021033975
-0.0007163824275704976
0.019064171680141795
0.04262550888432521
-0.023701488664240426
0.014797006886142453
-0.029766847829417704
0.01288138572182992
0.031902331370278286
0.003726757128132363
0.011031974261046575
-0.02126142110611247
-0.014943231460625789
0.0003887713373560808
-0.003658921749221478
-0.04535254107169943
0.0386726010057994
-0.057174712957998385
-0.008722104740363324
-0.018616858714383545
-0.004565907099106105
-0.038545291330276524
-0.0024819411297834714
-0.024804522516566868
0.03672772448882645
-0.023186075280110924
-0.010354815287520625
0.0011542327089280185
0.0003281752949782441
-0.01048294523272796
-0.020491622888044937
-0.009581297624292082
-0.0088082984871284
-0.006080037629023452
-0.029780857357106935
-0.07226724542183474
-0.005787134653447489
-0.04421172510088528
-0.0438191001831088
-0.029457705559293033
0.0008747608716307487
0.001355883927447374
-0.03486707679806232
-0.013634574841935256
-0.03020796693118539
-0.03125437197933693
0.02399962530196544
-0.0330935464307516
-0.025319744087658528
0.0059827162271268814
-0.022970845849408665
-0.011513615332177016
0.008661177828464952
0.02735812079588472
-0.02787000028913356
0.09482639148857445
0.014186148191450204
0.025419211180727323
-0.0010201886418780286
-0.006813193286652508
-0.00474941156515951
0.026315847862455697
0.007736851197684131
0.009605295322404415
0.04078861680432871
0.006889731903631845
-0.014020521923601039
0.08208135753296139
-0.006462466300020616
0.04510132700484671
-0.022404906254071787
0.037038645527629185
0.028201712841213113
-0.01908479274969166
-0.005216120670263453
-0.025621916344028002
0.04324825470413002
-0.0276421839671319
-0.030218307130629698
0.017366582952196057
-0.019181393040294516
0.04561287406724129
0.04117638377056135
-0.040651503194617626
-0.060208441004586756
0.011572697324197275
0.011443668217281272
-0.05874570989189297
-0.04240613945877559
-0.03544618351250579
0.0025597339757043097
0.011897363045343466
0.01040926451836666
0.017066188818958137
0.058602357494678806
-0.01709728927445244
-0.0016891179580603298
-0.03219570896583707
0.014767705799241958
0.010000817557809185
-0.06011836745109987
-0.037987590755346134
0.018438929392582144
-0.017487498197306578
0.03198406820079005
-0.02352038747060335
0.014891118915086895
0.03966072437323288
0.00815045994299578
-0.06115932111728393
-0.01732552341709092
-0.015333534736700296
0.03631391926665779
0.006759552189729794
-0.029767818124721616
0.041122053187747656
-0.011339870094911015
-0.028734627861583272
-0.0014920740033817557
0.029847008170815335
-0.04541617549933542
0.020699931160698713
-0.011258241092110299
0.00821744658349225
-0.0076180250104708035
0.02441993357540884
-0.002679839484417906
0.0309125286160475
0.03800983491869367
-0.006946617071704688
0.0011646335944744167
-0.004336379943888439
-0.01970769652718604
-0.005945506323054923
-0.00064578120803365
0.00033200765300737874
0.010541764982595746
-0.005626305603935709
-0.02197282020040184
0.013863012695016592
0.013286889241018241
0.009251368152068465
-0.004674904723136207
0.0066060816396347494
0.023541314584536576
-0.037254235562349844
0.026006992875400075
0.017992287187901402
0.007338133758598354
0.014180639708452472
0.02554452459610956
-4.965821779385059e-05
-0.014946147466505138
0.038582375538378316
-0.016194027685718298
-0.02569623235847176
-0.02264471289535452
0.01485811157534069
0.005618166765188266
0.026983389251321883
-0.023376333383105605
-0.023146555530211083
-0.03844289988157699
0.0034853858965572873
-0.004030698494475433
-0.0165665242662584
-0.054158014424969446
-0.01770327115011067
0.02477846292712051
0.058313969372172966
0.0160497206946281
-0.030891691194613522
-0.027632818926674928
-0.026568688915991564
-0.009905842223153171
0.009976559889072298
0.01667757635332527
0.008529909011859705
-0.011430233071619505
-0.011727980943261015
4.879960396533486e-05
-0.02966567257220571
0.007565893445769563
-0.013164439179753518
-0.0015203851584665424
-0.044670479620522695
-0.0088312957498169
0.0005579242436535221
0.004546685356545798
-0.051049102805468274
0.01690210788408362
-0.0020550028694393836
0.010050604059467899
-0.035217994007445644
-0.035078961443691103
0.029388595776123655
0.03933447474533095
-0.0245960560849549
0.02952740634624487
-0.004293127310217389
0.025565841413505274
-0.02284220507742009
-0.004394292607390958
0.00786072399789711
0.007148601318595092
0.026233114291727394
0.00528907268956167
-0.023812368170031947
0.0021641125886592105
-0.005546605402869395
0.014087410511342494
-0.0019005474188752616
-0.009465599852308828
-0.016982128990624176
-0.011243879921627477
-0.0016851902035885412
-0.03548945873641261
0.008206332829554306
-0.012025579271684872
0.03855100728873018
-0.014507894156522623
-0.005806264175380323
-0.004266506691970958
-0.0029200860201329757
0.005113673732612518
0.021046786577731038
-0.0024212958099610053
0.07429501438085599
0.004876889086725827
0.05117264489569961
-0.02017247176477156
0.012146976670448527
-0.00013699905810835963
-0.03951041866043789
0.020984169226821055
0.007828881819345754
-0.043129072529416154
0.02847829125830965
-0.015920703213635787
0.05317214541889741
0.005409037457206871
-0.01627979612187398
0.009680257259925489
-0.030858053231785285
-0.0023585686714769553
-0.029141437477795445
0.024802095358350824
0.03343032825975665
-0.01459363995126576
-0.004242386136572011
-0.024144705156807708
-0.00416713381746393
0.04677944457088546
0.02751666512941116
0.01598645000765693
0.03272214978631371
-0.08513172034166205
-0.001976709350287037
0.002282056804661119
0.004473632989178101
-0.011186781693618381
-0.03300838538126287
-0.03137034114702377
0.01391451891223482
0.0006839861744686027
0.02636918459041495
-0.05246366643836471
-0.014496399419555071
0.024815336820356276
0.011642782425236567
0.034677469170374634
0.03383056164398765
-0.03392803438446824
-0.015164964301609766
-0.021474354760731066
-0.04133276985645286
0.030840241182068188
0.0195990800126348
0.0002704491293601115
-0.044736016437985214
0.0417157775745387
0.0001060883358847178
0.008215439364951688
0.03183382905006643
0.022785378975915826
0.020745377144491643
0.017764291722749456
-0.007149558832132918
-0.0364172746761024
-0.04902627956130347
-0.015237484439327419
-0.050152152767835106
-0.018796837707927463
-0.034161954693531026
-0.002526409438506519
-0.023134198510789225
0.016507664219792446
-0.012165830345275293
-0.011716438335782392
0.05591628352197749
0.002521960243512366
0.014388277329729806
0.0017315451586302165
-0.04414257735977752
-0.03231594925843167
-0.003949218356439906
0.030606602737574973
0.0204027315246536
-0.04343327386470172
-0.013239769694510602
0.022665888422992584
0.04613197090539608
-0.026475596198677377
-0.06783735514600697
-0.0020293124075137004
0.023944999763250634
-0.008628782398844986
0.009514662790966398
0.005330527664444292
-0.004258870414899436
-0.029593768878603915
0.030947670550048496
-0.003586899282975798
0.042947522692399175
-0.004374985716133121
-0.00938835316617063
0.006208975222042877
0.01647228644348691
0.00895354460114417
-0.06602164467352645
-0.02065560152594205
0.03239133353710665
0.0047283747542115565
0.03628950752892025
0.008110289543890134
-0.005154810855199966
0.04158978352458634
0.007957607413163391
-0.02150348229937206
0.013428667539408278
-0.018345931157692952
0.012487874506028274
-0.06202611453586229
0.011482384779005985
0.01943367464450732
-0.031348849163256885
-0.011874651828051386
-0.024270802038903565
0.018452699327875036
-0.014435997211018983
0.03542721407103919
0.04016928465126307
-0.004916197994848079
0.022079835391579847
0.0045623430083842455
0.0517481334231521
0.015166703409383985
0.003008838752100262
0.036374522030061085
-0.005654136373113893
0.013379698682275674
-0.0006811400576797049
0.02541998212850979
-0.02934416605389311
-0.013625171426313285
0.018118533417681767
0.017244421380718373
0.012847213371837342
-0.019011935161950513
-0.033546426354343316
0.011088703369281167
0.02072652284797497
0.026779874822106985
0.004986559481313837
0.018535733092456336
0.09033142956206903
-0.035084832143175905
-0.050751720927923794
-0.06621451940392938
-0.006552775073700099
0.020918758274124285
0.08522979272032415
0.015105353860650483
-0.004859738072243126
0.013508181644356288
-0.04075256343707563
0.02396907292181539
0.02196277995128926
0.032929429237282204
0.033960738109259654
-0.00392615438619037
-0.020741880792896045
-0.014511080406606555
0.09723159966769002
0.001095706348468926
0.03970414491358926
0.0009488789028824918
-0.02616670386078207
0.022004258034225975
-0.02220618348037188
-0.021246275525798546
-0.07426390952383242
-0.006432524095776824
0.020754752419148124
-0.041193397137632995
-0.0013135910276188
-0.025362081983373284
0.000476003620441581
0.038825813348473216
0.01360265925552221
-0.016397541805541753
-0.016232780554404958
-0.02125193609719307
-0.007018295764545672
0.017440957873633187
0.007011026811988896
-0.03632808248043108
0.008977990018405985
0.014554198217323766
-0.012835060616500872
-0.01287348944939536
0.0036207770190438554
-0.03360454566861208
-0.010856307101355859
0.005819585517180609
-0.00644574447084464
-0.006763941402379324
0.010127178361477635
-0.006373595659157556
-0.02609030936013298
0.02337890673411521
-0.012979539433617678
0.09759580309889197
-0.024660325780019043
-0.022988798239402246
-0.057963415939581917
-0.01503168934563479
-0.0010453945685056421
-0.01884239657507192
-0.02355654951297639
-0.012934664286506617
-0.0037008905733943694
-0.01581563392386863
0.011467483213344745
-0.027116272827159615
0.002226681719750012
0.015869472764181127
0.05159379215271486
-0.02956254549982664
-0.022420097950432705
0.014424494827460287
-0.07447869818076182
0.008219591855904583
0.01237754648554812
-0.06397386462411668
0.017783799237133965
-0.01704661674206635
-0.0521037456605836
-0.037096676073043
0.014263996656284098
-0.03271033683118829
-0.06071692805722444
-0.020590347970676798
-0.009800876952849357
-0.0073242583432299845
-0.007773795506221597
-0.05984949372610313
0.05544773158437831
0.019353540018859212
-0.02136557665338489
-0.009682976187919311
-0.003941804539304617
0.014828440032239579
0.04422076689179983
-0.03595837001508485
0.037454601669759696
-0.003221120248975542
0.0006855556337997787
-0.010093003036301227
0.015484371865877509
-0.009650715892092229
0.019140760718416614
0.0014903732902412704
0.020921660967184334
-0.014336993054429046
0.04775716813170338
-0.029609331221454
-0.05042543109367551
-0.03353767134801803
0.01661254425156977
-0.034749934119631676
-0.06439339534572619
0.02081437673944915
-0.022530310276227986
-0.05694998378623371
-0.0844284867440461
0.00909486205584518
-0.0032967860026233975
0.010492294010304005
0.011064830859801554
-0.0322617884273124
-0.016957355725011645
0.020354236773345625
0.0002182512775224111
-0.029887765185213758
0.05051094183567995
-0.07142847754582644
0.032892283499573176
-0.06238682229078285
0.1059656257592782
-0.040470203814390135
-0.045799430010006394
-0.05853681646826243
0.027971753975210876
-0.016953956880625513
0.031377883623343227
-0.053796950357567534
-0.03256259938733619
0.002143217678980474
-0.01565848805844393
0.07963286245611627
0.031559221216455505
-0.009272847671097512
0.007113063813870614
0.007945228717575458
0.04776713057570459
-0.003749401085249447
-0.04315678945726496
-0.013718788963726488
0.0676198822890582
-0.019398681039183487
0.022993353419031165
-0.02789553531227949
0.02800689747344929
0.00794462666417837
-0.006990102600595324
-0.009527477478849265
-0.013848603105836322
-0.03405610636631691
-0.03560870989646295
-0.013345258467716845
-0.008580382008826519
-0.008008914712787484
-0.008676693650897165
-0.020355605205585006
0.012623655351160515
-0.02402449767874695
0.006828451791222901
-0.002606375157990123
0.009560080996924859
0.018188383419007054
-0.017705188457693834
-0.0006393241112368666
0.01802874152928814
-0.0007032632597344812
-0.03197158342778557
-0.00855726495591218
0.008919078772334266
-0.013340849297263115
-0.03083022542443229
-0.004946664904668349
-0.00981384827270734
-0.005417660332970946
-0.006212071189729177
0.003908671113191531
0.004230180373258391
-0.06605171242736177
0.004130354595468444
-0.020325980562725963
0.023350709729489348
0.02497397128416119
-0.0292285217177793
0.009199092395062149
-0.04814950704581726
0.02464809697417688
-0.03312030177229082
0.00022387671785391156
0.006351412797252049
-0.005655382677209858
-0.01976913514713205
-0.0004457273286230201
-0.04165289720868574
0.05073249187922266
-0.024722743167638603
-0.019292353676833525
-0.024277876107128008
-0.0034018918752866186
0.01747139384402668
-0.01038915977576259
0.061756053572172884
0.00781268115943824
-0.006937058484422569
0.023827691545516883
0.056690908101125446
0.02800610787814171
0.0074496177016003685
0.0052892380958993864
0.017805793130934992
0.06682110429924411
0.041391245202322596
-0.027979781414928812
0.006752108226592619
-0.008990866882987187
0.009522099918407452
0.022922068796054653
-0.013226751719977715
-0.03358517525719392
0.02436749445223071
-0.039942144043862704
0.02881325186610571
0.03407402185724673
0.008685708766512862
0.018520841390364414
0.04411562618282086
0.015253445139270093
-0.021894580286620134
-0.02362674334570912
0.03637597824275368
0.008454566647260653
-0.07907632634906969
-0.013643095746052806
0.030209466528733537
0.0670305190780991
-0.01568275813696919
0.010843804579448703
0.0049114881779165195
0.006361086120549455
-0.007414598458326978
-0.07443622094604535
0.011766029209269968
0.0035418958997131735
-0.03348076356956307
0.043333165463783505
-0.016781430949619324
0.010984890312606717
0.003697393240592588
-0.001677342245113832
-0.012667556834602897
0.0009027307931301426
-0.024507473856261078
0.08384971881130301
-0.056975623108970946
-0.020181401424742347
-0.009604071473496739
-0.0025873592967527843
0.00621037953346929
0.01375110659685925
0.04026066602707849
0.029154026610862863
0.04707930016350338
0.012966895001548778
-0.021291032376229466
0.036334717710683986
0.00506522885494614
0.020012638607998616
-0.020126190626709898
-0.024527696733942256
-0.018006452399953105
0.0037940997588864615
-0.03250125209955312
0.04314556302703572
-0.01723552806588315
-0.004773162594687993
0.04662620899336585
0.019423095249007327
0.06497771681170623
-0.0069143490850517055
-0.014462237003995586
0.0021227209049090373
-0.04513091830165917
0.08769989342405568
0.035302690474132106
0.025151822175279236
-0.0041350257701641985
0.061241287693901456
-0.007720840170284227
0.004156580842607538
0.04521132062417156
-0.00875065933268363
-0.047341040934953234
-0.0007964370457234764
0.015895375324392697
0.006278471671435287
0.011192858878063304
0.006331832763487936
-0.02288085646633224
-0.016868331124327684
0.007900766515002749
-0.001956374098446272
-0.029493573107284857
-0.019716797590392767
0.0016019369476606708
-0.012833354916323215
-0.0006856348113816128
0.04678664342690342
-0.013523797280972184
0.013930259057396224
0.03717489813593137
-0.03135428245630911
0.03587752950731811
0.015039172900364111
-0.009631814965905108
-0.022769316051517954
0.029106748687951673
-0.011186410653070796
0.03169841934094158
-0.006868555290318908
0.019728041425524003
0.004586753978918871
0.053232700356375756
-0.010053966965932077
-0.027177267300642814
0.00587594459082497
0.0002531236599471574
0.007980699093159483
-0.030263391673198817
-0.029973323691575387
0.011515578114777892
-0.047828733875906575
0.010271825666189295
0.017941585240287355
-0.029985885548832764
-0.04518643245603297
-0.012204707374404917
-0.029695192218576156
0.061012597498207435
-0.011475019373666217
-0.017935292003921622
0.05060868163277324
-0.019695825126572197
0.007283792139764899
-0.015742192454532036
-0.006571984835062922
-0.01986759919416886
0.005330378885441149
-0.017981952678409175
-0.012144044747833743
-0.03197793409440908
0.02017785321763597
0.06745386372929395
0.01085046257764778
0.05968333819375341
-0.03856910981256096
-0.016569532297028244
0.027238448893296338
-0.025197600706846537
-0.022505393714624688
0.015077623402206471
-0.0035972123199258105
-0.030163589522882728
-0.013892566213067488
-0.023322097058991537
-0.01425493790072324
-0.0006935806790492136
-0.0010070096337812123
-0.035774283477645094
0.011917072982191693
0.003746973443452437
0.033660222832614536
0.019932429110743118
-0.017843322107039233
-0.007699428601445094
-0.01209320222313521
0.032800201256991984
-0.003247165145540957
-0.006327949655812153
0.0007439131466066756
0.012832365156864976
0.01881853454481692
0.0013685981168235415
-0.05842342947000066
-0.03723461909532895
-0.020905988181397897
0.02818200945027207
-0.013092945470990857
-0.07495755388930098
-0.03736159805412886
-0.016343582288367724
-0.06790388712055583
0.024977966608406205
0.05010703296228306
0.011355365395420694
-0.03181792850266501
0.0009174342745165587
0.0034012741472471395
-0.0049495471656058115
-0.03104584400602075
-0.020687121133380563
0.05372080394222118
-0.003929103383978139
-0.08018119920607768
0.02694333770276061
0.04283254166495357
-0.05972676907705515
0.002335660998329987
0.04801738679533657
-0.005594567734828217
0.0036158282219252414
-0.021029892334820378
0.004081168222420644
-0.007600287819355235
0.03253782559399183
-0.020847914691521023
0.018215319324233103
0.038725371258767585
-0.02463252533217932
0.031333148374863055
0.02397300476785222
-0.005827540834980758
-0.04637620624485408
