-0.03496727940233476
0.08141482057373912
-0.031061813966692584
-0.01850531884773459
0.07779298526524538
-0.018323831864260495
-0.03277833324902188
0.00282931937735832
0.05030666016085668
0.007674770768836324
0.04469226217692946
0.029830710580602864
-0.022403039555261066
0.008064726980989315
-0.00758981350879066
-0.06838053137358732
0.025869929101438822
0.030298705766340035
-0.009042422127225095
0.013361277722117322
0.0341961285696625
0.0022209687065015125
0.013782733934128356
0.04048033069882847
-0.009064209952009794
-0.003091161576198216
0.05098021597659895
-0.0023147752572294927
0.010665058215327554
-0.010942239176492879
-0.018216196722080504
-0.04665394559657593
-0.011695628227319968
-0.04593261571591323
-0.12043697357341043
0.013171359250777476
-2.711127673497933e-05
-0.004562396606104176
-0.024804592936450848
-0.038868866791448506
-0.0018096676279452518
-0.015519960427134749
-0.02094140407139043
-0.015251870396708727
0.00042230243826284935
-0.01777047202914365
-0.07448418550090444
-0.02489055940847183
0.004503661858228287
-0.01653668334024351
-0.01614157497899165
0.004315050516846581
0.010873792137819369
-0.015346708829866438
0.007023971285914854
-0.00974908262866327
0.020993208712108927
0.021802716423609755
0.011293300233987285
0.017040808762316763
0.002630868174457903
0.015747332431763045
0.021608665941798198
-0.02634827390868678
-0.001503426615878537
-0.02727474229597507
0.03322729926076667
0.020169861989748548
0.006512417217350881
-0.04508800214477019
-0.009625786806403695
0.05240009428724596
0.02349425968799182
0.030385364706842832
-0.017230668595178602
0.004327482254285281
0.027115415697321912
-0.08891057973901505
-0.006519750255290783
-0.0019212948502791258
-0.0035314265207972992
-0.008038978919341312
-0.00923214652222311
0.020418070205940782
-0.004568705163416898
0.0010008692499607087
-0.01753522073635941
0.0038142048095014497
-0.0007895529454713917
-0.004069567796283558
0.017163905018337058
0.003971557703495578
0.03140159922079308
-0.024891600676475317
-0.006341712347642956
0.005241861997135598
0.07464336790341534
0.019757651192148767
0.02230874572358311
-0.012433279834101212
0.036172790152320125
0.005817506283046691
-0.018272792378317
0.0038990589699696328
0.015070577879352249
0.04271121963404652
0.040046195978165576
0.0050912554945456365
-0.018634183725412496
-0.008113131666800171
-0.016236720799294002
0.034383544912551696
0.01318346762217367
-0.01299629412186511
-0.01809978383589811
0.014371460106976972
-0.024054629021813715
-0.000248987538516361
0.026739239285804236
0.0068053545040486305
-0.03158708085516176
0.005703403068226477
0.016842433953601233
-0.00899226987341803
-0.009607798840336452
0.006942175418708367
0.0447970755553101
-0.008050751641861765
-0.02420408899778477
-0.0028451533491814836
-0.0023777035464987036
-0.004633135620085286
-0.00877291128691792
-0.018331617175616176
-0.0005412063470469063
0.028429484451853674
0.005126619448459377
-0.002204280091199238
-0.04334448984857204
-0.01369228112466842
-0.04302019690590981
-0.02690154366919879
0.008080364211093894
0.042790005092456423
0.00019022568776754783
-0.05657146196323867
-0.006658188635572821
0.04262377899941957
-0.03277691408550218
-0.02065594336461847
-0.03314029682667826
0.01979738717007548
0.0094972104385626
-0.06105504602460824
-0.008055239316207847
-0.0156346983678834
-0.01591532972884178
0.03108829388924282
0.004233649110969236
-0.03974232848382928
0.030955051771342237
0.01879642700762939
0.03212806099544698
0.0030257771004617677
-0.017295709920043947
-0.013620958999439941
0.0010043514817174102
-0.027372299110815842
0.09223678501218055
0.008920378989805139
0.011585958326824
0.003917408760083177
0.07996252980620955
0.009831140573241812
0.018021171454602573
-0.019956955688228608
-0.03599971196182746
-0.004439989105266408
-0.034407440586237646
0.019089097678648203
0.020143703184945346
-0.010755225725974468
-0.042067777012774726
0.01841321107276283
0.005279596544438298
0.012196818544523112
-0.012435640722553128
0.013840071256257625
0.016568757209059315
0.031700404278612204
0.005144405197363777
-0.020551497401228674
-0.0007838826914479457
0.025744488746934534
-0.03220597048340624
-6.914996493750327e-05
-0.03401351212204316
0.013277436198928268
0.06486028758981709
0.034747294797174595
0.04680182870513465
0.006143914392240494
-0.023550123292587315
0.01912200823392281
0.011490600466725351
-0.035498615951232076
0.023614465710784304
0.0034493337670403286
0.052365553351876704
0.01790689959256437
-0.0070692001629493895
0.0334080450767069
-0.050163629154418916
-0.02390270691154652
0.015762147927956688
0.01738573165066589
0.02694195544020006
0.034272362934398816
-0.012654432934042604
-0.01574656563732514
-0.007458282643085031
0.016253004154228583
-0.0028791966277083277
0.03245364498075096
0.01874111099664873
-0.025332093403541475
0.020834744372983497
-0.004404297494699256
-0.001359979104088512
0.03215066630364522
-0.0067175266484010305
0.012733190695946067
-0.005781086374045892
0.00656818256084107
0.005054177935884325
0.0022278577023875485
-0.019544746526442298
-0.009451266022473835
0.0031780146158335927
-0.003812980908926578
-0.015827642872883536
0.00896626318034897
-0.02192735685162939
-0.004825142067945912
-0.06111052633112728
0.03140125059930768
0.005985328570251343
-0.039850152604498555
-3.859398878571554e-05
0.01849974416775507
0.030040833849832128
0.04061989606183448
-0.022296121194996597
-0.019428025472795027
0.025790660588747856
-0.0027143064608805842
0.022381898622737362
0.014972646323282683
0.01883298071832677
0.016752638814283495
0.032536997589781035
-0.032718907854986996
0.018197003556838846
-0.0059731813578160955
0.0015213989675265422
0.016583915850925557
0.020275453545157685
0.0030102153731704695
-0.012612645528470237
0.0012410083193890957
-0.0045921996478435366
0.04754040121696365
-0.04063972932647004
-0.04504334765715871
-0.015943497364296157
0.04103898700192038
-0.025236125808300997
0.01917341312872665
0.023835313972665643
0.003518116559225116
0.0042882910172674935
0.01160786865604931
-0.017955693102275676
0.04184604898402965
-0.0144697470436432
-0.013843104002672475
0.010373599766734161
0.018035835195382027
0.014067980615127049
-0.015736031620430937
0.0018139581565789554
0.02039061316353126
0.011816290487460069
-0.013271873027897512
0.025238730478671027
-0.004790475952248331
-0.04250519232291
0.03403018527042708
0.000694628636332314
-0.06941182966722383
0.022008673661781625
-0.014907784283299703
0.028285109115397947
-0.01071296593797825
0.018724657276290118
0.002872936575170007
-0.0032215068875704384
-0.01134036089938194
-2.672665231255751e-05
-0.0009590019350522645
0.04587220468388664
-0.04389065900200387
-0.01209134887583143
0.0063376069882905405
0.03820876358699132
0.029233599816607805
0.02121033293435381
4.95635945316746e-05
-0.00920265732744399
0.01843099746404857
-0.003934643144872336
-0.022379123772465526
-0.011016109417479795
-0.01908407251840474
-0.004069745451929084
-0.010503699225764112
-0.007721027263467959
0.010243940753968301
-0.030334402593543017
0.036507752295455075
0.03001009537504283
-0.02092442694933207
-0.0001556215088405807
0.005639148270830386
-0.03315856265747061
0.006120330249247896
0.002305459630193176
0.05070399906161547
-0.05541568830242745
-0.036647176562239085
0.012270826284838924
-0.01059192712637556
0.003856532064307949
-0.023900995288011446
0.02043968478327228
0.033792304982024846
-0.036298527468511164
-0.015051258231763794
-0.0017303151074636676
0.02424120479578239
-0.0015039472832383707
-0.01939123690152093
0.06544037375637317
-0.0032528836618908705
-0.014022171971488733
0.014927245440152734
0.0030377407978262583
0.11752333188361294
0.0241805425641861
-0.001023160927722671
-0.014779727194444606
0.03623029847632411
0.001776867413953609
0.00011850323543750352
-0.010693817565250573
-0.023047030006831074
-0.044867687523772806
0.010233614098128445
0.005801090676101713
0.011396111390187168
0.027390887862024243
-0.004875005374393723
0.06064994196335039
-0.008342857276992188
-0.005324768737844195
-0.022792411256209108
0.027807665787941704
-0.02779314004688159
-0.005905579557301284
-0.03630951321738639
0.004967965000970469
-0.006095782399386258
-0.017326869409349823
-0.015917460175135883
-0.033426710019093135
0.06049315773447245
-0.03872205169682375
-0.010265637322796423
-0.003299360063360466
0.012169550318976595
0.01826903048484455
-0.02818801156960178
-0.04083812575174331
0.07473584377970138
-0.011094422856391388
-0.009203643300238413
-0.01749779792074276
-0.047445772004510174
-0.007519812264861744
-0.0037066153510080043
-0.025707078840113893
0.024702980758751342
-0.0315241694592899
-0.005360790576792098
-0.05370143319912623
0.00936877005327855
-0.02026902112187766
0.0211810331773834
-0.0416717492866522
-0.006576234163180022
-0.011129442577026282
-0.02229129959062326
0.020195862199630203
0.05920942732791037
-0.03731805433730217
0.0007021164092190761
0.046280356426384096
0.03258956251046141
-0.004904510389884431
0.04324783344301934
0.001050360241309847
-0.01829035850820768
0.016544462439919607
-0.03618032613633963
-0.013615856821033346
-0.04445103939706791
-0.03104999066322196
0.0185332086791107
0.017185777300308548
-0.02347913137896989
0.011669083426319962
0.008846951072018073
0.004539313944449705
-0.003357860580805845
0.003996806459206012
0.03345736211961822
0.03251534214275051
-0.007445119574345763
-0.010380261355901747
0.015707325287822753
-0.005117260752642553
-0.01203984121464738
-0.0060739456358345646
0.041864343717166554
-0.0221089142814754
-0.03541952351756574
0.022415858125170184
-0.009017822972391697
0.02184431837218278
0.017602161539718685
-0.06446665367843052
-0.007164887924915847
-0.06474884496749515
0.028399134851087367
0.025322182166245745
0.006169764008662128
-0.03457398773647761
-0.008799997329451904
1.7240732863950645e-05
-0.046464795826163016
-0.010456816235727834
-0.023672833381314658
-0.027115437818579887
-0.03006971061824246
0.04315952690793279
0.009619494042031195
0.032935213547588216
-0.015134565221999198
0.02954857488096296
0.009685369309517999
-0.020763264915070273
0.01191125543549109
0.05959530463998706
0.0007551719902395934
0.023401004829313593
-0.020138808741935438
-0.01484752844066576
-0.011409854053006664
0.002415893881518052
-0.041783046447625254
0.0022352074050934726
0.020946114567373483
0.018313131895662936
0.034976449782492945
0.009270974036764386
0.013347724095341948
0.02682193709645295
-0.012765553219708887
0.019676468155548535
0.02487267215441565
0.002192181495151506
0.02825621707205422
0.014835037527874642
-0.01993843261953513
0.01120085537299382
0.0060613650531615585
-0.034611946934268285
0.012570708387205623
0.00942778412026013
-0.017938707723088886
-0.0036762185474987024
-0.01343093026612736
-0.027787240011444433
0.020012144983060632
-0.007383239116680525
-0.04848960264439217
-0.04251415916391094
-0.004406770207035324
0.03153879351252038
0.09108611104737771
0.0032460119889726365
-0.06652205163268965
0.02759032664752737
0.03397125840587909
0.01677359546278291
-0.023239214083072453
-0.004227827880915402
0.015154812225392764
0.04822748657867863
0.009489490867576162
-0.0025618537096047545
0.032128126044375344
0.00457560282414606
0.03183599415509118
-0.0064432238324333
0.0020877445515054315
-0.018864939000125928
-0.005819879264372495
-0.013345154650546606
0.0376191729964173
-0.008619827419137896
-0.008887684608222807
0.05043150880247359
-0.02579036890515412
0.005502137579804962
0.006561978710453099
-0.010613487752360321
0.009952057531732988
0.00507531531769616
0.020150108188054024
0.07014642699842254
-0.01922460417964376
0.012509162733364112
-0.04544711320565788
-0.0003783814861042976
0.014327582207244317
0.00444376107620227
0.027534451412130477
-0.0409288712115975
-0.022452287280152677
-0.012918434057508569
0.018654283191779766
0.011737884489156006
0.05084771552727967
0.002957422189797479
0.06223576396806971
4.6092846602553393e-05
0.010190229870238845
0.006621260444927654
-0.016306892485864498
-0.03152799292750217
0.047773787710247304
-0.04924761985203871
0.03663656318156499
0.02192979711839141
-0.008740285212626611
0.037321744457210905
-0.01984376102173037
0.005684354425650857
0.04133437764728352
-0.08279407288528565
0.033913179216984515
0.05138156787946202
0.03776985272675494
0.018630155329165513
-0.0046117862773305245
0.003725104340358548
0.025682164145134776
-0.012400318004232228
0.0035857904332442497
-0.025968215678977235
0.0010465960112642475
-0.0231818753695805
-0.03693409114528329
-0.00219021683142427
-0.014548093489234065
0.008746402986850674
-0.056387795950293494
-0.005149831383701515
-0.013622828280313342
0.005107554037920648
0.015225936124342494
-0.019541393378479075
-0.02051075312155827
-0.02255722793367858
-0.0006464746643753272
-0.029890954549012947
-0.017742512014643077
-0.014442417900620015
0.013502911567097757
0.021347181043416354
-0.022670662975525377
0.027117303488730322
-0.04110098278557725
0.039301513212636405
0.0028053561914740213
-0.016139874274990976
0.01792047287287228
-0.028607370909963546
-0.009310102088962916
0.019077533162198134
0.0027097745838289547
-0.053439870498920565
0.048758731712247684
-0.008903806036930889
-0.021041872127840765
0.017869089313698818
0.039813736128114056
0.006088723636110384
0.003516607135192348
-0.00088574208175386
0.020488702037187317
0.0076082897591275645
0.031189426163858915
-0.033488255949889044
-0.005550725230988247
0.04286549286651157
0.0078054142659468384
0.053457022615893364
0.010119704252680642
-0.048887448151725986
0.018618379163393716
0.06340731672187967
-0.06003195180711213
-0.010420567878405975
0.029857056213626252
-0.03265939970416018
0.005638248719091146
-0.016426071179350053
0.05261071198671075
-0.0009840917379775364
0.010033956588274582
-0.04029968039392426
0.08816722542280223
0.010772166290730068
-0.03080011059856757
-0.03090333529728299
0.010895010035959657
-0.002934424754941201
0.049929993843604935
-0.02147050675434757
-0.01369198964186962
0.026681948568575697
-0.019350787518100942
-0.012917021633538247
-0.04041377725457107
0.06626015646356957
-0.013651507405235318
0.0031432118384326305
-0.024316138191718805
0.04810792100156397
-0.06290109246588417
0.00988210907766052
-0.0676165333525916
0.011127660483152077
-0.034571058474660216
-0.048472293989375935
-0.03057867193122826
0.025561084576580517
0.014790966473024188
-0.018976194133163326
0.014987787818762853
-0.01929968893614717
0.029998334414966393
0.0017596391287084063
-0.01564194513752388
-0.029418089276869806
0.008011399361776302
0.0018719306779680655
0.0007031715994524422
0.007686616935499163
-0.015213388487913312
-0.0156591348624432
-0.08705150275885305
0.017376266650742194
-0.03479083668523171
0.01768174279103685
-0.01680100115765666
0.05683228088069806
0.03012598246907074
0.00037896332888575246
-0.0002645186875501336
0.028957543379370218
-0.06255830928871164
-0.019727403082614767
-0.03799799694476871
0.011560415856560294
-0.013590135740624834
0.016114457504195857
-0.01164938347138006
-0.016665653624961422
0.01386757082737238
-0.0448976477308412
0.04058695578008939
-0.020056156237962038
0.060394054035462205
-0.030448316557753947
-0.04332751032068426
0.005511737915907334
-0.017578456421519888
0.0463803161805923
-0.011511287884055737
0.012011177655555195
0.017368031886108564
0.02305022244181315
0.03536074270070988
0.009625594520905563
0.00016340714713868182
0.01565238398170082
-0.03693714348987881
0.0291851066786152
-0.004857441555362792
-0.02206028742284337
-0.011150237905225891
0.0038263459123724568
-0.019866249147087692
-0.0009376775350222166
0.019126848965596938
-0.03810165166821497
0.018806614197605716
-0.035608634324898525
0.020131701209520486
-0.016298204099388362
-0.005478429288443558
-0.0025722298329445927
-0.018033550839453006
0.004020628629730141
-0.0003568759459369562
-0.0063868051810787784
0.03263159981754173
-0.11367840817040406
0.013883868434463792
0.031515432747377094
-0.005714510938706671
0.02243070973089879
0.0033604417198687103
-0.02021838740242457
-0.004721959432966173
0.054653351602405996
-0.0035787668145793937
0.015970884898702103
-0.009090885138277462
0.020069930907279567
0.0008968813170559782
0.026270359789064505
-0.04107620625450461
-0.008812912484147908
0.03306250338196207
0.06426498138631587
-0.007920492893518153
0.009000779855774087
0.021161800650844966
-0.015228967659135374
0.038587982683322926
-0.013517495908276448
-0.028168615072996117
0.01595591189712704
-0.0018565513252647152
-0.006055701360378781
0.06569781323651108
-0.010619700051566832
0.04091417743190489
-0.02167481265446582
0.022628563352985492
0.0037708003288978724
-0.054941720807799486
0.08329550558384664
0.021758083332567277
0.029919462219650684
-0.010041950454308264
0.015136506576149839
0.033679771822421954
-0.0010527651352692962
0.010823653122857409
-0.0058276168869300865
-0.0255711383304368
-0.026551013014026542
-0.025155026370175183
0.041148525746046896
-0.017004108064731783
-0.015327450839921783
0.04115810491791575
0.013204556578806054
-0.031533982091557576
-0.03621990269686486
0.00568798885061004
-0.008344606287143438
0.04567228508662926
0.024508959851609138
0.0031631338034389563
-0.025036039221093934
-0.07663090650088808
-0.007680116672835581
0.02342614158872146
-0.05379727565614039
-0.05352684718697941
-0.008140149274999248
-0.03622119140463338
-0.017132755168527775
-0.017501139589969034
0.013525354971458561
-0.019686286672347945
-0.03468534271300964
0.06396729247114934
-0.024951344220552507
-0.011170025569924271
0.007949142522680365
0.0161110871167891
-0.011878830865035817
-0.014416062966649995
0.019151471990064936
0.05872874875093593
0.0026809573674160068
-0.009816016416932506
-0.02032590560264528
0.01810523229986793
0.012816076218140703
-0.005207066717347431
0.026738681321236583
-0.002627104727098349
-0.0022923711199362663
-0.014599880377692527
-0.007844645831120834
-0.043338832866301094
0.01950171362164195
-0.009893950824324257
0.028552013354505534
-0.0036733679740540265
-0.0031596116813907968
-0.005350355113067271
-0.01383873259254825
-0.005059719709061262
-0.07191205994891416
-0.009768610636774089
0.02219679102359738
0.00173611375468468
-0.00349006479805163
-0.04469362273284178
-0.027307283154406708
-0.01687391586568953
-0.030852243571112017
0.00013727811666200906
0.022343895592259334
-0.0199852950149192
-0.0066302366478697815
-0.0277630299442315
-0.005052193398517248
0.01663722346602076
-0.03906372905991045
0.02581096512725409
0.04329645252797304
-0.009390356954940908
0.011433955275121801
-0.023921811544368107
-0.01286219928347792
-0.03327472205000472
0.007794643433806839
0.06069388494830997
-0.016583678636356947
-0.027618522489713505
0.012583629830890166
0.02852257763304498
0.05313129429384121
-0.02207990281728169
0.006672973244637888
-0.06111648011499813
-0.043797721472453796
0.00020419554690094012
0.026784887941886375
-0.014520321847221076
0.006192441002401486
0.10863557506433194
0.005644684100353771
-0.03789118737628533
-0.0033826981848223124
-0.020231167825434646
0.022493942259025027
0.01967524793567124
0.010353555619751457
0.021352214384981343
-0.023763157255927432
0.006725442612954553
-0.017251304388792205
-0.00924224819320048
0.019115622120843022
0.06363987050222429
-0.007125881180222157
0.049244250301471004
0.010395164359835006
-0.025865292225794815
-0.03749260790924995
0.007681665600730498
0.010570900511087954
-0.024081147101118625
-0.0019511370282307874
-0.019292125489642906
0.0016808710998282167
-0.007842476761899165
0.04080643450698468
0.03637101498159349
0.028544963943794938
0.0026555636298566687
-0.013030033998371599
0.012514398587822386
-0.01613010145691929
0.022189029093053706
0.043514578518685905
-0.006874439736709229
0.0018102787221193739
0.0013790699657062072
0.024948469732110536
-0.010466958797884913
-0.001741532909845987
0.055318028779546044
0.010803164346335062
0.016806417325142858
0.09960097078020798
0.011631097190930624
-0.02082710916899585
-0.019635424461668827
-0.07754339236594732
-0.028157385306934388
0.025600548736254853
-0.0005474602272216157
-0.010036331277051403
-0.02347318764893898
-0.00920671504920009
0.021298258399401245
-0.023411596685801363
0.013846856526325965
0.0007122519614534832
-0.02143034962270481
0.01844882522356484
0.04011387079159206
-0.012822917059367755
-0.03286751112370428
0.045403812429074
0.0082780673631711
-0.03292312009378397
0.0015520642981636187
-0.01770715704434531
-0.08539689843919276
-0.016557080711955642
0.004231673111143995
-0.002211060835002536
-0.06212102152541698
-0.0314692111892485
-0.014343651794790907
-0.0183255061552729
0.11507893449094761
-0.02180072346816487
0.0016634341309110135
0.031172967930295743
-0.006489452849789634
0.02061235763205517
-0.027670866050263563
-0.025599884829214804
-0.02039402981230351
-0.012763808576462915
-0.025553443036355806
-0.04684345736943132
-0.004859784027914541
0.005096695964959069
-0.007467730772198661
-0.004280384916895301
0.01529497383602066
0.02457020123363194
-0.013626743660383866
0.018657017543941872
-0.01879749973665308
-0.03966762991298376
0.0025606313956613724
-0.01742806276392229
-0.03170181415811809
-0.016407861677570343
0.07832669527085435
-0.037836952432455204
-0.030603130645858477
-0.008782319501870788
-0.01827114051683784
-0.014646686372095019
-0.028142381568017395
-0.005203243887737053
-0.03837871510543152
0.004249380185030772
-0.010947442421512115
0.012353249937217462
0.011215745260713863
0.04107958834737354
-0.003172142929725238
0.013620832472583588
-0.011077822902509075
0.004657713119675681
0.04073168050557801
-0.0004012315900884038
0.0352279290705405
-0.0269877436404241
0.04752769274505732
-0.024700962038940805
-0.0012814081313170353
0.02333079292330541
-0.013861951563914138
-0.04358976973862838
-0.04313804008356729
-0.03891187328290516
0.0280479606091089
-0.009365350203332136
0.02283572871948057
-0.007413766401553267
-0.011662862427453645
0.017838423392008165
-0.028915725636223064
-0.020458628951723803
0.001590173168447939
0.0066351459517080555
-0.04123765435876593
-0.01750947361870298
0.008272231450296071
0.005988622844769884
-0.017700400434716594
-0.009950851300865078
-0.032340498298697035
0.0063700837502768115
0.0038973959102765296
-0.040447337976707395
-0.04919812496277663
-0.03869848526427559
0.053156388342978554
0.0053379246904219765
-0.01457563402748805
-0.024060125768933304
-0.03255036119478406
0.007371927974090334
-0.0234962408349937
-0.049646539591284525
-0.036568978607808736
-0.003814546680675944
0.037227526050279104
0.004058749723937576
-0.019576163193588337
0.016280877396371206
-0.06800995408205378
-0.024044106480140028
0.02403156348098916
0.001213791560586884
0.019886992120226918
-0.01689027311687466
-0.005165113135875676
0.0002273637820158814
-0.0015355309697099744
-0.011659577509800524
0.00575562288544479
-0.052156494247802596
-0.07838912871974045
-0.009076963105636417
0.012442561012613117
0.022902596789504744
-0.020038681820703067
-0.022297037807313482
0.03283032496732019
0.06669142608706298
-0.006154039122811843
-0.01805978432599104
0.06906949322323262
-0.022501641976386887
0.001633146646503461
-0.004833387953924918
-0.031006282921946158
-0.014288219313958711
0.01306177289010407
0.03617617685638206
-0.041820637877451855
0.03224647606485801
0.04226434179959349
0.011581137122384198
0.014412333025962861
0.010361423877146052
-0.01494962376593029
-0.0008170484615300708
-0.04046840307826845
-0.01609232008759129
-0.04767777321190171
0.01150731228075801
0.006015952424683199
0.0011310127515646398
-0.005682965564964154
-0.015404139020113257
0.052299099648781454
0.051011668178330374
0.026252773641017416
0.02418645861468928
0.015136033910843349
0.010175236756854689
-0.026098181604607043
0.08758404814247849
0.02523906438375895
0.006344157958377163
0.009861658893840101
0.026648988516407943
-0.010510135106697517
-0.020169765189368055
0.05693904898496508
0.004486375081594792
0.04688601278296517
0.02965577455617874
0.01412546957342209
-0.04136701628572192
-0.037960436595253305
0.024179576912471207
-0.012572865005267922
0.021913761488156783
-0.003621942576966454
-0.028109912625865652
-0.02787457377237657
0.013275992092564269
0.011282167304754719
-0.003884041749702194
-0.012460281504273658
-0.005993910481182682
-0.0001066770587469986
0.022141827927602862
-0.00010778630712131669
-0.005216274053081998
0.020506780264645925
0.06829718732545845
0.011612137721882528
-0.014452442338102903
0.025443803571291498
0.019697635931068963
-0.030239670633346694
0.02809168952488657
0.03964420283613952
0.01109168838181417
0.010271408866992614
-0.0031347299009766507
0.006004040128037047
-0.009162592286178573
-0.02038532339868569
-0.008173030251778833
-0.08301598697858543
0.021213962385579915
-0.03208936831527142
0.008436170798606708
-0.003817573864791303
0.029614576586822997
0.03934388277279213
-0.011053801054627286
-0.022505134862151086
0.0028928330507564377
0.026480953158854337
-0.022072868828431284
-0.03300696140798252
-0.03843752064028045
-0.00606414539218558
-0.0054827399475339145
0.01781577970484251
0.008798201134150654
0.0062020300815485525
0.008605456306285552
-0.07828839932689613
-0.01898996939305061
0.012394219129455668
0.012087552940379437
-0.017342088904855873
0.0007478640369009096
-0.030730215263278137
-0.005565997761324431
0.017239006776638827
0.012712105256345571
-0.011732314873409817
-0.015100408044998537
-0.0075786062254307954
0.03759358267927759
-0.005661687271822443
0.03609828271206633
-0.019917322258482553
0.05773709343537844
0.0034770928748220605
0.04454589344407686
-0.015953462956311622
-0.0045152711310016466
0.02237082519029445
0.07532307782108803
0.012706147723684601
0.033108206008535125
-0.05331649361933895
0.05652383412620441
0.00258702655974237
0.006955665971858158
-0.03898815141028857
-0.057510870753320294
-0.02827252813241605
-0.026241409084119885
0.05334273217758131
