0.02171883626082219
-0.006822101415717906
-0.029391657291280522
-0.00681680619012304
-0.01700801939071352
-0.053860422454912356
-0.005163916408056064
0.059532340684546964
0.01039267676124119
-0.016566323125432394
0.04441684060206422
0.022938353470424656
-0.026624379349725735
0.021040704670191108
-0.023559959542431848
0.0031732971357927835
-0.03227984120471442
0.01138089643629489
0.010857851140485906
-0.0007785902564159964
0.0390883747734508
0.0411123481172056
0.008401009549355035
0.012477359609116572
-0.0072566092894141955
-0.037264534366812714
0.058009643792781077
0.016594401263861837
0.012234192627001593
0.012297996380250645
0.04025597142480628
0.031563850968036426
-0.02789525229002451
-0.047504661384499734
-0.01087871173179005
0.00472132456975322
-0.01755169018375591
0.0023688670306019756
0.00761908174228463
0.04116423405913632
-0.04929574971258985
0.002670392740994593
-0.018677303213010928
-0.030655282119030014
-0.007799312600977759
-0.004023936777287849
-0.03609358167060418
-0.0017869682690405304
-0.011299233342842139
-0.005739815510928915
-0.00971538515353763
-0.035011335734032714
-0.048062870924936635
0.020131139243764508
-0.016777942268251075
-0.04995170694569536
-0.060670436642593153
0.02267440469797456
0.028384048427655257
0.02530306302192184
0.02602518447338352
0.026620435871958018
-0.011554481232239922
-0.022834804231327846
-0.017215690410283712
0.024897187621968984
0.038270034975931184
-0.0008463239127288114
0.050492974453741395
-0.006885992259159482
-0.025440097690197547
0.004202596512802085
-0.0048316289575480315
0.01687412039552809
-0.006669676414832782
0.025860214217038005
0.002999944388861732
-0.026266745829637936
0.037029155768260213
-0.04779415427347507
0.029324402388093317
-0.006459973734403717
-0.023491413115607228
0.01841891168261239
0.04487571588772556
0.01888428466507645
0.016676591698790273
0.0006259951211575256
-0.02677647748525814
-0.004251190271928376
-0.04950997296717757
0.005465739035214478
-0.0010368883304436895
-0.023668071181645402
0.064453564482642
-0.06973138935188958
-0.014450762631455272
0.042387016978957734
0.00737770340938682
-0.003586385312382448
0.008311982545891987
0.03931241131802724
0.035379897001953646
0.059640342668956514
0.028603316219939435
0.02182604388393395
0.005119014074097229
-0.006453504067879403
0.014850064529897367
0.0018431844853198916
-0.016966119786357012
0.025910342872229875
0.028934693652232432
0.005533180469233732
-0.03775232947134209
-0.005304393785957393
-0.012486890582291105
0.006776533414221288
-0.013101254861425637
-0.010544779595026203
-0.004051873033838915
-0.00407389029816246
0.018200327829686315
-0.05374157921009035
-0.0031170778029217436
0.012566165423379627
0.01983353304359149
0.032121451257893605
-0.026781024915314085
0.034277314214165036
-0.017659942039700654
0.037471693112239864
-0.0518730244410513
0.006319977618863659
0.04026869326751585
-0.035729778318910166
-0.015390922227346959
0.015550118335781257
-0.029811229388945194
-0.010818695509850451
0.02431355243539865
-0.012961005665519706
-0.05294729997017481
0.022700985574239226
0.005724720205940692
-0.01769418293278692
0.007989307537561371
-0.02465809980613613
0.04483285908759283
0.010344562472188583
-0.014753313308618994
-0.003657305498464441
-0.009137384386558882
-0.025889725593754145
0.001045563584646034
0.012725255652854218
0.05697050562278419
0.0027489313623997157
0.006030969036195573
0.030950429814495695
0.00590090950709578
0.01572147126362076
-0.012806331640743908
-0.0071436407949145775
-0.02093885056194512
-0.03332679575974945
-0.030905276092242508
-0.040777252402306126
0.01805830134462614
-0.000654957972521859
0.021348916662375286
-0.007395635265594516
0.0034596497223816957
-0.010125402233646264
-0.007201774237837691
0.04024139617855886
-0.030050237033054022
0.011182512275463026
-0.005310170865210922
-0.020666435281834896
-0.04600759171561924
0.013911941446196098
0.0018575181688966552
-0.018985241191280332
-0.0015949001601471306
0.017392155897337017
0.006415537358056051
-0.015018721797144554
-0.09669528716234216
-0.023174089467662806
0.012003939811852257
-0.0689087212585654
-0.0010681345088338814
-0.014473188779334364
0.04230558338234445
0.01538534652483616
-0.013435516650183625
-0.04725247510680661
-0.026176058142159165
0.016480699557059504
0.01468291572243617
0.004493305788949408
-0.026972127527937168
-0.014133530514216515
-0.0023291540844300085
-0.024893875774970525
-0.01782373375309973
0.011977521646292759
-0.027306245942444518
-0.03176617676993652
0.0048558779259586845
0.01844222771114004
0.0227446172764923
0.0007569308668313326
-0.011071599456959402
-0.012243022968338216
-0.0491512418592052
-0.02975085990455103
-0.018444373737523476
0.004023121899267519
0.039693918867985296
0.03817634226918078
0.02304536760885849
-0.00010985848518061245
0.017205844623957738
0.04532451278740933
-0.004244028683247689
0.007954850954751281
0.02413119794607603
0.004703671896138813
0.03394748234891698
-0.002649229620782756
0.01009415703808415
-0.017604142374383704
0.0024298019067800674
-0.015000978593416172
0.005047945649537214
0.010446466237694763
0.01774735883281828
0.011473186288414757
0.056668938773411046
-0.006571086971799701
-0.02801364699065758
-0.005951976895583671
-0.07052777506863361
0.06499424190435958
-0.028245606265368227
-0.04006662979515347
-0.07353200604023896
0.014664956383148152
-0.006078961977541567
-0.03271265345349442
0.03081676208979142
0.039265440709865755
-0.010050359420376642
-0.0010004898352182282
0.006401929711713157
-0.019422753218234164
-0.01892347412032554
0.01873773563979449
0.05888874498543951
-0.003006204551196188
-0.011507353904341143
0.04299147879337216
-0.012677912569961503
-0.003170204170233203
-0.015368858499730754
0.020745035909818424
-0.0017869779710903975
0.028290786447508192
0.08098480623305664
0.04091868476021392
0.019153419977724302
-0.017335767013066425
0.0397836618742199
-0.017372316684835777
-0.012574526448628215
-0.05488513387352644
-0.011374805146191892
-0.0290019612169462
0.022164948060118473
0.017727625240804935
-0.04278482832767634
-0.06277453872255467
0.028746183644173865
0.0024205198969217264
0.09141024710708644
0.008583142924243791
-0.002245753466410607
0.023917634082293224
0.013979857889712661
0.0032522574879473554
0.029103234626194
0.01145456292068502
0.014292804320566052
-0.020840868323313992
-0.017320072885955048
0.04941569470936665
-0.05874578807996472
-0.034144562884075136
-0.038439778011026556
-0.008202936956123754
0.04194144218732738
-0.009025665878964835
-0.018641527130963544
-0.018865348420002894
0.019644319937167656
-0.007453151758275923
-0.035461784019544196
0.011758124275070954
0.0266657631236667
0.017238367213506
-0.027574734500251687
-0.019656382312120652
0.002207206747662998
0.01705240996013442
-0.013343667776013111
0.020124867534807512
0.016092158504894406
0.030869303154823627
-0.0012708692606807814
0.04151947873848959
-0.034659958137062546
-0.01696263057306638
0.04419027387302227
0.043400723653944456
0.017266035792837003
0.022495408458678486
0.0031453583097220527
0.029494704394176757
-0.038774561287304526
-0.029164490513593298
-0.007364862759191287
0.017368463685912647
-0.013410074727609956
0.038525182286035985
0.009469589845719925
-0.08053784704563002
-0.10214462489625949
-0.00909916055030836
0.004680757812919025
0.009652246870559527
0.008785460639066588
0.02827888735519782
0.05238703806959432
0.04069029835009401
-0.022261575792026176
0.005747419322753833
0.04496722300996381
-0.03911060000663723
-0.024701949554667996
0.037085031120714596
0.02824083625951986
0.03755353009529414
0.019525783617785474
-0.05883825607851104
-0.023299373497328718
0.04598894318803593
0.005968344614887389
0.003985332721300501
-0.010304887484300628
0.018556344374958806
0.01964779632356813
-0.05133453316522401
-0.005684215991301612
-0.00042629613884718543
-0.005699747010088377
-0.036906964220383275
0.010501400952317415
0.031945116325108804
0.015126907294621971
-0.016480216541212272
0.026384672558683483
-0.016099058993190897
-0.052513398799758464
0.025674660896073252
-0.04101190207749066
0.006972851893802068
0.004876942895354145
-0.03368116228141257
-0.005970043770008614
0.0008880092173530952
-0.034791624208318626
-0.00996908366571444
-0.027753053377367738
-0.03157444883961894
-0.030775490570876075
0.015765591039593477
0.010360821536433099
-0.009767829713782669
0.00022134048595614584
0.0027604803391409072
0.02096113076780179
-0.012853431198956189
-0.012879925430806908
-0.0008215091160397337
0.004108079360490471
-0.044071629730648855
-0.00015228174086055914
-0.015882098890089395
-0.016149077622434876
0.00799687263725441
-0.007149891384155924
-0.006199069764277158
0.02352710664231768
0.03487201000194863
0.044994404853468326
0.02566019052575937
0.004026469421635622
0.059766797631972395
-0.009813444086757328
0.0130541109988724
0.010041005740408513
-0.021221186061235905
-0.014775937443507473
0.0020003653647767275
0.029114285352762802
0.014424822744019265
-0.009761552591443368
-0.005886712741505912
-0.010055569387144648
-0.02551698652892667
0.0006650444347703987
0.08659407521894111
-0.007715849891849093
-0.025841709684483682
0.030483091448027393
-0.0115464809572718
-0.008189187480048047
-0.007851526377902034
-0.03620020787676369
-0.048756415882619815
0.024150503331722608
0.01727165960160108
-0.010041551265754223
0.011358978304504882
-0.028041773289030267
-0.01110260535616633
0.031184110907199438
0.007392538972298672
0.02423450769844714
0.015572079507349564
-0.000386172343026776
0.05346724708455205
0.025851545408955255
0.023734878276456782
-0.027717413021926485
-0.01176124612297529
-0.014492571433254768
-0.0043490455662185575
0.058288163939526065
0.010883061684737384
0.041516862758485686
0.0006416324974859352
-0.005459545945129965
-0.013493923732674228
0.01665914962908492
0.013860316543477556
-0.1061177641093557
0.031056944228910154
-0.05915860899666822
0.019214500929805447
0.015629170637138316
-0.012947465475809541
0.009913961986162057
-0.04886800315629814
0.03882579046214771
-0.0007913161905756282
0.011712457296802177
0.010565303857575164
-0.011254610294711807
-0.03442381768816503
0.02509065016368775
-0.01207691604420248
0.0005096070838870687
-0.04988352240317896
-7.125170748816407e-05
-0.03454587807436347
-0.017556655892471292
-0.006150708269180993
-0.029583315169745994
-0.0026664075620830823
0.006870747944791284
0.021161972625022424
0.054010136267578966
-0.032656278247085994
-0.024862964187111283
0.023851057351462625
0.017194428039902065
-0.04952116548899049
0.011469101736549948
-0.005247246928164037
0.015637158795121744
-0.016803597157316143
-0.05003560132274569
0.00687205503513518
-0.03443215961928987
0.038631138381364505
-0.002210903285311267
0.01776008919196363
-0.029652089389428923
0.06284498547192409
-0.05483260668378994
-8.72261926312241e-05
0.030839948619579206
0.01820641237734991
-0.006747326584382951
-0.012771379720277339
-0.003420442113571445
0.009230489260070508
0.011818439708032653
0.028257970496664588
0.005985032047719445
-0.0527924103396578
0.06075851705230399
-0.021560257766789392
-0.018996549401775854
-0.04768868482887492
-0.048236712238084914
0.03571164418766024
0.0008306592820935298
-0.04913306838909202
0.007429730972003559
-0.007505876728172925
0.011844183305754211
0.032361711600083325
-0.00013444158666701814
0.0381374089050793
0.0627614874413773
-0.03451275783509038
0.007272234124558599
0.02091909459162073
0.005549792857863483
0.025074110119796118
0.02106117776269866
-0.04451340832914745
-0.009429355474355286
0.0022240065738633346
-0.005711912667421185
0.009990672333960077
0.012904101341744613
0.00994668732039912
-0.00562568877990231
-0.057900452973887837
0.00811057790129596
-0.00015840977187991305
-0.04340526580061023
0.011091069132476613
0.006186942417417031
-0.022397315778568162
-0.0048336232500916015
-0.015592678425084794
0.020586874677733884
0.019865265464765063
-0.01925756922203902
-0.002741330356573165
0.01182121324539067
-0.06003148603385169
0.012831259037965689
-0.009877176687337634
-0.013063290496239723
-0.0013493458742575872
-0.00031995092290282236
-0.0090046991895653
0.005513023458189179
-0.022175292640694448
0.017599493963927817
0.032105570884392365
-0.036011657500502184
-0.006541338194269597
-0.05560214793720906
-0.06010121401811148
-0.057723948438042565
-0.06971326724472303
0.030205839749289635
-0.002124150524651708
0.019090940357546434
-0.004333815324459336
-0.02296621801618141
0.0008794435763698668
-0.004281141533530143
-0.03038022679154275
-0.011570203947590327
0.09808053368996889
-0.03788826687776647
0.015372364984591488
0.014975495787194145
0.0024615863417304226
0.040596778752188444
-0.03178322154415484
-0.028273912437925885
0.034104359180915055
-0.005796494931086962
0.003959050899533508
0.06318150704025983
-0.03397144685587902
-0.0019297898381860673
0.01718544242398306
-0.01245491203520579
0.005156024061152298
0.011740625213086364
0.023611398444690086
0.0047984311358453425
0.008874402385538988
-0.03576652638763524
0.006495009123832387
0.006019847928887705
-0.040236073375987856
0.003545924778772141
0.045189775845794325
0.03018313962644711
-0.0004080458717035844
0.004093906830589926
-0.024286036734420844
0.02429958565971653
-0.01447847393352421
0.0039023161300395745
0.0030975937545720134
0.010503636697664439
0.042379049332744285
-0.006583185649427905
0.0592914877106898
-0.012722701370183224
-0.020221117744835104
0.014877276859261426
0.012454636620195678
0.019137162308402667
0.05449139363604517
0.0014834478455500097
-0.004120344300899437
-0.012390655239791387
0.03389743324558632
0.05506647002215198
0.0648311752061268
-0.002695007877503795
-0.0072395479342909665
-0.014711497630204434
0.06621365176719735
0.012936203515692808
-0.04552399009430156
-0.003505172807562207
0.011552836816942117
-0.05415001489901336
-0.0023097846907154693
-0.038395508528367484
-0.007329727482388007
-0.000500713378197436
-0.010504172971218117
0.054181054893020233
0.03873552055135548
0.014351658341101466
-0.019993415684562234
0.018993545237948193
-0.014616977190372917
-0.011539715319027689
-0.009297006678850538
-0.014839958289811757
0.017202766122219566
0.04891357736129135
-0.056722972442213776
0.049712249914883606
-0.009432623443932092
-0.0319909772965911
0.015205470290499203
-0.005883520205170664
0.018542463608121618
0.028254123464247265
2.5163630116312185e-05
0.023793135032188207
0.036326148276885406
-0.015470821982669816
0.01157630900534575
-0.017742658167039037
-0.005766608590210285
-0.06203564539081863
-0.010939574277321328
0.019341228013789305
-0.0065508132574607315
-0.029811216718612487
0.028645525328779505
0.005233314646395921
-0.03878615546087289
0.00938020173837587
-0.03999642898871753
-0.002505131491109062
0.03467193276268643
-0.004894472481707709
0.0029775579196875497
0.0602334395734793
0.010049708436974423
-0.0021400673941789202
0.026345462267480822
0.08437023203229552
-0.0031015446594276235
0.015212707647778016
0.007441302336648586
-0.014748631563386658
-0.060162299038197205
-0.08169473081942531
0.017044626591640834
0.0470069100295905
-0.028811081815850317
-0.014078048210579628
-0.03168422587003642
-0.02461974864232214
0.02169910378079702
-0.04867077701383498
0.020053480198145054
-0.01370852234169544
0.034918906819039926
-0.012147582262332233
-0.004272861228427004
-0.004565344688672081
0.014443429344956583
0.011160862298027149
-0.03746122555024287
0.0013951672875082367
0.021066331754586748
0.008218542236420483
-0.04391530345668239
0.04978823342724885
-0.033291290041585785
-0.0074045193229408885
0.03712572511584788
-0.028489544052178854
0.026132686284539002
-0.02296141331016706
0.0009219902780457191
0.015960392390484794
-0.00908523290228881
-0.020331924484439844
-0.04074028330779046
0.018120837108204016
0.000723118860418849
-0.0007416234352865911
-0.018239407826149225
-0.057878093573622225
0.008916016280772916
-0.0019563094020822484
0.005427546010666794
0.012870827842851281
-0.04893949208213706
-0.0051066166020775905
0.00301931263797499
-0.01930113189247661
-0.028703779100656957
-0.002509638989334551
-0.01717278901832779
0.0007590830810281925
0.01962028190990774
0.028492303010213143
0.016391936333725238
-0.025315212017817654
-0.018908902514342386
-0.010255677868776226
0.011498275634493911
0.01127604692881782
-0.0007225518213123926
0.050055518224285014
0.04416978977712693
0.005284241599074083
-0.026744561939982155
-0.01743059450703496
-0.005880174107868326
0.032129234949074985
0.008311456035509417
0.0008916952576457877
0.018004255883773187
-0.007073970242103143
0.06802715107575451
-0.030610742845254533
-0.04011964953255528
0.0069286049252178985
-0.0015184057950153225
0.028741779706652548
0.055778675292252555
0.01655430568315693
0.010293001365987627
-0.02216181479813031
0.024062681857566954
0.05668290275308799
-0.01909851628146622
0.00024229851303250307
-0.03132498528649351
0.045508948479609665
-0.02080342771777161
0.04273591663968376
-0.03855894127449527
-0.02658397928552438
-0.0023706745152462594
-0.004086145346532606
-0.027882411711596448
-0.017235710532156685
0.010931798250240616
-0.014870841064546919
-0.010716028983913094
-0.0016427741862029
0.021383344612005598
0.04066392545992118
-0.004154979887101546
-0.0106469667594118
0.06561174668366573
-0.04625325947330949
0.0211122052482449
-0.002786091798507459
0.010498722534054244
0.03811502833452545
0.022895301078230935
0.010271454134130838
-0.008631715307666758
-0.031791835582161976
-0.005944107320958315
0.020798020778283122
0.014737932837273609
-0.032419681801672574
-0.02757439481788577
-0.027085076491035396
0.012577601781173313
0.10137927425203254
0.01651550402676124
-0.052817822985956414
-0.0060309753821187785
-0.005654488319799692
-0.02282949538278356
0.04164441601556494
0.025343119967826858
0.07335057166654829
0.007416649028079949
-0.009414423053781908
0.017354751376654338
-0.042839221881744494
-0.018107748495461023
0.0015267667008052124
0.001584106237897618
0.024465229125921948
-0.006309860999336334
0.006798027883234724
0.03024148309249264
0.036886207679966004
-0.03751735038054535
-0.026749099087704172
0.023069917847370024
0.016335127471954113
-0.013056935638134549
0.001979672305054081
-0.0030058796321741376
-0.00221226276856032
-0.015263590339486233
0.02293591890606227
0.02387491470665626
-0.03728449631434424
0.015988934520946213
-0.0012219407078444447
0.0032898383111589023
0.00531766796617298
-0.018227215923971547
-0.01501193053182342
0.04365411813827015
-0.08533535560608839
0.018446547586928867
0.020443738381389985
0.05346577174116482
0.010096750193238656
-0.0011687083683092874
-0.014031067649840351
-0.05800526618153325
-0.025462988931001088
-0.050201383784673384
0.034089723062444885
0.0005216451155621719
-0.03573116660393997
0.03281376590900936
-0.0017643975811720187
-0.01846901986811762
-0.010056937799078024
-0.004294394931827485
-0.027644844571975236
0.010641440687487878
0.013923153387246852
0.03411494737667101
0.024355590171279678
0.011901612863956761
-0.04385912313383586
0.003435554966128491
-0.02800265891725405
0.04321986902815034
0.013579280787603017
-0.0522270334906622
-0.004243713311890196
0.021467043282330057
0.006198097529281911
-0.011810621139240873
-0.04120680811107117
-0.008856271832541033
-0.005599253631711766
0.02563290038411293
-0.02658115750189132
0.0239775876177896
0.010195522233544948
-0.017987241160665177
0.09006168107917517
-0.02984314682237866
0.007099418484452572
-0.04536650841294033
0.014796825328302298
-0.019928372873225457
0.0020401275369063506
-0.018059563821928314
0.0019815863307135256
0.04262152052992444
0.005985024201727744
0.019821907483938802
-0.0079618507701977
0.06378472788111123
0.05812618264355931
0.012669733339045041
-0.061133215858626314
-0.01221323905158859
-0.048151998551739225
-0.034170080932350695
-0.009926906286475475
0.0671816541380449
0.019987706170861756
0.04301093568211909
0.013209881044466382
-0.01413680943048292
-0.05275011729252821
-0.009482407522794422
0.003581132321193649
-0.0008337037928742972
0.02825861979586367
0.008172299358975158
0.022965956632706282
0.021872344781483175
-0.057508092048576875
0.019103839719621284
0.03380790077800799
0.043917739139814685
0.02203914382051453
-0.018039450676715328
0.05278289004376041
0.06194794610148924
-0.020012487717316514
-0.018243904192747986
-0.016472791894443294
-0.011437884855110903
-0.05487669332529826
0.019064569062811045
0.013174334225900121
0.007539855583835722
0.03959140818433565
0.017068560618286075
0.010437525317581159
0.034099578616133365
-0.021540254027916896
0.040119184883903494
-0.03813264117450148
0.013822500903826012
0.016992524438555104
-0.010956896687172465
0.049202182538350674
-0.04324513443424981
-0.004113142538858796
-0.016969828033745558
0.04530825287670127
0.020769158487168426
0.03220502316766887
0.004174247634414411
0.026121516181079066
-0.009362444122921096
-0.012450058134950526
-0.0523371053291972
-0.03534900749166094
-0.016323827872497684
0.04133413322944834
0.0005501850936892647
0.03550109964070139
-0.0476533868030404
0.0038067511705096174
-0.006149827342787449
-0.0001010574541161993
0.0016087827376536953
-0.01712313065506358
0.06443813750869179
0.010958321060329936
-0.009535677951158616
-0.030026904655229416
-0.029468206201684024
0.011835002719478273
-0.010796487340772688
-0.006771047804510943
0.009874907737118268
3.56815884607208e-05
0.016032731176226996
0.035500744668830506
0.016939021570057094
0.017114297857840622
0.0265263357106294
-0.022574124499598475
0.015136894852886669
0.06728845098453323
0.02861886123772843
0.02592091089245313
-0.040316075378138
-0.03420595704954833
-0.022487874068660044
-0.03494086616409792
0.0070940801675639644
0.025179240690912135
-0.027822194928211766
-0.006495537285149095
-0.01018135774615182
-0.04298655043319644
0.044688657717925066
0.018827702891019062
0.008940701981011412
-0.00126910267611987
0.022310671361366125
-0.039854732583509835
0.05242793413609092
0.01793654149881705
0.044444463718859815
-0.00045863805330405267
0.0036373706492257895
-0.019018914798442473
0.02085584397967644
0.014334971651022033
-0.0075132729466070225
0.03849422508625209
0.006894161822183149
0.008853413629583988
0.014361294015503052
0.006326511721656317
-0.00429494865828034
0.004836759358532734
0.015491906199421444
0.041807184645636174
0.00207834118003309
-0.017128462792540128
0.005129057227952963
-0.016039587569924286
0.09040361916503117
0.011203428275891015
-0.022968772920047682
0.013351327252148378
0.013748707304943143
-0.02456908601719153
0.007898360171920953
0.0236216039528905
-0.00035009513360860923
-0.003067473879135407
-0.05062836538403347
0.013553383602498926
-0.009752365832874664
-0.017301362547397725
-0.021922820287708433
-0.015522021151367566
-0.026653607610952017
0.013415981657787077
-0.021827737822358466
-0.012925162553436035
0.028439102088341515
-0.024149896021621996
0.04865828931717871
0.04311102444774039
-0.05483871987418765
-0.029829894661661954
-0.0005213164719778436
0.002189893188661546
-0.01281409974715821
0.0025045690352475903
-0.00716425453898883
0.03051806331604958
-0.015113345990011785
-0.028634653871611834
0.012060857671654386
0.0009274638459699149
0.023017831532786203
-0.006106927694963541
0.024081127005955376
0.018953920184798745
-0.04620716849098128
-0.01281556363917199
-0.022323530247993276
-0.05636868647090405
0.008547124610141477
-0.020736290195977346
0.002037097129953631
-0.009487721406658293
-0.009692795796176207
-0.010228937171052617
0.024741524280307025
-0.003255806581906515
-0.01539412677491202
-0.026012127166860455
0.0004448315391596444
-0.022188066055602557
-0.043493344744386035
0.02146733537096875
-0.024233028177575888
-0.01750211090339436
-0.04286823605286693
0.05888685622913436
-0.030586918791536914
0.01040986016630397
0.000247697426372519
0.030444078501927038
0.0001751526662053226
-0.028416820078442817
-0.03176236090949523
0.014808921433820392
0.007885427872051825
0.08620087932993159
0.006357229606094073
0.02382901880095902
0.03608187182725461
0.004443651429975353
0.0012088340906010154
0.054664283601785234
-0.026593521928586532
-0.012169372656766073
-0.029127380315927705
-0.0040213615377046605
0.056890809720570444
0.023587845335927036
-0.039829262920605686
-0.004841295214730027
-0.018485940216729477
-0.015001195995990903
0.01133667373299531
-0.0032894284503142946
0.010645597557876169
-0.00906297447064432
-0.016110976014758614
0.06840822759732477
0.02610812121886784
-0.03060861268979931
0.019310571133405903
0.0422829951459014
-0.014990159911361543
-0.05150199916402707
-0.006577689524293386
-0.030816708005138943
-0.055165391864246495
0.02013059913705518
-0.005604724672234239
-0.04865125220303015
0.033235403203990856
0.0071416961722764825
0.027999382067671677
-0.018185774986480593
-0.025193722755526296
0.011775945604037762
-0.004426295243422496
-0.021363697006606817
-0.006747825199509525
0.024396579427899242
0.03547221281117896
0.0007268249814111606
-0.01460016546825071
-0.009164316236925114
0.04007923195296976
0.015700807215871256
-0.005878433699058012
-0.03720821912274802
0.05509956945742461
0.028976760297720148
-0.059394961469278924
0.008130230693604508
-0.021014913124465823
0.017940233130866876
-0.016980903661313464
-0.04597480529824618
-0.004748539785970883
-0.0011984487740260622
0.01020203336926858
-0.011842842243498188
-0.0019744142081443
-0.0044444683517214124
-0.005967202889281527
-0.011437900296838046
-0.031166574444714688
0.015790660241672905
0.0227490689891552
-0.006469204507207043
0.0011305453873231093
0.012145212002296948
0.017079754640753887
-0.034373336798391524
0.0030048376013139225
0.0343012902290718
-0.029403508878622666
-0.015888401326582233
0.017271608429157276
0.026141727680193495
0.001961930759074415
0.016147368928812404
0.004583916809295141
0.04464458830706762
-0.05588003607774771
-0.030557413811920342
0.06470570600709637
0.00667120045058948
-0.02039119564579921
