-0.021896408025397378
0.004980598731206303
-0.008283029859153987
0.006229421779689873
-0.05258452827888981
-0.06666560147809347
0.05020504300800593
0.021938086897826285
-0.014626424105108159
-0.0002500341813319337
0.012349105141090368
0.021411594540424853
0.006323124521095219
0.014260004484392429
0.0251830780910582
0.015609489049589061
0.009418651895916393
-0.02520217651384854
-0.002014937130825791
0.04123135443550965
-0.020605850365183535
-0.04380844295585121
0.003324540513082585
-0.035861027485187734
-0.017687729033392274
-0.017543905186862187
0.0018824136341780416
-0.019592899506105176
0.014056130670250895
-0.013675395959840778
-0.028860562216261158
-0.034832844078627544
-0.04392060049106173
-0.027876009305430702
-0.010377661426542279
0.016290201260379517
-0.016329883238311124
-0.05578940891467931
0.019816210838644748
-0.08744192601389858
0.04933417568762975
0.005096331691130381
-0.025605492352529884
0.02815577741355444
0.001472576957500462
0.000983423155685728
-0.07743665020698275
0.025144592630136513
-5.893080377690608e-05
-0.0455794587859127
0.010314850302755184
-0.028476520447959418
0.03135549633243974
-0.029440905209794126
0.008302668366620638
0.015025745736003227
-0.0364128632547513
-0.035659281890081586
-0.01415732004864504
-0.0006124605051235928
0.010497697622643786
0.00861184614997262
0.032742927001928414
0.036237629436981125
0.002617996417086161
-0.007000600535322335
-0.06668260130547682
-0.03284657834262977
0.023318191362824363
0.015350578683973616
0.0036357128144229854
-0.013560235811215774
-0.02743893245811312
0.020318318489471746
-0.01818854588030994
-0.008582994089136032
-0.020841939949024335
0.02413472252298014
-0.01202872877106755
0.07613010507135644
-0.01816908859353865
-0.03144133482592358
0.006698369701299307
0.004306534421571801
0.01689541835059747
-0.0073100780284150275
-0.012474519637074416
0.03315679242505552
-0.011590395361204873
-0.039729727157318935
0.037473686218032015
-0.02980418357021521
0.027951961838904704
-0.015606533179740005
0.015039368117284223
-0.051389784927401844
0.009167465318405486
-0.03669711957809077
0.013028957416686181
0.03219334906104395
-0.009317671691438713
0.026893158957301225
-0.008890265738397407
0.011649054983976974
-0.03212544979752429
-0.02071745196248731
0.019821451845631347
-0.01169176546173239
-0.02417243792092292
0.02976085913851996
-0.044835447774144936
0.03741649473769974
-0.017682933412725695
0.006981053283955194
0.06881639543838025
0.00784074842675223
-0.029901626348613115
-0.03117794316758275
-0.035684271448503474
-0.04968898969532087
0.05820655845320399
0.019289967427459413
-0.0018371471406283708
0.015055776459063485
0.008478707592400402
0.020021033429221936
0.015242746365309352
-0.002583813147758683
0.0016632857407188454
0.017665535255113125
0.015310499635677495
-0.05630698807671162
0.005501225971167852
-0.015378600702843736
-0.0015601364919835886
0.009483726974119191
0.005653879507196156
-0.004390452071392396
-0.024896963046472594
-0.018681408429486
0.0074585975562066606
0.006216380651913487
-0.037065303341981506
0.015782589571794344
0.04243914276680294
0.014926499185089231
0.04816017491132903
-0.0251451599156768
0.0011859892201605015
0.001600744312747712
-0.015458784833673212
-0.03951158997393901
-0.014817027891844298
0.008508635582786984
0.009383860461208576
0.052860690583250505
0.022738556010809013
-0.017566301289445398
-0.009363595449490147
-0.009083125319175638
-0.003947801484770858
0.026415124007517284
0.016179121333494174
0.02099412640326919
-0.032805103492313165
0.020040233126889486
0.016615546695800808
0.024099107423333186
0.032784983420193786
-0.007810553219702564
-0.004527357046347343
-0.009399422275281361
0.0035537830804652946
0.006148431343757736
-0.015204503515914267
0.02756246475506946
0.014203548113286705
0.02344037443758004
-0.012894167087270557
0.017921397696266852
-0.001615328496097622
-0.03233059863280986
0.02485599007007067
-0.012885623670585789
0.021125340942136417
-0.025113807977289494
-0.018727998729843504
0.032658220134421954
0.008143525775938744
0.0095421368642302
-0.013511996320136228
0.01093575843237684
0.003977449293228183
-0.021911994400407427
0.011337454538324899
-0.028800417559105382
0.025548115711830188
-0.03197485011249019
0.027863896893393515
0.011650731178449558
0.005703746393081813
0.006055813225515342
0.0054064407856031236
0.0005358133637882652
0.01252223422919663
-0.043636812599704616
0.019198321851845123
0.0029968906849873202
-0.04680791328301941
0.003663188474821519
-0.03316566123955058
0.023939303709172962
-0.01191361588439092
0.02084963081412439
-0.046654985081467676
-0.007917640596063365
0.008595909887107922
0.005739506531485152
0.004573282654262151
0.07134955487652327
0.04959683914053749
-0.005194409749329251
0.014490994309594545
-0.05254657612868102
-0.012775110439684004
-0.04987495579323375
-0.004455795642103517
-0.011283453231955521
0.011790133071053175
-0.018304377323400643
0.039267114805035516
0.04855850127606793
0.020041097025406022
0.0226439874141411
0.029396419073280063
-0.00700857525097687
-0.009130156109665343
-0.03691861161438275
0.01662522750763943
-0.007678995941106391
-0.017839886969515457
-0.01891961732337154
-0.024825587582572625
0.012078175390578282
0.011316774171659308
0.0007785260958340949
0.015412654312215847
-0.02998780221240251
-0.023447709262606687
0.014944732522435283
-0.030804031041252303
-0.02067668006143534
-0.03728061522422278
0.0034777687902268852
-0.0008789689811562368
0.047223224164854166
0.008735050799635238
-0.05093732667468405
0.0010511273101356004
0.007756914485753095
0.04283002457885336
-0.01857363533949832
0.026864965235378603
0.020762364503927294
0.016951292991732387
-0.05653240526446646
0.05041352576820628
0.0044240896048188755
0.026098946558354392
-0.03831393727131578
0.020316736358744713
-0.014944632928990145
-0.019731478400463506
-0.004677329891844164
-0.018102900083250235
-0.016683710447327953
0.017630777115057946
-0.02753137198868851
-0.0267198891581096
0.003879987828855455
-0.015937518926785407
0.014478850299934377
0.01336872138666211
-0.05775340948784408
-0.007596947163050336
-0.05291400970297597
0.008479684225645058
-0.011105758677156657
7.983604928346915e-05
0.01025059079634271
0.02064341983179958
0.003473062727042589
-0.04642224963828685
0.04193867665516942
0.03309815592465441
-0.005573793772546048
-0.02502843951723965
-0.029883097636309395
-0.016623447793669806
-0.006882076684609643
0.017291704883571252
0.02596112606819253
-0.04403919361781073
-0.02968910040688339
0.029976756575137556
0.005966441293739686
0.048472477073444604
0.020005160365380727
0.025276242090232742
-0.005975001760438129
-0.05019355014739084
0.03636482217187136
0.04072020367155574
0.01310011370612389
-0.03389488353483711
0.003500461882915971
-0.0008380747292888436
0.023254453119560738
0.02452271919734843
0.002473146228170383
0.0014036390642741814
0.012331109645097284
0.02433885365622602
0.09664390674786309
-0.0037164347350162616
-0.017253550105512726
0.03637663795136488
-0.021062002664198286
0.02264286813825245
0.06814970832522461
0.03517971804559651
-0.019745026816876614
0.009018832303974723
-0.030330326824294256
-0.0372347523161543
-0.021483642702021258
0.019449608484660194
0.027514930995377086
-0.004443796125858056
0.01579904481552456
-0.04577546917937297
0.02529295708539294
-0.009278135851613549
-0.028718375410090834
0.01514539492123408
0.1123329034753146
-0.02966838463663468
-0.026500720437616452
-0.005178247694957113
-0.03360643708355702
0.009224319520611453
-0.03213159951650459
0.009814707077384098
0.028316286879864764
-0.030860693917944063
-0.001402658199275073
-0.02343475855686058
-0.00744653853997262
0.013498114027930238
0.021875662889779362
0.0023499013456691146
-0.013118569412340322
0.039254211240883276
0.001145810534338021
0.008162190205422375
-0.04033891759675695
0.0020759510275989356
0.02501916419270732
0.0021268771310559874
0.01594954246931357
0.0020868419542527626
0.014181798335038943
-0.01692804736183463
-0.020312911230858766
-0.0021920722236617495
0.0077615234207027255
0.06371195372422123
0.004131798322847555
-0.014602442157772873
0.0436027643002386
0.01069129502312982
0.0011888473897522078
0.0049571726836450565
-0.04063124617698514
0.0024127196031635853
-0.013042873831619096
0.016856945476643972
-0.0008825818595051752
0.01907049657149833
0.01984948179387245
0.016531521883249137
0.024786252494236063
0.0024247643080409333
-0.05291535855781019
-0.016176301797503536
0.012286604058234655
-0.02968253786258991
-0.0015352680787435202
0.042635252389576155
-0.01963813476998776
0.040387236861308816
0.018719121870510242
-0.008938845804744477
-0.03474398443258517
-0.0036454361384095227
0.04195174695482866
-0.02202809757499604
-0.03539552986534834
0.038369709071323733
-0.03230934143634052
0.010331622639322718
0.032116145679924074
-0.010124841213378383
-0.020489411482874798
0.03413755564227032
0.05269682353544276
0.013839188534517008
0.0393262881033598
0.05404872009489391
-0.031036832428003158
-0.004465359381216263
0.025598677754377627
-0.003934767546533629
0.027748930682365076
0.0517101375544418
-0.021108288335380143
0.022677413405676597
-0.0198196384097852
0.013617943027982086
-0.04595040430418641
-0.009530794181146664
0.010102813612388638
0.023400304882172398
0.0372107891015867
0.0021917454328522486
-0.013299339415556501
-0.026294760673070627
-0.005260515455081653
-0.026674770279742317
0.02566630433257533
-0.03457480565852421
0.04101471725913932
-0.0010920349665651653
0.034530032138064506
-0.02103163056437149
0.006657162188125198
-0.013171167642223328
0.004880338666277233
-0.0003384767782121129
-0.01797121555949366
0.03226109176357457
0.0037236332870348647
-0.05777309260915939
-0.008018119816193247
0.02080136463322115
0.059971907595633714
-0.014097551521321205
-0.009837470850619449
0.056310016234535736
0.05767124777664832
-0.05435247677420798
-0.04720474094883829
0.027416733929169622
-0.012505075596518115
0.0469089878236025
-0.05931028403773647
0.0558332122825791
-0.0340157850120873
0.007061112116872169
0.002995302770349392
-0.048833226475173526
-0.010474757615596393
-0.04855428053866768
-0.05160251516028089
-0.02292498317945974
0.031544698382671515
-0.02031081222449012
0.01062580553795513
0.024927022575358802
0.05845883712652921
-0.0011538988039109966
0.0068891191763794215
-0.015578137303788145
-0.014163350115566131
0.02465272049107015
0.0025825265338658477
0.0030244097355504947
0.015151024699120628
0.017403654451699557
0.012250670663486726
-0.0016031828735006309
0.031232160633477796
0.0750156168568807
-0.02463045272815414
-0.009843468616415817
0.006869969408131028
0.03354727537446718
0.014442918571067343
-0.03306241225453937
0.01689523682422334
0.020094406545715246
-0.025178296592490556
0.005697463907974652
-0.07173564619988788
-0.01307271649066167
0.0430729541809425
-0.028929257911942965
0.03741223596335265
0.03483638386169363
0.038274767932630085
0.046201437776225845
0.010267493821163803
0.02165198597215146
-0.006406728477543484
-0.029210129903778366
-0.016243344737308655
-0.09013736020864489
0.015437495600146574
0.0065683890415233585
0.0424190397645642
-0.02411023272522451
0.016430934226516446
-0.025686530736601276
0.010140775722157143
0.018652243603860207
0.0028354082516198922
-0.025112834645948524
-0.0042451181756466335
0.020436571028857462
-0.019309305789984577
-0.01057684860004967
-0.008313507914918115
-0.009550551224940007
0.020369415123719432
0.014727856280350273
0.03188473086552393
0.00825840343781015
0.023644275596717283
-0.013599852740164323
-0.010940533400370538
0.02666261483391979
0.009701830590090152
0.015685660185997805
0.025652318299171775
0.001272740760502545
0.03454684525880847
0.015556849833892602
0.010510633658335091
-0.02471752201082782
0.0019655634076237763
0.02549572573300908
-0.0330668519357675
-0.019850218085793056
0.01715586612569872
-0.018525718943171825
-0.05479346177026778
0.010159445922418582
-0.012844679003671795
0.03044989129361976
-0.02897876607641452
0.0038984991656983523
-0.0018736579127336215
0.03925308246224022
0.00902321203033598
-0.0018153092131639238
-0.022352474563380822
0.014934580840511294
-0.02120158835105662
0.02252098659910562
0.029265961902210782
-0.03494406662763018
0.021559715435889866
-0.14080286873626957
0.020910715945036552
0.026074920595025378
0.004984888601763363
-0.0029492012982530813
0.013075360220896807
0.002879096898737482
-0.002904219346585585
-0.001996307660648652
0.007444007569950451
0.02698110212690768
0.013049949042650295
0.03140685176806995
0.018979726166999805
-0.006614349701377837
0.0483747588472897
-0.03049567547053391
0.004378895889715181
0.0021659060940023276
0.04271974865885194
0.004269774120327084
0.022661411036456285
0.0737039384858904
0.02520186647082911
0.0016613508071068352
0.007763443396438623
-0.0003624063968248589
-0.01837485381154189
0.005330696326943243
0.05033793428169694
-0.041664677066571974
-0.005543863148130481
-0.004577891882389341
0.04698051878823756
0.031966482175857645
0.04948387738838719
-0.01287140670294822
-0.006382856887114728
-0.01694704842548823
0.0006241096555182353
-0.04155809494585529
-0.013284848694599605
-0.017680019075271555
-0.010605804351530466
-0.003940705708209953
-0.007438062333696885
0.008578399572831234
0.014231317742881675
-0.012219258997948984
-0.014529047844617322
-0.00336258039623929
0.0308774411686158
0.007533307604881261
0.0071846143911563545
0.016278414910602373
-0.030031568923066736
0.004655407439021406
0.007999259214523253
0.05705558689435996
0.05877557769187444
-0.02947183647687291
-0.0240135055785707
0.0018218672212153865
-0.02042442550648105
-0.038999186696964346
-0.012489134139624693
-0.008436461681201525
0.0025747925643187426
-0.0115053825836636
-0.00607182368564777
0.08461713122141194
0.013891797817312824
0.04771936661033278
0.004693513984454989
-0.030621088461348447
0.06336379531426747
0.00752200686097221
-0.04624963132099025
-0.03822221652574192
0.0248953343394189
-0.003353955585709962
-0.0024804910179151984
-0.016237083521027353
0.013562411316651809
-0.012356167547646915
0.050556260620573584
0.04623807674415292
0.026201593585795088
0.03789676186199455
-0.01314224483594801
0.01089160290482711
0.04960347800037454
-0.037961641861695296
-0.0015346821268130198
-0.0017382415285573166
0.01858617273455174
0.01394578410350253
-0.019263741876032442
-0.004614371162465674
-0.0125864932339851
-0.03529999795795628
-0.02865438626773141
0.014675347099704007
-0.015066067313130956
0.06005376568501216
0.03247046644137408
0.05488487573422862
-0.011090822672876142
-0.006573786772417491
-0.007718034890006471
0.017221586905179442
0.022269063920565824
0.03053352250104185
0.0013008276574656256
0.05559752936334396
0.017738086327497477
0.05346189587659899
0.027835584082844242
0.03193498006650181
0.016144492535931965
0.024357221420524117
-0.05091990676843932
0.039884441377755646
-0.020493060965638975
0.03014703680593834
-0.047027686950687125
-0.03878438690991952
0.051189214251970865
0.025393558529391055
0.0006949778892870102
-0.042521333794559434
-0.00842254423869929
0.0736847625794103
-0.008549432417531427
-0.03780747903136797
0.008054385966671561
-0.0003147850032907023
-0.034852107435724755
0.009109419297185487
0.03768626619942575
-0.002353691055800935
-0.004049616501677736
-0.002519195902601497
-0.02104072679376201
-0.03616261814899709
-0.010781308276854806
0.017651949856233348
-0.003941332358653581
0.00808399443058631
-0.00590399845548437
-0.02954503349729407
0.019163839474098034
0.03489780749501229
-0.009585780454255585
0.0447502057798193
0.02460962747022148
0.003569743365840347
0.005011792906418045
0.02013131158195277
-0.014668221315174618
0.004483754156438839
0.0028171501943023976
-0.024246107459081026
-0.004543805797145014
0.0002713288158774044
-0.004173048567142423
-0.0035951602802347785
0.008804869081337948
-0.00407887257164655
-0.03635729609756816
-0.028705883083359123
0.014727385185586288
0.0053584963194549425
0.004552271876896616
-0.08168261668105901
0.005373147704014264
0.008873327071565136
-0.002329340651153765
0.008228669147405256
-0.001979686148419725
-0.006346782748925501
-0.02426259235398372
0.04924687481427647
0.014170512738418146
0.009226056707694446
0.02844390251421148
0.00922974949974049
-0.043588656483378424
0.01866376704275529
-0.0291999505527583
4.197637389440885e-05
0.020231577257726265
-0.016609325339897257
0.02471702402401307
-0.014533138753367337
0.010746897320256518
-0.060885842473739425
0.0352339662262355
-0.06206587969127542
0.013120630754865465
-0.019843025693672956
-0.006879797797031775
0.001674954269421975
0.062381831896871666
-0.00558357177833154
-0.008581116291310493
-0.01245643782722365
0.013201788263380435
-0.012120742877904433
-0.0372164336053313
-0.05907997625141441
-0.004457696574522361
0.013547170870108217
-0.05705263700285785
0.015850996405781775
-0.02582663171384177
0.0037939150063492693
-0.039538994046898056
0.00602947704834831
0.005032471650747825
0.007445599352994183
0.001973784977800052
0.03724731879223602
0.07302726304158226
-0.008648864625484589
-0.02424744589180639
-0.06883829381272825
0.03313117493020898
-0.043944539623093234
-0.06853345552653325
0.034297505942524203
-0.011417331994057154
0.0198755737878983
-0.0027482647796396122
-0.029530118421130423
-0.01610666629641127
0.004809000787468178
-0.04883564812167718
0.03289103591368675
0.003922350567202082
0.004284093267016756
0.009833334147241336
0.026727352281323835
0.03142888058574002
0.008498718944781101
0.016450836242297935
0.01619515784816697
0.0005325859660172813
5.121448253245877e-05
-0.03304417177427182
-0.01934347719193682
-0.0024404204956311815
0.005326879242709831
0.004004606359650122
0.030435060024793587
-0.0006275525358169414
-0.0022161773839665493
-0.00991975146877112
0.008743145404400207
0.009979677059149452
0.02623447146491835
-0.018773115237002164
0.02858321272398591
0.008915798894790064
0.03406375619007827
0.01806358944415592
0.006223922453185599
-0.02145278743195114
-0.01024129945182937
-0.00758143931950801
-0.04376833042640441
0.04986959394518346
0.04598984475056807
-0.011441745436167697
0.02422498496224464
-0.010141995275029172
0.0010875648975954583
0.005399393334349541
-0.014203097428748044
0.017440882200242043
-0.0012767761529763374
-0.01874438440465343
-0.009180854568644438
-0.013833189453654518
0.024887344827400765
-0.015917291827572583
0.06248148940553358
0.04241757248229679
0.047017039863154926
-0.012164256589381294
-0.007811568678963318
0.024417382430304106
0.0009308773647968583
0.019971028987786167
-0.02095486742889692
0.033039372856802224
-0.0026565594521042644
0.01170770062671478
0.01047748534010459
-0.007237130340598519
-0.0019728925108737096
-0.030717510600221886
0.010010795422208316
0.003340015489213069
0.011424083053943823
-0.013788819076178984
0.005671263776286942
0.027843744413969664
-0.027693390591221927
0.04647517148849655
-0.05114505442980259
-0.027574552248954238
-0.06529257935640138
-0.03916777106130416
0.02744114195423566
0.005114889471530409
-0.059783827799084074
0.008449199985883182
0.023682473655055932
0.05558702868787837
0.02474751495329195
0.015270465217608145
-0.022442000546365012
0.02796306725912215
0.03579285990124719
0.027898569092815136
0.015716483882417396
0.03490276929258129
0.03553583272848113
-0.0070101299956218345
-0.03276393735834715
0.044742491620660685
0.0537490237317288
0.030059145038193572
-0.004003985835224932
-0.03768006247727925
-0.05969042373480269
0.016835986767808547
-0.0011808948334769852
0.005125752000618009
0.0026714846944240396
-0.039143221217715685
0.006457558871318616
0.01136534595016104
4.214136147599765e-05
-0.04390903130217367
0.01775787979208185
-0.012367955560986816
-0.04701514230771672
-0.0036944298754064435
-0.08332712572781975
0.021016346537957066
-0.005780496664140965
0.03274389907200357
0.05160564688641847
-0.009630445890837934
0.00576680302493369
-0.03267795513295947
-0.005685887571324229
-0.02033489876733202
-0.03159248854304148
0.04120116742915236
-0.008552539873675779
-0.0069140817757630925
-0.030477072999942886
-0.029900948993832346
-0.00665231895273381
0.03353109737398492
0.04897668254463816
-0.0383592997490822
-0.019368835937345338
0.007224964112381219
-0.003852185700505325
0.03838268290662273
-0.028303348809274737
0.03009875473143872
-0.014452174558327738
-0.015369705714609334
-0.0008047693697430438
-0.0081583658703508
-0.006032854828252933
0.03284786418064691
0.041691427672586906
-0.03541436769860794
-0.004246205909736354
0.03754906335866784
0.0027488919663297916
-0.029215250107641078
0.03686465368642135
0.00312416977756874
0.011140493987149171
-0.027539771732773922
0.016943841249773522
-0.010525640350252117
0.03003713405999564
0.017675807897692804
0.029764914488742397
0.001712480405103843
0.008108163116729853
0.033336567250465486
-0.014134500311717549
0.06074973201821359
-0.02578647799414633
-0.009569655047419023
-0.029358855874442855
-0.0081168151425439
-0.01608027315199136
-0.0124423368397208
0.04027597177144347
0.041623017038752465
0.016185561675192518
-0.052448491865289514
0.027183460286829192
-0.029422620707921492
-0.07746335244395963
-0.06056413526321822
0.002549585073581878
-0.0008717616487451531
0.01786893403981223
0.008874803859456139
-0.039282750528505196
-0.013247369144376854
-0.00010495864505970566
-0.0008042289865403153
0.02703361284671083
-0.050824867208292185
0.028483269331685535
-0.02728831880475832
-0.050830869306048306
0.050301684575721435
-0.02602240591947079
-0.0055407298761271425
-0.01878182233975379
0.022615050387192564
-0.015518702715754402
-0.004185673106590882
-0.029530014919587663
0.03764225922665664
0.03944489026792185
-0.03640034535484028
0.024760774749127967
-0.008415929891678222
-0.036887308014964745
-0.019554229262548475
0.03479127542707491
-0.0016314751809323905
-0.013122048883563213
0.032885643342364136
-0.006635127338386424
-0.02089455003451909
0.024875561063089344
-0.013536691595770074
-0.05509986466904347
-0.020612536824379732
-0.008924486701106698
0.006923662235932054
0.045782424158423075
0.028008815722832876
0.031401376253981886
0.024152441155280306
0.06650578607477067
0.002791170516916577
-0.023456552392690583
-0.05287400175265943
0.02300481167019916
0.0006931347305992296
0.01145902031200299
-0.01873105627462995
0.08904129522725977
-0.03612668086392123
-0.025029907187199663
0.02468916143905502
0.024603446713556527
-0.00668121501973213
0.04536766507823139
0.06096329131208371
0.06727245419842771
0.009141671266805965
-0.018685947478602107
0.016929790834324707
0.032275226069257465
0.02128328546891702
-0.01664622553918104
0.025523692894501647
-0.005114707742902243
0.0024386491338926988
0.005898550274121708
-0.041530738391222136
0.00493449384146527
-0.03181398649181176
0.009127998899810192
0.009179005741693108
-0.0051769817891204675
0.02727177728469037
-0.07558387043176193
-0.02955913550298499
0.021733877657641145
-0.007652556787669507
-0.03566599906450006
0.018871300172479243
0.03232998085394845
0.008127504877900168
0.008296464109029318
0.08839426541721697
-0.0014402398591498015
-0.05027691448896229
0.03363104847711539
-0.022179777383161313
-0.04244409323901931
-0.020197008821090004
-0.01901238659543354
0.039755453001470424
-0.04058873262650681
0.011248796894084541
-0.04685388072963951
-0.010706721747450994
0.027885740407250306
-0.019283706290989872
-0.019956260435912268
-0.047585817168128805
0.0022454303714131534
-0.02164891299174422
0.0080384045675474
0.023815456990439115
0.05276382419915414
0.025792749351920906
-0.014401966530086756
0.03389662208880751
0.07187368569484945
-0.02946575578674713
-0.003046396644466591
-0.008451785438212704
-8.708428382654992e-05
-0.048507581600495515
-0.0403636737549814
-0.011830224152510206
-0.05582327413839386
0.025756006902707098
-0.027637810553775413
0.011148053233204239
0.0011486104068556624
-0.016844468571040508
0.019148594341027527
-0.014086526904721241
0.04067996720402022
-0.04089659887655774
0.021982751199901895
0.04488137316507917
-0.01890226594761876
0.04026625575094037
-0.005752854354714598
-0.030451906742396406
-0.014684315824027698
-0.015254401137229907
-0.014105600335181918
-0.017224470094506315
-0.0031972400747551765
-0.019823070406249
-0.007020291339473145
-0.02340066106570419
0.023144274998770836
0.010191037340028268
-0.04553875343388838
-0.011351545170309516
-0.01411302584832629
-0.03954175581326125
-0.034116182454099864
-0.007039523312556607
-0.012198276982794624
0.02405553197259638
0.028734813914996632
-0.015422544273191055
0.05990996741744157
0.04536395609094759
-0.0035994765778559748
0.017815199952352003
0.017839173583288983
0.0090380979646265
0.018816095063860307
0.038784530993941344
0.01389925798470932
-0.012962365406670454
0.01178481324097956
0.022411474428035056
-0.020809657371959125
-0.007185528948579357
0.017111638133516606
-0.019714990193127845
-0.0020493934323867024
-0.0631363076292248
0.00013013775819394673
0.005617917589837702
-0.019728780657155102
-0.020070731831294576
0.025290820960493714
-0.06691307588437516
0.005622496741353511
0.05272685621944336
0.013251134904059311
-0.06725201759964183
-0.007944441484096688
0.0041227956195456095
0.047655661709316594
0.03779138320603596
0.0229462541487123
-0.017728102745150125
0.027791618577701988
0.004723540095216542
0.005826490694868022
-0.028609730433547118
0.010261510957330836
-0.010633864658040977
-0.013053549667443787
-0.006519972406426797
0.039021611682092776
-0.002379829839532279
0.03676446000086632
-0.009043715819263108
-0.026189263365234583
-0.014535260860350693
0.02493039315851393
0.011615546865132954
-0.028848844024105286
0.030004475209137026
-0.034063426364506655
-0.027276867106450074
-0.06202490998174805
-0.002197916679159342
-0.033309727938827
0.05881533194742786
0.03677137102211563
0.03194107261081323
