-0.02148989252351139
-0.01278930858583847
0.017728401956216555
0.01769426074137815
0.0035256227974285285
-0.01658912660820795
0.015124602008794216
0.019636624066909636
0.02730039623487373
0.03555276001594727
0.0022657355064724686
0.06572466099130786
-0.026536340748745803
-0.010475914832201231
-0.03228348912675782
-0.021612139667530856
0.02023248484213238
-0.007108300124096286
0.03974271507120627
1.0814285659484016e-05
0.011118484635087815
-0.011421189868266249
-0.017570601630379313
-0.009920946598959327
-0.005104810951496516
-0.035335901237241577
0.025434589828466067
0.06211125154266819
-0.04293107426984436
0.01393352032982169
-0.016327904925441547
0.04970193868965458
0.050179939402110574
0.03159040872240366
-0.05306374463648551
0.024118020238102496
-0.01094367388006098
-0.004836186244258975
0.008559819616156126
0.05601200628934945
0.07467471417540926
0.002440428593297535
0.023879888507589226
0.04812052384379642
-0.031482261132340185
0.015456135067801474
0.029322093084575427
0.0012304185619907008
0.022618473293820118
0.020020551942546906
0.10774413643735085
0.04411201272804759
0.04629285966696676
0.06607467758968556
-0.009821903014853356
0.0021961729739054373
0.021521914481977808
0.007043733197186168
0.07577235277871709
0.003381163859282259
-0.0064493026560084816
-0.030059613710480455
0.04253718659132345
0.018289971029788632
0.01688394228672164
0.049923792841923956
0.07051728422414544
0.0031029688390710715
-0.01700483568952086
0.06183920254996691
-0.01970846474686587
-0.06021456560293857
-0.013313323676749096
0.0026994286367058667
0.004556173295477232
0.0007542647217230448
-0.016179041626102047
0.07645208614578645
0.024984466262659193
-0.00464713517645578
0.02129300472883119
-0.008997134043791244
-0.024500090496516684
0.00984838060432719
-0.01283439305135294
-0.027415548513416016
-0.009441610888400261
0.03549476275581243
0.0032713059382656275
-0.024625347304226358
0.0023485583368706093
0.012211662776150769
-0.014770793119509702
0.030452555202985274
-0.024007046363654205
-0.017628161096721794
-0.0023807308361690877
-0.009993145008355653
-0.0012923058782283391
0.0052298828018605605
-0.04125666047517515
0.04128084655811505
-0.03823434224412088
0.13397799391062537
-0.0024499848664590786
-0.010961676293117803
0.022774416125558035
-0.0387175080940126
-0.025886589564408653
-0.02358054619653661
0.05059405742967756
-0.04628110723437337
-0.11083832374328158
-0.013369381166646299
0.012222288428435323
-0.008480492393822828
-0.02311734663474149
-0.018077783198763672
-0.02107012563986862
-0.007790339206757902
-0.04291418853589967
-0.009551027434360855
0.014396181689445162
0.037274819402179735
0.004669110722883427
0.01872303608793097
0.03791228928059724
0.01499353247976115
-0.020431777654167056
-0.041917822828381184
0.06537356407038361
-0.006957913739379223
0.044285282142940446
-0.01341261973896117
0.02005135033556519
-0.0006239943989416234
-0.015441607418004844
0.045712283563312486
-0.02300925910049191
0.009769159566696835
-0.02857877205461968
0.025146024773788866
0.004425822448769483
0.00487397564079499
0.00148675391024969
0.0805858870695584
0.018869395550012838
-0.07328998162523806
-0.005420359710392892
-0.03482645806448953
0.05153161501789933
0.007753994642773848
0.006805902953446735
-0.0189701380282878
-0.0041233077529855885
-0.08433140763974649
0.02877456062535757
0.007578639904776229
-0.07951215130755393
0.004802501112808183
-0.027943946149305707
0.004639449209026338
-0.03537741985511222
-0.008547212898179354
0.0116437989935491
0.039220681639890266
-0.015229754707999733
0.015754788484048064
-0.01365661372871094
-0.0020164602297131832
-0.005833886403134564
-0.02442206028894532
-0.012480184182429266
-0.019285474567681447
0.011774086565025627
-0.0030047550496056672
-0.016857085801680292
-0.009646004303689481
0.004745507113169469
0.0009343363460543912
0.0024817980264660957
0.0075166396862504994
0.020566435964187106
-0.02693368086539696
-0.03137765035163738
-0.0029932537567714675
-0.028634055042943668
0.003369529230046406
0.002947605454046301
-0.018953703605060268
0.014416304251405986
-0.03157726899495501
0.00865384412694005
-0.027685372925702133
0.04310041998650176
0.0017220129567777835
0.028695618996463227
-0.022263957165205097
-0.03823125747587489
0.01031773548429869
0.028826153996237776
-0.039484802218979834
-0.04538638142582855
-0.029089216456425218
-0.015116938596582651
0.03373396973253153
-0.024096322789151737
-0.01691639618033275
0.03213625464509483
-0.04618604251612586
0.007157203870039694
0.007727501943038869
-0.0531013056432265
-0.031332985765277904
-0.00556311942625321
0.06467045129644843
0.01877648771946487
0.0247572498385149
-0.017650614479232923
-0.05545656127787164
-0.08672888439880266
0.021266693293196998
0.022325653593040923
0.026917041927815136
-0.005707493256278259
0.01627293384363019
-0.017321305509708795
0.02294628474037412
0.02545446787173645
0.03242091072069515
0.0021760711163208617
-0.04971228627160947
0.0025665413679047404
-0.039403151021056446
-0.012202230547625396
0.01346021133000089
0.00877434853679101
-0.055570228163584784
-0.0030138045647743915
-0.004039911647182709
-0.027751762747465752
0.030295446844716536
0.03178903005338563
0.00459375528161892
-0.049488532210014716
-0.04060299504851508
0.03428506682456066
-0.019572562919264947
0.008570557325666995
0.00204539259674243
0.0044708673085242885
-0.03199073841848343
0.017449885171417486
-0.0011386195787817883
0.014336722581207275
0.02292978035314323
-0.11483600299642915
-0.02136444722780068
-0.013319686184700624
-0.02965342214049095
0.016314131998322066
-0.010569025370073589
0.016492503139850446
0.016021691099431683
-0.01379736091478899
-0.023107599028862336
0.02042397209746814
-0.0059898861826628656
-0.01492718367495944
0.018668826618528044
0.027645610573048693
0.06066448260360484
0.01279613661390083
-0.07922504680988668
0.011542949546797087
-0.04811001857623885
0.015543887902984239
0.04580090712348512
-0.09662086876941144
0.012117196114993163
-0.02592372387354816
0.01098334606493436
-0.005903832775004466
-0.038167704745873395
0.010585637703845787
0.02221837885942741
-0.06145245871953595
0.005948715690478394
-0.011888632509150576
-0.006205403297378275
-0.027740405813107657
-0.004918434661547705
-0.0158746617039941
0.005480934304065298
0.002369621693670372
0.040045245462965236
0.0006208995556904357
-0.0712404414901401
0.03871198476223351
-0.0005801297043326375
-0.00627411707793782
-0.016755314525726473
0.021099783651501905
0.0013979595956112416
-0.018144703001042567
0.007460018095201308
-0.001606879405810428
-0.03802498832611838
0.02605652985633429
0.027248439670482544
-0.016848324448047576
-0.05396059442528357
-0.01458689472683431
-0.014650860102976374
-0.015669406155256433
-0.003095631958539845
0.05620235044633821
0.01958384913909986
0.021166468228435417
0.0038774111303821746
-0.018604602159844878
0.013491801783138913
0.024627258402402635
0.047247392563249876
0.029360239262998678
0.018577648185470474
0.02892747640516434
-0.03087860006498882
-0.03478370378854275
0.01020014015165315
-0.008079947261420408
-0.018644971478905575
0.01171953056471417
-0.0076100658773109045
0.05097200596531937
0.004870960617184138
-0.019598044866058074
-0.05417718789468889
-0.008051230398947944
-0.05016310325495029
0.03982802491552653
-0.009039085435250577
-0.0227801097887017
-0.025330059879323935
-0.016380137611121334
0.02335605909626803
0.02296215377066362
-0.03309362289986404
0.018731659544833603
-0.01728984915506712
-0.005448046437013625
0.0024361479850339447
-0.05037916405255489
-0.024908010476418878
-0.008752795783864056
-0.045445586235814586
-0.034191369931227386
-0.034070527912511334
-0.012379567381989054
-0.016895293688348197
0.03227901891602686
-0.013305427913430012
0.002529721410438464
-0.06183884122639659
-0.003641708988315352
0.031638077238489895
-0.010722988781568616
0.01775150114347271
-0.016866934733250245
0.013076051828326976
-0.002369723138940562
0.01972554554704713
-0.006156266113666699
-0.053628531010205226
-0.018529750805017484
0.003928438571575969
0.031903165161254195
-0.025720724864621083
-0.029695122822587152
0.036971177127266296
-0.019140658367512442
-0.034753899083723436
-0.018334827786862806
0.021456795285349863
0.028098645186503343
0.0016956553768272006
-0.0008047296763408175
0.00949039173995283
-0.02023405388721334
-0.01015150076801442
-0.032574485746102
0.01757571562472318
0.02447656670925281
0.03262075214682858
0.022537123571864937
0.037113415942706666
-0.017412598779137724
-0.020119077589362606
-0.025523014342349614
0.012735814684522022
-0.0063140673929966695
0.005593732264267218
-0.03696683294175174
-0.02100106443310819
0.013905194054212592
0.05242401124056885
0.042482214059546046
-0.00920755475363673
-0.03207749216529254
0.012121148023368411
-0.012325964420801937
0.002406846132811294
0.002261891885312037
-0.019444982697341327
-0.031988488258531116
0.0017055401889795373
0.017144245528897872
0.048322179393415925
0.03500781846421415
0.040509971994123796
0.015866953255851402
0.009833156461219033
-0.014464456970936089
0.00864985167155263
0.006208207717081938
0.02195693167234859
-0.02752071839520984
0.009101936625204475
-0.03547121040119243
-0.011037650110464777
-0.031332562811180686
0.041913459999809735
0.008818851882608664
-0.022947607944980367
-0.013429488859648021
0.036104739279430885
-0.03075199982739689
-0.011896079005326243
-0.02148909857951957
-0.025346826119586816
0.007484040524696085
-0.017373788033673215
-0.009117679922138494
-0.02047862343023258
0.005043347307302381
0.06516589576447032
-0.00192748096637197
-0.03425982290542172
-0.012776221619888575
-0.010390991096154028
0.011296964375426039
0.025610275422710462
-0.00859886202478097
0.03345293744091772
0.021903193289790727
-0.053296661797778894
-0.03643450529686226
-0.013017055149771582
0.05700641579766321
0.00917252471678739
-0.029620642106679848
0.019789534517303628
0.011002978790930798
0.021226686167291647
-0.07489109471935188
0.05474175653963893
0.00809742764541496
-0.01327345327640249
0.021999005006244486
-0.027700172048593926
0.01708538182362657
-0.011398361536141478
0.0414139472361005
-0.012860004121767242
-0.04627650642051301
0.02707712890160726
-0.004832258958518263
-0.0036536730617074465
-0.005414533261351409
-0.017991448546019053
-0.015592710278664844
-0.005155380479456994
0.006225478196786592
0.021229603194614973
0.0035384706386757734
0.005437911107093234
-0.012815368714802449
0.005849261670741187
0.027068853282659393
0.018412544735576516
-0.04182501083949507
0.019544512165488144
0.03867897884957823
-0.01617820075794952
-0.012175935990240746
-0.032223537301275515
-0.015385858406891873
0.007107277668157
0.009953297463248615
0.006416854261574458
-0.013624806842683483
-0.007471573349168356
0.020535358959395403
-0.061296174781712225
0.005313542416274985
-0.004631283170547231
-0.04094646174845211
0.009447996977335584
0.022540473337313946
0.06747693434474876
-0.00030605121404404096
0.025310912893423465
-0.015372891482679457
0.011282768647387887
0.016428182115277676
0.006348281874311475
-0.02193805415819724
0.003482214180903895
0.03269701000752608
-0.035900561076618036
-0.05942883634440524
0.035277314237833444
-0.010318900607348962
0.01687699302579358
0.0017174421985584295
0.024862668627869428
0.047069558042137534
-0.01765807712310503
0.0009278479983598364
0.013912240883719314
-0.013595533857395373
-0.025117728573223218
-0.01847230420928791
0.044740846994379455
0.01987662814377724
-0.01370946445753071
-0.009538912884692491
-0.038052181397516545
0.03177859274856814
-0.07133764322709839
-0.00473218591172846
-0.028498023673732987
-0.02723670349516298
-0.010036386967670214
-0.002514488822379556
-0.0033651253020191255
-0.04449155967898742
0.03982451338423582
-0.0028777605297357982
-0.017972790143982002
-0.009667615271079776
-0.023659710908506337
0.013145292837030505
-0.0043033285493167235
0.025724784749461185
0.013602344334356952
-0.003980395986701906
0.0291798963216036
-0.04040631422653339
-0.007528789928694367
0.011145787041251133
-0.005904351623496787
0.017275860997308316
-0.0017806366909020996
0.01695471394007594
-0.022278533285401147
-0.013806401590686426
-0.0018085116034492062
0.0022737105217360653
0.015308387327068837
-0.04951501493570389
-0.000988092814334538
-0.030067748392610498
-0.02142354528756949
0.011575307453132372
0.023496496346656078
-0.04398587515348564
-0.0055134512216917005
-0.03730324328694066
0.007713492286417675
0.018449173119490868
-0.0356488079081877
-0.021754393599244925
0.029511136166919853
0.0014372472714988152
0.0008306198642861982
0.01860145734577494
0.012461468582149195
0.019107201204960636
-0.02103826863009654
-0.01569753540198242
-0.03328439677209063
0.02156320658381446
-0.025271860288017704
-0.03863129211298702
-0.01783797980356753
0.018254471885961073
0.06191601661738684
-0.045884939629195175
0.008665195537076982
-0.006195801219742435
-0.04063378525769438
0.01625955541048613
0.015631276738999663
0.020518762933716246
0.019886111416676042
0.011542459308429594
0.030140163154357982
-0.023724404840955927
0.02905233069760514
0.017627035579259466
-0.01790828066289424
0.01640732702311804
0.01694741397675577
0.02521703363968274
0.026671572168595427
-0.004709725955791847
-0.06061074152998715
-0.015294692395361485
-0.004146758002569372
-0.019518609728882315
0.006790128088487652
-0.002591701539295343
0.010054136710883893
0.03274416878367738
-0.006686932825181707
8.377696023456488e-05
0.04527405673633035
-0.0024822051501122884
0.023176386208189712
-0.0037021681355674475
0.033193338756215704
0.05824617069328452
-0.0024854191324848946
-0.023557185222786305
0.014716263726341198
0.017664703370507694
0.02327213548698045
-0.01976980261866293
-0.031531751688778045
-0.025421558079204404
0.029119905370281873
-0.04671596455108447
0.013894767595622113
0.0033090463608242684
0.006039173559304368
0.009516997269333433
0.008899129169514913
0.00428435555277913
-0.028463545551762306
0.04657751485775728
0.05897755085846678
-0.01626297491080019
-0.024302780049094516
-0.023231865178624855
-0.012582869639617937
0.0026805200653879035
0.005948733175060843
-0.013101495362486375
0.004655198270805965
-0.01904280108557706
-0.03313868287412356
-0.01736639176694032
-0.016907791718170927
0.04238306138830945
0.027935749833305115
0.031896733871393905
0.004325101957139853
0.04930735321855655
-0.0015944620341923435
-0.011061115603483988
-0.008782621041434815
0.01149212277030886
0.033202871047023366
-0.023049486458375776
-0.02066140653303142
0.014248782511383578
0.0033470911774761344
-0.0397603575036825
0.00849260466930519
-0.011712119233680145
0.02199061988745372
-0.010470885443044118
-0.020552337428676404
0.017506362664503883
0.027363323666878707
-0.04379150446056562
-0.021224454182005397
-0.02543120948375258
0.006671353436322509
-0.006785699332855959
0.028118025657251744
-0.010091068646915011
-0.09687738854159593
-0.020767038008435348
0.03588743548633205
-0.0013307324372814362
0.01825795923883579
0.011851830015992312
0.023989348118474706
-0.002270323819214442
0.018080001505294492
-0.010524301163379109
0.020800935738832575
0.0034033719810142426
-0.08284695408298189
-0.011147760079352526
-0.004454557819616848
0.014915530383467582
0.05945680310397642
-0.016569251958872173
-0.020518899898350693
-0.02636206711639687
0.004667295558294795
0.0022784697821622716
-0.030065210206263845
0.024386654768187736
-0.0066629757863196975
-0.006132474102188474
0.026740971616211848
-0.00919735010634
0.01283552649585819
-0.011265722918398852
0.013399459755281127
0.015203397256482672
0.006901143215322003
0.035166092446211626
-0.010456447006405386
0.04632063271475223
-0.003304123676946016
-0.007402295723723885
0.00960317091621244
-0.01096217548239754
0.000850224634637994
-0.03156651529042569
0.0024274847184152437
0.0010247884035319294
0.03509975202165802
-0.0010038744120705841
0.011421614179056459
-0.048043835268139594
-0.028078859316891483
0.0018714836819272442
-0.005583577193807873
0.006054104209811863
0.04903505650335217
-0.008272401753319163
-0.04384361436866606
0.002247522815577601
-0.03456780006703846
-0.025990887992197776
0.0049708342812478734
0.006271201770987345
-0.012214926847740705
-0.05548966921525807
-0.02537760524222078
0.030243754277269726
0.01564552256888749
0.038564022982902166
0.003525489131283292
0.003924861818454422
-0.03589231601723652
-0.02307157104688768
0.04890650583781682
-0.003849413078106325
-0.01614913949924894
0.02657776276399503
0.018571925717112317
0.0006154618430553739
-0.049508907183689096
0.011407903588582548
0.03158477068155147
-0.0025395815823978257
0.049609204791635324
-0.004975455329187256
0.015777759667984097
-0.0843814347367461
-0.010191853822760357
-0.020830866714010424
-0.01108385079675269
0.006017914461744096
-0.0012407662289400686
0.0065359037747186694
-0.008507688229408243
-0.03866244706781474
-0.013621490235820701
0.03964331696199918
-0.020209372267429797
0.021296384484910287
-0.022659620334331592
0.00583054062487574
-0.011075858715452089
0.005297169058506346
-0.020568226523909158
-0.008140620304536043
-0.04164528345190255
-0.014199409121772484
0.0058630961249585
0.01866036559881203
0.020969422191996448
0.043441221785018025
-0.03726867750097489
0.038724107205502
0.008999466645895059
0.05819247819639927
0.023652901607598933
0.0015269334685015974
0.014901374841335746
-0.03655405752373144
-0.019967814874756757
0.03344732219438933
-0.03607661383356852
-0.04300128812674283
-0.008196231984646524
0.03520899713234995
0.007731560601708063
0.04522474957066216
0.008971477029287566
0.01191137315809394
0.013540240216525858
-0.006204764091568677
0.015044968068439541
0.005972300747777879
-0.037656581085467926
-0.006548004321414909
0.018470430880286805
-0.05735771190752708
0.021829844053832016
0.0020970166561340782
-0.0017818676702868526
-0.025956090543939266
-0.015136836895545302
-0.004305034131150113
-0.025031393307934233
0.001401739324495765
-0.0024753149251333603
0.008740935327911698
-0.0005541763435466637
-0.024363373115041553
-0.013464987427077192
0.040298214482789495
-0.03686935572313109
-0.03242740967663359
0.025563782673220334
-0.01932299862878879
0.011819759268468623
-0.017702867859759882
0.07623619885293757
-0.013022583077002837
-0.008918150877033081
-0.05556671910922235
0.016741262327513242
0.025453234915947306
-0.01787556225746512
0.003763152738237005
-0.016305142965368027
0.020663365911073716
-0.023742987596884646
0.03204273879255246
-0.030379014472185602
-0.013923081766471081
-0.018616994557860252
0.007053708901819751
0.06056492251363272
0.07534137399306672
-0.03870503819537231
0.03187848293447777
0.013130343703449593
0.00686881706405619
-0.008169122381915922
-0.018410716891833465
0.025918174950629203
-0.010347192185419076
-0.027149718077933555
0.002521432531705339
0.040441802393792865
-0.04885809698337533
0.022646915846526616
-0.011958319964339572
0.03317521741232363
-0.0100232192040609
0.05247331071993084
0.008170392343396752
0.04180321830453654
-0.03883469551766772
0.019074256860636712
0.0065312162423033955
0.015372770558521012
-0.0251870320450355
0.027967755499132378
0.03456513769275689
0.07270014534167304
0.015691377950109178
0.004622734778924481
-0.0005423978245069862
-0.013017079519500766
0.013896829863705109
0.03895538381935874
-0.045287283607550924
-0.000466798252276113
0.05896100947840266
0.005379178401675633
0.01671087506366899
0.010594088783341237
-0.03252796371153681
0.07353219064584567
-0.0018693242539311243
-0.006157069297514606
0.036756105057982436
-0.010782206552363794
-0.018013966131928915
-0.0605880700972104
-0.01598254754836628
0.03802916302932682
0.01765970804268867
-0.021443743466890697
0.028759270614454893
0.025206211366405443
0.0167465977367692
-0.020609754787215637
0.02279771243643267
0.019371366070431818
-0.0029658497619622086
-0.03515647449867856
-0.0164756848925204
-0.041742487177282815
0.06330444289039261
0.025471083759143916
-0.011100933480846849
0.01970460900673061
0.06559969362383394
0.03430953812630983
0.03604674133821314
-0.02225939846450325
0.017504196689002622
-0.04522601342505814
0.019773503088419266
0.012723818003982658
-0.011912981825194057
-0.0026629564150642882
-0.013284356407954
0.008436461075278207
-0.024389875151578064
0.013328297437883118
0.01643220649195411
0.011529631445603847
-0.012427919238066725
0.016405121008436874
-0.06638426426755269
-0.02925170574307414
0.08919734215792798
-0.025833760536304273
0.013003011851099311
-0.005718778579289136
0.015525161211415976
0.0019079171768554661
0.03742735726850887
-0.02270563324949878
0.024414030358135344
-0.013192316889430986
-0.006719206872624006
0.0025998205710423983
0.016405215126483182
-0.057965727787562496
-0.03035334233619486
-0.0018916911689137565
-0.027357694582670733
0.026908901660772647
0.0027573707192856825
-0.038364392377862155
-0.017987419156560543
0.0435370660986331
-0.01711725754472202
0.017588054499956603
-0.006670398123339684
0.04591174854789081
-0.005635909913087559
-0.015332491851610888
-0.013273973920999105
-0.025813269634791716
-0.011110335943306234
-0.03298456941344288
-0.04610639005914938
-0.013173969069244994
-0.013369418733392136
0.0265008420461905
0.024810191098105464
0.017069789970282644
-0.0018479338112520716
-0.018175783803613604
0.0018489972586430224
0.016814442424880303
0.007283966385705258
0.030603212312507313
0.002365301353404418
0.003459729084959213
-0.022934821249854513
-0.010419206223911471
0.0628403481842813
0.024516921041649792
0.013011447101976216
-0.010907551771777357
0.04097948335857969
0.0040438355124193
-0.007716744635364721
0.0029968943672331236
0.014305863616688156
0.0028452549606883
-0.002572391911950931
0.0425936072373113
-0.0004856210335838244
-0.0131170370425305
-0.028370365653828007
0.05451727608675464
-0.017829248381692274
0.0639912168489546
-0.01026762901304013
0.011303312600156688
0.036059332772977466
-0.025573264892005777
0.014532017281476777
-0.045797444609543096
0.0048507020267310455
0.03909326983579408
-0.01895739649065963
-0.02858277669990553
-0.08312721468137647
0.004117170915877822
0.012117474505589636
0.004612674386748703
-0.022134932130125094
-0.007258983674758625
0.018765697341516317
0.04411848888409359
0.09217123640109667
0.038931242881826096
-0.038447632977200955
0.006197874001102187
0.0030540825629962356
0.012649100254552719
0.027851365552265098
0.10696249586932526
-0.007170261795786505
0.050873189292527106
-0.050041888828004706
-0.0015418303010418972
0.0021527554101549652
0.034189040580324175
0.03644771790810364
0.00753352457106757
-0.025048297658932225
0.053224337276920726
-0.007617238607963139
-0.02871953182807588
-0.0023321253001579497
-0.014245403219537362
0.01311629049629498
0.08642866760736305
0.01649356560456804
0.02050911101412353
-0.0022397178131388106
-0.011483792696510354
-0.011656834920857914
-0.007094755953679492
0.00916619184160872
-0.005778007208616407
0.04344638456451109
0.0009729499744075318
0.011075119921541298
0.04121499526234056
-0.0161742235539624
0.03423775405968751
-0.03726446188695502
-0.010026673436601517
-0.000268055717890996
-0.045898514619641964
-0.011825526361601254
-0.002117070493132155
-0.0465643416437498
-0.023097995786549037
-0.005632006869154502
-0.02741396312671845
0.02148773480091486
0.053930207294108634
0.003792179711659459
0.0019858171909566667
0.0210635580667248
0.008511690442540208
0.044105362502410136
-0.03224343439112614
-0.021716046114555684
-0.04198327320375426
0.01955406047661878
0.0026935364337686107
0.037335937098504676
0.0036841058915179953
0.011506407549046324
0.005497324444095059
-0.0029469061330392103
-0.03447918548213741
-0.008165831287223032
-0.024687378725314936
0.004015520300895259
0.0075864594767819675
-0.024048973891006464
-0.02460336648022515
-0.011671235919339279
-0.0060084488553866985
-0.0028492489512264674
-0.017021892896864916
0.007263918939345283
0.013149384393336072
-0.0008013802324469624
-0.03598200168302998
-0.014970519196483841
-0.021233104164786288
0.046539309394144045
-0.026454156994261784
-0.060713714212338635
-0.038098623331478
0.05737074988009437
-0.009521386488637278
-0.02209218188965175
-0.04034193718545918
0.0028883724167384603
0.018211610849572058
-0.021356344578051016
-0.02535693433471228
-0.011039684107324855
0.03160924162080068
0.04155657454621301
0.025446827730043472
-0.010909195850713618
-0.009835248275407615
-0.060616875979886936
0.03331739391860307
-0.05345697654753666
0.02105431608442029
-0.020323623793962547
-0.027163691351393612
0.006134079513311341
0.0418890131476437
0.0017851444244548808
0.0014456314177499654
-0.0018309926516548844
-0.007172621563020827
-0.010297287984599777
0.0038922704036627284
-0.014027893410553953
-0.050263986158815506
-0.011203488814142145
-0.02689791070349434
-0.02006282131084162
0.03907478352644736
-0.027647826158056905
-0.0021744320735501022
0.027296694247302494
0.023712578890750933
-0.005317673592707701
0.04068883894976051
0.021491495435899385
-0.021435317829028994
0.057426793858487014
0.0015332193602189948
-0.015735429100357846
-0.021800598308308706
-0.0008973880552207451
-0.0009925606068121487
-0.015307928162456979
-0.008506371119415611
0.006989393267267837
-0.024156141652513185
-0.0239700002523741
0.012188172391039876
-0.009185600209777838
-0.00755077297655987
0.032194518216464796
-0.022517369612588926
0.002069326254288042
-0.03432302258425699
0.0012977034046376366
0.02378061749133706
0.037641398490779264
0.0037245552160178877
0.00398200119183047
-0.015421450190459603
0.041734684603804736
0.008687198908165095
-0.018775618024443066
-0.011651832501016177
0.008092551947567833
0.00471643206780133
0.0016459715989276607
-0.03926103640311248
0.028134643774300364
0.019457365748823067
0.02570935532023457
-0.023946868850583985
0.03535789691557658
0.02315034191507737
-0.028790312536563067
-0.022316511033278936
0.011974594812756732
0.015982915554798388
