-0.025850028215704472
0.02113287158980646
0.014460528882158714
0.0019339987423333733
-0.006926419077664073
-0.015342966142378092
-0.01152016837876073
-0.03875741411725572
-0.029995696100259057
-0.037338225333937186
0.05031357655477051
0.0888717189162066
0.014513609373567849
-0.03804278359590768
-0.0397279367081895
0.04306804017877818
0.053036914056087785
-0.0010401870021738118
0.005791852833771146
-0.02029902797851697
-0.02517656150231703
-0.0028335044577492492
0.00888612122846817
0.005822673154480267
-0.015875959366932164
0.012827325468454937
-0.023482054184688583
-0.010023664017733027
0.02681617179761853
-0.015984090986848963
0.004874951943615873
-0.002768851092388764
-0.02259170082968836
0.0021459309202999663
0.002771675464659612
0.0015688180696040218
-0.015239355998754513
-0.04931585565389427
0.012869515605457982
-0.007449277381331489
-0.07233276048934215
-0.04738695095883903
-0.018345422552072
0.013255896545110904
0.02975789860278718
0.040372464067595294
0.022485475238519136
0.062027618081719915
-0.03224180294493229
0.011313711948091157
0.0020443126112209926
-0.024191067441141193
0.009789882622843664
0.0003651919447980527
0.007797951152186413
-0.030107740072469514
0.010716958425446744
0.029519331895489356
-0.01145111088365111
-0.007199681452719155
0.006203075145801169
0.0030300498740501633
0.02551620383384694
-0.02194365209629295
0.005631569836365533
0.032176909338412794
-0.011010791265864309
-0.016223309640183654
0.024909302178251422
-0.0032250041902812075
-0.005952445175377435
0.03518685898154765
-0.02434720727548437
-0.03185496669710328
-0.031240606894279294
0.0016507919303163964
0.00026521719114481253
0.04450491380304599
0.025620206194763583
0.010732189177582317
-0.025366150994031573
0.027267900661816807
-0.022766036228401215
-0.009137700037468655
-0.03860769098290632
0.008482973292638368
-0.022544919342824654
0.010449985474574973
-0.01141799199784752
0.0109494447112449
-0.038503165474993176
-0.014293005096233232
0.0398711407802915
0.010307118712012819
-0.0015678517979909982
0.020462945979136473
0.01758377302074558
-0.03297631400206654
0.019586182236260324
-0.05467774079001087
-0.07614804176628881
-0.002888895556450612
-0.04501504375620802
-0.006219803331010969
0.06175634977044318
0.009625252762701882
-0.008122662933783463
0.0001828892115604912
-0.004424911723897861
0.004818817592891007
-0.03668032514405492
0.040553279779424176
0.02349867806901125
-0.016259395114329583
-0.0032451889672028772
-0.013500315917289696
-0.015419628012535
0.03784710715950434
-0.029306402437733407
-0.004105726264561727
0.022747139860453073
-0.018333488240058995
-0.010043782797417028
0.022311526710084673
0.004557010943348189
-0.0027032857705951404
-0.05183843978811266
0.009951803999456775
-0.02627903466783413
-0.007397037872772702
0.08271610850797693
0.03309315834677459
-0.0911709982852355
-0.02134458345955065
-0.010830312324661659
0.003406670804925288
-0.000895446845987396
-0.016974011542094235
0.010360002347476614
-0.004351601536643092
0.0004786103217152469
-0.004944259096366126
0.026989409308407118
0.0048688180202973675
0.02565871730332044
0.016572241487775963
0.06682276080762269
0.006616867249341721
-0.014452099140389819
-0.03171843482388391
-0.013367045738220992
-0.037089324555126806
-0.004037562359539865
-0.028665141953489646
-0.010237602749466152
0.040708472280766024
-0.08860334452266273
0.005556544694935278
0.009379001683966081
-0.05293981593504391
-0.05742356813799804
-0.0024271365393625332
-0.03283563511164299
0.04061528398367425
-0.027172129129302437
-0.01885811932273428
-0.01925067690514464
-0.005334044500743909
-0.021199455860100542
0.004576960243536996
0.032986498290857084
0.02682873557765634
-0.007760779953430277
0.02380908637750945
-0.0268524367074088
-0.03762280405374439
0.009467061953561798
-0.06199352335288876
-0.02521849626024085
-0.0035842634747990073
-0.026548030295757745
-0.03939210292143433
-0.02437659367782652
0.04183959567275508
0.013761434322160275
0.04940938180977104
-0.006380709008789445
-0.04543246014371592
0.06938785895718688
0.026087443670096643
0.057482475401313085
-0.02157025589556584
-0.015187175789371881
0.008724561665117607
0.026090055632520974
0.02701277320768291
0.008732277841222165
0.003888028808191632
-0.06923246132491934
0.022381974893867743
-0.044182126913128957
-0.007578013355974592
-0.01858682962554961
-0.01852025977763938
-0.0030319116947272844
-0.01934220598026101
0.01143611194622517
0.0022333810350059547
0.058690544289621026
-0.01069180910966264
0.010246449895770783
-0.011313584625258388
0.0494315028393595
-0.039953920831732666
0.0231317722733039
0.007273158067718566
0.003970796897208827
-0.00805073005901728
-0.007233633999583252
0.029075966662001164
-0.002045975455545556
0.0038005324518314656
-0.01134248075012607
-0.035102841252885854
0.004826499087086263
0.011966798494256059
-0.0310803391878888
0.01956816633709872
-0.013547395439205972
0.004874482642976414
0.025687721402814483
-0.012319494448218697
0.006288890197983072
-0.02257198188217271
0.05527719077368484
-0.007942407510786606
-0.010513759999503975
0.0362291205544356
0.010817224724723776
-0.007240980217209682
0.041000529577571686
0.03189926361162752
0.015779926253820107
0.023894561099886594
0.021642253534712882
0.012892741244674818
0.03623011613715945
-0.02677374751798935
0.015358802471640813
0.01758950807136853
-0.015243067102504594
-0.04072724637162219
-0.008819431296545657
0.03459987739503209
0.046014813961267005
0.012769252790631134
0.002967232197306954
0.04134304092688694
-0.0014907434312548945
-0.03829393528654553
0.005955430761006306
0.006729467995494608
-0.0010342698770203422
0.02919165970421064
0.007443116208894247
-0.013113049835266693
-0.02881247662003423
-0.001455848861033854
0.0037702253265914695
-0.014873535355414786
-0.023874108980000086
0.06628315057846547
-0.002981631433525383
0.05242151474541248
0.026520752480854212
-0.07601522508675793
0.032877681346873994
0.03151545507488604
0.061641232528280195
0.032287957591449715
-0.040877705304569835
-0.008613938308464292
-0.004703983930340913
-0.013358746207880143
-0.01206451350845847
0.011776905518966856
0.04433335198480362
0.043136831357710494
-0.019663109615940595
0.0007697060397680751
0.006248603832221839
0.026788818380348463
0.01887822575707109
0.019667992191143867
-0.05944495791205848
0.020367134000114397
0.017864130236663365
-0.035874714331061396
0.03955122583230321
-0.00908970416927385
0.016132284356104157
0.00033310953524811574
-0.03169691123957356
0.03801972080706874
-0.016763968776522586
-0.01748182619465661
-0.05612387602195528
-0.014994151036350418
0.028109857951000683
-0.0030456729516559287
0.047615009654888525
-0.043837797706371216
0.03603332451617312
0.041697298366835604
0.001230694424447071
0.0022349539472810353
0.00835284840058117
-0.006365644698791166
0.01197202537330012
0.004776880507162456
0.033132412241910075
-0.02852290631599894
0.010048001747618442
0.012081013041625316
0.0036851639016185754
-0.0725768772297622
0.024667969832219683
0.016653122949792366
0.00147197709622554
-0.035883349177713963
-0.003283700841459962
-0.06360300289921995
-0.0072755886038053
-0.02448544889668268
0.0052605670437638995
0.005243595174347451
0.007133365538530814
0.031254774289897695
-0.018747506269662116
0.01623338950705842
0.01449922076049862
-0.020597394614827323
0.008008762096589761
-0.051768847511230384
0.05048448752369099
-0.03842951543752131
-0.013567332613324982
0.06386439290074547
0.004116340020818654
-0.0008753287697251451
-0.019524375742671577
-0.021508191306875687
-0.022819220203945684
-0.033246868753382064
-0.010296049536158158
0.008699458761921373
-0.01645036251716855
0.028283632828857593
0.010660501159034608
0.04776087687042854
-0.02346928294685276
-0.0185337125411782
-0.00586903355172166
-0.055910441456166506
0.01580989168146021
-0.042337405995726184
0.02796657224108655
-0.03588113690923355
-0.03623164191653901
0.012078008703589469
-0.02386978162347883
-0.06713902297822644
0.03542977593201187
-0.01909014897519687
0.015311899715714524
0.004791481048340469
0.010903625065958376
0.011010668875633373
0.0013773503487052427
-0.015516935549247992
0.047112427702276784
-0.02964949417589796
0.006802506397913022
0.009564424992616765
-0.02485233325821492
-0.006269476704999259
-0.015683155249551686
-0.01732790825685008
0.010010686901542346
0.010599151348033084
0.04815240226352335
-0.046721771255297515
-0.03030972479483858
0.021421774357974068
0.010073227005200311
0.02978699726853186
0.0215503836947779
0.004271600101651455
0.012466390230974298
0.0271533189850875
-0.04085867242426267
-0.01863951523859616
-0.05083237874490239
-0.024490794798847356
0.011572249824936135
-0.005516478344279516
0.04230081903013945
-0.03558409572790284
0.06636870439391453
0.019015504737665407
-0.011308427810590266
-0.007811667437309736
0.019552452244994196
-0.011999587669426043
0.02879043904306574
-0.005003548675056391
0.027488243763945795
-0.0014240520450326522
-0.027133281857146543
-0.02887424770418663
-0.0009958765146139735
0.001573359005879612
0.00017792909484617614
-0.038032567705536466
-0.04619007167360155
0.0354477516807406
-0.053566593708673615
-0.05401542579112301
0.010531132936055704
-0.021875548918331197
0.020166196042503543
-0.012085733756722434
0.0003177427778685121
-0.08529436516048633
-0.026224474539931472
-0.0021058265915892475
0.04567761525463685
-0.008892845779273397
0.03049846337264258
-0.009316231758437148
-0.02772090534044369
-0.014735396046304397
-0.006703247470898764
0.003960088003306839
0.0027602024050140503
-0.0044614476528853295
0.03650126489340281
0.015069258226318261
0.048322424909459184
-0.008174346629959922
0.06743713983360747
0.017696800182504028
0.002250054985415958
0.04097340628353406
-0.030821707063445298
-0.09226185160800705
-0.02781214906510423
0.03409886864285966
0.03290767146633755
-0.0007739992506840195
-0.03150992321097695
0.016031635988684265
-0.015762767539255762
-0.04426943861716284
0.024853247373841942
0.02590573369327162
0.11838676186440861
0.009831489928254626
0.006320919595833731
0.021562099717409678
-0.02720256920194552
0.0048385637244802
-0.03505453563547206
0.004191213918085727
-0.05782687929221923
-0.001550745541353662
-0.005357558045656261
-0.004152896555298976
0.03341495317428356
-0.025572148243026442
-0.022178009098361207
-0.01315272666690216
-0.05520276859282586
-0.04109550140115462
-0.003601107731568489
-0.014179070904764314
-0.0065071827490277324
0.012810086591873961
-0.029907708637367157
0.020522329129092368
0.0036746836873730888
-0.03087999239947861
0.015730332563366846
-0.02570845693581655
-0.0026361562053327145
-0.022764762363604606
-0.0018591471276270767
0.014830587188766828
0.022806760332266956
-0.0012839135518953864
-0.013421073964559724
-0.03671590098165774
0.001943487768727924
0.019404403922246724
0.046462004701269405
-0.015976135196734898
0.041469339122108935
0.005264547026266637
-0.024826243333370034
0.009280744072414625
-0.00947916297703146
0.0071904130102444785
-0.018258442031618985
0.018774259827059124
-0.00938729423602127
-0.017420930929218995
-0.004766189446363956
0.0070716383226004246
-0.00962038647261759
0.019043601264672576
0.03857799353340487
0.012847670955948721
-0.013658978716154166
0.021696454176537934
-0.019988592804682143
0.015608504690954447
-0.04590656392318205
0.05981028319070175
-0.015729632007429762
0.005846487573611495
-0.014158485030588768
0.022452636790103925
-0.02807585746048715
0.007455472207449769
0.030804425754781917
0.01819014420369368
-0.008775749302935445
-0.010318219256056589
-0.010342823434181253
0.017826632164419338
-0.034616057085608
-0.06459695166608952
0.0493519047724844
-0.01941149967944024
-0.03379555726800539
-0.005424047356175047
-0.04416148762763763
-0.018457854593719163
0.028635128983203164
-0.037981202052822065
0.03572252087688707
-0.04175217494388975
0.00878667718369975
-0.0352718983174784
-0.028457512599492633
-0.06290319688014859
-0.0220998462357068
-0.0013557421015496691
0.004081203060197462
-0.05783378385448714
0.01917692253043615
0.03330416794349995
0.05377255836481495
-0.01776583376106367
-0.0015862702589728613
0.00332303946766839
0.03719261073994545
-0.03852423739103308
-0.009166548128577789
-0.01193768471993108
0.002048054549084791
0.02957858613148868
-0.06497408690445898
0.022304238547161168
0.030350072416910068
0.03750826480951438
0.002423100874469191
-0.017212249324184397
0.01028491543931054
0.007691084981588413
0.03218746820433578
0.03301227554826731
-0.005267114295665696
0.028505714678080343
-0.0054865731636835465
0.021226970558039203
0.0038854794104857425
0.012377952517459741
0.025542344762157786
-0.02855752840255597
-0.016142950247314814
-0.008887828136200055
0.004985491382894743
0.003241009591862121
0.04101654870685503
0.008475045910739006
-0.016627575779097337
-0.017739055028726164
0.005475746513035409
0.012851752579363019
-0.033279229531100456
0.08997957027016887
-0.031606358746380916
0.041592117359519634
0.0021490646418900975
0.008397765022707141
0.005206789957226435
0.005727595440618862
0.026527112535106315
0.014830071983991193
-0.046336931428263825
0.01484790839295869
-0.007502746497180675
-0.01572506130274234
-0.0006425235264786946
0.020736540603485926
0.011201178243547267
-0.017303562694950883
0.03297969647070709
-0.062273804967994284
0.0014697539109663194
-0.06241451359694961
-0.01564223231419485
0.009989663782094644
0.0031014400955295834
-0.008700951850263398
0.05802444611472321
-0.010500561318211728
-0.006347790335174036
-0.01568058095138213
-0.035802412007015054
-0.05696239881637554
0.03469049047591504
0.0029482400517991335
0.00022494666299932434
0.07699637257209269
0.004162376044676033
-0.03156154216775668
0.024208722019463003
-0.026201200731594786
0.0011025761103421947
0.033613374717594416
0.04790388110744641
0.05180833702531765
0.01345120997129783
-0.00010281436089253838
0.039290755354504825
0.01624198866891597
-0.02368462499547911
0.06700130497756
0.02238575469449271
-0.013487769401763515
0.0564676658122499
0.030637734905443074
-0.010452517966654766
0.012390750278830829
0.03799537996402544
-0.002604632802452925
0.030565464788142274
-0.024554420620130794
0.029994428647058955
0.053533211016484755
0.0004278601407489452
-0.02136038552492491
0.03565737249427093
0.02420296664931561
0.03653161048429555
0.05667931412252287
-0.011923519546997094
-0.0006612023217973259
0.001051298525420489
-0.010566587953924579
0.007133504907062823
-0.016053374391416835
0.029067183381057914
0.018498558996570085
-0.025284444039717212
-0.001113216869959842
0.014697147457518121
-0.02322003991980775
-0.0018046514863273213
0.0013187754389852654
0.027416457004399555
-0.00040439625937856784
-0.015257499477194961
-0.005774136280162908
-0.0036379086764762015
0.006042641683448124
0.005644316704888518
0.04390056132343083
0.018741370563216245
0.0028497938872978673
0.03260732028557752
0.00569035551618238
-0.021321115772292582
-0.10332082212066533
-0.0033030320285572833
0.003629945595631645
0.08301286571057151
-0.021135895033235173
-0.03743050466152553
-0.0004124026831039874
-0.07013409308342788
0.0014444349032325015
-0.022361056243980174
0.05451987548766906
0.009056180451189676
-0.007036285491989571
0.025333473609255665
-0.019289418251826514
0.0786815136303729
-0.006586690734494933
0.023814871840078532
-0.024278984957873884
-0.0078000158293480715
0.03612870529401152
-0.03152078850246415
0.029013978133779178
0.004600751182076628
0.018480071917966544
0.010849707407227818
0.010160816966918913
-0.04338208023949583
-0.040403483825531404
-0.020456226104263446
-0.0036764995605441837
-0.028413416277658293
0.01688899721852509
-0.027565623775086073
-0.00933963280696718
0.019476690013462708
-0.0061798090284255576
-0.004313773712258827
-0.02912391022336685
-0.006352966230971656
-0.037948405491884614
-0.02609673589561564
0.00685956020691075
0.05531029203284084
-0.008761649138250737
-0.02666829325748527
-0.07134376878928211
-0.0015301280755130196
-0.0033550267829187785
0.022696782197055832
-0.07561593880543013
-0.0010700730292126984
-0.01742780899146477
-0.0034263911694686544
-0.019406774436856816
0.007198076274164931
-0.002395706189156262
0.029090232220998095
0.002232820575184361
-0.051711087993023507
0.024106829732759148
-0.051357508241949276
0.05363104132917433
-0.0024657560856134932
0.05934575299404371
-0.025576846360181305
0.0033155878399921887
0.037912346123761154
0.008052509007367878
0.018337222088614994
0.0064368979772300655
-0.01630995088495888
-0.061916369230458124
-0.000830429546896365
-0.06120320877567931
0.0037857719894054567
0.07427967791441765
-0.0016331825634609708
0.03754693086999425
0.03746959100195733
-0.052241477223156585
0.06449508999975814
-0.027728264652130286
0.010853515432109407
-0.04292494243246178
-0.050393989079290005
0.015928437321029564
-0.0016504702195563532
-0.017797073373646062
0.020098412717312927
-0.0021848284658127055
0.04904604373144938
0.04667594261394431
0.06281045879733418
0.012829761428003626
-0.011245755256851411
-0.005604817693027767
-0.0218662778190301
0.02930915918011161
0.015989090915199015
0.015004311043058677
-0.012382670607920808
0.0063070393782999916
-0.016494239988734494
-0.019175644957003395
0.007113147590110478
0.045657892495126785
0.015900436020192674
0.01786791854687349
-0.022604453564335807
-0.045414127196173604
0.022860332586634755
-0.03245124765493109
-0.019581794534925794
-0.007728929494105877
0.022697699983732087
-0.020265346334026425
-0.016941703208760032
0.006836986130908281
-0.003576175150065319
-0.020723916630112024
-0.002400318415856898
-0.0034477022162916955
0.017179153645472078
0.029660526651594035
0.034532870260514506
-0.030755502485745285
0.006360896382205993
0.000915378535981006
5.912638082813853e-05
-0.005889139313603656
0.059307144292046254
-0.00426696828303196
0.01372958239275939
-0.023029772838889948
-0.031439900493941145
-0.008401284347404062
0.009362146777966733
3.203273093665067e-05
0.016528184813926407
-0.019048930427368462
-0.0014719617729507066
0.0055176799478621405
-0.03683913908427436
-0.028319373765804384
0.0030140885870947568
0.0009212598840978279
0.012199125071296143
-0.03974640612532559
0.00814163821860534
0.009146502740949724
0.03316883226746003
-0.038889980463057805
-0.060309994729870295
0.015230900486722553
0.01035523537555283
0.01271236392273997
-0.010590420201311394
-0.005172649698482359
-0.0284852616902197
0.01766562779985816
-0.03432609179093608
-0.038557034131817866
0.030233044778868977
-0.04337087215550099
-0.04951801323072346
0.026809421660476215
0.0861339712722713
0.002216100416799444
0.032811836940716946
0.04945969968860093
-0.07284684561758045
0.02922949516840876
0.0062779407383327076
0.01561318330363475
-0.035060562292451296
0.0111118271237755
-0.012299110937379051
0.025901908574597256
-0.0243315329264818
-0.004391944778440773
0.0326909764137468
0.011285463202017633
-0.0010196753728154463
0.00824077962602148
0.0057145526294126526
-0.02677889491828163
0.05018363866205709
0.0312987503565089
0.018269066395336233
-0.03353635191828836
0.013535839543914486
0.01578632858791064
0.038571510883408565
0.012161728605893523
0.0386584982404357
0.051672888070472905
-0.019592806713448003
0.013133248617019054
0.026380042986853147
-0.00219090478703449
0.0025841432677231367
-0.007229982284479497
-0.032719606187229223
-0.00023179332405628438
0.02296082204482892
0.0006759305303450008
-0.017164460996285377
-0.03710199214814306
-0.00421045788916048
0.03256474551416685
0.024601350261913332
0.025878248920357002
-0.02065152761534504
-0.0026618359631712368
0.014062751948384956
-0.025587750665570695
-0.011655788487499695
0.030173752392052906
0.0031123086808756226
-0.06924294870889287
-0.009748476026615445
0.01822664974149153
0.0008456955154252355
-0.014266526130457686
-0.04397193523027855
0.022912410618554844
-0.04818765384694558
0.017589011775852086
-0.0029070766407689064
-0.01601235648430018
-0.018405494200511723
-0.02363295792945042
-0.04220091107579161
-0.019301003471874016
0.03155804878010566
0.021981730903229864
0.013711674220172661
-0.04847455545576693
0.004822911732461443
-0.011214568027819779
-0.009118671454054856
0.03542272785351036
0.02296959225178422
0.0163188918580269
0.0008357904568847267
-0.022256447977059755
-0.03867607776481106
-0.034530841567451946
0.010963107713157531
-6.087568994857799e-05
-0.007421274450882228
-0.05662975190406498
-0.030577663220814278
0.038705553189953654
0.07432430499927059
0.02892269483093161
0.016421460166770468
0.01969754098661701
0.026342619071314667
-0.0011976934237420812
0.016002198010362907
0.03897663520065575
0.01268390863051035
-0.0300232291195451
-0.003663719864525517
-0.05160242569325994
-0.034516931486089496
-0.024286872103914947
-0.0005853814730421014
-0.009614733048340615
0.014772686664776541
-0.02412119526340422
-0.01669436291277803
0.056116531317612205
0.028626263431138624
0.08283642535005835
0.0210678317792764
-0.035664168876005695
0.008865764386896739
-0.0066372889001017205
-0.017884145310559027
-0.004010754794619947
-0.00849025253105236
0.006210698639482392
-0.00042468424208628715
0.014325523035707752
-0.05571430188936688
-0.020213751103717488
0.010614617472549968
0.021186921663731883
-0.017718103137883308
-0.054239148938714295
2.7700551968906002e-05
0.0009619805635904306
0.0022792335001867387
0.020128483282698437
-0.017482320200678317
0.048520759430917146
0.030138922053293767
-0.0022958655148342193
0.021369319559916448
0.01097468662203097
0.035697148500886434
-0.040554277870581384
-0.013483928302411638
-0.04773168843667226
-0.001880664764083159
0.057959470568680255
-0.00996884903639789
0.02614112073835968
0.030318720209507856
-0.04390829308446081
-0.020732916357868246
-0.004593147491248565
-0.0008394542760500898
0.05331556082702401
0.006735189764800161
0.07770871687330437
0.019838126330864247
0.01152324877213449
0.006969724072696967
0.002672642208382381
-0.02050856606591414
-0.06572017623574374
-0.035029508659838754
-0.0023104888010256758
0.04302317684894179
-0.001269148893683511
-0.001986925652595987
0.010316045355290977
-0.042121526793481974
0.011426526167383998
0.0026261088976716972
-0.014623668967019072
-0.014437949701551283
-0.014805685073730172
0.0046530425420375655
-0.00014865498427758063
0.03168603778836524
0.04477408240247363
-0.03299025568553302
0.037820047468057824
-0.0005836116767244931
-0.02015544930033335
0.02007218165871527
0.0069028657118141885
-0.013267298826468009
-0.016746933333283903
0.027318562342812446
-0.022185488318483035
-0.027072391012426977
-0.03613495022471181
0.01861241594049604
-0.00014678760937999105
-0.026119691414385984
-0.017574026358935957
-0.0029686911852998535
0.04241661475868588
-0.016684733538963034
-0.016245365996483227
0.00886777404926705
0.014153904341928859
-0.00529422752215557
-0.012029402568098433
-0.003190006820782127
0.017840181518017504
-0.00023499428631148337
0.023028922255479006
0.01987221999066369
0.019669368045405443
0.00687091774211469
-0.034602211420787475
-0.003773394244134168
-0.011439530780582954
0.008609004604121725
0.029864492747744165
-0.020622061048257517
-0.007121955313987322
0.006423174580006003
-0.010936870906250559
-0.047142346015965814
0.03416775859464835
5.3586679579793e-05
-0.0005459511350862459
0.001290490964371635
0.044496446965414535
0.01315844593374924
-0.01872713653285738
-0.0006712596137684118
0.021626312519769247
-0.027857717000693206
0.03610961571177379
-0.009152242766875356
0.031975429678587075
0.01963205546403474
0.020891022394325474
0.041211492283428346
0.011195096215625876
-0.02420390082515419
-0.0006694749948294132
-0.03800153424167871
-0.040986122374076846
0.006720930183519388
-0.014039677615149343
0.000570940586973631
0.028943173465716794
0.029049247664805943
0.026969317939368662
0.07191462012018576
-0.009310107600012659
-0.001677644295320719
-0.014822229853098504
0.016299139760185703
-0.05620284805093088
0.034654808885792025
-0.00810319152357439
-0.009593152333196462
0.02764119443076603
-0.014321583938068707
-0.04763526526558773
0.008978541807070502
0.020617182245942767
-0.018108217111351056
0.002983372783487427
-0.06025265312460993
0.008045335549695304
0.0006779096795620333
0.019716050071130323
0.00793974045261119
-0.06765685608864269
-0.0019260998148630587
0.014296716523296702
-0.04190258484650696
-0.031982743347086166
0.029850497479223328
-0.011679514542738753
-0.027233795767243742
0.018592758522444443
0.038583823129113584
-0.010741328752209066
-0.00019740523132160277
-0.032107244300551785
-0.037304022456649086
0.00571019339654061
-0.015192360103564305
-0.00041045931731653005
0.035234149037646954
-0.024616343349639
-0.008596534501860317
0.008754678900840007
-0.0005888182968395319
-0.0016595164953822537
0.0031748051698320657
-0.034443356815220844
-0.021307662273512492
0.04113230419353639
-0.00984918095837927
-0.016722093910540397
-0.010612626528182994
0.017980496089701255
-0.04190191646377798
0.0013786141697945458
-0.006988175165549635
0.03486910332213361
0.0007312631568074598
-0.021910746709565474
0.023466754012554374
-0.03425650982117203
-0.01946282612827094
0.021112020660351047
0.02428035377131791
-0.004918105087411775
0.02047412703480887
-0.023765448999891706
0.008461176518510116
-0.014288376094700888
-0.03648561018405819
-0.03444191792981146
-0.029450570780170444
0.018898953860078106
-0.02464915721170345
0.019523807093577445
0.03229858289789763
-0.013159737675274707
0.06104595562049215
0.015252258038100729
-0.01941241131723519
0.01216383033335207
0.013303693429356738
-0.024199189538615447
0.005177400006776818
0.0002826389718940912
-0.0030419850994047363
0.03526359613936782
-0.03212473184417828
0.0033990603757886474
0.0008122291178157173
-0.011661719284553885
0.03474339626583412
-0.0077484292145431136
0.033254112105127555
0.0014072053472670345
-0.024343683130342256
-0.006946370157238481
0.0013295480723468647
0.014149784696574507
0.04949814336334449
-0.025511640882290142
