0.008474547971592462
0.0038338500925640014
0.014506361283614254
0.003755983038642494
-0.025618581773601948
-0.0020562447772633106
-0.015558394905031182
-0.031005160905463715
0.00741948785058236
0.02293706556942322
0.02901126279097583
0.011084546072145271
-0.022458978777836033
-0.00357250095514016
-0.019838412717127867
0.026719754649426865
-0.010776084196680127
0.023263959328265575
0.01908547295468516
-0.04414927848615892
-0.006411801211796131
0.042606663224721585
-0.009093334122396235
-0.0054537407334172795
-0.0035902955089619306
-0.017560795351979037
0.05484581022704509
0.030171822435108964
0.01766832282423609
0.024348912393441155
0.03722512778051472
-0.043533317099642206
0.027896764571743473
0.0404138622160306
0.003226296909630132
0.041611981587029404
-0.0035979254713279746
-0.04986575140335761
0.04604417704192687
-0.04090647649119072
-0.05279060774701636
0.010811915267232443
-0.03567607650964894
-0.04127798136157517
0.0013713847010721827
-0.04701036761197926
0.007367201419500094
0.010864731651273166
-0.0340590508780854
-0.006372634685777988
0.019379414805550856
-0.023372531565092666
0.04517939666905607
0.034661773592046176
-0.0027565729513431116
-0.002418626063983163
-0.020848683256015344
-0.026610931828173885
0.05176132827437432
0.029080574252776905
-0.030635650201448428
-0.02640136717231401
-0.002567514223279852
0.044289129245656506
0.011718533121425442
0.017232529032101193
-0.04260874308319661
0.021441676983839662
-0.042099936016185564
-0.01171198507010653
0.043734721767903884
-0.034751451062884485
-0.02241145110708893
-0.005505363460411698
-0.003883518763421998
0.013235689969991186
0.03867774710475606
-0.0318672535155096
-0.004602452677323566
0.005442365218134496
-0.014641094530473192
-0.0019028245840300667
0.010118991744211396
0.00593613026731737
-0.058731866799489184
0.0017248028235926005
-0.031275131560489014
-0.018810427607898316
0.008683613523093617
0.05937116464805101
0.062318722853371096
-0.052238101806566545
0.031319440476952724
-0.014171519813068509
-0.02724727627148413
0.0064627811541382845
0.03232368557321601
0.00975887046581059
-0.018049931885141472
0.018145438972457812
0.03668820522047819
0.01275608436814964
0.011941671715410794
0.02289605673988649
0.028949439475327632
-0.0027402196955603675
-0.006566078130440053
-0.0093368795645769
-0.032190447405863284
0.00940710472996013
-0.05997224724434698
0.010650992120998182
-0.04000564698544916
-0.07403108917586748
-0.010436284140981215
0.006985526303885363
0.019609011506239525
-0.05052322929378708
-0.00516682752707149
0.04961900008199689
-0.03176487174511416
0.023606039038895948
-0.01107999125996267
-0.003461892715064502
0.014823590799669424
0.022449321535549058
-0.024482322878425222
-0.06234359051109606
0.022250945728129617
-0.05167539904381892
0.030046583926280856
-0.011559592141582293
0.0014949728070898396
0.04202066997939673
0.06561509703207884
0.014319468706006245
-0.015564322330451852
0.0341403716326157
-0.016789685449269027
0.0020564419907280647
0.002701135673280237
0.008957000804742732
0.004285708072233673
-0.03169395053259591
-0.004237761220166901
0.008607407419996792
0.029499074545503042
-0.026792307334996872
-0.007343466454592176
-0.010710489352632583
0.04696643078294271
-0.03017322460370198
0.022744655584499618
-0.010047494224561157
0.03492306641249719
-0.013542059348076271
-0.011269261611580528
-0.01354030733851702
0.000925165595390317
0.046982567340332584
0.04066141475336132
-0.019181217673068508
0.03270103404725685
0.010249144818180279
0.005037847233716883
-0.02536054944376127
0.04458734901730701
0.00260633359014442
-0.03211047011580445
0.045397242606423485
-0.012650985756262782
0.03464937543651703
0.016863434955046965
0.020052613778350114
0.006042379654657213
-0.002213789464787078
0.01166155175686929
0.014812268631014307
0.02187101816467934
0.01569961248484294
-0.020151199521927038
0.06861596141768037
-0.007433716887074019
-0.00825675652121267
0.040315776118758216
-0.04157159814067069
-0.016098196760900494
0.006457006764495397
-0.030953242506244236
-0.0437623828462282
0.00013144392638011698
0.05101849567404372
0.0469690845979162
-0.02492244014618822
-0.0159217262244331
-0.000286337335661937
0.02381831230195249
-0.0033431195956120647
0.03730600466970633
0.016153503224123598
-0.0034440655352666926
-0.006739564713173152
0.05455073231560964
0.0035952924004950633
-0.03261796398724177
-0.00419440666799884
-0.015969577149294315
0.02861685937969654
0.0010175082930476667
-0.01612937454196819
0.018361842850170177
0.01895959075788257
0.004048025962085581
0.013836630215835066
0.007179577122423586
-0.009839205717967548
0.03077318186401874
0.012375047254483296
0.008288146680843924
0.054400134839194945
0.044669103120418004
-0.007048415946007334
-0.017826491760543565
0.020479882213485415
0.027632843137125697
0.005428799028694731
0.00039105979535399347
0.005182072359145243
0.09643005930132859
0.03783279655021012
0.021955140879310057
0.005003589978166496
0.038404107046228216
-0.022231073878118898
-0.010228316703716295
-0.01574493481997002
0.012398678642649158
-0.03186680058009636
-0.032365746504029486
0.021296532921585558
0.10723416335698227
0.003936784531090039
-0.008176075147540448
0.020793815623295814
0.02023097806884351
0.026068143569142145
0.010928634038253218
-0.06693731608638047
-0.06791560507294128
0.022977040159498224
-0.02346549369577639
-0.0033578959399842598
-0.010131880259512584
-0.0007718014241258506
0.008694899324548333
-0.084743119827831
0.033059365015745655
0.06695323208638274
0.023334011006792513
0.004564645782974335
0.022262997084422517
0.0005843097811582578
0.014449665405452557
-0.026290273561805518
-0.01932001655734856
-0.0034509897222139503
0.022591461476549664
0.02437907165797239
0.02462775502889784
-0.0341849920520997
0.04047163960725709
-0.07644567404333452
0.02550227762542953
-0.007543084050460341
-0.03831494965909007
-0.04446367835498641
0.012450690903033499
0.010258377365238915
0.02858776098380447
-0.006226870715175407
0.03657836663540305
-0.012890477873071524
-0.009257751873149178
0.027635576001711747
0.021465700658644317
0.018215485652638086
0.059102105062038286
0.03585857393484687
0.02514606925884521
-0.011495968023078862
-0.0053719195304611275
-0.001424523571464619
-0.048743856571663885
-0.03276269742455225
0.04948717326155026
-0.006869004022059029
0.03279709636983322
0.007278946646115662
-0.027994255223163428
-0.04032168495085538
-0.009105104120067294
0.012611731507837943
0.01969237802716389
0.01693833926184317
0.017944875517528543
-0.014698060430192512
-0.00930646924531248
0.0019056608504401898
-0.04054099778820557
0.012019246171947674
-0.002479978209463374
0.025894243226408306
-0.03042006925133192
-0.04404804631805642
0.0015504558317490647
0.014108851226093259
0.0064039939548709264
-0.03319160729866929
0.012041459655632716
0.005075955678604826
-0.03979697280206146
0.04039881729699442
0.020497297386762595
0.08232353489097255
-0.0508534639257604
-0.009404747975257817
0.039401683989832674
-0.009593094791278104
0.0037708759276780363
0.03731142261591006
0.019543834327622387
-0.032757052463689366
0.007673745107622086
-0.01884430740162521
0.028913076341924544
0.024939449615116505
-0.0008490089554877253
0.02607629133871059
0.03229024149224809
0.04624575313804698
-0.015872885372897817
0.005873896518391561
-0.015416535789408244
-0.03056802172514275
-0.028607817486938997
0.029867986831416997
0.016484261872336304
0.011155681184479184
0.00746641332340371
0.0623877265509012
-0.002598635635142631
0.0478781549102522
0.026353461366720423
-0.0032919813458341476
-0.032458351194182285
-0.019774392564317563
0.011761903147623078
-0.010547856854852142
-0.03987549353297135
-0.01264585075416172
-0.003574714044524926
0.016273547216489225
0.014948721147576807
0.003514857872479768
-0.028136840119970682
-0.023956259480635494
0.061818384306115054
0.010902771738251679
-0.017118494658441164
-0.008579805105924381
-0.013022633948129301
-0.015556647671470842
-0.0064242594301445076
0.042352957149268344
0.0073461081492155935
0.04709285346357593
-0.0491680625320585
-0.012513566178048911
-0.001113352447000193
-0.005826354233164988
-0.031047096183524827
-0.014362384937869753
-0.011709084634563754
-0.01640335224437248
0.02145684859511075
-0.07364118413352731
-0.0645304027171436
-0.030569753115163977
-0.019875572929205405
-0.04431917154963974
0.07452820836621779
0.04925270034597156
-0.014152538165537102
-0.006165748849280598
0.016540430258008682
0.04318852300117194
0.014384175792555243
0.010442444757077448
-0.03579459296510026
0.009663940322496331
0.020239379375391976
-0.013184264268189421
0.04366660300496693
-0.023121714138808126
0.015557579094711293
0.03467876885578375
0.07072219091120742
-0.054241011340972076
0.03380814242573566
-0.030446279368499956
-0.01199970511163069
0.013832571559874825
0.0017920980695274535
0.024341594966318082
-0.06269839869933308
-0.026414476577585937
0.008559669302887457
0.011490217637925602
0.013966078404036663
-0.03310365087999616
-0.005095184522375432
-0.007817872127106964
-0.0047634166470537425
0.022976030402660635
0.06802342242301554
-0.005255211110213835
0.00761995384036818
-0.00020044659167766442
0.024528913001525314
0.0006006513547924137
0.0013444294595016438
0.016759119247311202
0.008677705604617246
0.054827235887157856
0.004131718848150851
-0.009633638880654648
-0.06821476348478737
-0.011226176873886646
0.013116743472988794
-0.002293083537259311
0.018248486992422555
0.0210540144976214
-0.0232113412237084
0.003075759694767455
0.0335598429666454
-0.03031908219598742
0.02945601767200985
-0.0026450459490276784
0.006523267164672899
0.04537422848733396
0.021804531867325744
-0.06691307637623167
0.015201151358807317
-0.01243370325567234
-0.0015606064575036612
0.017019218115771603
0.043549992891249535
0.015962915804352378
0.04833044051885199
-0.01047542337496978
-0.0026343849538023414
-0.043263938957624294
0.021079818532309162
0.024182731834897577
-0.038970683455634106
0.0002974232223765776
-0.03890231793810757
-0.003011360229099524
-0.03787431793817524
0.02044527199110096
0.008124044577735754
0.004799248415993845
-0.02864293191312775
-0.0002143852680349686
0.05632108521451428
-0.0029635972375178852
0.003849389732523733
-0.036204514980524204
-0.0089215808997294
0.003316093294401721
-0.00553697150144122
0.008280334422047403
-0.00667996437216387
0.0036819630575289893
-0.02000368898880683
-0.027530615171249797
-0.003905649904684888
0.04221719988795809
-0.0236670401518021
-0.023152024494563054
-0.011300885477070659
-0.005332044844385222
0.027607945410611543
-0.022329819615977707
-0.010294296041023339
0.059512561389041485
0.007461899257437752
0.03649544634091625
0.039317386029146
0.005331411549334485
0.036057191669401245
-0.0476553281306287
-0.017414665862846283
0.004864947919998641
0.022943724138946322
-0.007978977928968258
-0.016483967658175717
-0.014594669489826535
-0.04881600710619239
-0.002280251447251057
0.013313329209765077
-0.012335468311873482
0.03522588666481879
0.047280633819146
-0.04937377911295693
-0.05663704585872445
-0.021760754030105068
0.0387092004312755
0.020982420762599298
0.004611631355099928
-0.004137697188229536
-0.021222099265924818
0.02057864012919917
-0.006302395136131615
-0.007913136397782357
-0.001239751156729145
0.04088074537639323
-0.02059235640555476
-0.04368782938448335
0.07072188547602438
-0.011085260085125762
-0.013929563339321669
0.02199952554102151
-0.030543759958669932
0.032320986653455376
-0.03581831607804591
-0.007440891340709582
0.03469162784580616
0.04120793270507172
0.017235503540256245
-0.04152377003557617
-0.02827846237926755
0.05565201355297576
-0.006700283329444757
-0.012801680251055082
-0.032757102690972956
0.01780594825207316
-0.03358264608958936
0.005542492918270651
0.012754049786813413
0.026095143582654804
0.00038558696622337116
0.00041721619548831026
0.04709134870645196
-0.04607749926816315
-0.00684571138170756
-0.014290974335845122
0.0069931186012366555
0.001656393509777776
0.013497529366092968
-0.002114710772564482
0.03894908290419286
0.01839287323539161
0.006556962002575768
-0.012607606778257723
0.002098390564693451
0.0033304483977670395
0.0290442857916119
-0.00985085991790362
-0.011064222178386405
-0.015898092931311687
0.013924582355730608
-0.029004715579399383
-0.02496121126618463
-0.020856109207219777
-0.00891269023993398
-0.034586995661558706
-0.02952731883341743
-1.3632103492078438e-05
0.014094566985591634
0.04035568721279461
0.0035004265358165635
-0.02404933858561876
-0.008375605643407884
-0.04054313328288476
0.013351081936308379
0.002295214406799671
0.0015333529656281267
0.03036174376034887
0.02954842295691313
0.010425460040533035
-0.0022217224010144736
-0.02996824564096884
-0.020884720984636514
-0.024736456662815084
0.02546579168006169
-0.02458791779175632
-0.031413955697504096
0.00474557160428005
-0.03983657962485207
-0.02720676442163061
-0.028942817536624647
-0.01634681795358848
-0.0021000393608447015
0.01999864738073595
0.016321274836729877
0.006507579255432188
-0.01576671460046354
0.036701912941987755
0.04749510242386956
0.00809271134767749
0.009505925742866461
-0.04595789002574308
-0.010489293373828238
-0.0007732318060887678
0.021275171669808912
-0.012071408110312756
-0.016279011757836356
0.011151236540709361
-0.040450569987194984
-0.0024796622198572965
0.045632715104853526
0.01642991747056414
0.0896999752393113
0.02909997708975881
0.003435245063690108
-0.007479181042277306
0.052674569462570084
0.007133686788476981
0.011155192054121021
-0.03412344837328352
0.04759271236375631
-0.0032207923349051423
-0.016382765876600775
-0.03360893011094802
0.016096161095892444
0.0036704346817720344
-0.006844803420219384
0.032287334363963256
-0.021136250892057073
0.022599783781769855
0.012934384680427706
0.03255191966026259
0.005075032989340332
0.059824126731808314
0.04704857005273926
0.028279280410994125
-0.026833929737570456
0.019510162212270556
-0.08381277350550909
0.004532397340920174
-0.026252323810767857
-0.013454228714075147
-0.03484289742591733
-0.029508060154448387
0.009365678568938399
0.031567808958328
-0.029363678489852208
0.01901997283071765
-0.03201456116024917
0.0030802957318281443
0.04140238162667154
0.02449349761020509
0.035603938082154896
0.07384320826616328
-0.03391636102996628
0.0040770615992100695
-0.01021018283436726
-0.053124173628310595
0.005274856529656759
-0.03276504211554935
0.008323898208839844
0.0036935430327067285
-0.05191346793047582
0.05118346095137754
0.005393076676001596
-0.03934888967510131
-0.03578342878143371
-0.02998781763633497
0.011945093736813758
-0.015432513740204327
0.018424259655049277
0.002764069730672151
-0.059707776561083115
0.060221195871779785
-0.019352412778194654
-0.005915976816804017
-0.017012961300072786
-0.04243620182123108
-0.011078097756091166
0.005473815457016855
-0.010547450531027982
-0.04340021082640537
0.02122088813734582
-0.019507277823248535
-0.03673276262360958
-0.045040830735877564
-0.018469952932363254
0.019483961967949333
-0.042523916293449406
0.044757560847207785
-0.0011973232176050897
0.02088301421870023
-0.02325624148116268
-0.012769233434375093
-0.04195464181202779
0.026842590099662098
0.004194286565737757
-0.007362941395693688
4.7098097772292516e-05
-0.004229003967815663
-0.0268845656731896
-0.022485092175464485
0.04353566671236394
0.02633963167749429
0.023993103996882894
-0.0015469523253001229
-0.03165730744751157
0.01533095486753862
0.03713724410162713
-0.0417089440946018
-0.034124474499851745
0.010853132342583104
0.015355703055672297
0.036386542986550245
-0.011519082069706596
0.017829599525098955
0.003954487582090198
0.026098947859327544
-0.0004406444993995664
0.0015513195408800957
-0.001725747121140827
0.00048707895194941925
0.005797281484209335
-0.03765426933421205
0.0035163321325137257
0.01881821262482872
-0.029846910544597063
-0.029133711433707025
0.04637728183493937
-0.02094347680760844
0.04404874307222848
-0.014691387003387185
-0.008634112233747786
-0.007586916314651546
-0.05239041948294302
0.02417828689488538
-0.0006483945678421252
0.02095614149498921
0.03126856486513287
-0.02010373621481764
0.04967636948714558
-0.026132425943448175
-0.00743412477887194
-0.009400070592956201
0.026764060554036018
-0.058070110659920474
-0.017756555665258952
0.008906104097165447
-0.03193258745157849
0.02207003592865594
-0.04355401494623735
-0.00730101166856066
0.02707664857772831
0.018744541217544798
-0.02991735201872148
0.024645749638575725
0.0037513093243525188
0.047276668067339885
-0.051256441650513775
-0.009645140881594662
0.04682568971153754
-0.002586509711022521
0.025552398927498353
-0.024958791354319693
-0.003364646566083885
0.0020852864384528565
-0.0548054786336573
-0.018602636810504905
-0.03279510512234411
0.006413473598354486
0.006067516008466746
0.03483638562760771
-0.050125659767169414
-0.021547869303617215
-0.00748618483945051
-0.00839313674756198
0.04438580432244715
-0.005488602371288828
0.038739236239918706
0.039249903694207736
0.02588252891127409
0.00988810820519174
-0.022119976276384002
-0.013059387446407117
-0.056479355833281016
0.058385629037657046
-0.03228578968438025
-0.008953225980477165
-0.0036513854151922058
-0.01149110196665448
0.05204407941815437
0.023961820363993188
-0.04018309241439152
-0.03272010166197431
-0.001435198381459114
-0.01517062404792914
-0.02934303289055306
-0.029151396959578378
-0.036190115142949564
-0.03981542704141664
0.06009961886342247
-0.07791269357165619
-0.04920784119384181
-0.04673340482040476
0.015871003493253894
-0.018173196981658646
-0.0019620600968624662
0.015061060088286577
0.01642464310379746
-0.004169534131586666
-0.03084724070599306
0.024313307592010537
0.02051853027316581
0.005657265572641598
0.01617279523238712
0.010791338344532097
0.010669273400022551
0.024863727163967973
0.07096847690597287
0.031087790076117745
-0.0029723061367045883
-0.0329179916801174
-0.03634538234904613
0.0065077628719139805
0.060173380839504687
-0.0065981416958988985
0.07106174660306723
-0.015975867638968553
-0.021512277953143793
0.020159904491031087
0.03943125203212972
-0.0494008903139758
-0.0038666777656728535
0.0010100147231127971
-0.0026702051739811777
0.006097214700301598
-0.0027064526631004893
-0.031097215935096133
-0.0293528554155082
0.052702590360386235
0.057965779671977496
-0.004802298464595904
-0.03162608837883615
0.041077301675147025
0.016231720442741286
0.004696479659129967
-0.004470142192623459
-0.0095911139610442
-0.05340284307906618
0.033156562580681996
0.018750171821028516
-0.009701414665789677
0.029319294360850828
-0.025023495993832565
-0.02178215168907166
0.03265676774557002
-0.07125082350160213
0.02510453880811049
-0.00816418754353317
-0.002016485613504324
-0.023131966114820813
-0.00944128678690869
-0.01859269712377525
0.05566919438375757
0.0397579768107195
0.03674533384870668
-0.003374933701923945
-0.009579315099181262
-0.014574971634891533
0.03288847769907024
-0.04419523652936347
-0.09544057341145261
0.04953991991291858
0.0009601972814775902
-0.0011598278411906978
0.028418558952637556
0.0032305399691768023
-0.0054285516382602235
-0.014423917183070756
0.0477091471179532
0.00877783766427933
-0.014700292205145198
-0.048856436557371485
-0.005025984069077997
0.025353749691220766
-0.024755943681176486
0.03232508923512597
0.03761832303340705
0.03159881596383154
0.0008444836928641851
-0.031862833374695476
0.01769078414692394
-0.024176659333733124
-0.045198447514352126
-0.021553394753044963
-0.03271057717542651
0.015459726742560034
0.022500514814529266
-0.014302700517053528
0.004098009009898223
0.008930915391894638
0.028859433671839595
0.005293806307443255
-0.026781214630683094
0.026345033856603795
0.02489337362318866
0.0026053002823757075
0.0010378242835184597
-0.0013022391274971532
0.049436570553021066
-0.004239078110420207
0.015728055268237152
0.030483558549083644
-0.011428705733814333
-0.005224496000469853
-0.001757242765977495
-0.006143415947225725
-0.02481882615470514
0.02550011049753872
-0.04933412307477027
0.059193215251786495
0.04259821165283674
-0.007041352236026247
-0.02753006689070973
-0.009657306868969562
-0.012437134526350029
-0.022105374477714133
0.0019472801293572864
0.02049359389469294
0.016930960348577315
-0.025881857260936374
-0.0038524302412539157
0.016859008208351466
-0.01883901412199932
0.0061155319062198244
-0.015091046668496312
0.04234676313239662
0.02418474800123555
0.009960429887801414
-0.06749474226921987
-0.012434087639908482
0.03760809935259504
0.004927864553276495
-0.027502871234684492
-0.03509910529058167
0.001736624532419725
0.03509767062860783
0.024733917264680282
-0.0067472120602929805
0.008178718052936898
0.005495457622039189
0.011258949348053233
0.07024516762695526
-0.021085017731505305
0.030270710784767257
-0.022392482719407813
-0.016549349425737138
0.027803275664319817
0.03311014639337317
-0.03203550928376254
0.033324530577399286
-0.00028231127013392574
-0.006933947408067809
-0.01148032731817672
-0.03093935528116313
0.02726290051695817
0.015445022230657569
-0.016318510076244425
-0.038522029471961025
-0.012170853408010709
-0.012147864937305596
0.047413135848036685
-0.055313745393809156
-0.011293094037035383
0.052301438379871834
-0.035751910396965236
0.0038305123932759247
-0.02433680679801801
-0.008937661679257684
0.003050519092871913
0.021440377980807265
0.014225679813685931
0.012676184268574671
0.023820149371874943
-0.027098153370580295
0.0031610674234141614
0.00010227998032052178
0.03485097124893911
0.05457171602309933
0.04034361856090494
0.023133192207783544
-0.010663413102162183
0.04749510542679362
-0.003717160028461833
-0.006244764178845068
0.0054224751395608615
-0.010314446655173698
0.010077422111522356
0.028720481346827156
-0.02901293854664256
-0.03720946485493302
-0.018771324299403456
0.0058938984579097785
-0.01256256276383479
-0.024883262044398616
-0.0022432852700096143
-0.006654130859201141
-0.025954251041388376
-0.020886840354106335
-0.03678388948312291
-0.034992760553048896
-0.033191927708498443
-0.019119828997090478
-0.029140266321493753
0.026327690076242645
-0.035722920400045884
-0.026885384381374413
0.017354231373300007
0.02745950700503354
0.022079719357223474
-0.009464935331905115
0.011298622334861579
-0.002193473628317312
0.0011835604592219337
-0.005667107159872917
-0.04775634771212282
-0.025568079854385292
0.018296959853568166
0.032436928615645
0.008726921648101788
0.01377783558452444
0.023897232203453512
-0.009058110989900675
0.009506341678786941
-0.015557081100211393
0.0030826693782095636
-0.023945312353099938
-0.006530929512440892
0.03684091514035062
-0.035680356061760427
-0.021839299084902807
-0.0011560221861930378
0.006256696839316587
0.005566252054632777
0.006703889788098034
-0.010704093922789117
-0.00039117682434092345
0.007648705457669396
0.05491975888375006
-0.024551919978085538
-0.04562426941654508
0.004845213152634744
0.010885101441568566
0.00881318247457737
-0.06432365951507431
0.014170023118583239
-0.004818831061422972
-0.004582943882227062
0.07155650624538501
-0.011561664670275345
0.03099039699454748
0.00885404891611183
-0.004917484090338536
-0.01647105085668521
0.06231687217342439
0.016112571824020712
0.005385710675462014
-0.019189386514969535
0.003260171316535744
0.036276904571511163
0.006984974535748217
-0.016105910840647716
-0.043375822523854614
0.006239989213242592
-0.03656322360142695
-0.0017581751506020606
0.03602401409222082
0.024777542732081693
-0.013065364390628116
0.01758184552996108
0.010729361158348475
0.04491073409887736
0.059298191887046874
0.03347315231568869
0.013906721610929996
-0.025477086968899432
0.01840214810855418
-0.002022702461529117
-0.06482219108464359
-0.005037468183985236
0.06250161986343081
-0.024587755340427238
0.02551767139114366
0.03651704250292658
0.008887423756057326
-0.008915191250342099
0.005513610037643465
0.03133763927471394
-0.00960183153652682
0.01603757902345099
-0.00974397990883458
0.06276828423849731
0.002507531987586031
0.0024408509719408725
-0.03635166564363852
0.0229273555240554
-0.021008398774880747
0.030074670092492047
-0.026646186352779922
-0.005067014028006296
-0.008794265780543832
0.004542474963521563
-0.05287903430693537
-0.017950275014168432
0.00557671670985888
-0.012696511245211517
0.01919839142912181
-0.020753153129084496
-0.0029843862840279274
0.013112862024068478
-0.006049802309412712
-0.014787803719589383
0.026940529365248624
0.09259113805910486
0.04113391841252679
0.06499241606410147
-0.0077411256012225645
-0.0016723965210427051
0.00479399625783408
-0.00892255558697614
-0.01239697118348631
0.01447898185542961
-0.0001627085747334121
-0.02867802205961746
-0.009926918673168795
-0.019652745347669635
0.03352562008237652
-0.018127882998395163
0.015438774580890609
0.023068813338377205
-0.03971287834963728
-0.015980114390680235
-0.0078012630024176305
0.012736441098474948
0.004808503419593989
0.003375045454532015
0.014997601650287328
-0.019909948656023347
0.03306492445019949
-0.02828464299042769
-0.015730036018571033
0.04024129681636615
0.01428627793962997
-0.056440131071391515
-0.05715722255096425
0.006472599235772929
-0.02156181822026041
-0.025320789765289408
-0.0484075707503999
-0.024412488260185113
0.034904462550213296
0.015208231745205334
0.004143582444490853
0.012452047816506932
0.0017660660110633232
-0.02447718537029085
0.015234780500935316
-0.0039720584401976644
0.01731486836308055
-0.0003060756852814146
-0.023958507256660093
-0.030350213558944017
0.020789932223167846
-0.02299422476654941
-0.0012031583551732157
0.0040133793192441624
0.02128035696971405
-0.02850084696391173
0.04278026901124653
0.00827031006640361
-0.006402407862492807
0.02466587100386635
-0.008205735312278464
-0.020851706271096823
0.026490605031249722
0.029967666980960476
-0.02533553768637005
-0.052379286457966606
0.011603944022496922
-0.0276139633963714
-0.009994448311247203
-0.004581622008233052
-0.04613000730259359
