-0.010234847526742526
9.464715983223702e-05
-0.03552857936909173
0.006156569974266897
-0.022673280432686096
-0.015438496168581025
0.011915776086505993
0.011358031016756457
-0.04287270822104199
-0.028503407423632627
-0.012914186471211956
-0.005227985882997848
-4.4316380589460453e-05
-0.021212636229043916
0.005572881747145597
-0.0020202974832932755
0.029848282878174617
0.00303891164779068
0.011318183509006947
0.026763200163891304
-0.013165000578924085
0.027045697504651765
0.059670650507836376
-0.03095772945686387
-0.0216545024789807
0.03664462458572633
0.0628645690217138
0.027951939046559376
-0.011350732058229764
0.01805905212535646
-0.016100953256000843
0.08368527508295329
0.017084039224966464
-7.354461748442665e-05
-0.006790848026261462
-0.0357431517470755
-0.010474565957724273
0.01765556232877839
0.01443215514595673
0.02240550559505976
0.026952471864171736
-0.0028709186445915373
-0.02676236577425879
-0.01998321217250218
0.012635754544530172
-0.028986899329708517
-0.00439184729079449
0.015715379323103896
-0.004538039888024957
-0.024270562183652467
0.025987253682403337
0.014958588478048252
0.043364482539066974
-0.04529783733709811
0.00026017528319115853
-0.031982132976246
0.012484267248823625
-0.01865344023954607
-0.05120494443655107
-0.01337712997322619
-0.023185803810161394
0.00466293676544549
-0.00530804104768346
-0.02727020794756782
-0.0431397659323222
0.04441072485726736
-0.06437766218102907
0.019874308329828245
-0.017674388973419667
0.03017563692353966
0.004150641952505972
0.014134983905607754
-0.001896198577433006
-0.006141052971809993
-0.00706691723609453
-0.019889249459126894
-0.041509824013934576
0.021255332957814087
0.037995701231990885
0.008504382749499455
-0.004304110820433526
0.02825179971045362
0.07237563270844852
0.014162649995701474
0.02248940775872198
0.012638389038715309
-0.014576356877749544
-0.023552516541152604
0.0018982685999142537
0.02954248255876512
0.005105152182434982
0.0144945625877135
-0.014552902428207934
-0.03706979646101841
0.013565888080865968
-0.01022853943584052
-0.001540627120830167
-0.01988128727300218
0.014916066719021868
-0.005901924476444265
0.04160748085248609
0.021591297964409253
0.0077228094892921595
-0.018640496860932162
-0.01705061465049606
0.038964012686058626
-0.02565027939143631
0.0055047692027276746
0.00835429364064577
-0.01770110936557545
-0.028768359073356807
-0.016375744091395666
-0.01993354536130351
0.022064660360396927
-0.017001653070002086
0.007007761721287272
0.005649463854708172
-0.0013061306414837175
-0.02292863456290075
0.0019404755166480866
0.0182653268498485
0.003500704881105681
0.002094868047776399
-0.006245304804416221
0.018518226536736297
0.020520867920162736
0.01062723937520354
0.033449228799948154
-0.007223310095593636
-0.007634281393497225
0.002242383785699622
-0.043830906219739924
0.027483865800436297
-0.010916690561853182
-0.04398553247151085
-0.0034479667705165284
0.02456548911884227
0.01293840880839169
0.04111208609558573
-0.019505090867966406
-0.03107595117969591
0.022618651309612766
0.02357277113173322
0.019055564148441284
-0.014579931448266512
0.02280804911430487
-0.010545369366613327
0.020655194880744184
-0.05104864765457537
0.00034224957922236526
0.010210999954961176
-0.007283806393903775
0.0353528265068719
0.0006309664012239316
0.006274767698986156
0.008027871738771841
-0.05406268243528798
-0.005270944906718658
-0.012379865016595158
-0.02028994340621962
-0.014999344467417165
0.04116143748619506
0.05532207818309532
0.015813475343538885
0.004400637737480008
-0.007478933398994375
-0.007098276411490356
0.001557831125293857
-0.040628076097516556
0.008615643512934484
-0.0008311362664429224
-0.009607372418348675
0.02926547962558926
0.007970743371363508
0.01553892822797267
-0.001977228267832883
-0.011425902002478595
-0.019971440253968128
-0.00510951271872538
-0.02933948041838508
-0.014125129060180003
0.027154354393750385
-0.03755884569043684
0.061449944107466944
0.04454749566334464
0.057140220397334275
0.006200335903257685
0.03154470844252126
-0.028558605105711805
0.013761980147174767
0.01754011887425353
-0.0063517701111354165
-0.03644425325621651
0.013530676406295879
-0.023907985679940163
0.1162414191583567
-5.78486108128929e-05
0.03984421913182575
-0.03665890195814794
0.01281010454444657
0.0368859233741109
-0.00882059032296377
-0.05825662577065005
-0.025098025476356353
0.0027915001918927284
0.012908007392685618
0.0008239462343031823
-0.01189775845349135
-0.06344100667075923
0.001330472420103296
-0.009567525952222516
0.022967685690161437
0.031214240516157395
-0.025175591513235077
0.004053991161367646
0.043745054709586284
-0.003456804615142533
-0.02026256092678441
-0.06632331924938172
0.001849237059537238
-0.0035486674066315545
0.014869677290876964
0.003826954887447352
0.03395478597729015
-0.012467735187979619
-0.002340345720771357
0.01779112359591076
-0.04596607287421169
-0.008211698326487259
-0.02264357151127517
-0.007417147198223517
-0.01184527340954509
0.000570343902709187
-0.012792691176618246
-0.030002303406468873
-0.025329618925650128
0.04774449414486734
0.0123770577104344
0.00832681261987483
0.022518007691767844
0.014854933023198506
-0.030984515913861806
-0.033814119522440234
-0.030515391156045676
-0.05064806725647041
-0.022453672333834794
-0.019972754698750345
0.004704349687653228
-0.015923573280828437
-0.008663593287120084
-0.049547658138551345
0.03482825259032676
-0.017771891015513405
-0.02281694003161916
-0.025552812311084697
-0.04256064889031546
-0.06010113331614205
-0.07778826410767073
-0.04186593592016535
0.0012130558371185784
0.014399381164944413
0.016979625688903363
-0.03148568888477934
-0.02629382456956276
-0.015496009443298113
0.01154155130319137
-0.012041674575383264
0.0049835851310216185
-0.06082419106708122
-0.0047726303428735515
0.017822937373552578
-0.015017437385148456
-0.03232393485952924
0.05577188427007347
-0.01695563048176016
0.07621485100700494
-0.01513733232888971
-0.009767354181975715
-0.057533900816490464
-0.01411848673784559
-0.02768364574535338
-0.0069297366619206395
-0.04926754783618163
-0.03315448250042398
-0.014134353997464039
-0.025922688020553433
-0.06457459537889246
-0.015606307156132789
-0.0028695866556322372
0.005552394422503153
-0.002896726248809293
-0.005619803382901502
-0.07250649257901752
-0.03710118033705129
-0.014537625025333378
-0.05298346117512455
-0.02394025071222687
-0.018874131380242767
0.02263815503315033
-0.05594642576978618
-0.014377414909711884
-0.0021559820320877243
0.01311262487635691
0.02690444944718151
0.0073287157770160075
0.030057928760194724
-0.0031868318986139183
-0.032951255009225536
-0.003959285347963536
0.0013384628480104547
-0.02099919330977686
0.03313102824141603
-0.0447848294896554
-0.003799098499368626
-0.030463329313892853
-0.026470476077054397
0.0036525916536794445
0.0033158934298528242
-0.0049621654268481655
-0.006829171139499771
0.017018153686802002
-0.04646665649354356
0.010515897726505402
0.03168117882471688
0.002373554678303574
-0.009400152256439935
-0.0340041535893605
-0.01605533040689104
0.005381938889916799
0.035190263458893284
-0.004792887930175546
-0.006508598136135348
-0.00886761416152007
0.034145980787438975
-0.0055475757646235935
0.011803614134114656
-0.0023903066892103004
0.010979683204460083
-0.07242368798573189
-0.03137536889463496
-0.0411209123863873
-0.015314572086932269
0.018179531503883323
0.014532490632478714
-0.009886635475837959
-0.011344346471268377
-0.009920272220652285
-0.03553534918088693
0.0037521522756569984
-0.012881444023498927
-0.03369744245082032
0.014753301896714281
-0.010200212675864028
-0.020945836364945788
0.0027296425963183016
0.009657921230468257
0.006596605267598648
0.04059670530039179
-0.0008287448076078536
0.009659198317863885
0.0033107064197589555
-0.011747738275369986
0.007911616621635992
0.007713784805272165
0.00873926976971965
0.027434444155507744
-0.0012313958016408634
0.04647103093553602
-0.004573073174377748
0.00998376384043512
-0.01966617917152743
0.037109347153929315
0.04136886250852911
-0.020417052308882064
-0.02270942351804749
0.003147540815108283
-0.029642498269550014
0.054519679580794185
-0.0029195901748538308
0.015107413188973923
0.009030093408254117
-0.01946189435657632
-0.0014077254234837746
-0.031130166259334815
-0.04902998192137326
-0.03897191732184133
0.02176342434316961
-0.021868455572688406
0.0036118513496880326
-0.008143870321075008
0.03222916440771348
-0.02189353494796845
0.03849051894501224
-0.04696223470201179
-0.00872764322629558
0.025793889917551754
-0.025905685265975843
-0.016395829636893084
-0.018759426093989978
-0.04420690794669328
-0.003242864472399643
-0.02562061953484578
0.03335396781769223
0.003301606020525309
-0.033145345885744304
0.03282770145367716
0.04082523903864808
-0.030854307981113417
-0.046164061837491124
-0.05130951077298533
-0.04846105688889669
0.021260163579295714
-0.0033751964346039457
-0.018581554398265514
0.024149349321269352
0.06629184792331844
-0.022891096257395264
-0.019228853814803923
-0.003864100425341071
0.014976665207318903
-0.0050212217617839
-0.02513178636725292
-0.005371817930647984
-0.022661253730658328
-0.02895447636445572
0.07178720670546174
-0.03053857746349962
-0.023427315252679562
-0.0053276813435034825
-0.03337350681522342
-0.020782458138006957
0.00409906101471224
0.011371170230606393
0.013409896315532358
0.0178439042283554
0.007377529015239312
0.04756494781145414
-0.005456410856334266
0.015358049941311241
0.030717112347236154
0.001164516378906874
0.04995133976708882
-0.03506193532629546
-0.005754549639393785
-0.023398510426967903
-0.034949134775284434
0.005307766573878234
0.0026169230393890096
-0.0007213671440905497
-0.015516051972625317
0.009115735546612113
0.006930871811596068
0.02846869094642503
-0.030374608784772737
0.011788167892118416
0.034019231938062305
0.008018732553113814
0.0008136877427591661
-0.011867758060484703
0.008336644785838029
0.06106271067790286
0.02385896820464873
0.02252847097104203
-0.04895137786839461
0.004303760340029397
0.04082072968718558
-0.003491631521428438
0.032070105176547584
-0.005648738263897547
0.021664670132393572
0.014202362830637706
0.026775934115098717
0.027434712264028046
-0.021521969851354166
0.009975739321827102
0.026232612493754217
0.012383038254964458
-0.018786307511246547
0.019171649202244505
0.06319097563716164
0.026188149233601438
0.004622445763433501
-0.013436854674403472
0.015411823361719123
0.037868189655724485
0.001819169797789821
-0.020027682819673813
0.0036131353449753447
-0.03261837086839666
0.025242767367588133
-0.021077216077426606
-0.03612538749036695
-0.0027445069141853666
0.004621214921064115
0.08450896058658121
-0.015436496597441441
0.02916466890799196
-0.05954525683104548
-0.007984944858451538
0.027579675234848146
0.03579074877661482
-0.013799897197590923
0.01932274034633016
0.01029168356447185
0.020322091951614624
0.03332363712262342
-0.004744959703024179
0.0034191024651918684
-0.034665998970083045
-0.07861489484189225
0.03456820127244783
-0.029002863017970736
0.005636095247658861
0.014764732565187044
-0.012865939076771932
0.0034494540784903533
-0.010390755909012072
-0.02187627759673192
0.011881522055330686
-0.01993524349549317
0.0003900989337340723
0.018079022838650104
-0.015572102919940283
0.013114200390813617
-0.011841363003095438
0.0006036715001933479
-0.009602240624931027
-0.0034123182331197047
-0.011791149793144447
0.025221613237538756
0.0493689769089203
-0.001306960603511558
0.019485970089209714
0.021957889131611747
0.046832066587735165
-0.005029821959470808
-0.059181342822817826
-0.002744034575343717
0.05482155784553577
-0.049944447745259954
0.02076052376246021
-0.03145121620066646
-0.00632193883030293
0.030815530711596574
0.03255630324588903
0.016168727678300552
-0.02065894252364849
-0.0003239992098430181
0.003390188059254149
0.02661207140049943
0.018778228550938608
0.0017678442754400518
0.007848994533611707
-0.050522761641131675
0.07861005186746252
0.01977227706864553
0.01722574602240864
0.04639357901418172
0.00884395986647582
-0.0031195868308973736
-0.024539972203333874
-0.017698984216649616
0.00253147492417213
-0.02823715771672177
0.005541028978510943
-0.0413649652702964
0.04208136122321484
0.023074628050640075
0.039130258785480064
-0.016663025560451936
0.07971606584935564
0.04025980923528976
0.032408461636916824
-0.0004675290676341198
-0.02532064846827781
0.05277964182639723
-0.015175979027883096
0.006269286336263175
-0.00974501585575026
0.0038999815628852647
0.01580255373555578
0.04413974228377344
-0.02352998971149372
-0.006908404348668266
0.01537146465024974
0.021412479429391156
0.020650843443621263
-0.009379005424786799
0.00660575542952238
0.006419917061472451
-0.018171913095383865
-0.037408860950424075
0.019786678477109968
0.02574791085393718
0.0751371286729442
-0.004287732152076904
-0.014695857131404129
-0.05933148872439174
0.015533895122180546
-0.02131654453662212
-0.01180582422875031
0.05458314616224816
-0.0006380209083408746
0.004320077944073365
0.003414809627776753
-0.006512722518926054
-0.006807130983357658
-0.011129813783553134
0.004264446366413438
-0.02043648659880821
-0.013277968139489595
0.014370116372851792
-0.0032400032930788776
0.017233351267566525
-0.004939852199538692
0.00828625167431384
0.04548753216378133
-0.007468539795950985
-0.002776713844917639
-0.004138916834267733
0.020719903202700247
-0.022189151257287938
-0.025427653016087848
0.018714679337430002
-0.017548762859895414
-0.025195174139899915
0.043517550947919384
0.006686155548822314
0.011052717814312702
0.011417284178387516
-0.04111916349972477
0.07301049392645045
-0.02134345049067474
0.004062406910862871
0.0018115314556607224
-0.031750715024091505
-0.05110079858990869
-0.014151030335546658
0.025781191673595178
-0.011368132678678113
-0.0028250448681652464
-0.02446689159688788
-0.026653504703132738
0.03852843457997188
-0.04006390736694951
0.0028952374019343098
0.0282010606318806
0.015357277012251827
-0.04399745687631952
0.026792947332098443
0.012768167494484766
0.02298352083938181
0.03747027619198497
-0.0031893785474976302
-0.0014571233715855803
-0.026298167562128466
0.0628649224119858
-0.003301813268330486
0.012790026716052593
0.02481033308648083
0.006444334255360459
0.020059641623628874
0.018703475432835327
-0.01441581073705434
-0.044965967083446606
0.006969407091512514
0.06503790289770095
-0.014248741906764985
-0.011169046638992871
-0.027718720046963685
-0.002122135026966388
-0.013034719847035862
-0.0004352321899182204
-0.010507051978920497
-0.019676495594124675
-0.022665297838189498
0.03061456911513886
-0.014254954332010752
-0.006082626961218865
0.007196799544876853
-0.010069945654428215
0.009092985952140765
-0.012717419740488928
0.017568763489033672
-0.0023359043247093846
-0.011631291979603305
-0.018085855875475332
-0.04524019600160912
0.012351304592671883
-0.03234351937537626
0.003291720961541303
0.01418988747533377
0.06322106779302782
0.03669916477800201
-0.01598551579785781
-0.02263912603061634
-0.003835957441921301
-0.022485560952110187
0.017519855215186876
0.011265316585060935
0.023519683030968335
-0.0024504651623012117
-0.027216485971832047
-0.026158484410918476
0.020465273801628537
-0.009250321288150901
-0.024865424647490978
0.05770773202159172
0.04296478040971378
-0.0442713187339045
0.030300194197316797
0.0014984866445070387
0.10355313981938849
0.0012073998683210575
0.012729344906184983
0.03315482454773883
-0.030747749082557577
-0.021129681386378253
0.023744777144688523
-0.008827159616821954
0.041276510046579874
-0.08021755401719116
0.05692551490472338
-0.011039530774714342
-0.03531790921670052
-0.022658683198189897
-0.04682517806940287
-0.00840925885061421
0.05870541957597241
0.006868580918596589
-0.028673018544878453
-0.01690185045886024
-0.04112100720477498
-0.011709305322684644
-0.011609136622950185
-0.006795615016054854
-0.029403496090622143
0.03203705760720999
-0.04180165346207045
0.011306404512147615
-0.053924406248570596
-0.0009188690666487413
0.03440381690431007
-0.042371791499623376
0.01465664566568837
-0.003226031290758365
0.011100910488186129
-0.01909550810885398
0.014825427323587867
0.02442230770900082
0.006672723081505935
0.014411192743539029
-0.0408609971628716
-0.004062059704825288
0.0526302045897991
-0.026361118562224325
-0.027614480333581225
0.05090796601101906
0.02323452609166379
-0.007039960745576393
0.0247483528417778
-0.0009833168009163898
-0.007474611115137183
-0.005830544965031018
0.026964408069737045
-0.04789814772082232
0.02202069746264509
-0.023225847193696164
-0.007032844337595446
0.0004441965657146086
0.01634953850535066
-0.0208421333508263
0.015787251760654302
0.008202362291286685
0.012818865729490916
0.005612653389277981
-0.008315937806232604
0.0060445474952468365
0.012767790015338247
0.02088177855404657
0.03523745393745355
-0.05723202044642778
-0.04481119788541367
-0.015825128857389445
0.036025366294285745
-0.011843720530039962
0.033762598826755204
-0.0014546304664565142
-0.04888115740962317
0.051355292029013774
0.02368079480398057
-0.008995496710724566
-0.03659664955250532
0.02631589382445066
0.005134345241839382
0.007220794869259609
0.020389949262717554
-0.047165558357117915
-0.003189749206060545
-0.03352058408953815
0.0008879279629434861
-0.04481999086201196
-0.02006671085078629
-0.0298680236899126
0.03908686381084791
0.048401515420093466
-0.006616583823163238
0.011361235641248668
-0.0008255066820823495
0.08153656925414124
-0.01596434036431979
0.009897243153574934
0.0304147287946026
0.018572029069731016
0.007969886746281976
-0.03335624381940005
0.0003130082323784692
0.04026723419842491
-0.03161059753390451
-0.006009510012617147
0.015141101523556511
-0.020685897013405397
0.0006096304933605689
-0.015594782537282992
0.04089153664604078
-0.012977445603049354
-0.04685854204156306
-0.009697249853350664
-0.006405054546764843
0.023953339632564394
0.00607542609772847
-0.05315571772945181
0.027184122711083187
0.020456750259461063
-0.007894955328547656
-0.030888658883491727
0.02525098629746465
-0.06947454555595396
0.006516741062163363
-0.03905829251605514
-0.018621358988511808
-0.0047253314242227265
0.050649188218721684
-0.017996030418544258
-0.009205291496394905
0.07461274861099948
0.006357497812228341
-0.023433050941800714
-0.0486401385477732
-0.0066660881314801945
-0.024462378351166873
-0.01831019688477312
-1.280658851252161e-05
-0.0026179999722520148
0.006938250743050257
0.03176120618824372
0.04931374465542736
-0.016894490086204958
0.022080136881035717
-0.0014622996487494036
-0.007162905104269576
0.048308358074672375
-0.007179287311091636
0.019135691459473005
-0.04586541823538073
0.0007357840523783875
-0.026203631399485
-0.06398554311859296
0.07855350615934421
0.032751687566359725
-0.03276162068569898
0.00462188964587438
-0.003935021336378907
0.015445498056931238
0.05250239939327146
-0.005126088289303909
0.00019527666275601666
-0.047623340647446076
-0.010635374472194366
-0.03339540699475297
0.005810712759712584
-0.022104658291404816
-0.008851748668798674
-0.0049845735535117034
-0.007410803818586421
0.008746326195318305
0.010773209552316667
-0.01425100911023468
0.027502311290958974
-0.030681255269004986
0.00196639816283747
-0.025231109045469154
0.022381388669688685
-0.030053360934397713
-3.128546572630327e-05
-0.007086895698888647
-0.03299504868006419
-0.017808947105394168
-0.010732971128531603
-0.04303909885925856
-0.03474315976222262
0.08775031833812567
-0.06836554696435554
0.03666864877067898
-0.04994333473592918
0.008337436371454676
-0.030378270633824273
0.009737870620174638
-0.036767563570259267
0.004344472711781027
-0.002459311817377121
-0.03793950137540444
-0.015794224539172654
0.03152055795258487
-0.0016748699733730953
0.04446263533873712
-0.05602520295306818
-0.05137980052346228
-0.0031575145366333963
0.004370556037324206
-0.02474905270233643
-0.017832424061010287
0.05626806129883958
0.025160177055985253
-0.022807331277041307
-0.06300665352018613
0.023385295130392728
0.017477454724886623
-0.018816454450808963
0.023512345339332594
0.09270125658029583
-0.020218478566981644
0.035297865438505875
-0.06675421072882447
-0.046186646616914115
-0.05990748963232563
0.05102956107312926
0.006050499270782487
0.0050442568793613194
-0.011318387914381764
0.008453612047160464
0.009703631348812542
-0.00392295716180823
0.017304889312387734
0.019309148601308987
0.026074746002016227
0.029926426297256063
0.05489384335796697
0.040636964286643644
0.015760811030440042
-0.037669357563949304
0.019920609977414034
0.048775855610584715
0.00562426659017428
0.008787848828444446
0.01104992347266227
0.03378040805333456
-0.011587310444770713
-0.022325739016561562
0.002680785426739512
0.04512271656845359
-0.002156307379952349
0.013635906199493703
0.012008661492289182
-0.01642720853594249
0.01569094485976022
0.06867076750043308
0.0224557469767756
0.003774093773281459
0.047286207744780547
-0.06132830346482211
0.02122604578052881
-0.026506587354988825
-0.021821088869748154
0.024516388782273812
0.0025389982353993586
-0.05253603879328904
-0.00824709332662891
-0.011248234859352706
0.03719347489791349
-0.04460245069567166
-0.026756749691845213
0.028172823401133636
0.027137876313896265
-0.024153553908396547
-0.05391341781208793
-0.058495598726525246
-0.014606588651173529
-0.050042965221877345
-0.012714667647789397
-0.012431053882117129
0.004409565869776614
0.025726398978581536
-0.01606639443835418
-0.0027544065520874184
0.0008092440157958178
0.027717489967311174
0.0008319211153628723
0.0253510554779736
-0.000509476343789494
-0.05774158714104772
0.03190585729928736
0.03505704484564434
-0.0021867073607932277
0.034499122019152666
-0.005028680464883977
0.05516478267377304
0.04453699386256873
0.006150218074796509
0.027122628832373288
0.05505748044171715
-0.050383551209196194
-0.010243329882339692
0.004335380645938685
-0.010190999333985831
0.018526405660381953
-0.014886727752719577
-0.01563510135958264
0.03479901706491642
-0.025837055963778614
0.026699483198370934
-0.04792098478113363
0.06623558412577682
-0.01290416021267452
0.04237932736217256
-0.01872193054642976
0.006914877925985061
-0.03279602780571566
0.030407896792149176
-0.05666080206150701
0.021189038520653927
0.052092062679785806
-0.005880728297112772
0.013636256127443356
-0.05000276687226382
0.05293489407595962
-0.06003286398414658
-0.031287972903818524
0.04235511948738694
0.02223797766780003
0.005717979989099223
-0.01118572074871031
0.012656736313976479
-0.023035395452316424
0.026138004478244065
-0.0016378428061597852
0.04309356050344924
0.01112613441117471
0.016116722860348428
0.02268720538968426
0.00872221301896679
-0.010152098939315768
-0.019501059230034836
-0.01994304251010009
-0.001147528850231042
0.016692777783795854
-0.02312602523738649
0.012436228789626415
-0.00415185615864094
0.023775478283744864
-0.016764131889558612
-0.0042731373231923355
-0.006310109342163377
-0.035415946678574596
0.0027038958733162344
0.009112780918831455
-0.04868425954435696
-0.012207222837186595
0.0027826212643635296
-0.013936268493833046
0.07213696236710532
0.03683825520810105
-0.004939698818631524
0.007127611968714863
0.02959005995723309
0.005971996451749921
-0.00943470444270961
0.05472448610180795
-0.03338779040876884
-0.05037333271656516
0.02149767898693661
-0.007145598968262867
0.008548662153802147
-0.0036864682541786
-0.025146171559857353
-0.0005275663235136053
0.04615493705150024
-0.01641221476276357
0.0006283764402198475
-0.036854323885715704
-0.006704369807647263
-0.03912182130404789
-0.007990160522694184
0.008881586850049597
-0.0038256870548433997
0.0024858127099881677
0.03139768272797141
0.03591125156514574
-0.01911498699017319
-0.007910068014329008
-0.007217568782557411
-0.004948362736011634
-0.014306196926216182
0.016295585127801975
0.0212073221043255
0.04216928587429311
-0.0069734887185147155
-0.025061967484940283
0.004479072089955914
-0.05629355342564329
0.03967759748263312
-0.003616859168090388
0.037317900143915665
-0.002993653327032382
-0.01648667628317811
-0.02422078034698058
-0.0033256692187600702
0.02333893148527497
-0.014488474774330518
-0.015752318129010158
-0.017512544761586455
-0.02691757406181127
-0.025676314950616702
-0.03332572812389522
-0.019858849529443414
0.017971431024725055
-0.03023792302652893
0.011492324448507106
0.054891869745075345
0.014741414367578089
0.03266833073378991
0.01726379439916472
-0.010511843289463198
0.003708708868182091
0.012626427570077882
0.00888694775127928
0.037200720597276096
0.007520646515811866
0.04379456856344056
-0.10179932064033596
0.05938516990145632
-0.028466341118320356
0.003571137149176838
0.02571372591018854
-0.0012967042314632907
0.02042931219279828
0.010789826277915894
0.02128524135714937
-0.006762926073375411
0.022282740518630988
0.03809045598998223
-0.05242762323776705
-0.006615715698657453
-0.03288588325166069
-0.03318592249840072
0.00037556778509923236
0.020831749765686143
0.009746680614728975
0.029666115103048615
0.03701843082356053
-0.007617828517644629
-0.01805822106068098
-0.008524266599010413
-0.009662324084270266
-0.0541038277254428
0.04191313762347141
-0.03352521588614846
-0.010234902082622656
-0.007668591017275861
-0.08894141730529462
-0.0188479273707964
0.015785749380650863
-0.022302780303978864
0.03552247894857553
0.0050519965999036645
0.011202157818628544
0.051135817697119175
0.000632187008953648
0.06887684805757249
0.026182865001206663
-0.025021777111863226
0.03969544428530211
-0.021985920068132315
0.0019332475319193123
-0.01893971488882019
0.029189242292873105
0.006984328133388037
0.024635265531290418
0.004455466829755101
-0.020196769348966314
0.0019937407281210504
0.012666888132876706
0.004040542591315785
-0.0004749207814112632
-0.0006681414578317091
0.03817464252492348
0.0066138174967148074
0.031421912120552585
-0.04920590607649084
-0.008148285053458302
0.018036815879779917
-0.03400738077414564
0.030403085457843322
0.02487542779744896
