0.029043107434126806
-0.020322007703255384
-0.058523265580246474
-0.01462641779736512
-0.018724323868184026
-0.007296449141180045
0.023843694338186054
-0.004339715577402926
0.005961953568082248
0.017233101872438473
-0.02092086660177264
0.013043173525881451
0.009723173107390213
-0.019402284411451826
-0.037472495103293105
-0.027567433441929183
0.02429442891788607
-0.007849409241223942
0.04000288889793817
0.009453679936035657
-0.006807382907550525
9.201817043480433e-05
0.0022780516338523583
-0.006742415806358329
0.0036685051237539197
0.010361315862168565
0.03396874000450095
-0.02320173595809717
-0.00453606556527401
0.017000896250387306
-0.02320162946717436
-0.04314446196503038
0.00966805964330654
0.037058161408764154
-0.03312795978077297
-0.043445980430517256
0.00790199396239252
-0.019343216249733217
0.0021530178735778807
0.039805072306648794
0.06424037268320751
0.016192685640290097
-0.02320371317053236
-0.022176825827658373
0.011943812477868174
-0.04516104684382042
0.050470834321684234
-0.02698123191670123
-0.01327681259377758
0.0156801042705567
0.00777296649477691
0.03822312426949836
0.07355969310767597
0.02053401603001698
-0.011781630592314444
0.051623193667175174
-0.030210380101748226
-0.012574074999953149
-0.040711374246204156
-0.029833571722749894
-0.023144202399918077
0.017611186464960977
-0.021100749287578654
-0.014781383672454096
0.010524984604350232
-0.09872132815755436
-0.00797860416207095
0.019569831775074594
0.020481265101915273
0.0658573804778075
0.009046392838154563
0.0218842283698554
-0.004414084946645013
-0.01949595413492075
-0.010898098377843899
-0.009430408528707454
0.00830624078487891
-0.0767453151138421
-0.004705898854026323
0.03877444382555011
0.017607694609527956
-0.023192910684512666
-0.009363367679736277
0.021850653150288116
0.014252275719334082
-0.005969715015008933
-0.02475932611094307
0.027011533903095665
0.0004617810637846423
0.009524627880743127
-0.022458081738067397
0.0384723302172632
0.020308092643577476
0.019516457385549597
-0.015641472722284416
0.01574234390291601
0.05314968421982688
-0.01691939064368259
-0.015811389760500817
-0.00396922387149012
0.009599445167981823
-0.021443038098767544
0.04014458491902368
0.09300642069911376
0.0316311608620135
0.010710121616882924
0.0030815853795496304
-0.0026524255977388553
-0.00965079655916182
0.014576296294043478
0.028095350160119565
1.766645283488907e-05
0.008809074270270062
0.05481200993781656
-0.026978466461113838
-0.019345785220045233
-0.01156394668878881
-0.00047795659208705856
-0.006168217432107351
0.038575853117037234
-0.006031582971298913
-0.009707641135747418
-0.00889054856783387
0.027744453057619765
-0.0033390083869258764
0.044523864795593567
-0.06378113482005932
-0.042849662158888475
-0.03193449406623179
-0.01567231607990635
0.043796096801371344
0.022345148377647492
0.005121885314407997
-0.014095370164401174
-0.02782384115519651
0.01931559403727755
0.015222130582586412
-0.004615842663317062
0.0032041782112483385
-0.022730127088733523
0.0062095063362358925
0.000976973438620234
-0.0029509444601301497
0.018368106313704235
0.021756276459731327
0.032696766551466645
-0.07480309457238325
0.0258897083769084
-0.0650455738881619
0.04999521415375622
0.054274399412685664
0.016241367396308663
-0.014462852619088588
0.0844026280683702
0.007747890771363827
0.005372002965253334
-0.010462230110304204
0.0005627213942867126
-0.013560708985844336
-0.059438636744356975
0.026433713400769165
0.024951187986633525
-0.005255610616681532
0.018747735138349778
0.0458591954994695
0.03591328740183699
0.006967061029323631
0.02786827405270034
0.0036822043616259324
0.01517663579141067
-0.02107515203854928
0.014225590017916036
0.007741914860664166
0.012151567193639674
-0.01521231263351734
-0.005822049037465878
-0.01632584307126282
-0.01109434494778633
-0.026876317493579417
0.04830041335946033
-0.011441542600192983
-0.00032514134885725806
0.006091039128628431
0.012924495366625988
-0.008948286270161846
0.037220126506363985
-0.002666647221134248
0.02281642166967928
0.019073918362817934
0.031743459240275274
0.0019730469144344643
0.030889034606861702
-0.032693545337945634
0.007121675644375074
-0.01610595476180963
0.00789179464143326
0.04580290871745353
-0.002296757491921769
-0.06245420402686647
0.008658541071207542
0.005054882766590016
-0.001458210703208147
0.02039674483325899
-0.015845558436443658
-0.03555371757548907
-0.02051910544531871
0.005995215171430254
0.013389639626207029
0.009390240968246664
0.004001714643190742
-0.010538231977139335
-0.028204620022803915
-0.009241279710474462
-0.044627666635018284
-0.0054999547923517056
0.036650577480759255
-0.01831647721870534
0.009918090910548549
-0.01585065669193674
-0.05044420001890323
-0.09640270587660987
-0.03362123765192715
0.01885835746544928
-0.030645984494131678
0.010387171757109891
0.022225288340569006
0.037763230250702016
-0.006931049597352149
0.012205212518182204
-0.04163106517690065
0.035551593279913155
-0.027082397624961896
0.01074999305194295
-0.02541797826762805
0.007339150182645631
0.0006392438962663752
-0.0017095199680244317
-0.02453499919843306
-0.009668996105701905
-0.004468251480725662
-0.043230182938385486
0.00567091295678029
-0.021467688807862
-0.023612271905219234
0.016256186118670485
0.07158054550389506
-0.016830197629835106
-0.006463080304772039
0.01428070794027291
-0.002001136486881365
-0.004590633593447549
0.024995341942848696
0.015897235803296474
0.012395666534282302
-0.0029599899584828106
0.03348154345878032
-0.02360833534499089
-0.039539009155893846
0.04149455378443652
0.011313601118284767
0.014120597788624494
-0.07559103708749465
0.010470445181726712
-0.015642314590224797
0.013810327624018303
0.045486375688359525
-0.0019956659686793743
0.008243455259306842
0.012752005397757693
-0.0494406748318055
-0.00625432794009287
-0.009417108093081722
0.0640993898678069
-0.001653278236103915
0.0356126001239736
0.00938140296996499
-0.025050038466217284
-0.0038552578046030057
-0.01982035238454388
0.005841027770868655
0.036028247707322616
-0.01775527825027973
0.0029000877181785214
0.008377954186883247
0.003809830211660793
0.0042574076673137385
0.019793844580982288
-0.011623369509121172
0.025908036425075644
0.005735850115261365
-0.02113924271763575
-0.030010483582654998
0.022551777337049186
-0.010713616166146942
0.0034921293356017444
0.03279893865478101
0.014037086271326433
0.01679503234686302
0.037249629851817734
0.021328530055956883
0.005739264497852969
-0.0024268366280223797
-0.03289555667675629
0.009189273684872594
-0.017593225279960517
0.056575099376281454
-0.03542300052945344
-0.011251050576393824
0.04036528761048383
0.020776766793928977
0.006103550585014834
0.02889120983375401
-0.0023436496487117624
-0.015490145907809361
0.0770314239010753
-0.016719370766851614
-0.03442095080033998
-0.021553833337485114
0.01213797808098767
-0.00822955473681529
0.004916390779490299
-0.006135439913129863
0.05893883772817241
0.03404005635523871
-0.02146590954540734
-0.03566406726563634
-0.004077413167617809
0.028211177330425604
-0.04308677985731202
-0.0013200705453535583
0.015625998284982835
0.010880559545056826
-0.009757918884511618
-0.00038447772705247664
0.014568991602610314
0.013162222411669621
-0.01966687463556565
0.0376205202157801
0.036409306944015125
0.008266565256093967
-0.017596843525242687
-0.004751038965943702
0.008366071443254708
-0.01762777167641
0.01801081442735966
0.02192311884793586
0.028004689479357504
-0.012372168030112304
-0.012191868625905072
0.021481740183279363
0.013989369067846103
-0.07431917449237484
0.03868934657323636
-0.027591211250515345
-0.005360150522864479
0.006627347008492285
0.011226173596707226
0.19176626498852897
-0.01055412539852914
0.006706176546649807
0.02649463837698626
-0.0016206576468841224
-0.009130629788362127
0.027415826075963386
0.017101869513862656
-0.052965473127088554
0.06770935735299956
0.002269557322093809
0.05474778862478398
-0.02955189649663044
-0.00019184734363048313
0.01986734298532941
-0.0021912923248243654
-0.01775013790223502
0.017280027004712897
0.00942420369358852
0.002392383887020118
0.011383334934835017
-0.0020220713983924
-0.026959774815744346
-0.016744215240324843
0.017608687762099777
-0.006622319696750775
-0.027856440562021897
0.01228074825583305
-0.025736889385078225
0.010195392818343606
0.008541224613896253
-0.01579549278246071
-0.027798781094277438
-0.013372475586656505
-0.027239035179669586
0.005147582955265106
-0.07261997630384394
0.004663384246072503
-0.03387538372267057
-0.003672459503356896
-0.0011454629956693127
0.04064919069774214
0.009136517012637924
-0.021225699649275755
0.004408972962569374
0.0406654018049215
-0.006464670804555012
0.019818569763012033
-0.025469725749304135
-0.006692736635180811
0.002373557444173433
-0.03001702875734486
0.02472527512009179
-0.02624226056833616
-0.004642043994916206
-0.0031421647175880326
0.0024748063021907086
-0.018804010379728564
0.0005878094335617828
-0.002443380464704355
-0.0215303178751823
-0.03847499032737696
-0.05875824676687165
0.028199843679344187
0.024411132381776224
-0.0016165271701268139
-0.014779313212955962
-0.05664080488326977
0.0018832689069926672
0.02318808421054678
0.005215898635047627
-0.020693799844564688
-0.029680196070055637
0.02148432634161454
0.02567660244152965
-0.026865952217403368
-0.020625685032571298
-0.003347497734263764
-0.043764612499125194
-0.00601997400404321
0.02133027853062243
0.02050659219481874
0.022060766895426305
0.019613592033045947
-0.019020491983603366
0.013431955070146754
0.02232228177365937
-0.012874038419458804
-0.01200207597378112
-0.0014391858631681148
-0.011197021573835115
-0.018294390835370235
0.05798427288030203
-0.012060044377301984
-0.028027293579804363
-0.01864684662197767
0.00885826802327557
-0.05411862785405394
0.008163600780587223
-0.004293651764191617
0.01112016860997573
0.024110550332319198
0.0024600822708328624
-0.03494487103819531
-0.015278432961104208
0.02127905221283633
0.004855818644326922
0.02431211148339695
-0.01859966076017825
0.08175066440412963
-0.029658226717098342
0.06309800953081568
0.015304664882499715
-0.011157027611897314
-0.01376646562492252
0.03359025878597819
0.014814899298768048
0.0797486185803926
0.023181662270087996
0.04348789118068808
0.05392600118035087
0.037302095728582056
0.04153159064118658
-0.017668863046358885
0.007234267984955187
0.03781801090830967
-0.021667804134177005
-0.009148941811636025
-0.0408167870256957
-0.0004362171573862403
-0.039403086341938606
-0.0077724672837240555
-0.040368389408516434
0.021272299186350055
0.01911886418468459
0.0308925488295215
0.010584689116661484
0.03617946355793892
0.04280288995389427
-0.038359382319925875
-0.026523643662905112
0.05144046346902238
-0.0017054260078596133
-0.009531838376831738
0.043381117200208305
-0.08100345252477337
-0.02448822078377095
0.008558385859219825
0.004860286767162127
-0.04925386637155838
-0.03181691096625975
-0.022219085843022904
0.021797078404166847
0.03346161203982691
0.01098463174388097
-0.008239622535321133
-0.03257499534449803
0.0028106102631646705
0.0012059668976838029
-0.032898488026124134
0.015448469178327765
0.010183544646641805
-0.011206881778082314
0.029870762666512136
-0.030832464061562873
0.013541969603679314
0.0128266073579826
0.01090903347873483
0.022201139392601762
-0.02877182135642427
-0.010318639537700834
-0.019489501305554945
0.023876169652479406
-0.02495580452349171
-0.003944373758748836
-0.004246515427895142
0.014933915217570254
0.010724781667123843
0.011357655662330527
0.032655719447650965
0.029137343281702383
0.0192874542702877
0.042536497299583954
-0.020701765028845517
0.04082641507833288
-0.022006891567206973
-0.002265486484305574
-0.004430663235872806
0.010702428657972992
0.02787459260678991
-0.0001353895193840599
-0.014568400246802938
-0.01274871126681681
0.0649773917742746
0.008725152572323643
-0.011296111553646139
-0.040685960066288995
-0.010123788905062213
0.0002765285292211661
-0.05137925056018752
0.03844638597932245
0.004898068634107649
0.006403458529638093
0.027089775377431183
0.009751031612753798
-0.018966926851799792
0.017682603354833407
-0.031051483912678576
-0.006670801062737593
-0.0003779107983025863
0.023450521483089095
-0.022807179844894325
0.02143715646631343
-0.07542884294545746
0.005557596884482142
-0.056127858339037884
-0.005658113974463255
-0.06284233766335606
-0.011219062184882585
-0.03336613529881267
-5.8670533142122496e-05
-0.0036456140635329906
0.028628873100734097
-0.007981399373326932
-0.05765878769655519
0.02722739122172315
0.015264467677439098
0.0005948369679545743
0.00028141521396572527
-0.046428657726816765
0.024816826510765135
0.04196562828652204
0.01086315730715099
0.003565954212259062
-0.008534481510311826
-0.008400752093182673
-0.015479618937164392
-0.009704867789946968
-0.027068272486926354
0.005112761145735903
0.04142911419242114
-0.013217856041522867
0.01040135951567604
0.029353944665826158
-0.002065816225197271
-0.030587214633067693
-0.017443635964847687
-0.019967102722350645
0.04201599104740029
0.04115523520336067
0.016875453562894206
-0.0023647191429785443
0.008278411912357776
-0.015605277244367305
-0.010289571555506978
-0.0027355646242636818
-0.0007981918863210757
0.014854309982719803
0.021541760115981957
-0.001295636913751912
0.018266229147966984
-0.004887171701401752
-0.006108274361588581
-0.006581787222206198
0.010072780841868013
0.021527847471727757
0.032601430498752394
0.019224050143639038
-0.009990617760094701
-0.00662516448721768
0.02738551246556249
0.0186054165132722
-0.014253957181703138
0.056440853760248065
0.02036261817602074
-0.03586979815336433
0.020290435769389433
0.013919727330652618
-0.024931817755061023
-0.012930871279589796
0.026916105440926347
-0.026642565871459675
-0.024782027109639917
-0.016852204876236076
-0.015765344507012006
-0.0070887840193128064
-0.06412587911398106
0.013492903744664988
-0.009728505307258604
0.018108920977677946
-0.04436306222685714
-0.018619438581532123
0.011123120720833444
-0.018617560279725456
-0.12153045772879853
-0.00404299909110302
-0.0087840125313253
-0.035875804689695576
-0.006099137262331259
0.05034081051202882
-0.0032830752282994595
0.01622744344412989
0.011529281857785905
0.028627037885952843
-0.04802704243112119
-0.0012293792216965854
-0.02020470999822207
-0.03318765716021588
-0.01617182855877116
-0.026065847787309394
0.006650026192680727
-0.011111792816626852
-0.030518790043676105
0.013702564048329518
0.01497981085329938
0.005689716213572405
-0.027208262930674406
0.012534381781200334
0.05843109930003938
-0.0008781985251285093
0.03923517004429335
-0.015411837020295173
-0.002542960202812683
-0.01968656781012076
0.026455047612745277
0.008175392421889542
0.029655099237781105
0.0166733120581033
-0.02806696577257061
0.002760339632267011
-0.009515697298473107
0.015110327331313074
-0.022046790214448275
-0.011590502594555022
0.008933500494315114
-0.039431612916130676
-0.04824532045361584
-0.012565362591587602
-0.032505114832842984
-0.02128879029429278
0.03027162616048104
0.05909619320316376
-0.04314429852461318
0.05497259625639526
0.005953040356022903
0.06071136062340125
0.0727239042486659
0.02175091136122446
0.04362362819496149
0.010743472125694927
0.005671068386284499
-0.012281718027463664
0.01265505967630507
-0.05651386781547229
-0.020477476447841127
0.006095055087506425
0.014466299622407778
-0.029194198660524237
0.025524039682603278
0.011484699051995865
0.028192920334899466
-0.0015437932544386575
-0.04690470731848069
0.04709811082649649
0.04203435778117251
-0.006517006601413079
-0.0032366532162582005
-0.008379109962363455
0.028601293886955308
0.014587965658627425
-0.01647279631407837
0.022047241131246113
-0.008012746278851974
-0.011865301424421592
-0.003310886226534363
-0.010675065881546182
-0.02288530682859354
-0.014428745629859132
-0.039156357266577985
-0.015706847026540297
-0.07022038280288675
-0.05159033222359079
-0.016016134227035538
-0.04943943412185445
0.015485223212364738
0.0204964009707685
-0.041973976393714335
-0.02261604619750645
-0.04364736455837886
0.02828987740503806
-0.016342217901508575
-0.020876352909409472
0.014104897467377591
-0.021965372684032727
0.013833989529071562
-0.03085685611175259
-0.0019230899114464877
-0.04465362790733497
-0.015409703904534928
0.04616667410511087
-0.038319301148093496
-0.03636285298267178
-0.013139095975510452
-0.0029856740952083436
0.0017621739323406386
-0.014307817608910565
0.05306881104712702
0.015760528349881033
0.01697240369894378
-0.00134497156867202
0.018881223315666235
-0.02627203620799727
0.03750396571914217
0.05728455087121327
0.05280288042189629
0.014405258193365527
0.05294272663613846
-0.04253010001041428
0.02573083676667213
0.029353936312567455
-0.030618035867257982
-0.014935507363464133
0.03433727572277815
0.06314679042067425
0.005458115690862683
0.022773262820161223
-0.011833668421372059
-0.037991935623951485
0.01973135278196778
-0.03068492518804149
-0.02445403750541024
0.003600397017650547
0.015828418096893324
-0.02889352416946131
-0.010031658700679798
0.009298967545855978
-0.023705776592818945
-0.026792513949826
0.033597003881696307
-0.008548085788213847
-0.0008612260967874847
-0.03275500598542346
-0.019008803926609426
-0.026541547970290066
-0.012576217419963209
0.03312665674684084
0.017811212290843752
-0.008533062438243342
0.03183630619274679
-0.025678493969705635
0.03667669933138429
0.01273414474316756
0.028009410062714686
-0.004847704731008901
-0.027039801339143736
0.010966379721006758
0.019338934190070378
-0.032721532990355705
-0.026569216720735058
-0.043341130144487476
0.022240376822476968
-0.02585026946163202
-0.002572552629972441
-0.03269780828058582
0.010312949328130391
-0.03016899351714031
0.021702334176987866
0.005575609039694081
-0.00801047183408984
0.017643065225011887
-0.0002488292059199172
0.009274265224549492
-0.04561484162848005
-0.05745276311118866
-0.0023155644832613784
-0.001831706152899147
-0.01104869553412209
-0.015218156742813727
-0.01083084743218501
0.01207220189817465
-0.00552293838667175
0.019412068990917297
-0.03856000961376527
0.02573302534893515
0.006963045822108652
0.002871413087597954
0.02542414878703949
-0.03328463196916547
0.030376321616978175
-0.024322543787718087
0.09565545978866916
-0.02527056314117443
-0.023112976310374726
0.002780695328454721
-0.0024399423145888143
-0.0016913978982224193
-0.00856554694665243
0.011773208098107998
0.010220475020614727
-0.01186916378660303
-0.009096452377974537
-0.015096088312485795
0.0031881236822674038
0.017177574915654716
0.01443863690632731
-0.01628342250653506
-0.14656779292739366
0.023228236808863812
0.04149139316271571
-0.013721487055429037
-0.06550566058215028
0.023280170020588267
0.007893279042831252
0.05677378661622121
0.016162002282839764
-0.024705558979281356
-0.0038129468482848666
-0.0009392777223135179
0.015910855183660224
-0.03887214437458396
-0.009013681522818342
0.026834412893429666
0.043289211742964864
-0.018943066873486885
-0.01476481172057765
-0.010485520295616243
0.0624579205882399
0.023782729737374147
0.028574678314212405
-0.026237527119368283
-0.013324318645108097
0.009687428122001447
-0.004030669382283563
-0.022535618767158646
0.006633569728569717
-0.031120118149193236
-0.014105474942098635
0.05117706170835701
-0.012268667319630304
-0.03389293625262603
0.000991940986364063
-0.032530259173566216
0.01657494189516654
0.004899133269349279
0.032481263175795014
-0.00014554954065937133
-0.030758957809210133
0.03342457986826657
0.005259714040230603
-0.022275349558192617
0.023956418007898037
-0.013325913074330089
-0.03486016655795654
-0.01815081882807737
-0.00764840591321202
0.010762695373506473
0.01056187658293019
0.03135752754547741
-0.020589122018899144
0.038663054097550754
-0.02331646750930813
0.017343736140616718
-0.007965251150545496
-0.0010451966337752699
-0.0009087276857734025
0.01594561729874288
-0.019562286253998945
-0.03618626972833565
0.03471835478331947
-0.11084243447964774
-0.01772885655879101
-0.028581807890028215
-0.04782934920033712
0.04962968854625127
0.011934703766892861
-0.02327705152941499
-0.024078564404697904
0.013381132246929823
0.017814483361331682
0.01737258587004656
0.0027067276599199845
0.02199210067754298
-0.007470877035516194
0.0006819889696651296
0.00967506046205977
-0.01664687020470582
-0.00023753215598678183
-0.01089697256647842
0.027654314889304196
-0.0285662529708728
0.029137235478497735
0.025940813699227006
-0.0008182252327299718
0.05177555247971604
-0.04018834611196609
-0.009526808797075705
0.005565974678320506
0.04439437352226347
-0.04731808492729572
-0.021449090654574662
-0.027039911396631703
-0.02113943150218909
0.02909187626161596
0.03007400977150808
-0.02041696743201666
0.05024020935462386
-0.013208924751787466
-0.011666769091784579
0.0034534946872391316
-0.009916533565878599
0.026387604724219242
-0.0008760476284235842
0.021154186521758274
0.06289748600963214
0.025715060736048807
0.021803473346013527
-0.032292235250387165
-0.011020979012518433
0.047293639726174105
0.008379625054238627
-0.039255111928429176
0.014026697842853212
-0.027968860428055534
-0.0032450513333941522
0.021083836397329636
-0.017248318897760948
0.06025577515275523
0.02591003929073893
-0.01593590872843282
-0.05657190182225797
0.01196645277957919
0.038250384363779276
-0.03112031150687519
0.0010673639582763077
0.00422698178528647
0.010915224178991233
-0.0225220708815327
-0.0024504495103020107
0.0008782931614684222
-0.017997794998666748
-0.0048573320231581904
-0.03172598017445364
0.0037290125703010103
-0.07402044796792796
0.01828715034403556
0.04043610535036721
0.018497092486451348
-0.013318110067813638
-0.0032966178806198183
-0.008867507861149074
0.01675421929628938
0.014658116035448815
-0.03256829858611198
0.0014486734399758838
-0.0007923654563309443
-0.005349803436506453
-0.00924494341777465
-0.01893608185870926
-0.014395285768188501
0.011592823490203207
-0.007686380415171147
-0.0066745791525537985
-0.03094527600662807
0.021228153676408786
-0.013390824539298036
-0.021599829440207264
0.02942975159002387
-0.011838968082491678
-0.001900929140424426
-0.027470114872847683
-0.013769768330089931
-0.01157823501635202
0.030060275951161328
-0.0033260626232711043
-0.0026505181662974404
-0.006351094586293439
-0.0024088026553876324
0.017062064688633867
0.12285405837541885
0.02280165386961457
0.03457272124159537
-0.0064889201234565545
0.005078650825302588
-0.004371461083959821
-0.006175463154343082
-0.010082611220142508
-0.03291867010096356
0.026243774590516585
0.018433968668212463
0.04459386066597254
-0.012507572873537839
0.013562766198085429
-0.014833023252305138
-0.036739693738906266
0.008039840623599567
0.003677147874904878
0.010409436620431816
-0.11555805053399325
0.01094742537333524
0.0027160265484727436
0.04265324613572503
0.04794058212795699
-0.0005729747567871205
-0.01452173379278337
0.014452298264675213
0.031858036748441794
0.0004497380833387399
0.04213365902269044
-0.024741927885578906
-0.005716845310958923
-0.006752030045042073
-0.03868267640928361
-0.027403424645531468
0.032700054679152254
0.014719772396000879
0.0016438170011233485
-0.06129672167378708
-0.019629586322379485
0.004190442094648668
0.022408314827315565
-0.0014395800349509538
0.032257698519248805
-0.003986939837086856
0.043814054650711434
0.022033471717027228
-0.029066249019434696
-0.04298495613984942
0.033430023965953654
-0.010682556244225115
0.002926316279566882
0.024834778210433305
0.015856362819372746
0.030665086606250454
-0.0058403270110119945
0.04399253817436795
-0.05373587118077198
-0.003960872832787244
0.020280877074865283
0.03553844236846737
0.027251371508071262
-0.02183431910277453
0.006497351085563898
0.015901482365200195
0.014268171961886794
-0.02645736676980128
0.025887631956364045
-0.004816524496411227
0.0024629403015794466
0.04348254607850871
0.02001594171048135
-0.016713755256935307
-0.015101554610922566
0.06475897941216252
0.04732330353481006
-0.028592900237354595
0.0290148520915731
-0.015189602595330705
0.020588811198840457
-0.00941068468800948
-0.058003127037539765
-0.025681980925129744
0.011398312049356254
0.022547360485953558
-0.008217256086655064
0.017594814374458864
-0.0304018271291461
-0.0061218048329176105
0.001633517160769877
0.01707220713771408
0.015283854914433025
0.004592734369103788
0.016769561817074494
0.021177877676750556
-0.014457127289925301
0.044661697557656525
-0.011231677481741278
-0.005530275126075994
-0.04701958230865253
-0.012567109306327519
0.002012882582730221
0.0027661805745770335
0.015316459980561114
-0.011466525045636512
-0.00502217331081667
-0.0699368354396108
0.007669307099782087
-0.0022909048105058047
-0.03470650089478494
0.0016479863112036331
-0.059574631499181636
0.008794959257304606
0.026977572055399947
-0.05141779482461237
-0.011496022890273457
0.009320588441471343
-0.03318623165041306
-0.02664537675509429
0.01367219285584192
0.0039872909253886556
-0.020336887056617833
-0.04864336481486089
0.0037925762334983177
-0.013567639174246308
-0.04324134658069561
0.0121340077743145
0.010652678040178455
-0.03108209645418843
-0.008019244316559156
0.028241867373822054
0.014401137807365755
-0.03478406765544576
0.0077744789236605044
0.05501833610622758
0.0006203134628460694
0.012573761739981018
-0.0019414814839641226
0.023445672321662357
0.05169804271879945
0.03628468169081031
0.01891857416272748
-0.0017162441285783162
-0.0650326960828299
0.020719477244189523
-0.0032757527099520913
-0.004085017345481019
-0.0017947532780063775
-0.006968143212916544
-0.014939766669673641
-0.03840279373923195
0.018998653110427432
-0.004250009077089839
-0.038935520852992005
-0.025573262615224513
-0.04207564739110098
0.012557152614589924
0.015652778686575993
0.011261885055450139
-0.006883765276154205
-0.02009476698414068
-0.03540449479936279
0.008690818568940998
-0.04298324045411375
0.003539282985168759
0.04398143420384366
0.039170908347587005
0.009377360167583547
-0.0051296637758370825
