-0.018507568201910886
0.025986921885666012
0.026058505175738295
0.021247334042937126
0.005306562743172655
-0.001981884088180266
-0.00999197627152478
-0.006715133395693087
-0.0018715535266785037
-0.010432415380800954
0.00019996142996687798
-0.0033819802508265324
0.004737589323550189
0.003457381986677785
0.011918461017813797
0.013352297637112681
-0.018477107196738188
0.12309041708561383
0.033252340853291075
-0.005422857152687751
-0.009478573193881026
0.04129147519524686
0.007419503632858087
-0.002926058008727189
-0.03864160226516134
-0.023566970350193398
0.005185738536803541
0.002188126959526295
-0.007309698568539316
-0.06073949454169055
-0.015147783772938732
0.010072381096663302
0.00845909146469097
-0.0026175167025924476
-0.0400891050581277
0.012529061617260986
0.011269775506177832
-0.012695459524896396
0.03439676229519773
0.022014249421203846
0.03025329768098538
0.07354168294547239
-0.003014920904385556
-0.00961592947976493
-0.02045830165423049
-0.08494410363816879
-0.03996757949406057
-0.002145588889233674
0.039732517051949655
0.005996467773912202
0.07973221567468107
-0.022736763007915987
-0.006944591935195929
0.0025224288415012625
0.017453894630864386
-0.0031615296568531168
-0.028254518772764654
0.026643166314082825
-0.004074965436989671
-0.012154203892411333
0.06009393957845572
-0.00727431492036162
0.010048594209390312
0.001957591799563724
0.011170627334736546
-0.0015972018097301164
-0.008332616050355441
-0.006154251265239083
-0.01616183848165608
-0.011306943565572956
0.00920184915980931
0.011467620451916261
0.011152413674950108
0.008342745544176985
-0.015310845716044538
-0.04243215741587435
0.025320990714435068
0.01968607568471845
-0.07069030558547892
-0.006329307381863215
-0.000540747155841312
0.0001987494421229022
0.04834555563025927
-0.006612036190706294
0.005244228927047031
0.008321897967852102
-0.0026868515095304145
0.007036637829907793
0.007537232767081558
-0.01822896622135811
-3.223370777777173e-05
-0.02302382332605838
0.0053271148731859315
0.008755327417065696
-0.002988568440142322
0.029664067611194448
0.0019209145453461891
0.0037841653506099785
0.01027421928573701
0.009131100685641618
-0.016155844653252576
-0.002641632170755484
0.01183837243116734
0.004458825924047312
-0.015222937273775843
-0.0009119770092619389
-0.0007462803139838906
-0.013440977749118338
0.03417288804634626
-0.00859351574448926
0.025656136845185234
0.0031707259608415696
0.03407488136458826
0.0018126639036174287
-0.012067700196652306
-0.02128050214104047
0.07647793730578732
-0.0092853099254187
-0.01050484805769844
-0.04953123857059609
-0.006778699889766778
-0.14923321914945614
0.008302173159767032
-0.0021958991847200945
0.0005777912227187924
-0.004803410840442075
-0.0027784997351282636
0.004458232527272289
0.042032260272811456
0.029255653812987753
-0.018321348198356433
-0.007357248660349657
-0.04841537477357998
0.0050574932120169514
0.01051940012389406
0.007448291341325897
0.01055479037262999
0.0020761568035858775
-0.02173392297996321
-0.0725763344948993
0.025862977181868897
0.03741711585768025
-0.01075155409741232
0.007523967762698111
-0.01845996029560577
-0.015861205998922157
-0.10148920995230504
-0.018296828967478033
0.01104702901416585
0.03637418473063602
0.005007724099613742
-0.0024654394149886405
0.006815784986492008
0.0048593481484294
-0.019309681835350152
-0.00541457950763037
0.0012149855404210562
-0.029181647688710087
-0.0750796082404595
-0.06091326850253127
0.004190837293128501
0.010096212278416384
0.010912871937902094
0.1098811194027845
-0.0020787837299865047
-0.02480027149734671
-0.02659592821904238
-0.014325325791101521
0.003356947472500518
-0.004570897662869361
0.003085907648938448
-0.001178060494920558
0.03307502542867328
-0.032303544347409854
-0.02891892167365376
0.0007628265927488484
0.020467502488718113
0.036331994850745834
-0.02367936174655548
-0.0253815234957696
0.0009866348406125732
-0.012307904065203075
0.001430267482806209
-0.001194701730413315
-0.03004004051083212
-0.0070270198094870935
0.045923836920735664
-0.058571895649644636
0.007081336674937782
-0.06626697215223931
0.02267662279448877
0.041147780434138255
-0.009760870378274913
-0.013202419377023187
-0.05931928272876204
-0.0028130375556035315
0.0024373573654303754
-0.0018385098909054157
0.0117274402600722
0.022742880730634473
-0.0037262213986209844
-0.030137716789151222
0.012007501691974115
0.005759825779163849
0.06060322261408448
0.016215188262371866
0.016053891547860702
-0.015075810700770983
-0.0023658707358473873
0.011813418758634266
-0.02500849079402019
0.0025298254853859657
-0.003779390300951198
-0.001376219215463479
0.08857447662936996
0.012464955031590353
-0.004226307009399385
0.03616548768161506
0.025408080073520082
-0.009668177593414411
-0.0024005068120643296
-0.014095899080730261
-0.014212333976373354
0.006482438680927667
0.001694440164184611
-0.027322899794500137
0.028843045261840207
0.01754795192556734
-0.000821254009885404
0.02024646441883872
-0.012821062210411809
-0.02091421252334457
0.0056964883869655035
0.002221480624478596
0.006028523807391099
-0.036007702905066746
-0.014205758246749935
0.003363784025180933
-0.027959023646956755
-0.011673999593858495
-0.014353566221004432
-0.03647274345023132
-0.03950458127315057
-0.000328554824806615
0.02816199780302416
0.047483821726636524
0.007348221932981472
-0.012820706020800416
-0.03042912388262635
-0.007369617071500987
0.05590897790139931
0.007113002786628182
-0.022963311845759168
-0.0002029518451541251
0.025840892434049068
-0.010997707886746727
0.002607945971601387
0.004485407151054429
0.007231627344324732
0.005391153873345212
0.006487490924723484
-0.0005944301181879025
0.0019038008179281347
-0.022053740799953665
-0.010479233340905713
0.0007350264819171085
0.016703858090479137
-0.0026147413824996017
0.002633479039644629
-0.014965277645871803
0.018153805483703923
0.052261231462725134
0.0036997583509740463
-0.00898669238022618
-0.0023483082977989234
0.012654300607617732
4.008546338094265e-05
-0.008878951709830912
0.015164711959003953
0.03891925912430858
-0.008382039895579667
0.0028534238778057624
-0.025943946510439835
0.0205757514637295
-0.0064787003997007365
0.030344139013595922
-0.061609313895317167
-0.05275824246980869
0.03785013682717616
-0.0267965490858001
-0.045746017577995485
0.02817671401679724
-0.011137719360368366
-0.0012885599187178992
-0.0006041617182614333
-0.01068143613655885
-0.0031797695435308885
0.015026210683536526
-0.007821592362771582
0.0009463391922606939
-0.018121570311170596
0.008288465560025934
0.016402007635120456
-0.005889600560700029
-0.010460598649065973
0.009512717294402484
0.006455021934864429
-0.01197502549522228
0.007018563288251384
-0.0022768971004925387
0.02860493318856189
0.021481351417657835
0.014747465130901544
-0.009121880083409351
-0.005357678603738261
0.005755067911864919
-0.008756706824326735
-0.008717414316227422
-0.04727421514775023
0.010996921743229658
0.023040107191793033
-0.017861763193987756
-0.011914800963856859
0.012355900860259752
-0.059247636448567884
0.016976935749736674
0.008232031320365655
0.003387755012190464
0.009314331675043936
0.01272409894170846
-0.012577242565634823
0.05360804950672438
0.049532338288956285
-0.017078733735755025
0.003356663314926938
-0.026943272536394232
0.003086176120259274
-0.009140771199308374
0.0008248766622930042
0.015827885832417187
-0.03279794478310445
-0.005807012205339916
0.000643833742793486
-0.028557512563663203
-0.01151564806365849
0.004442936597902579
0.002000933004379917
0.015883200086236768
0.008405805525675667
-0.008573236497737674
0.01081192016612616
0.015402927340214694
0.03589037483824528
0.012084995596189203
-0.0014972716870604106
0.004936780520848527
-0.04864568863172306
0.013410834528105112
-0.03672123430170154
-0.09501428704177389
0.0047449406689419596
-0.0704755310632078
0.026685550069286884
-0.01565531548093858
0.16098295433855628
0.003718204076961812
0.005246303277248254
0.007337104457417225
-0.008420576201453584
-0.007356340398616985
-0.02280405376277266
-0.015468629974067895
-0.057029885543164384
-0.027302582608877045
0.13177455117043393
0.03301020142433543
0.11259597451108999
-0.014144343523383247
0.030543494589910812
0.010563596777020949
0.008133866792459947
-0.0011382192103966103
-0.010296776967422224
-0.018878960791888576
-0.008273663416785178
0.04022213332674352
0.0049660557431762415
0.027269308036164275
-0.01498503577478225
-0.014877925035088689
-0.006323940214042384
-0.005099401666592097
0.03170593532674671
0.03796291450129501
0.021107253051671614
-0.010480346919308221
-0.13158308835635601
0.014002087923949916
-0.010769863671626443
0.005144539497056023
-0.0076310820655853175
-0.025925601834045787
0.007202744539302713
-0.0011478002566060771
-0.02795867886375091
0.01061779974444512
-0.004531621661581424
-0.0062565523199301434
-0.010788656154095869
0.008908206651459812
-0.0031993345239409916
0.007890859701401015
0.03296920362912519
0.013637703978398669
-0.015334586708316182
0.05328305101479548
0.014446265051522748
0.0062308431343076134
0.023695129347689307
0.00030037291324525164
0.011643640285706388
-0.05097309823075465
0.0014746595046870544
0.009827044929297845
-0.013435732689212108
-0.02254782876249694
0.012084155020131649
0.022469018035241546
0.010175730280493095
-0.00804231774510708
-0.005927361072217084
0.01912271127678282
0.01853284959502854
-0.00597456673112126
-0.007109175887460526
-0.0006505473311576909
0.012595238697846648
-0.0016310120141011005
-0.007253149110915569
-0.026188948822699988
0.017598745984819333
0.01674009787078959
0.007203821901446094
0.016040122211196405
-0.007026078937476696
-0.002252342368554019
-0.01743361503482286
-2.8459827681227066e-05
-0.004919030627375016
0.018759841836511883
0.0634787051264347
-0.07695217119394175
0.011134011375963006
-0.002692242946419605
0.0187852503256803
0.0078701181115392
-0.028587203851475413
0.007414020584058232
-0.022981902165008262
0.0013362135715121845
0.005549151870945803
0.004832675714915033
0.08512783309226397
0.003900042616399253
-0.009248055531999103
0.0035574430556725434
0.012555659430596892
0.00490227268433815
-0.0023444434937280162
0.009280900627149077
0.025555032990651406
-0.005686239930337261
0.0039037578130405133
0.002373663707458907
0.009667879354835849
0.002345454361139522
0.006612426582234506
0.009930525290838986
0.0012714685860079325
-0.0072642859837995875
-0.03240384591385073
0.0068105914064617344
0.01290744329209175
-0.009877382567036623
-0.01410741663873423
-0.0047647408083799974
0.012270836062656465
0.025251072217518884
0.00545030041704772
0.009620434677628013
0.13164759280132293
0.02848935640764023
-0.02121988444737093
-0.0019848757029202546
0.04865883365125762
-0.00527429188208527
0.00640301091239991
0.008672419116884699
-0.03233779336544373
0.03704103309921946
-0.003847897679349552
0.048711506555276576
0.032614008205835834
-0.022934842622535517
0.005109842157848859
-0.006359107346914137
-0.04537752133767415
0.015141655547927551
0.009134634563176525
0.0002262258661216476
-0.0184165153156586
0.02298796652058983
0.01295244071910631
-0.0013941693957402754
0.011230948492936148
0.002672248999013823
0.009874374548521681
-0.010769585034273426
-0.01565531076984501
0.016592414907521974
0.013048251567769533
0.02514771285163093
-0.006508881450330587
-0.010511204311996545
-0.002270911541321963
-0.01946637147947061
-0.06120229323789135
0.01737162877152991
0.012246930853836345
0.007038418716816362
-0.0007862663661080278
-0.003988678947529026
0.037647591182547985
-0.012386425830799378
-0.007682710673404026
0.007684674253186063
0.05516918864286191
-0.0033183438950177007
0.026918555801669988
-0.051860049409429475
-0.004734962645818169
-0.01005810568176645
0.0006349199985594163
0.013027053999342264
-0.010391248398752209
0.03156732678912441
0.0029902083052665176
0.00047199110896606236
0.00323097958176622
-0.017861534579187856
-0.009873917314367299
-0.0020384016729674387
-0.09221315267169032
-0.007274763992899644
-0.015259549767647129
-0.010062624838918469
0.016355391322319324
-0.001840845420729899
-0.040311052507195605
0.0033760822339300176
0.04981915171065981
0.007630744191826665
0.005458359976230754
-0.0018695956315540059
0.0050070185524113955
0.009580614622704448
0.026655197531388716
-0.0008339331356203775
-0.03213573204486057
-0.01090134716514772
-0.011713959994520465
-0.0036687420753017965
0.007772320916293188
-0.000536012197069034
0.0030258546443106024
0.004504728214554742
-0.014200475238025664
-0.015600239828209966
0.010416133181733367
0.012604925375112293
0.10680639264767772
-0.07210971000860444
-0.0015260645313174522
0.042390241750780884
0.014875085480239724
-0.011649825525804004
0.01158556699409157
-0.013629525720327657
0.00029653314154521373
-0.004322937893824321
0.03200830155702312
-0.0156982516228817
0.01913831424385393
-0.018064190449841054
-0.002192430334306783
-0.160933836035109
-0.03907312638180345
-0.0387044928721804
0.07130953159545102
0.06065260337171769
0.0024197439858445772
0.026905157401265162
-0.0021303242973634362
-0.027031377958274632
-0.007514597746170192
-0.00014073061372162177
0.05193877403806423
-0.00850679215087545
-0.03379195251758102
-0.01453592700069322
0.00866598701746416
-0.005317430812708838
0.004568407262381375
-0.062355462065381666
-0.02733496879012049
0.050033201304760244
-0.029449534014792746
-0.003017586327334696
-0.005865918527291919
0.057609891239136936
0.09014263150175181
0.011751983517586983
-0.0004809111523219433
0.014522115239326156
0.014721836779114244
-0.013698413298843288
0.013645211837857357
0.017610453252599786
0.0002663975680940822
-0.008319753651051164
-0.01955206262362228
-0.013775572616176167
-0.024800703122351057
0.012299878099660688
0.004271767755935308
0.00774267980467984
0.0017095170032003526
-0.004167427371730315
0.004322660463893108
-0.027299611315701498
-0.0073038915779965454
0.00586217740671749
-0.005503223897390227
0.01794859914516591
0.0001333240055325137
-0.0008094403363670563
-0.0002505505800248991
-0.006606253479844438
0.030686180949754713
0.003187688275194921
-0.03250837310915751
0.01366420076575012
-0.0034759973001834386
-0.0388888438597252
0.016672648832665428
-0.032457548289829004
0.018649544381057353
0.10558494272842261
0.007153743618922906
-0.011051753025357037
-0.014391864557629032
0.019590221964920582
0.008384957468826086
0.04459027778083622
-0.0380482285701339
-0.005523922566974042
0.013682769644621555
-0.04453173947331304
-0.0036462437003910576
0.01321354299191762
0.0033025107717653793
-0.02152950184824854
-0.0691365694882188
0.004021258438712327
-0.007697489967750235
-0.000908529048106277
0.013902693239124835
0.009408325112663853
-0.024524128086014316
-0.06287509677262652
0.010180470349226842
0.0552884881736815
0.010804164431436851
0.013816677472116439
-0.005624277291388048
0.008518332738036396
0.0066911497430854885
-0.0021290540095418114
0.02748056520394769
-0.044393190901453806
0.0026102387029105665
0.026757025221906223
0.0019194565119194905
0.0078704719737974
0.010292534308310097
0.004895287116933072
-0.02177185745570173
-0.010920068405484836
-0.014843496864376136
0.036811137355319754
-0.05379492523257664
0.011683220152817827
-0.04728859506810877
-0.013342585152150232
0.014450379270726533
0.027898502180606605
0.01233558565787537
-0.04147222815174178
-0.018886633306969172
0.006186496988565692
-0.0025232404307678107
-0.01820957086296688
0.04358319763426346
-0.015617137169341091
-0.014826120159402151
-0.014107374130604276
0.013505215266502751
-0.010245951439937036
-0.0013711068597149537
0.07474647624379441
-0.017044983458599405
-0.02703369219478229
-0.055616630538003135
-0.05231129938276416
0.008230569260422574
-0.025857136854421096
0.006432245370195799
0.0028150165114179657
0.031030757335120375
0.01533326248600514
-0.030917461580574505
-0.09133656071608867
-0.0043350427799065125
-0.10078098654139865
0.00968247508672265
0.05053289284796143
0.0092598913916037
0.01745924702825599
0.025972434382721322
-0.003467949695294381
0.006104573337673453
0.0036417873006290413
-0.04250515399359031
-0.02223634378545546
0.02813518296315967
-0.006693873698663122
0.05478015571700466
-0.011667006394583327
0.014355470435344945
-0.012646112915846856
-0.01511875913187336
-0.0013103819581154737
-0.029312418278225026
-0.03217506443413806
-0.024371522032562307
0.062060885862371136
-0.011832426129239834
0.00875744882864561
0.020926316818877463
0.012213894575400687
-0.0029211751397167965
0.027358172296956997
-0.010033638798336889
-0.01394286561405826
-0.002599790902831587
-0.007885923829971598
-0.00888678581385212
-0.01716020351820097
0.010879091437814058
0.009036499100173153
0.016437427349490694
0.0010413490705528496
0.004248816517305751
0.00949762177686368
0.04066995003788247
-0.0020916668748429718
0.01994741279464863
-0.017587709656873503
-0.003959525875509072
-0.018344425852676722
0.007280389843633329
0.021857501259524792
-0.0009525509918347474
0.0024743161700760095
0.0060636533994141775
0.02239682076136108
0.02195836409931069
0.00044971615966078916
-0.004341821941647021
-0.0015925462209730274
0.10220914463404242
0.0009872356287228456
-0.0005930790979426135
0.023917852304430987
0.001125521183325016
-0.02195700339866704
-0.025409880084418048
-0.015478085947764739
0.00033240273783732876
0.0001180292953628388
0.012823154141280612
0.015190719121222033
0.007206363270553404
-0.02165331003381597
-0.0032251483597569913
0.05995158392468435
-0.011184977104566922
-0.034344615523125496
0.03161928180680092
-0.00020094668623583942
0.0003525096746410837
0.013738242315427487
-0.017004453316475203
-0.03514777840649804
-0.056595256604970036
0.0023488889525977177
0.02353132359500187
-0.016124806201798673
0.022139096576853513
-0.000978128627650636
0.006140636153757328
-0.007250729625636435
0.009669258316999638
0.05092902514615196
-0.013986055179158761
-0.03346313845263191
-0.0019118973583229055
0.0011102139487692885
-0.004900531263530645
-0.009989588446605527
0.016025054715499143
0.0025977497086409483
0.017121353178448817
0.0023731946812587212
-0.014821578426575463
0.041816126691039124
-0.0031090654029960504
-0.009589883993530182
0.0006373978257008619
0.04453909195427146
-0.00990369143195566
0.016854115732108165
-0.005866801484186389
0.03702781887721869
0.010100704722546119
-0.005024487570858804
-0.0019137431665351753
-0.0011085928365461952
0.008373882015817798
-0.010649221010163764
-0.0039681484976034605
0.010835473636281042
-0.05810695446748096
0.008767608033510272
0.03899061745549719
-0.004883210386370116
-0.007133203038448232
-0.03136862058339074
-0.011057963087186795
0.004884106085735494
-0.01656356645787086
-0.009899461472388118
-0.03079130486796243
-0.019902968583996157
0.00963410984527864
0.0637537844239235
-0.01317460379667116
0.03078318381476632
0.010826025392850666
0.018627975716484516
-0.011792281341573523
-0.012345249837336023
0.004861831968812072
0.04099250604460185
0.008938340318309333
-0.02832648638666492
0.0022445805654347324
0.027152399678100386
0.016319680634202464
0.029534515446001736
-0.01431941971128597
0.009706009941206552
0.04025794911180205
0.01223928326971365
-0.01567353476003701
0.006307863899458352
0.026612335087486307
-0.01122105028265543
-0.01285129119192497
-0.004989140060668617
0.007489028759678396
-0.005059458086782171
-0.008607197272235224
0.004476392133310671
-0.019072262420519726
-0.0012814535610550914
-0.020447328251419653
-0.0026593650590292692
-0.0005119489725398971
-6.46429493533605e-05
-0.016903965503839644
-0.007558072219326711
-0.024961539760961982
-0.005901198004869505
0.01931659249707272
-0.014686177547321067
0.012748595187326595
-0.00797316201171663
0.011645135493214491
0.02335628676664081
0.017201385341315403
0.002221510051664024
-0.046284118692944486
-0.009042778257818632
-0.04723354097010941
0.059852287366062934
0.0536360372743848
-0.006915627611024154
-0.05903476225167495
-0.019535507931041578
0.014006851936798655
0.014121539010252294
-0.0037123408596529553
-0.01025617391425868
0.04910745986156895
-0.03049231447744092
-0.011516259435441744
-0.04270233548052531
-0.014926297747442452
0.01700816213833075
-0.020053274868615394
0.01849909700273918
-0.004782250082948033
0.018462809561281192
0.018011601773569273
-0.00840587707682309
-0.06003224707286936
-0.0030865862134763855
-0.006902302003102713
0.0001516102523740178
-0.06493643608750274
-0.07570235121132302
0.013760275565193616
-0.0028874080742984404
0.0052117163252641974
-0.007873106440848241
-0.005305123015306199
-0.0026197844435408416
-0.07377084720203819
-0.048278554813959665
0.00821511377232024
0.009627832928444746
0.03143086731996298
-0.004279085648716476
-0.009046010238466328
-0.01951762742680802
0.006098055497198727
0.003014715988130016
0.000577789606368367
-0.0075045200646016745
0.016358861468778
-0.006432877589640899
-0.015976128402792857
-0.011795596628653513
0.03272027264902746
-0.018265026783082654
0.039246515881807525
-0.10517047522008582
-0.0065978021826853025
-0.014132510513199293
0.011351012710491735
0.022575978057885956
-0.003011357372128327
-0.01066370712652
-0.0011723271191264421
0.011195181461778609
0.08662801692925146
0.031795797759020625
0.001781121774344619
-0.008565074613957946
-0.008636272090671413
-0.1109638399072589
0.004221913454722017
0.007872176181977301
0.00869179782221764
0.022480984942482383
0.021178827945679463
-0.00991068867514536
0.021840502960548163
-0.010012836197822814
0.06253792721737933
-0.012300588450097346
-0.02087437724063684
-0.04264651191153833
-0.009740975009516737
-0.004874762142941302
0.08147589738092946
-0.002350327042148435
-0.0036337555132131545
0.022713473417765664
-0.028138005022951607
-0.007192282133401119
-0.00859678825396777
0.0023592061660290585
-0.022520182735669348
0.06145539789862859
0.002168484453909099
-0.011900178564720853
0.042962536634132936
0.00835085727782544
-0.02360763533933826
0.027001088420201765
0.008119475363353112
0.04176068787330272
0.015381343293260854
0.009319849998080467
-0.002032007411176942
0.09245208521623134
-0.04222202348202885
-0.00809448782727361
-0.02477564372029063
-0.014274511916395493
0.002486050009035029
-0.013131878089874023
0.005692525634418422
0.023293510862427664
0.01544973219500364
0.0005250975637021215
0.01963470831067118
-0.0273402479480975
0.0034331479303222646
0.14150008392365648
-0.025446327925180732
0.008783631958784765
-0.002835240821870062
-0.004880620181274987
0.013056079393890765
-0.03624397565222582
-0.011220967880649035
0.014018461735504346
-0.016020287312262464
0.019004758499914835
0.048912170633226996
0.0005703875988192486
0.020906212305753163
-0.01770235576435251
-0.01945041599201929
-0.01748612838292991
-0.0005334396536620183
0.005061206980141168
-0.0923048445363526
0.042183883998332526
-0.02681099549033294
-0.004480705339234672
0.014265215865965648
-0.0008093498177939255
-0.10946723692379688
-0.009029762985725852
-0.008418629016050424
0.019245847186135475
-0.004510504997021001
0.010308609433408247
-0.003059681644713767
-0.040536734577255366
0.04762357208260062
-0.058396722313856154
-0.013661976912383033
0.010316614780373575
-0.008132281072377732
-0.00197931402680952
-0.003547366881247994
0.0055503574864716665
0.04520346504917139
-0.0014810537094968516
0.007103317489974703
-0.031228176449555573
-0.0029204030045053603
-0.0059579456517662825
-0.012421624909826033
0.005204523008764083
-0.004024494381750225
0.00690103735122907
0.013391507446265345
0.012148343704005214
0.0025180632048987187
0.012118215861143334
0.027897275372810892
0.003551449699325172
0.03721317219314143
-0.010921040586400678
-0.009986290669789554
0.03907123570636414
-0.061939187814781145
-0.0021750055408826766
0.025943091921241206
-0.005109823548932623
-0.018251960040424283
-0.00348392124549174
-0.05260241523958687
-0.020672522784406244
-0.020954127118834077
0.021940569747982107
-0.0030127362348572988
-0.007261432705520828
0.003770164882897073
-0.02981884943992072
0.019543722023549107
0.008205046053252816
0.0022700566556171317
0.022842727916763932
0.002911477896190499
0.012752316702968058
-0.007421594003815608
-0.004001646963686558
-0.02700318568600533
-0.009097320728347073
0.019860670905691966
0.021915329833899898
0.02392278672070762
0.01280623543246264
0.0011966295147897356
0.0848613190836186
0.027203121635003817
-0.031230129552090365
0.007412351549291453
-0.024041466184567383
-0.04020435378077176
0.020478048096884364
0.012152303926658841
-0.006866345088407858
0.017573361452323473
-0.013801858325360036
-0.047011511168777505
-0.05426608205184981
0.005153672017824771
-0.04849171532686584
0.03853831341357778
0.0007118375236820512
0.03799972610652674
0.013050854966306747
0.027921740892700376
0.021602176354680827
-0.019606576229062467
-0.04536543947248783
0.01260431089408795
0.0010336774308774986
0.014418562241641748
0.0024236778771297637
0.013230407233561114
0.0008008025104431352
0.00553719637422391
-0.009486239266067637
-0.029298232662440298
-0.045728316528061905
0.007878260679184245
0.007271291334450059
-0.00859654647845292
0.000600706786487232
-0.004513326604024126
-0.0008467853891456379
0.05664909018302351
0.024780408728115787
-0.006101603821318635
-0.0021504224841427657
-0.0033690333925105232
0.013569071709763793
-0.07143637512583857
0.00693692540990342
0.024778518586343595
-0.021050774699194558
-0.00883987589904311
-0.0016299517366206704
-0.03258218942317369
-0.005890698578869868
-0.0009847109702236431
-0.020810893365701803
-0.006943231491510991
-0.09105917018319194
-0.0026707139446724
-0.07957024584624184
0.013603799120308896
0.012093018706762639
0.012660256665467003
-0.005960617846856483
-0.03351719410371624
-0.026771636744403807
0.007034724061882536
0.0009818075967226194
-0.015181647725049796
-0.016907378396162125
-0.0223594592782503
-0.011478695019541296
0.008955379741108955
0.004626609583138059
0.00807350411906693
-0.03323866967292089
-0.003329097640769501
-0.030937186646688583
0.02646237559723456
-0.00013230535135056964
0.006110217644559138
0.003975502262409103
-0.04156460768997669
0.0003204029142261354
