0.002981910422847314
-0.001958573754527094
-0.01856035394438393
-0.010821076868305952
-0.019213226981019422
0.010031694020914304
-0.014828323865162413
0.03783834094384727
-0.013366235857043846
0.004925717732464013
0.03580680684980575
-0.006007788211980409
0.00549801419221634
0.02973327943155642
-0.004758753358558658
-0.0017623049820734954
-0.001194365235577689
-0.07744851965403363
-0.050227344836956345
0.021766599301898927
-0.0036191314309742227
0.0009197243487656259
0.0024685924570537338
-0.010885002810508936
0.05650258529816161
0.016539673106308894
0.03334213027055522
0.00276136315918135
-0.0034794733124776335
0.031900895790574486
-0.02870008891964156
-0.014442488261170509
-0.019870051130260396
0.009653908790063037
0.006352355338235643
-0.00973660977731574
-0.005069691923064228
0.01715781155875406
-0.03916028719342595
-0.007276288142796243
0.004926471737981754
-0.061883305646759874
-0.0038273919833470642
-0.010828421092195608
-0.004450877065200232
-0.0631468901059611
0.007585019453917909
0.0118917342138716
-0.026856855818116858
-0.005793385074939903
0.01683215620657708
0.03927868555482398
0.011386967460590097
0.03244007307665913
-0.043207431864414336
0.007582571512308585
-0.07981966838700602
0.0072548609460129
0.0042790252643077255
0.020431494708763844
-0.040943195418181595
0.024072831570491993
-0.00704729580525249
0.01580839512489077
0.0011263977282212475
0.005494618462003045
-0.0007814474813633533
-0.004903759823192212
-0.015831618907910773
0.0229729619309793
-0.009168860977750238
0.006952492921000252
-0.001348768024856085
0.009231255948766014
-0.00466987801844701
-0.03309013871212613
0.05044232631121787
0.010940479784052673
0.04432215189092328
0.0015381068767096934
0.010201123367684646
0.013355829149858445
-0.020395070459749632
0.0043798589457406745
-0.01412864585706811
-0.010665077598251882
0.013167027804882771
0.04728803758829252
0.022962244745102053
-0.05778821592188164
-0.02144038400551221
0.012234112432156984
-0.018318822420369814
0.02351917398650477
0.02655239640894477
0.06250645479513957
-0.007152826728068569
-0.0005226360103288251
0.031215947039176385
0.006956763452539906
-0.022351892973571784
0.05359793445280364
-0.01384012709506418
-0.01102819303104873
0.030806739056174842
0.003416105936222973
-0.0008770271865125881
-0.001441307202205802
-0.011911732515951814
0.015798092142829238
0.026938971316291492
-0.018617710251891573
0.01802044532041625
-0.007811678576424874
-0.026562061275415487
0.018759522513437658
-0.03557242603376212
-0.002721964205185876
0.007136507027444776
-0.00843937729370864
0.016159080549886722
-0.057817673029193224
-0.007113910771020507
0.029634487950150817
0.0038637771205123302
-0.037157931344513555
0.025480808658517894
0.010432119555817954
-0.01931714597860335
0.004026580423806229
0.002290159578372654
-0.004384672563039639
-0.00047890299128023196
-0.0005227373971704885
0.009116418836774517
-0.01972842019278563
-0.06525288677321175
-0.02160056522425974
-0.00016431945358566654
0.18203246291098288
0.029216926001812093
-0.03660262559078818
-0.0037973375909203084
0.010416235857732754
-0.004048126088821939
0.009299116571742797
-0.1468158996361003
-0.00038670942299497195
-0.016473674021366874
-0.05012137984049775
0.0037544553890477045
-0.008848268131148385
-0.007108817200546081
0.007927620648274224
-0.00689835328868614
-0.0020275129490213415
-0.0029129408649987273
0.027824061931710033
0.04335662351077197
0.002849121587134817
0.0009605663551273164
0.0009489943177122473
-0.0026704611555519115
0.13473413315915964
0.018910162532514298
0.015840456426058056
0.027555082015487502
-0.006151904244925654
-0.006614097128306096
0.030408474603736926
-0.0020416659549904502
-0.0005024424223500269
-0.05285032215611968
-0.0011842585028421669
0.04959149995727255
-0.019819591891265823
0.018408193398296937
-0.0526257918891567
0.0502476483823826
-0.012322122834242097
0.006756293341409956
0.0010257124915645731
-0.001077936584011144
-0.008832065942214421
-0.009139165024619925
0.014683568216738933
0.08087235043079874
0.015369535703374819
0.014714121830203299
-0.034858167448757374
-0.04931540844429447
0.054198432129554955
0.00810854371107653
0.04492745057986201
-0.05238172442306338
0.001925286967849595
-0.005840618229415543
0.006887500512701397
0.01858308971074208
0.0015866023547892619
-0.0027845272630074628
-0.06990957501280405
-0.01683629941456455
-0.014429880279337065
-0.0255413830818755
0.006230913228112976
0.03181592029367912
0.002191562462478142
0.0165457770901932
-0.028039599962709987
-0.002097493905579834
-0.011960867303422228
-0.001661127499237427
-0.05109690163172814
0.01811570507222207
-0.009633238872364376
-0.01657785147975229
0.038868207341923686
-0.01435086747445823
0.009759765006667361
-0.005171632272904807
-0.0006340728829736051
0.0028561344261735493
-0.024685680427133518
0.017562668091591554
0.0015597650793802598
-0.04669411398513244
0.007456688546951408
0.02245379043312828
-0.01071382132032849
0.0034821507085123996
0.024529640166168227
0.01031841436411449
0.010364394409508319
-0.006210169478373324
-0.06914904003506489
0.005624198684994962
0.014556552733509408
0.030744136893684736
-0.0015260651056838877
-0.040837116589467926
0.010163448979883312
0.09925083271292805
-0.0017596037708294738
0.03144624829915946
0.014890606386252917
-0.02916974485633946
-0.06611798361306714
-0.007931502201647357
-0.000547086024489684
-0.024783730817583876
-0.00479929050049204
0.08088497229965733
-0.0294124730846459
-0.0005787079420276274
-0.018431914764004576
-0.04577861460174121
-0.04428559892783739
0.010364360904803947
-0.0003632627762668684
-0.0015600312018045292
0.0015633035967319389
0.01185903199185252
-0.005527671604873513
-0.013980661567035573
-0.04117236958714542
0.0155145873161761
0.0074307018976334585
0.028551372946631
-0.022118259329492112
-0.00027381592603823975
0.0068675844769861905
0.00011992945005727767
-0.005057855548703439
-0.001604021587812994
-0.011668545060720072
-0.006634680326361991
-0.022200508597708148
0.02266023390187045
-0.012135166389679486
0.01220459833346906
-0.028252166303626817
0.002385338945650276
-0.03652452269214461
-0.005174243987164283
-0.016850758597500144
-0.016616611021117587
0.045205496246702705
0.029912006762660176
-0.03478769088973489
0.08340599574350363
-0.019005809537656296
6.623351375355677e-05
-0.007418441034935538
-0.044298051953199274
0.003607378121645589
-0.012284608625915003
-0.015467690329161713
0.005503488764201201
-0.011856351498770679
0.020974017971291115
0.012275644044296475
-0.0011190770018511863
-0.06653804637206849
-0.007493234168565262
0.009794032113018413
0.012713027954548536
0.009406005278754284
-0.009597018082206425
-0.02237867584449654
-0.02531319556837941
0.006704397458375103
-0.0009314162726171986
-0.030079460473415098
-0.00739395844803787
0.02112432005627673
0.04778696050430958
-0.005818131384134241
0.0861940373848652
-0.023654009572875032
0.10101219496172743
-0.0042158697979597926
0.0073437928593468906
-0.009877834773828628
0.05495477454030759
-0.008210376982689059
-0.015624611944698212
-0.014617196655831687
0.018732012437871794
0.017821531383225325
-0.013691544064822052
-0.03741047824441137
-0.02923235093528359
0.023191889112319116
0.029594367373006567
0.03572049348384106
0.04562239176530971
0.023583787569346263
-0.02684736944591252
0.012500171238217716
-0.01877288021133623
-0.0036185683233582308
0.004828461299152811
-0.006921586487939244
0.028115175297124585
0.008220886499657128
0.031113274071018916
-0.011367246601565937
0.016839170199811595
-0.014795234884777736
0.0030242756233103993
0.016220778212959006
-0.024026390499203885
0.004615474785018598
0.00897379044193396
-0.024846078814153787
0.009928710745975023
-0.009443389946104507
-0.006287697608433867
-0.0038938113470130234
-0.12541544900570686
-0.07432130544081653
-0.00036491490247793216
0.005824840441009138
-0.022721444857744882
0.007488261699645196
0.008057517079147815
-0.018001869453032168
-0.020972464558846226
0.01076371100735551
-0.01587106665319354
-0.0021137066131765524
-0.010159862766094978
-0.04684075792881084
-0.054853527494627866
-0.05657737232235242
0.06243057528370589
0.0124404158068471
0.017319845727969334
-0.02825458417319707
-0.00980891894053948
0.025867062910358736
-0.01035169862808305
-0.014520667864070412
-0.022228343604566228
-0.0031790187065283333
0.0016351991773632373
0.008803183503433974
0.026813213399310833
-0.010673999627140565
-0.00504485954303498
-0.003662084294490685
-0.01018171912386574
-0.01087456453885069
0.03257465907442793
-0.0045018451214119065
0.10055981083940303
-0.011338068208793016
-0.011808168982799822
-0.014129317407845553
-0.01748342937721934
-0.07371135147890902
0.023724409704906906
0.0060745500407450555
0.008406654279356673
-0.007167080950690128
0.008950224866891423
0.0008163000753829581
0.008676705960945509
0.05271815948170512
0.004435130676314042
0.006704522480035659
-0.028819440296696246
-0.00697559589972345
-0.012575542281102014
0.01532813874995373
-0.00868548837132757
-0.0010875777438324843
-0.005125903261628298
-0.0162116830723321
-0.009422216325062302
-0.012579524806676654
0.04408085027483102
0.001107503274639774
0.0010284043661741747
0.006197974133360016
0.0005308076880816874
0.03469601075538306
-0.002539279687089695
-0.001663039278216107
0.0036231009381644985
-0.014082087607829717
-0.007442461743344252
-0.007164053616717655
0.0022865695540482582
-0.01965551956735782
-0.0031577445732688903
0.003904793183307808
-0.005710648059149277
0.06601958659571869
-0.0008670264210583421
0.0002387949828688023
0.004760658228213574
0.008671730028824844
-0.01205854334956996
-0.020993560720902797
0.020902845142036032
0.0031958550197827298
-0.004035787427342953
0.002595099565959654
-0.002420561515259929
-0.14834974355401023
0.03427537425066991
0.03895064857955982
-0.001008135897152221
0.013443383836751668
-0.022706787089347487
-0.005931111603249988
0.04256800711069548
0.029557352132549192
0.03835672382244397
0.0016360648699208574
-0.040043092349138484
0.004079423638325454
0.003459418064647343
0.018830443535373352
-0.03289043809659866
0.007337286952567005
0.004670932531087449
-0.04778695448109363
0.027386367115442622
0.012744858426672482
0.0012163825354916137
-0.005168327772406613
-0.011815433539003464
-0.039641156657312576
0.003085099169000747
-0.0034190230850087225
0.022884762880407514
0.0034618181398124942
-0.006413818824468507
-0.03635404363908594
0.0349893132408407
-0.014851916053608638
-0.06319428000027716
0.008933502128857532
-0.03691883341681461
0.0006581754480129732
0.028895831309296696
0.00819855402297029
0.07743402181641801
-0.0043013760335201675
0.017042883109019517
0.004788877676100338
0.024518822493706093
-0.006114869224142426
0.01975751663138022
0.00846516732914433
-0.021058047749702814
0.08420574170841269
0.0015736517955643025
0.015148423109514947
0.01862088161875548
0.012748398906092327
-0.008585843015398319
0.02336262051359392
0.026453556560845963
-0.05316770321481047
-0.009753776305298082
0.011694365212789793
0.006184327909810758
-0.027739787637750882
-0.016453995506552944
0.04258460339138867
-0.014536489140198026
0.0028807638889743335
0.009794510214578915
-0.02158555510481405
-0.038694371772685573
-0.0037671201061227314
-0.03721780769392061
-0.03451043726013028
0.028653238691258652
0.031339605644643435
0.004142792488958989
0.010210327413067915
0.0981494580237175
-0.013638752512877508
0.012332961661671513
-0.023229644790574086
0.009466663504058564
0.013853099586870376
-0.04424782141126041
-0.003501838756008522
0.008472492578593213
-0.03691343412170912
-0.012069332881164244
0.01901389215219685
0.0006573087840254499
0.02943611469551989
0.022296155860377958
-0.024884093442478772
-0.017741972418605798
0.02798893746951911
-0.030894885156422053
0.00153450482394918
-0.02371001436080018
0.01262436947157293
-0.04910358929593004
0.028519875853231257
-0.015366841012151734
0.003167666863957799
-0.03641397835461591
0.002988929885960335
0.005374985003077401
-0.006787178549779236
-0.013776065276681076
0.0110608369075537
-0.03717266436237408
-0.08210597583274484
-0.019002255929842768
0.013924293211261414
0.002767217593435382
0.0011182528637424683
-0.015413022772046444
0.03197808793427992
0.01702338636328624
-0.000277548886016439
-0.014134356781783215
0.00647000276709966
0.02535274633845931
0.016235802017634315
-0.0008461492275273
-0.059625329533490375
-0.005409191860531394
0.042732069085538775
0.031742282637656646
0.0068430516497364115
0.0071517712281790324
-0.0017028879296333483
-0.002127709933078139
-0.04189388944258831
0.014041349300149967
0.022259593516434303
-0.02599347394661043
-0.05301270697405925
0.005407425576637599
-0.03292762479976965
-0.009268457619792527
0.00986323897847352
0.058082434483213714
-0.009306236558242906
-0.015466631710223071
-0.020727973693433696
-0.0054565518019039074
0.02726592461731705
-0.033208448255428055
0.05354357656945068
0.08670985598736487
-0.01024767960272555
0.009999864363699915
-7.640107828902156e-05
0.019935722571474274
-0.07415460601926387
-0.00356289260669614
0.058225064011137306
-0.021630405006900937
0.00853697547834398
0.06603683543011091
0.010396947109947083
-0.019385731765357052
0.03224998437717245
-0.029638388747426893
0.06764933340699288
-0.028187888128739423
0.029670957808106586
0.027341554396454453
0.005349253968753045
0.00379537873338733
-0.023658885346173848
-0.06719711270575307
-0.011380854749604334
0.006338476506075685
-0.033926262514189835
-0.003358932720246167
0.002175703472176183
0.008128380111749387
-0.04163576437696238
-0.013704300775966566
0.011857596544038309
-0.05721424637005771
0.006935123111418353
-0.025572322143167965
-0.005415678947235982
0.019998909663468102
-0.0006359494303222853
-0.00656893803013122
0.00963950498773435
-0.00497508415201952
-0.040934757481427206
0.09828055893381599
-0.006195054341545821
0.03207515936024426
0.039367144776403996
-0.02811912044568548
0.00815826288882667
0.007477581553912973
0.005042554281176411
-0.004195209957141407
-0.01146611759116116
-0.014125138111262538
-0.02531807546659221
0.04065486560160632
-0.060269569234227806
0.0011650276994820046
0.01192958098169769
0.0036836940556480616
0.06016084442757759
0.030850698488002936
-0.018026924075193948
-0.014959726500026261
0.014416909268563243
-0.01382883431557398
0.016235813466958453
-0.02639929708154328
0.03590065881957933
0.018129988023009413
-0.11004238876066995
-0.01677615491842879
0.0413266139073883
-0.019385330326165486
0.004880336413993759
0.011387041627828616
-0.006702785407090642
0.019130175855769354
0.00339834108857618
-0.014085276669199343
-0.0298271354585316
0.012178993128298173
-0.07824866909740233
-0.009080601250779769
-0.02719709757995407
-0.015113489230260463
0.009556377500754172
0.021902078512758404
0.006939748154360056
-0.006062256406124095
-0.0009975799857017441
0.0006510587234535828
0.023301547091922736
0.019716954585763516
-0.017014190219397766
0.00426630288763724
-0.015442404344130186
0.018604707383703043
-0.008273801402930926
0.002692957780084892
-0.0012485827498091358
-0.01105072522542101
0.009935778074105475
-0.02542348874770959
-0.009577198880153777
-0.02904009560743328
-0.011042506807670037
-0.005134877738817476
-0.03232914517679454
-0.0015751658263158349
0.02794601562147844
0.0012390161978215485
0.001716247218447459
-0.00874795721245504
-0.03653524558845133
0.026175203780761203
-0.0004805254493331433
0.020305854950422874
0.00038993357833409483
0.0024165595743374946
0.015071721919012258
-0.002647207140701518
0.014082077399425453
0.02089050081208781
0.0049333155396240735
-0.058163177315696396
-0.03223645331722432
0.04243693983000341
-0.009965614446254585
0.038039202721954886
-0.03688607751709055
-0.050672965554317016
-0.01548589768075978
-0.027853596712089066
-0.11388738179069942
0.023832193915345624
0.03745339233599978
0.006625172565098814
0.0012655506978258974
0.007874444040047935
0.006788740351184314
-0.006587395315123508
-0.00946309766718912
0.006493457311599233
0.01664285387065924
0.0037466512681871727
-0.023986730035866464
-0.026284831594238427
0.017681095839031782
0.0013861724160821876
-0.014573304277886038
0.011890192740766031
-0.029615134215521016
-0.04728368519459183
0.009470819436499519
-0.019511022826974752
0.0285411841187379
0.025088960510095973
-0.043351537825701426
0.005191454654496409
-0.003297917686205191
0.0009007884148699354
0.004008104442429484
-0.009688623744400693
0.03498836614766721
-0.013811825157420929
-0.006173473950403096
-0.04595348704746522
0.0012338405262957547
0.0002585495142941323
0.006375923410174411
0.023182157575378403
-0.009258976368823339
-0.0007625022245488594
0.010955000291671561
-0.0012498469887626223
-0.020901523960799407
0.02614699611871774
0.02444207255197335
0.034276190368605124
0.013742139891031275
-0.0008371387239641818
0.01599350681336151
0.007642465850574992
-0.011955850524122397
-0.018663787238510036
0.005841552095403347
-0.030478961166426705
-0.0102425981690034
-0.05828880812841063
-0.004087192032196993
-0.0058749465876633345
-0.05099047262370779
0.08382198781623713
-0.0017524029791917378
-0.024279019472356465
-0.07524327386028555
-0.02833192957046411
-0.02291418495432746
0.0007376164431180584
0.004149591354006309
-0.0013709235851582758
-0.02215094223585969
0.010571429287735124
-0.025504220808906464
0.025329376940995837
-0.05622175293340662
0.03727315607576088
-0.02205896211619469
0.009225873920195204
0.002579100929743393
-0.011539695513823294
0.0015233474199846059
-0.015261126340462233
0.002635984295329126
0.030057758074088572
0.015667794832756342
-0.01619740228942506
-0.012342788236946263
-0.014951306954915665
0.014436561049960467
-0.019145757260286597
-0.00038513129851150787
-0.00449270856495653
-0.022620422792639174
-0.029545748585623574
-0.05513314316636133
-0.011923293618707085
-0.04392534795027224
0.022257380791069696
-0.018504539935020766
-0.0037797248130007925
0.007277857870966534
0.0774631477515532
0.0174546748100263
0.019688282522220744
-0.007026389874533085
0.10402226479582277
0.028907450442635232
-0.01261352470338952
0.008629190115428913
-0.014794351429254775
-0.009580480875380992
0.010187742136058938
0.03852042648894705
-0.0036334251563755987
0.02228689078476174
0.00551746209713543
-0.016496474183883607
0.013561783330507426
-0.011262481652587796
-0.0008251037171446866
0.005317608078506202
-0.011611295411818795
0.0026714608512029164
0.08454829691369178
-0.03183824966583434
-0.0589459640642483
0.009319306089815465
-0.0038749530849388997
-0.0019099079953739863
-0.004461265585068698
-0.005732654730912106
0.015644655269506366
-0.019832808984581007
-0.016029612062806828
-0.007473834558718858
-0.02780627641968649
-0.003673390708673057
0.013697119357616508
0.02073315357551686
0.018292817048255864
0.027197287137996823
0.012742246718591439
-0.01925943802983523
0.01577941850542896
0.0036532403143426256
-0.02542700759044998
-0.004560503115876317
0.0002580607208058121
0.03469219143675277
0.0069057101344205795
0.021415069658636748
0.050529052628420563
0.10039448007085898
-0.017478425913034862
-0.014125330042990302
0.0011798099094034132
-0.03763152825250123
-0.04052579198362896
-0.0020729859256502954
-0.001789098536850058
0.018379599893272647
0.011363643786562362
-0.08353528979200285
0.03975750579490786
0.0010738809468375705
-0.005215228633776973
0.015860243049207096
0.014990103505858762
0.025952927107148433
-0.004544380863543564
-0.0041577309794947415
-0.013100950831563731
0.009029083147942088
-0.021542507426957375
0.0016576199205606797
-0.004760248095711564
0.008018327425147026
0.0038818467405616927
-0.0017801721615382606
-0.008407289729638924
0.009378437093474076
-0.006752079239379511
-0.005055621934225669
-0.033387375357567896
-0.010930519668811447
0.002782188495356826
-0.012707144902725676
0.008755416591018054
0.038273090916823106
0.008994021047794645
0.02056154285543248
-0.014661838446720898
0.02051643269885039
-0.007982892374316854
-0.018314241588942466
-0.010861987688840072
0.008130584328880544
-0.03844686948659867
0.0018334880511443855
-0.007375892243232003
0.0014979931751817454
-0.013072812998147153
-0.006636440042424663
-0.003615288991544323
-0.10722734055039382
-0.052284415797781064
-0.043679939487717874
-0.0004697058878052082
-0.0038579394417856683
0.00827244530232264
0.008978430364306816
-0.017344976039111767
-0.03508547818156504
0.007719649090580559
-0.012705798944014588
0.010674467382237983
0.004892566763421935
0.004454433443724376
-0.003910368030451608
-0.05234875108256277
-0.011646241167983786
-0.02925230957066882
0.0037807745328923585
0.009056186930461516
0.017198072460142107
-0.000690834367226752
0.03038148276999729
-0.002159487811299419
-0.0011525596598969726
-0.0009120250327472896
0.008562187421652294
0.010920497352393062
-0.010398361738926908
0.007163127417389027
0.021102434582639298
0.012177666723041273
0.0029130363672104195
-0.053985954179479954
0.07031801513547296
-0.02551950061697746
-0.0026447299061793826
-0.009071829484498025
-0.04107870965121424
-0.00780981953756291
-0.03018208201164306
-0.02775871404732288
-0.0018235949467587849
0.002770392963461203
0.01592777410604149
0.015510153656703645
0.0277243541226402
-0.009040070585160645
0.023390781870934813
0.011630231088326684
-0.0052232153961337055
-0.008542598363638555
0.06333407521162898
-0.007693707119071078
0.01526051862890236
-0.004485078935975223
-0.019707524060058657
0.005788260661495204
0.021037227932888387
0.02368379488671222
-0.01773270558333619
0.006120492308241504
0.034464793151131275
0.07925513219848708
0.03481956521907
-0.002697273423719817
0.0142943304771859
0.021631864140935455
0.007174328253681799
0.0010272176016561756
-0.02020633701771582
-0.012380865936571875
0.01503296443587577
-0.0026633552461272202
-0.01758534139955338
0.02063289853591175
-0.008385256947662997
0.048616062263873876
0.022385042620082132
0.008624222173029992
-0.04735783692552842
-0.00015152776012354068
0.002265141544362886
0.023372480934263865
0.02982597432886628
0.003928589010406747
-0.006278512343145707
0.021851526549449357
-0.005159827251333147
-0.0019172904119158607
-0.03541925061834635
0.017593378267840416
0.07669934385012868
-0.0021050859536027177
-0.015784736650138107
0.00444051372046413
0.0019993183987507463
-0.0025557971721711717
-0.02640727211484235
0.017487689897642465
0.03947444683315254
0.00271845812105562
0.02455903193797985
0.03372693632954558
0.007663351382763919
-0.00878543533175364
-0.007532131425241991
-0.005570016549910793
-0.0013977968455593018
0.08760283588621776
0.005346362960749252
0.028766588955172524
-0.005422946169488114
-0.0005456086685731685
0.06656640169760596
0.0015466282794839887
0.005474978596428156
0.00397317692440566
0.05736611711950835
-0.08380543313258942
-0.016035811673295076
-0.014484825588129545
0.003169251285150111
0.03516882305165679
-0.0024471349316437184
-0.025667616552022265
-0.006462750715549601
0.002245308012857468
0.0009402719336462917
-0.010625659973754505
0.03982563730298357
-0.06498379545602843
0.06590518187274917
-0.001906994143079653
-0.004013490106366952
-0.023291869625564746
-0.0062341186947823726
-0.03251764060059326
-0.030550197134114665
-0.03928716431136179
0.003434765628398249
0.018042860561407338
-0.045436993895369364
-0.014319230944328321
0.007827532636291866
-0.04336043996044296
-0.007046099818975102
-0.011182290242986918
-0.005940763739842968
-0.006246448691092664
-0.0031519580774982507
-0.009766725879896892
-0.03547552881313669
-0.07732561958112574
0.015195810066200617
0.006858007972680406
0.0042987646991603685
0.0034872149967851303
0.06767940598200389
-0.010265173151307838
-0.006373914627548648
0.04606565589219742
0.006673426115278279
-0.01821670159949786
-0.034498103367602444
0.06244211536724207
0.019727082328727493
0.02335492748151025
-0.010627300921160508
0.0190924001110689
-0.025073236557910293
-0.018203866065825088
-0.029368756119263185
0.03133615887124806
-0.012312133003686172
-0.03959019160168227
-0.01291285115752825
0.012280391178441648
0.008075269968024469
-0.0012537746218001136
0.04248529824722768
0.0010339627451043838
-0.0018588084193598823
-0.006927318640240274
0.04206573260743529
-0.011587492877949636
-0.005352709037017669
0.018087549637297803
0.010887820318521039
0.025834770122066766
-0.013485791822753054
-0.007892247709511956
-0.005103709003728706
0.006486843790415669
0.026683141095841297
-0.012560509776842034
-0.012125535697997104
-0.006253562464083177
-0.015088272315332897
-0.024513414011268976
0.059109236136353396
-0.05317589924563113
0.0339153208071684
0.03852507134085184
-0.018974648673122377
-0.01729080390437182
0.007169921636116009
-0.013567518068311687
0.0016651599836390583
0.011014495361057782
0.007037526543216816
-0.019951919878036805
-0.0011245098395523511
-0.02994683411113937
-0.037826606228331096
-0.009198565689776153
0.012192197994668
0.0175522479156917
0.0035176162599860686
0.0021473492025234162
0.008801086899122446
-0.0535123986776932
0.03048599006496036
0.048967766620957455
-0.014846500997402154
-0.02037984447940018
0.003275519293318813
-0.03175241408935906
0.020247555584811516
-0.009423779763142548
0.0012954835833177338
0.0022424616173127394
0.0041717301941882855
0.0027965946497355686
-0.05748967050493867
0.06320383110884947
-0.01746191353284052
0.000309710840318934
-0.014942676961698438
-0.030374685161416642
-0.0303976375204463
0.02499808403662312
0.005517402033822487
0.00015060988770524233
0.036189819625019805
-0.03282266685920442
0.017750680358124975
-0.007522653851769127
-0.014633136037612907
0.06686114727628817
0.0030211917665506622
-0.009257010274035032
0.003564634480800969
-0.006973564757887488
0.007643458045317057
-0.004361302053818787
-0.006428478262068509
-0.005372805936619478
0.0027300467887167623
0.006602014668292579
-0.008213506960894613
0.002582256491359018
0.030591283629860716
0.0022321162053993296
0.012630492674626521
-0.018498388978842602
0.004260404091611749
-0.0013627477173697186
-0.00759292087342734
0.010893985196574762
-0.07227429257004564
