0.04161982194910852
0.012833675291174828
0.04393861425230959
0.02031747376595418
0.023106618541245585
-0.07375977448107524
-0.020609486688053534
-0.00015308217768811636
-0.017771003377273276
0.03491961920469897
1.1804828744804975e-05
-0.03001209443693726
0.022085328887040515
0.02563023662993561
0.059582013836138994
0.020873655868573864
-0.007840902076747345
-0.001983364179729002
-0.005758042499313426
0.022624285359437873
-0.020227941491693754
0.00957954082629585
-0.004411288773392525
0.0002638337294607037
-0.0025483027450081183
0.011160656474644542
-0.03734314634054238
-0.02573898723947153
-0.004421615432691047
0.015820579871480972
0.02584757722012118
0.027777733504422173
0.007683005426414788
0.03311073616487097
0.022734875543816056
-0.009607794060278058
0.010502976510542406
0.03665761067173544
-0.05227034650207058
0.038835923236370105
-0.008309847516783478
-0.02353272329340486
-0.0026078882037626344
-0.016457432538638957
0.010268760404434632
-0.06024648098693395
0.03657962993773894
0.03643379546235411
0.019508492748318566
0.025866617703005523
-0.010591601530285115
0.012788549605382822
0.025499801719944034
0.008487493956227095
-0.02016833726844351
-0.0342662462142466
0.029944759336648384
-0.07125510432540821
-0.009315230172242412
0.00020738854615042846
-0.013297904155768875
0.02358869219408718
0.0015767874907495157
-0.007562919617246792
-0.007215354226342604
0.04249910796065348
0.03416990384276125
-0.003918075495626572
0.04060820152382087
-0.0055198564002526904
0.04116090588356705
-0.013438279504164903
-0.009542482179590233
-0.0003992906067589657
0.006239348032916688
0.014153006035231378
-0.03412590069777628
-0.01878456166797355
-0.01715194789093389
0.014359062629186107
0.0018923504076813564
-0.010779248804621925
-0.012689300929936495
0.040078605465643444
0.022220919800074568
-0.08605618590022619
-0.029238892709199406
-0.03352305489895811
-0.012405431703115977
-0.025189844252181678
0.03228846437104499
-0.012861209155335427
0.002754539201711302
-0.018327428589805076
-0.01831846291563248
-0.0022888126782228072
0.020926325192269876
-0.021012960980208824
-0.01533143888057038
0.014606110926034973
0.04356083545319303
0.017335419276254038
0.04383524321305042
-0.002663671428161507
-0.013695232426544026
0.03634074464640566
0.010199776328878044
0.011870631952099002
-0.007780485204171402
-0.025529698329170573
-0.01993166148557109
-0.05666767014445823
0.03125365653742233
0.0013013567564363717
-0.017423567732055865
0.00029993821321162704
-0.004139197146498512
-0.029512481880698754
-0.01896763866537594
0.014392473699888804
0.03403361735040123
-0.014752823719585728
-0.009337024649049392
-0.041791411724605126
-0.01323111302970892
-0.023733847036097645
0.021793886594895017
0.014588198579734646
-0.028113911327799716
-0.02880135130606169
-0.018677169607592217
0.011440247834104978
0.007715454843452007
-0.0035035341844281637
-0.0037271579065560768
-0.0005639552963884269
-0.008405131332200236
-0.014648349460742458
0.005198243064276441
-0.02469897603996074
-0.024276229392605594
-0.00972836733989129
0.021603056193415605
0.014004250719200015
0.02247527365268081
0.02195046530120885
-0.019440055063643494
0.05448031011684074
-0.018151623927585177
-0.02311516665635028
-0.055561786126483374
0.05021018162864959
-0.015268234810772314
0.02740571050658837
0.017220643651270483
0.012819256407040814
0.0662935635590423
-0.008382069323841059
0.01435435184597441
0.00805853506415729
-0.04304423639924545
0.03151423777233494
0.010297731308699027
-0.0018008459386655929
-0.004441404922943763
0.009503945752484864
0.019353639096267354
-0.007127047567460606
0.02625445633918495
0.011262305178838038
-0.022237359925216565
-0.002600653784528307
0.023159141620474263
0.02222460603292648
-0.0011099511891989049
0.006960520605629042
0.029535546352122296
0.05321424490111974
0.021632439408514226
0.018692942127954394
-0.049585547171099954
0.004869239439380027
-0.013051767385424238
-0.018464550555720573
0.00676925962100744
0.048989519049429664
-0.007416644145044601
0.002913373740010315
0.0018108886636789294
-0.014635125058660567
0.044767900072978664
-0.02272028313133415
-0.0067600045464005784
-0.025973253537444337
-0.027626164740953776
0.01948280969842779
0.006004041752494299
-0.017854165712598565
0.06037918440920913
0.0025252103537486445
-0.012079034951957692
0.02247442751711119
0.004025688499623486
0.024007379939574438
-0.042373342193715864
0.017568139358629532
0.02087941951225746
-0.027738613539331734
0.03280516268329035
-0.0010401011188013866
0.0049265052018418075
-0.0030541330515855606
0.026299035466848742
0.010643012784935726
0.009700553034458496
-0.04240582251970951
-0.04200798482215313
-0.04095070891546563
0.01641031798863307
-0.0011704023032234779
0.021715772113754875
0.0559780754744232
0.009801424487758302
-0.04090347657245087
-0.022736134888906107
-0.028198886016219647
-0.006268818813672422
0.021918577349769916
0.022658371775047315
-0.0031266174991933043
0.01039734523512958
-0.02734602205182794
-0.0009258419486809683
0.0012609915039627827
0.02164751908710547
-0.004562646784022611
0.04478614509324869
-0.00461836136571854
0.012700293726016587
0.04070857418561513
-0.031075281666623024
-0.012283535171092156
0.02380068352290959
-0.01431479777093248
-0.014207199071814879
-0.046280895200038724
0.038818755962281855
0.012514691987901285
-0.019791789354198026
0.0014008324046359717
0.004522283606808633
0.020377516260030645
-0.004045875154181656
0.01213926953262542
0.005699636457483838
-0.01159877484274599
0.06564328973896746
0.00427456546156446
0.009059630347656108
-0.0073247521925327965
0.02178342124861263
0.00028556667812540165
-0.007503383734597085
-0.00781857989782096
0.004987410132374892
-0.004895074531041135
0.047031529286366905
-0.0041738416448837854
0.03954815243014728
0.034069594071712304
-0.007933585546013441
0.00938620338540052
-0.010947715395477082
0.04935089371232844
-0.0016878615870126168
0.02366275503945491
0.018500387396632897
-0.027289497523705908
0.04588051252276235
0.0010783651959515076
0.0016998365934116871
-0.048011679385370265
0.014137983670614196
-0.0050363382725989985
0.02042275690038595
-0.02135216979984058
-0.01014908998372598
-0.0011370686728209393
0.03434641992567215
0.0015497609075252202
-0.0023926618194733554
-0.00246075205584007
-0.0063741146130041875
-0.001589636011702393
0.00620417418897271
-0.003756691784567988
0.010050183049444984
-0.03336001276549589
-0.03759716586960846
0.010030443757461198
-0.00785470836918477
0.05535199067881715
-0.004212410262328143
0.02292940474633817
0.018361914192550514
-0.02059846843268242
0.0011715607807752017
0.03489448170504558
0.0076197745352043315
-0.016883677616886753
-0.022523161347722816
-0.05602059199374543
0.014764634930666421
0.024760968864365098
-0.031361367994175375
0.027117958044291127
-0.002825725859946082
0.008741723771973643
-0.017140532173646743
-0.030720397314325347
-0.018380434950901234
-0.014070959014396296
0.0012453258857543093
0.029624163959116424
-0.029343309488642524
-0.0875834701643762
-0.009031780219989637
0.03454158333033021
0.006641934861951125
-0.008640743203999547
0.008848830449839704
0.014596503436865433
-0.00881682101527652
-0.00174354755315478
-0.05578329493285273
0.011843202553197747
0.012284674144384652
0.020856550058988114
0.006007127817488503
-0.0024971671576586325
-0.008201395447854063
-0.03916869567384764
-0.013797634215991351
-0.04794134431519168
-0.00930254356662886
-0.028748280092593302
0.028711526419625984
0.022324460747912007
0.03480766930990363
0.0033338091399943218
0.012459947332063874
-0.03888218071658304
-0.0030893118872498205
-0.008449937289463917
-0.016736211645671732
-0.022627321611997212
-0.02464103492152207
0.04636919007266575
-0.009746666701524761
-0.02525197174661579
0.011667669373166902
-0.012655832521463219
0.030764652759534272
-0.0069363365148658205
0.014281670513403791
-0.011023354264314847
-0.08233363761466668
-0.023483474088062048
-0.029191499593288664
0.00492983993200755
-0.012463652419547652
0.011995283954937604
0.04734944518589433
0.01823517861787245
-0.017637617641319932
-0.005748719765951356
0.01123303709040885
-0.019475955971431178
-0.009485235580756323
-0.028116344714785125
-0.03977466111695972
0.0009127706981952025
0.00876357384444116
-0.03899237152767142
-0.009214519552687163
0.088115242268855
-0.008086210325106452
0.056357826231636945
-0.006598233868681496
-0.022838369026851997
0.006931574378982377
-0.00776113383041671
0.10078424963164768
0.0010007893303182577
0.060065517426086186
-0.0024987772301141823
-0.0413129779143005
-0.008741607719160651
0.0054624163718035145
-0.013047940784478778
-0.02897874220440156
0.007495420976883308
-0.005999422846431192
-0.0034947034842892147
0.03508774696691165
-0.0324151274539069
0.044215532564957985
0.007049507608394177
-0.005420903674132286
-0.04437346615440029
0.0020097858487376622
0.024464300557416607
0.048651918087173535
0.014827704763469422
0.006181887455491306
0.057931849144030684
0.048417437211362116
-0.04821561802236032
0.001653082571477718
0.023970973183109544
0.02138045098701949
-0.007726656906613431
-0.0037273700751682738
0.007811419877928816
-0.0490483509599885
0.015201768180699588
-0.06558594970577995
-0.018904891169745645
-0.001899589668163078
-0.006766654877327376
0.013935979825674908
-0.04438031666168846
0.016865863363539187
-0.008340707338584644
-0.003902917637173324
0.0005498044230643624
-0.0461962480201392
0.021990789957565884
-0.015704434967102162
-0.009428509434161127
0.0011949401473670622
-0.01752471206205462
0.028747836296516203
0.026025952094030146
-0.002349386493234891
-0.03021287499750096
-0.036398157780583876
0.001776126795046322
-0.009294499014643085
0.004751438165806392
0.01190577075921798
0.03521271029469051
-0.013353448107099928
-0.04921340683283848
-0.04193043323594904
0.00488709625645684
-0.01829085486556895
0.05406874106367682
0.023539055895368387
0.017445016192234864
-0.015609612271869393
-0.014625559955206365
-0.020002600843640892
-0.04685910786417063
-0.008665634394852722
0.04753477354531798
-0.010880384503933154
-0.04093768066506066
-0.010843932340359666
-0.06114395117606
0.0010148585848557938
0.010314535933341362
-0.004648953564875802
0.03978559828189694
-0.022468042681126284
0.0026111504586194575
0.0017188206119204865
-0.00894396555511941
0.05578062731011383
-0.04383957933325579
-0.032863191368411475
-0.036356234979618304
4.599051951705261e-05
-0.008665920509658389
0.03919519878661941
0.0058388920563124894
0.0360238870408471
0.0031223934132797956
0.0036022227464413935
0.03848423976866285
-0.0008541066724118333
-0.017243628352286662
0.02570686555827258
0.03614343512574587
0.006112773525715213
0.0490557814481179
-0.04106468631860709
-0.012610083082714817
0.015730929958181088
-0.01696010688053007
0.003814986878808904
-0.0060414516139543645
-0.066336182416556
0.003320973215673371
0.0061472299597742745
-0.02475614162367342
0.052462103519176746
-0.003497382008036798
-0.04780916481899021
0.016794802807839102
0.020526631608014243
0.025088546871804514
-0.005695916360937786
0.02102118095823577
0.03285676939644249
0.019877238848463354
-0.04068804742089264
0.023104328001259864
0.020175316671095223
0.026819155915449935
0.004618290025123371
0.006693129744681698
-0.04502703658405729
0.02540249595250706
-0.019611068917276493
-0.015074237831812769
-0.057226539386033434
-0.0015730720935666184
0.019658726717206636
-0.012817973026312079
0.031963356671614276
0.002537768222400716
-0.01239065085872442
-0.0345196753934532
0.03234885524094724
-0.026890700104071085
0.0003647267703534735
0.002243837423828068
-0.02659645235292299
-0.004725322910712076
0.03595545053992164
0.005771045512172498
-0.0004244277028707605
0.04328595913339892
-0.021020856251722925
-0.06754497896637816
0.06203467930967792
-0.029362031955048877
0.028289029348013764
0.0002540846329365311
0.039735348386752654
0.006070444199876504
-0.031638623656321384
0.02529839990945795
-0.022515445239880773
-0.0016253639452622507
0.012964726738159677
-0.007952720296379948
0.022429484199152794
0.01642356902841468
0.007743561805284112
0.0024793309540480234
-0.030677035044936397
0.027896080962241273
0.01723505457610921
0.013587650360774181
0.0006312283076728848
0.00064449435695237
0.044528138933524405
-0.00680197946800812
0.020018559440316504
-0.04411554492923732
-0.05625526147302993
-0.019118574190045923
-0.013016018113104894
0.07100066644408524
0.03348367740528281
-0.00957021055948403
-0.019169177130688636
0.02492231430580694
0.006387690974460534
0.008875715296517228
0.013480991181746702
-0.038113654578560384
-0.0075636816256478175
-0.010499340931025137
0.02219647329335644
0.005692069868796429
-0.05159154803980106
-0.005144130392188411
-0.01129427807313782
-0.0005842034407588513
-0.06668334617317076
0.019689942695207883
-0.05329742281423738
-0.037346728847524935
0.025958901404947297
-0.023855117057893577
0.010473953061790857
0.015641495121138216
-0.023310876794608252
0.023045128132711132
0.008529404224196995
-0.007481706746391313
0.03577917547998172
-0.029674609491752723
-0.012134970775421321
0.05197786742474441
0.0006308360076788243
0.005336753108768098
-0.025491544670685946
0.020133529776740013
-0.018082929989784786
0.0030973221104907468
0.03826163410172785
-0.011685479731565437
-0.004134483491454898
-0.00981488495196658
0.011540309374850104
-0.050910469810796145
-0.023533208652280327
0.042896013992538055
0.03050754288313218
-0.04030479683740653
-0.027247381817811018
0.01381373501894213
0.008438896111963832
-0.005548244414301964
-0.04151873490137154
0.023425427977060872
-0.00635906354743165
-0.007665672467859194
-0.023685364786939982
0.07538702705977728
0.0009403118518067172
0.05085232880015842
0.010485905919765875
-0.022460506128672647
0.0343286895874029
-0.007708026829644577
0.009669159748871649
-0.0047292343132255875
-0.09185089720585157
-0.056010703093579854
0.009100363989919025
0.020923684496467254
0.018978137274829845
0.04956891728889499
0.02187669316974872
-0.0743463423851751
0.021075947665820004
-0.05442513128571606
-0.04239322553741154
0.008348095526744457
0.007319204044069881
-0.0184308728748755
0.05114163821496115
0.012671185783218818
0.02346638268146815
0.024662040866349794
0.04451308706222163
0.001404904801480383
-0.002397232078799427
0.0774757729330415
0.05169061102439875
0.016450459070069718
0.018542396722857547
0.0006690315842343718
-0.008918554383624737
0.0029305959787115253
-0.03424446542203062
0.016361200950878906
0.010680758415560735
-0.0477455442246022
-0.002977999150944758
-0.0436161046264724
-0.03183931938135429
-0.004418239109315221
-0.016184742434386362
-0.0003727868171431586
0.05323061591913254
0.01563170965822235
-0.0253324069271595
-0.04866589421924289
-0.024849529284570872
0.0030775090538606633
0.007494652351461654
0.03161114032195303
-0.0474884534545585
0.017942595203729712
-0.02931305227137706
-0.003975099301215598
-0.004345134204150259
-0.05509016525492554
-0.03751058607551829
0.025586900685446577
-0.01198597397055231
0.010567688080298758
0.015093400865751172
0.04640767140445234
0.03817179660737794
0.018631181360485357
-0.018088388566169032
0.09164097033926603
0.03454393550196165
-0.012768440656459634
-0.028664192274623416
-0.035738474398627464
-0.0097228952630118
-0.024059507226126636
0.006942077356659224
-0.016965929394044618
0.008974297523762735
0.05654578403530281
-0.02571342518830588
-0.047329774845054476
0.005595859982105763
0.04767434085088115
-0.018256190052545952
-0.017258116027270086
-0.002062538346715484
-0.01532390196637648
-0.005100492196486634
0.051363800042865046
0.005671392691683815
-0.014361493901855867
-0.007077777780191066
0.005016809489138759
-0.033387793166144625
-0.032691678809205156
0.00199274822663514
-0.04201073326998119
0.01697227311359236
-0.0069837739297374584
-0.034895906501077247
-0.022938712498498482
0.017567701372634182
-0.012276567923575423
0.0012818312710579723
0.042063165833198204
-0.01704775239020489
0.030687587255039037
0.013744494826895947
-0.006553338797218666
0.019300980911697782
-0.04827090286845525
-0.012968261012885349
-0.04470984947446125
0.006408234757585347
-0.008059980889289102
-0.01415853023957132
-0.021160856044171544
0.003345556061276738
-0.0134444256122057
0.005130345379733379
-0.012248701437493193
-0.0341721711366959
-0.008233922369184583
0.0997326252580694
0.029938840462464342
0.029128089115216218
-0.02163626875940215
-0.04854975349680112
-0.03553708706322847
-0.05098775148803868
0.03853189696473477
0.0008516838593556181
-0.024730994122090948
0.08503511387742928
-0.18059865380462217
0.0954020437630901
-0.018788843764965084
-0.006430837949180419
0.046679191646181416
0.011121035769455282
0.026932299778867103
-0.02981319722019449
0.00880796873055356
-0.01482898878543289
0.013505753123018953
0.0017202271074068412
0.007665152722314295
0.023628049453173823
-0.0019952254840235606
-0.0007425659723074266
0.06135646557767184
0.010461623950510698
0.020190111750549092
0.009913708568738928
-0.019791904844001017
0.0033206345408446094
-0.026892010793158814
0.016995741498478344
0.009346133318296585
-0.009595281553621613
0.07389148088537305
0.005946640614242269
0.0020801977266432996
0.009583743072466651
-5.8339844201381494e-05
0.008101579714923078
0.021608174312288297
-0.028747558106230364
0.04114545652918912
-0.029682632742606668
0.03764002116912095
-0.012349695791213125
0.05825790607459432
-0.009459246416008694
-0.03352286715398708
-0.0288335497959111
-0.017894139571212428
0.013762495719662133
0.018748709853570713
0.030981046578693692
-0.03002831384284094
0.02050085113277222
0.032902182649720536
-0.0448108268351628
-0.004276418323722467
-0.012858746811213528
-0.006284544748318152
-0.01422010710312453
0.01275339130702461
-0.0430434716189034
0.012701688997131259
0.029672945307649173
-0.017098952227162144
-0.046293799437517304
0.028442301980879547
0.01950878606065895
-0.01018577189372633
-0.0072687046694637466
0.0364703622876977
0.029973408315004932
-0.04702062123137223
0.05619455580917291
-0.019637259538057197
0.028642746638600565
-0.011206241356277903
-0.0008641170263758684
0.011317162205280064
-0.0016724800399307135
0.03258870805621192
-0.012009949848190728
0.027535153522064024
0.00173705137885791
-0.027814932770579507
0.048723223080353824
0.01950985394491031
0.016057937426686788
-0.02014418132354326
0.012865620749093639
-0.006461041299166986
-0.015398595292247647
0.020813984335381317
0.04463849524644575
0.01805029219195354
0.02042610247464667
-0.019874016173742248
-0.028355189793273824
0.03291146552797456
-0.011905373645005012
-0.03296454130606598
-0.011016152886947723
0.03633292119108168
0.05062386728266658
0.020385084693434793
-0.02833606659077195
-0.007403247034672804
-0.016396047227381434
-0.023084911068213934
-0.01723545396367475
-0.029864271285532578
-0.04678826896256803
0.03667900614938656
0.03422299144378552
0.019316971372553695
-0.008892568181426199
-0.039328284591749245
0.05590255789807478
-0.006415230670914569
0.044730208144217014
0.06537267969154703
-0.06365758545147009
0.051780179805685195
0.003420461845712329
0.02995626558645015
0.002528846684813056
0.05924460271416544
-0.027244102203132548
-0.029527269231910198
0.000667029039868944
0.021111432398434143
-0.000643938323802998
-0.0013756736672540341
-0.019041957466230164
0.024011607633820174
-0.02761610008436441
-0.03310991494502096
0.03469795024364237
-0.028243748722550317
-0.00037561446041092404
-0.02525533167255243
-0.03260539660714982
0.0045646344141013545
-0.018042911797763354
-0.051636400456707886
-0.037930167172057425
-0.02325894684258397
0.011038006368075908
0.0014030650456268894
-0.02786007103125372
0.011065857356467996
0.021148308041831796
0.003281321617093401
-0.03941269739765141
0.028811420601202006
-0.014620688928483372
0.024352115547137728
0.01837994155573554
0.01613159840417033
-0.02218778133669488
0.000606284270225192
0.061239142887183066
0.002050861346118841
-0.027008345368705906
0.0008139329339140208
-0.0027356536489533327
0.002074657764064612
0.047430250849681284
-0.030885596155179464
-0.043139433657915185
0.019784997884480557
-0.006272094194327365
-0.007447050962249002
0.0005965651267577538
-0.005211911895680035
0.009263337817643533
0.014202640030523952
-0.05450892049022844
-0.06509258967640402
-0.017015966952054307
0.0241194825151432
-0.0013108077793015504
0.008449902756691339
0.011457583055634026
-0.016511030373810204
-0.030132350354965236
0.048823947257347296
-0.031419445913931414
-0.008248620267362452
-0.041116982712506384
0.020167675388104597
0.010683213126627148
0.018610503774705477
-0.010694613041457362
0.02667696140505796
0.009544373512229908
0.06422367120131608
0.032027961177898745
0.024801772712199004
0.011811526457276027
-0.015741347226896726
-0.03588306340260724
0.001308664089278346
0.005868408961560249
-0.039259840044692566
0.017853089754047216
-0.04672852875447269
-0.03597615448886266
-0.005274357181442698
-0.018983031529866298
0.02801409312953283
0.015513580612605929
-0.018957745862422003
0.0006292318020199604
0.02226824775484815
0.015354231928272103
0.0157859866062615
-0.024579212402390766
-0.011260129589034234
0.0455179043455654
0.023475704698703
-0.01575191013910241
-0.03195911031908689
-0.02761769045581526
0.013381922401974217
0.007155537234699737
-0.003364450777926496
-0.009219698311613322
0.0067868681282401465
-0.01284578881787938
-0.020716961832083637
-0.02183840336910789
0.013114274782336132
-0.01489526810709991
-0.020026591678590305
0.0020535259854265516
-0.012933672833138805
-0.012515590080606745
-0.0008777229793403561
0.03518325778936483
-0.04816148666534027
0.03308646821482382
0.02729582910933793
-0.010758885534416287
0.01988379684523454
-0.03379242315833613
-0.033635551850217445
0.001407915413176308
-0.03187859483258855
0.0113024796711228
-0.008089338871140616
-0.0263508201372817
0.003624497112247693
0.004011547558204913
-0.004899163869878245
-0.02403805790936808
0.029598361799867665
0.020659172524644675
0.05486501124614318
-0.04543567619119033
-0.036589366572133374
-0.045138790995425254
-0.06365537717252052
-0.013373368983644884
-0.026632560356329247
0.010511864482664847
-0.02549776528126328
-0.001062692639098836
-0.018163561079534374
0.010333167947550551
0.024095536268483393
-0.020393372003613953
-0.04861716216322236
0.028248150547224734
0.040352892370730344
0.004212392511124473
0.012689485026756795
0.020150892204082907
0.08045793582468452
0.03284449890779533
0.018314331610676894
0.02429216037383739
0.042575462084243634
-0.0013492804122483381
-0.009545362305695988
-0.012588138009266177
-0.01291369701283061
0.005471897027843978
-0.01771746785301309
-0.005924364794574148
-0.006950514690360616
0.07069765480009894
-0.021202496428443327
-0.004199467454014721
0.005670918856226009
0.019006191555848685
0.05650798347114775
0.048623891100507105
0.007403546834436452
0.0072594516971565045
-0.015569316867416116
-0.025010108477959512
-0.018299019940231784
0.0032259910557316503
0.01689118858783001
0.027527635078450786
-0.006294670983113927
-0.028688488319762864
-0.04232111582657533
0.013169059886014597
0.007742726075629781
0.00930617829364019
0.03248299133245559
-0.03154989490134787
-0.0656823037310529
0.03933244114013964
-0.002144952264561233
0.03492685159009029
0.025367018920253784
0.0409122906763817
-0.006720982028109078
0.025604507574470508
0.006560828401660325
-0.011853761593636465
-0.029028420167808662
0.011904805663421338
0.05081897879198541
-0.002684220786443868
0.04255146902272541
0.016678653421706574
-0.009833615520107803
0.053843034402524775
-0.02627597026750481
0.019255033182612232
0.000755098460805569
0.03237484260880151
0.01446091816942882
0.04631167691401651
-0.06400337190132831
-0.0010273198354383004
0.01911910381289136
-0.03548852552340633
-0.04968919280645032
-0.0009487658950558497
0.0030577163337235686
-0.04548882785274176
-0.058774632502289495
0.05048821741300498
-0.001452184345058739
0.034053348384779775
-0.03271402848295952
0.003285924831236009
-0.03799340832728541
0.01405088895282252
-0.02178599942581723
-0.057790681856085074
-0.06396175564727
-0.023982748848656088
0.0035006377026834045
0.01799145976693389
-0.015792737474881354
-0.00451201219859642
0.03809103731689228
0.030538199641589294
0.02000007014496417
0.027931453599558457
0.020045751919846866
-0.02013283794243404
-0.013945917642317108
0.019912315374976182
0.03627758111971388
-0.031003211489944393
0.013883708425512986
-0.033337780561895555
0.008497733211000202
-0.0028028695189582314
-0.003585153048962738
0.04738108764957528
0.03860922922405494
0.026539622435779398
0.003200080812258653
0.015385405881824517
-0.003169530183666391
-0.026878780981270552
-0.0017542598651292508
-0.008282872715797394
-0.016812994840603147
0.005714385161969468
0.011175560260206946
0.013614132540177935
-0.04421106702515938
0.018070303694150244
0.001276365080307072
-0.002007832018810703
0.007559492418449297
0.005713266871690882
0.03912989902040593
0.02075864545878866
-0.013636038830362823
-0.023647286790650625
0.030601708324804282
-0.00918815735528718
0.0377332023213332
-0.007716712285780817
-0.005017569707134637
-0.0030071639878761023
0.024640940311799142
0.017686445374706553
0.01619986092879469
0.041129724768839214
0.0377277407800272
0.0058782863558722
0.024040567042758514
-0.020877413919598593
-0.00983257485637549
-0.04321370763856204
-0.02312850495121704
-0.015158776395154547
0.008900168551655778
-0.03349559325970536
0.013144084862295293
-0.055920569927357736
-0.01581536214531898
-0.07998599192331186
0.045031371526414905
0.004387824773472562
0.03351102324691937
-0.04230964950387
0.03660720794746495
-0.019163825476448227
0.009657946267137181
0.03730038396977437
-0.006122486849147245
0.1087485998243584
0.0025737578839278435
-0.002771281029355782
-0.008014859729910109
-0.03338420184548519
-0.01510219587477911
0.017408565985025885
-0.005535312738863058
