0.008392486231556806
-0.01927212380959937
-0.02395719574245878
0.016789234880671647
0.018842521300421303
0.045088586103413354
-0.0158948876434076
0.011373994664148039
0.002031617172060816
0.02295399092995169
0.001064656170009098
-0.00048291693943171483
-0.005916596979333292
-0.03156716176743448
-0.0006038842594022487
0.022535673179570174
0.017591766338242863
-0.01861603500051618
-0.12340065836259792
0.012616624032128208
-0.020703113163009577
-0.050615512729383284
0.0016425062153098094
-0.003287783957403407
0.022042003496683817
-0.03518067982059402
-0.003375757472797127
-0.035721172476241826
-0.007073212487784787
0.057110747181752776
-0.008514051885213269
-0.015052506375713169
0.036635882663140364
-0.0011823770044447892
0.05350078913479734
0.0007468923519860456
0.013289053866863604
0.036363784537466595
0.052500181834924935
-0.0014790036878588452
0.03670305151848976
0.05109251346081049
0.009541463313929511
-0.01493826305653329
-0.02143459488165733
0.0044974026288132464
0.04075683776272517
-0.010618238910945722
-0.049459771247093394
-0.012014121179618127
-0.006917480666189523
-0.022212351983545806
-0.010131156321063555
-0.03357514804033851
0.010360444087708169
-0.008152347940820957
-0.016092919084893288
-0.01799929020591166
0.010445912413376644
-0.0111720818925665
-0.02978516577325328
0.016958484792409034
-0.01800764200139747
0.0129566665622781
-0.015159086382989373
0.005177210675615111
0.007217088963357146
0.0001514957945702852
-0.022071182958014603
0.0012653109997098077
-0.010955820884286675
-0.009644046650098768
-0.027995470227764115
0.03244837847010622
0.008888198719867409
-0.019085114052091515
0.07548356430186111
-0.03517161564942721
0.03582545235218976
0.019045883643912607
0.008572831122824802
0.002452004913152573
-0.0012609006777595426
-0.03843987504299698
-0.0035868319904277884
0.010133547644229557
0.00586350208085117
0.006919251218592053
-0.040383336406801515
-0.03387601288497318
-0.004490514504526713
-0.010844384778806391
0.010948099632419248
-0.01504520007224778
0.03331375116416458
-0.00905576508513795
0.028971212051222696
0.0064773579489944355
-0.0041213553553795385
0.026451770241856576
0.05575341066126078
-0.0056698207192064295
-0.009136374967335508
-0.007517841597394812
0.021840941794287593
0.01303079531406971
0.021656626315001398
0.002379177030607204
0.023619057949322893
-0.01597830154100758
0.024927669182422132
0.005567176853607342
-0.013968835024466832
0.002036313856347144
0.004681872958717133
0.04227102020262371
0.011589990499159547
0.01822824687018775
-0.01883745466047754
0.007005115509561679
0.009115636045957456
-0.07204463830013678
-0.009672504732608353
-0.019829765549496614
-0.0016190082388866285
-0.014930789240573332
0.0035556162547574644
0.00043901155892146483
0.0288372541719141
0.0057842704270106675
0.01021459035930931
0.012211810427149854
-0.012223530251265746
0.00019092700846264576
-0.009929384236545023
-0.0113004523877336
0.0192220978136883
-0.021947092823083856
0.002696059299247957
-0.0062018869454028795
0.028212702212500964
0.00024845182628024416
-0.008782647700913164
0.006389103249205671
0.0016129653097690314
8.446474569761597e-05
0.06900593858972799
0.009037468517605647
0.00711298457757345
0.09099544698399774
-0.0018952100218544202
0.011280661429286324
0.0338380303961898
0.004039236464546281
0.017329188334227214
-0.021469098655129998
0.007977719181965586
0.009946397638179706
0.053019680112657945
-0.008351578989922077
0.020462519379265985
0.004927961038535659
0.014087889749711582
0.03805001701091708
-0.029039979575438905
0.012828218556335577
0.027606469161954916
-0.011203508835482398
0.0012193386161270512
-0.011179566532149082
0.005009573676196224
0.012112484864475637
-0.04553508307564548
0.011653193165581211
0.01181181035782831
-0.03880511939334067
-0.01334379008935229
0.12074285087610127
-0.01519986988021766
-0.005591960295783614
0.034760531877273924
-0.028237458509397934
0.013612953132677212
0.009163328153126097
-0.015397543366863666
-0.032368900081882125
-0.07393943503111441
-0.006388945954947757
-0.004135408576522142
-0.02072513769812217
-0.005707094718417097
-0.033205345765294575
-0.008107393812835125
-0.06601583508665937
0.11634112750645645
0.023020560825453916
-0.0314567744650602
0.003762272306101363
-0.04888854397207464
-0.05925432336999909
-0.011750744508272942
0.0061674251917480495
-0.10104016314614375
-0.0018659754177061136
0.013832525113444323
0.08966310678943751
-0.009876180234646731
0.007218151987012339
0.019701736670186324
-0.036517115683834096
0.02501975454478452
-0.006576850220945082
0.01682296633038922
0.027115816394558567
0.11841370652874933
0.01429180371234244
-0.018124850279152307
-0.0222159259820964
0.0032516150445172
-0.009693337400031395
0.03575382818947548
-0.0014649907093862585
-0.0048427264640252
-0.009826426823179047
0.0042266455667214105
-0.025781503584731285
-0.03500298062523482
-0.013685015687297143
-0.02818704880996783
0.01396193991067913
-0.010600716675219977
0.022288965705217517
0.005028741670333188
-0.02646368842749208
0.02438444571434113
0.07146438329054959
0.002311145377113592
-0.019514047120505352
-0.004144952353097629
0.02114017165211077
-0.02513182314168839
0.007259728144048541
-0.023851260694300012
-0.000843349579446996
-0.049827450398802056
-0.05219341805701117
0.0019236672956784119
-0.03931096231897117
-0.017633051917067086
-0.0125844380201931
-0.02022622195961726
0.016585734317681417
-0.10559373130264933
0.02308598305464703
-0.011007193311536375
0.001410357568723291
0.08351289689499394
0.023507261031409255
0.006535990440285236
-0.012381462543935922
-0.008010671665430453
-0.030824767267486265
-0.02070551282052888
0.011515528882186345
-0.060412189311393576
0.026781702239099623
0.026622084676793778
0.0014078148209699733
-0.004862349785663862
0.0029268406078339832
-0.015543728923277014
0.0408888239572594
0.018604121946215028
-0.031281005632008266
-0.01178729930256057
-0.00417798084646528
-0.0007195509465477339
0.00918061687879701
-0.04702245833893823
-0.030552497631941976
-0.029521714919848435
0.024542959267558548
0.011266033315824181
0.006815508027469604
-0.023560373582469454
-0.010931788876960965
-0.002267439984921666
0.0995794405025629
0.021321524596089995
-0.0024543043930940174
-0.025162345180964166
0.029009568773975175
0.005088906062558062
0.028888803104515613
-0.0004423749702179745
-0.01352327019492505
0.00956161679500119
0.01776710652289942
0.038647535609877395
-0.02711659477838817
0.017967364238333724
-0.021323102748196154
-0.011106814241741756
-0.030412537101782385
0.0059184050600922114
-0.009824429828600678
-0.033716221976732165
-0.014200539141399621
-0.009227034742127075
0.008373031040275125
0.000768442126707799
0.0015695456884889825
0.033758955550271065
-0.007853082979780525
0.023829074065535864
-0.07561750557051423
0.02155218225354074
-0.0030766354191139804
0.025005431661718987
0.007235985881055115
0.05287560549098921
-0.021732409483060405
0.012912564781313769
0.010313665520256298
0.021893794261494192
0.009434061672392859
0.015884712021363344
-0.017753878372035268
-0.007607452722438483
-0.022420108915764222
-0.017089204123350882
0.07073177564430858
0.0011632505972161268
-0.037249463393966724
-0.01648403282296965
-0.052289174809799374
0.03955844350641825
-0.011559129073892498
0.017260066473303238
-0.004348374938289002
0.011299850193854417
0.00609809022372451
-0.00955165796413981
0.007124568509763031
-0.01274301493509487
0.021204867534526065
0.01800138514586959
-0.006135680296924269
-0.02107066957566048
0.04502904896120652
-0.0017145969207325988
0.015042859961235396
-0.002238765606737377
0.007885703380618008
-0.010308842151658086
0.003778028531404676
-0.027507126140678854
-0.002580610721083756
-0.056454688090791474
-0.04429265592642467
0.006518295419112539
0.061694160127468756
-0.026061727228262565
0.0021902053498954062
0.003984120760643519
0.002120116919285961
0.019228353292630646
0.004950267446975377
-0.03191765944222636
-0.005118830764384135
-0.06037527641042435
0.0208822137758568
-0.024556716871417566
-0.007007757199092628
0.029477332348978126
-0.022399727255508234
0.05166245891610206
-0.03333641229057355
-0.017582159167459633
0.007015853607868586
-0.009779296488548994
0.02948491766812437
-0.00046349649008697223
0.006200997330894969
0.00811717775656002
-0.0052956020067186525
0.016012068897095878
-0.010501078093887518
0.04085904921992941
0.016302665706303676
0.0037421264194978585
-0.00999882077207594
-0.01894213019342007
-0.018427023003186827
0.0009529799560995067
0.004498619901148485
0.026211659221654755
0.035670029983405585
-0.0110379842297362
0.03915285525661727
0.019687086533850623
-0.03343489926103838
-0.008948390809054482
0.0006995429323749588
0.043879114547128506
0.016268689711401836
0.014522157517151389
0.004282783273643117
-0.04580512377790639
0.014771082014696976
0.004822720104389796
-0.0009623273699540943
0.007527553999263381
-0.017321139142131917
-0.004679805055817622
-0.01593815172702174
-0.015992300763864584
-0.00520793206266686
-0.025142959524235124
0.0022313486749471426
-0.0008344233903898938
-0.13185014784347193
-0.0005822017774089819
0.023094651747991194
-0.03545384869147128
0.01405849357546358
0.0016684556473592171
0.01573009333855926
0.010974462734975179
-0.03218394619479493
-0.004930774627881612
0.002741219321251904
-0.00585469354199135
-0.009666486176519848
-0.005891594495359102
0.011770972209047083
-0.020043540704434256
-0.00265701934436762
0.016359515828869745
0.08651492743137465
-0.003747396157152434
-0.005843245975163255
-0.004229051075017681
-0.0012380319719561101
0.05714342325471345
0.011134620166712215
0.036803844996485736
-0.03597338273147244
-0.01183932835298732
-0.034007590106745825
-0.029951465975321737
-0.0018847920926202736
0.055394870989375795
-0.04021674667248562
-0.030652016316277054
-0.0071972777647577495
0.005948549667820995
0.006133827307390606
0.03616705721758827
0.0027270855645199384
-0.0005590727387949591
0.0012795100583483426
0.006448297787586735
-0.024844139920219256
-0.005263474470471387
0.022187372067853105
0.0017101056387827417
-0.005692632307589005
-0.00835309892287275
0.0033027249185311235
0.028240693223074476
-0.006741451884899999
-0.07280172318957238
0.001476079838091411
0.014152432946439706
-0.03361548841192539
-0.0004878729065115042
0.015969275510485447
0.011787948768821038
-0.0005149440506333796
-0.025113697031234714
0.00686315570687034
0.01708366580271079
-0.000912787430643059
0.014249699969753393
-0.014259782917258825
0.03076157465025576
0.01456916390266994
-0.03503593756876602
-0.003894741190508444
0.03946632575197658
0.028542230955326164
-0.038494571092005714
-0.001428817673500371
0.04199098481334518
-0.006037332905060595
0.027331972453485554
0.01006462643447264
-0.016622087319761815
0.06063128144353464
-0.009616274813683474
0.009590233472467374
-0.013621081685331726
-0.013151328621871461
0.00345912389844274
-0.012046731394402366
-0.013345466662306852
-0.03665074277688521
0.014526597445591134
0.0017925663502287468
-0.020854798823694842
-0.05174777822353759
0.02685606952004494
-0.03238969127509098
0.010528647897980132
0.006498687594279052
0.010555915359090473
0.010628981265046434
-0.0050949543864617485
0.0003315744869209041
0.007299530137022206
-0.0349117243737589
0.0020936627791168414
-0.032080158429851964
0.01546296255289704
-0.00817502291384456
-0.00793066997084752
0.0116774607322322
-0.021975059921489466
-0.014478293179475667
-0.008414218543608099
-0.0031164353488323322
0.04963784539293988
0.01820978387717449
0.004118738312523791
0.0218396468456737
-0.019456843839131547
-0.028667902168322563
-0.007388068655557757
-0.04886703382639107
0.028256717180006576
0.01717624334551393
0.004660388320123078
0.008224065619491018
-0.020189886004399783
-0.015877228074356837
-0.0015365404830775733
0.0043968944256084
-0.02007333127149068
-0.010447057177868977
0.002223263150593604
-0.019678676201322614
-0.010120294866534658
-0.010462999530827695
0.007292212328789832
-0.006039135088726383
-0.0035879883347559338
-0.007315748521808891
0.016948719503691485
0.06505984419901634
-0.02131003218017077
0.027105423236828796
0.007848498266802945
0.00977619580053432
-0.03215118168397305
0.018986178415591144
0.009968063303660887
-0.011278167416206422
0.015449223572948895
0.012886697328844185
0.01233043385063711
0.022328135893845236
-0.010600261775019729
-0.014404467240096343
0.014427468483797367
-0.06201487281070045
0.013188455067872265
0.016120913828141112
-0.014882637828719975
-0.0051320950032108775
-0.014286372691563064
-0.0442798553519824
-0.031283723629644725
-0.033318665784607154
-0.01650887624262081
0.10563653006324551
0.014285942974481299
-0.028969620257449473
0.02226601912140661
-0.017241199671154766
-0.009105459944715113
0.011238816064515355
0.02783546040834133
0.03172555369008211
-0.01772579546861267
-0.019232270786619102
-0.04130688504574112
0.07019884251343424
0.0239877414946051
0.06282766745365762
0.01243112949259234
0.014799996104225287
0.0025888540759336897
-0.07894386016031434
-0.0019041204923999175
-0.07499372368222348
0.01555129365873098
6.495348420354878e-05
0.07515114463507337
-0.0033325977778054104
0.008006475987016322
-0.025099673153975394
-0.01401687610843605
-0.06400719720199574
-0.06461428628576037
0.032664973028241145
0.031858577385160576
-0.030160913355869092
0.026962604971058336
0.02047133296876839
-0.06347749913178832
0.0020126859357484025
0.007276581562099941
0.007744238068871761
-0.016283870355611525
-0.014561356155992196
0.012592361193792876
-0.14011299377238245
-0.0037079160767154212
-0.008492232996304092
0.006574656779605959
0.011681024893519838
-0.021784473079236748
0.011974049302985717
-0.0391738201740251
0.04770205021289288
0.0031996819420624005
0.0131844665961346
0.004643960538110629
-0.04419120662913788
-0.07175228798683887
0.042428369648030366
-0.03585164182724729
0.020057131396392147
0.00017458606311860728
-0.001346925361678362
0.020789279459721755
-0.004132396320361378
-0.009633942238426247
0.022424675561318306
-0.006554150839483749
-0.006210515108884871
-0.028804219435925416
-0.01239934091544016
0.005297397893408419
-0.00682212553694075
0.02634776472789108
-0.03621515344336703
-0.013939461120610962
0.02829423525544227
0.007174974519194317
0.003098014803310294
0.04049183082785004
0.001900535322858363
0.0132868716577333
-0.04096086156511549
-0.016329552820055125
0.04728503570976608
0.005639540078486079
0.004868816279229568
0.008926495546145522
-0.0300504289315215
-0.027637604424229075
0.004315188283767762
0.019982672179540844
0.0010069451687899488
-0.03134008489869315
0.0016478971208903786
0.06723612489201061
-0.034241926061239686
0.006464783185123704
-0.057814260880816905
0.018654878232725314
-0.002465006357322429
0.017378027954799345
-0.008245989487255983
0.02674018502465946
0.002109838352278193
0.005100077656376522
0.000306771080537245
-0.009625769757363045
0.009519416840448132
-0.006595337440572575
-0.033912640705902886
-0.03387189562011562
0.0033120573236391357
0.023272602337298633
0.005168210081184699
0.004836622494130269
0.01907156425616884
0.005020442275767919
-0.0017892187291241731
0.0050350158744895835
0.02410557130002259
0.01189036669984396
-0.02224540016460094
0.0322055655144359
0.034609621202775005
-0.05247657670410083
0.01642788467916124
-0.015376513842526147
-0.017951604716576555
-0.0020683807172202427
-0.01090986914226982
0.0027721363168563937
-0.00979813196564253
0.00013202265936454872
0.010707028548428425
-0.0017866204269867956
-0.008867288079129171
-0.02753424460626441
0.03174779061286297
0.0029497400511279454
-0.009896796310229907
-0.07060469689229418
0.041380031035762585
-0.027210658112787625
0.03206828589842613
-0.01745582369061279
-0.04143448621377745
0.020988516423034873
-0.06680631899743836
-0.005238639873570221
0.015280375766877435
0.011736005066895443
-0.037916592365251946
0.024527568294334993
0.03776949103782197
0.003077867072762728
-0.029370356396422995
-0.013435695838501327
0.00042569843775568274
-0.18126499229649715
-0.006589208720680818
-0.04726314917840988
0.006219986838304451
0.07554615337447265
-0.002682302525275673
0.0043012738562647245
-0.010561255893395276
-0.12495149924442867
-0.01499277020107006
-0.010634602522017289
-0.0135221917249088
0.03974370190261735
-0.01797160349791491
-0.02224403675140766
0.004722081648971376
-0.009318908709970318
-0.0031253685905332845
-0.025277275779476752
-0.03695615819412035
-0.0057493949914757154
0.002592671911884248
0.0021971559048377903
0.0019372651703809174
-0.01896692129432815
0.004900970519806969
0.0014265777959621003
-0.014179561544295526
0.012331307903991574
-0.0025210326550513884
-0.0041801255203191496
-0.003392365558446633
0.006760231768017131
-0.011035957677819749
0.0373297768419528
0.025445158780743094
-0.018820183244266025
-0.010165281785796502
-0.049115091876954425
0.018665384342907626
0.005234686706185169
0.004351739290782329
0.013954189616813084
0.004313396884591915
0.10452229121336659
0.009728626290609227
0.006480663531026485
0.013127959906245776
-0.05686743396922984
0.008742722062629363
-0.0029772945622400715
0.01997525922400753
-0.0006850102552294381
0.010963865343329049
0.004600013023584636
0.023384028114190564
-0.004218940785815307
0.008674915871498535
-0.020180075993706772
-0.0019338310358299126
-0.031260349432776335
-0.0366293686469115
-0.04699077996185989
0.03183558428592725
-0.023638322421970344
0.01891998745317258
0.008161958405981783
0.008836670504774375
-0.018659560640608638
-0.021197299085309828
0.002457754805187678
0.004492843821467751
0.0322032484236681
0.006609928870792338
0.022882537362762884
-0.007916104241707925
-0.004280643775277759
0.007716753275578212
-0.010661313000695238
0.016753208516546624
-0.07571507422062435
0.03135216012037246
0.02092786809035253
-0.023394816329660232
0.022084803817894173
-0.011026477387310293
0.001809092102869085
0.004676598822857426
-0.006780975591450846
0.02338105269682956
0.0027537382284373063
0.0025386748758539834
0.016605639346092074
-0.03809427822666249
-0.001420352195750064
0.0033492674754920207
-0.0029009907467776336
-0.04232536501525306
0.007451891095754151
0.034770104158334605
-0.023822440918715326
0.010043580993048855
-0.013766110306633373
0.014068258060849707
0.03438988394690801
0.009913638488822053
0.007754867314715617
-0.02574251152964841
-0.0023496323110627224
-0.0024907899752783114
0.06094557880616449
-0.029164274383282264
0.04048264727075636
0.03928386491005956
-0.007932040065932521
0.10994567366208159
0.011205579852428461
-0.022902844263732385
0.01911343493942756
0.003047473286279351
-0.08043682191790465
-0.013972684437502563
0.0064087461785205
0.03544593896193615
-0.010997710875341083
-0.008319788890432118
0.00889537575379472
0.01581971296452541
0.01942442127169067
-0.006308941256859846
0.013389117188034795
0.03977617612436229
0.015463288092935233
0.011392459908470279
0.0031840216778886675
0.048550225204983755
-0.00838078324494942
-0.018370545238312535
0.03030821618204156
0.023118443339428852
0.03350661834501916
-0.004182643629649669
-0.01612309734415902
-0.025785803879066732
0.020233668819577194
-0.027726421806877913
-0.020800493954601665
0.005377654717851991
0.018793600167448674
0.0026207143486612797
0.021181345660436987
-0.0005168259772331029
-0.017540913511254894
-0.06345262479110993
0.005073607814421724
0.0029635569369391166
-0.03008430019508364
0.0069093584488605
-0.016330610444853778
0.0242263042261331
-0.004910992156782195
-0.020684554512148557
0.005723277805928762
-0.038174118192655405
0.022669011684756823
-0.0035609811759312812
4.564331732463402e-06
0.016307993847491768
0.010892712060674065
0.0008075108457868017
-0.08954550821674206
-0.003599838075879672
-0.020821967010379548
-0.021367795053312377
-0.0350385055491912
-0.0016649781164678034
0.004249865518066675
-0.03786366582180401
0.016905404601932527
-0.006959056749709378
0.023310125881975
-0.01136983561043443
0.0030236436068459822
0.01457347578142493
0.02922601290558227
-0.06370493175119979
0.02083078605017331
0.034517444590767186
0.033894266335892556
0.0008590825155425676
0.01969452333049629
0.07344552548132866
-0.0019701384761298692
0.009952666419784444
0.030998850319630657
0.010185088433123176
-0.015400511979124289
0.012896573796113508
0.06558068603866016
0.03670383648621874
-0.02541822413778254
-0.011039600239344152
0.016560675970648454
-0.024372655034200434
-0.002724108333809911
-0.0016494644872666643
0.06276795309756918
0.02943207612107283
-0.0115651368703304
-0.02892010279967723
-0.0016592821660201262
-0.0036121307284886404
0.02353030479937769
0.0008387576278448117
-0.012404706311780053
0.004821055223918765
0.00972135557708006
0.009422019551422254
0.024511106069841193
0.013065358400078896
0.0008477716812998247
0.015038957923093418
-0.03805219104293028
0.020241870176790078
-0.01927047957447714
0.1297654159219901
-0.007500931943507085
-0.017814808227892803
0.0009374379352589403
0.0013403630764896833
0.0041798263669322626
-0.011035751656469923
0.0496259307829343
0.033121632692412674
-0.05086989757794251
-0.0003520398629263488
-0.0009685918810057046
0.005404562028778122
-0.013947789087524004
0.030199495726062016
0.01108291010627206
-0.007364898963591333
-0.016233448109411713
0.014109648554389688
-0.00530457176374357
-0.00892811618360907
-0.06891825846174343
-0.0007591382344020262
-0.06849339308881144
0.0070285789251406635
0.014172127568651669
-0.009920514509747451
0.0304747056263454
0.0259419433115732
0.009564724237770687
0.03404902201919704
0.019548741267432015
-0.011208183649577227
-0.022025763834364446
0.006684719591010256
-0.007973028976818642
0.022288778147741686
0.0015904618162931128
-0.044641313800527396
-6.305595086629881e-05
-0.0052270274992334475
-0.017866585069047453
-0.015342043952827393
0.013363994889103194
-0.0010288832440115523
-0.011219678124616812
-0.008900996249929705
0.003156235222689665
-0.017985955169650306
-0.015248483604659142
-0.04886341611161474
0.04668504727669371
-0.01953317370092018
-0.020694909543519026
0.00899235503980118
-0.06742588022603285
0.005340642132718042
-0.01425559763283078
-0.08106730294406894
0.012329983765872988
-0.004780672534109419
0.01697204791574241
-0.02668251204613035
0.006116217703062309
0.03226907560649486
-0.011471360194879153
0.007689952569531096
0.03208791328350901
-0.0037755478216577763
-0.042035465203296256
-0.0057075719862596155
-0.018444069164659894
0.0011019364164129616
0.005372880869071215
0.015463066026165371
-0.02284552918489054
0.0012727784807838047
-0.012607341698856307
-0.023870157847003068
0.03733455235420669
-0.01898852573577248
0.0035665221356704414
-0.009206333876712977
0.023302849673376536
-0.001772413925941613
-0.010528750233081424
0.004554809081394379
0.0007997652394006121
0.0021022683584259855
0.04358811085666295
0.012912070214980816
0.019051068681059515
-0.003522275416559806
0.017630332853910607
-0.008239995159046071
-0.026197617795989777
-0.06306708875638767
-0.018014061209891997
0.00698340063171045
-0.024907263868131767
0.004215458348356484
-0.0028678339445003327
-0.006335871267800752
0.0040693957941333085
-0.004832082120736631
-0.010957586315940359
0.011483529916016302
0.02641793823421678
-0.01719910774509257
-0.003889565620879527
-0.001924902277354333
0.010491576558906252
0.015438672069059507
-0.002577873947367086
-0.10395527813327071
0.023082382890839366
-0.006569177934779239
0.0014371891025984646
-0.005327235641183256
-0.008389009745945183
-0.0009753647835906375
0.033826709804078196
0.001673059933192643
0.016050379175236943
0.04837787433787652
-0.036772919786258754
0.004972898523729844
0.027796842870759796
0.010017398693009105
-0.03337119876490561
0.012848402513589414
-0.08753246900010235
0.027380451555499615
-0.01618071135937797
0.017695916547007095
-0.016229127756332448
0.025833525042171103
-0.0037280406589270104
0.0298721300098076
0.018860258712970663
-0.032259751163856834
0.038575703281646466
-0.00033323055089650914
-0.014042811873981745
0.02539707074308342
0.008942881931751497
-0.028099988811436417
-0.009251673759904116
-0.007624606195584013
0.010762750628166753
-0.11127010976543425
0.020294869249275035
0.02619478324854999
-0.005702612796994951
0.05292145576848974
0.016756642015754237
0.017767281846805788
0.0040346257388084285
-0.04033927713707891
-0.019912481211436035
-0.0487726969851593
-0.04647194997118349
0.019909194840902717
0.026604700582855644
0.0027861961715798223
-0.0016875402423191341
-0.009135768851581787
0.04212060524102046
0.03254723994386086
0.0040720393828079775
-0.0003513400179382111
-0.030261560701513444
-0.024527451699270737
-0.012816395045641398
0.022503491810646207
0.019043122876711432
-0.01759923951997999
-0.0018588756798945396
0.0032804985846179406
0.004167806594407953
-0.031500032115531366
-0.0085835395990464
-0.007467122274161851
0.02505687718497989
0.010238457615263973
-0.039060456140674035
-0.0038948598927543653
0.02580938873518739
0.02340887524354267
0.03960484134500665
-0.015292078329025969
0.0030895528575394086
-0.008412317927557622
0.002948384314850038
-0.019368080443052115
0.0011057952341005305
-0.018572468313002594
-0.011486056674417641
-0.001350611015370393
-0.03628447702247123
-0.051822689869447554
0.02216529730614731
-0.003268376610572374
0.01151747044356009
0.0056009474777718804
-0.015477243707601385
-0.0012151268750655471
0.020173043799503347
-0.01914375199636103
-0.041313622909660494
0.06486017926320525
0.031955790115029144
0.0029729498090333953
0.020418851075841224
0.0029370923805362944
0.02149959831376078
0.020475926710608328
-0.04750458774733695
-0.0022909664765548053
0.06063097947626561
0.03914428191546749
0.012192244550126862
0.013382207220764324
0.015822242715314013
-0.01715217587915551
0.009515290054933057
0.0041241942187826485
-0.032315962187392466
-0.020963007841423024
0.0005420834016076732
-0.0006434819271593952
0.003612842384437222
-0.004610956563373638
-0.011548733340532018
0.020226025035679406
-0.036532146671649154
-0.05510950202818423
