-0.020219824942586888
0.011489527685961086
-0.08150572705783925
-0.000797527931053308
0.023390697484016315
0.011147314776763602
-0.00024400031575113468
0.014346599384365014
-0.013188294459560266
0.030409101535231416
0.07269335731316016
0.011134409257649629
-0.016418997834944753
-0.011416432843944797
-0.03906101160311374
-0.00711422824493337
0.01036157076810919
0.028964594149139777
-0.07024395439578746
-0.01402597923097534
-0.0076029922370416765
-0.04429177617569034
0.0016329391105679185
0.008142253529702761
0.03605643224353792
0.0523660704129301
-0.007615582196147995
0.0011406761810651934
0.009924737134603243
0.05923310539876508
0.03829679790716502
-0.01465677815233518
-0.010674912645215926
-0.010147362063070318
0.050088830473522514
-0.007895680624914301
0.007924293562614492
-0.023206508707448892
0.006796598929876033
0.056615849673927805
-0.06725255260566036
-0.1252207905298819
0.014092653912407141
0.013233112991404802
-0.008968554501439437
0.0024098854812906116
0.03351343745284575
-0.04495946385048791
-0.00851364366102142
0.004977265457291643
0.01005346759734789
-0.0024551851335560234
-0.006450595361665733
0.0013352952491991455
-0.05155465146921361
0.015130100787836729
0.05431657352530654
0.04694955060071222
-0.022028779087626522
-0.03754736407534044
-0.049962700802975914
-0.04340190569205602
-0.004688100749866283
-0.017903243273265333
0.0033047010762705083
-0.0037346793918319105
-0.008657834503025342
-0.019661483145729377
-0.04633921776228056
0.0019256244832039787
0.033979414691164236
-0.006182780244075816
-0.015632758703489544
-0.004428510262216457
0.010061989473228311
0.00053164828682576
-0.02234617929337256
-0.051016964698610244
-0.03726233658807082
0.015593951020742569
-0.006091796749456059
-0.009383884420284547
-0.002970486133729798
0.010742473094246096
0.031283322063966675
-0.01998044942810458
0.0033589604912675035
0.02141511430847235
0.005441554140353248
0.013922649684707028
-0.002428050976169105
-0.020001080163626405
0.009137487274678833
0.02213843628020404
0.007715966840614997
-0.0019651661585794295
-0.026304157492930146
-0.0003526739843369793
-0.01195511838167858
-0.010136974494758312
-0.028165748368672062
-0.02553635640928112
0.004084845122260238
0.02540077525092309
-0.0037656079130926404
0.013601642746882987
0.031781832348091794
0.004157524256344686
-0.12137505720766215
0.0031651534101026575
0.015004161140841056
-0.023592728375220137
-0.0006413393171031871
0.03315234019868794
-0.00669831807380642
0.06560881022591325
0.031100851468554968
-0.006757200322952399
0.013401758101133447
0.05757960668242394
0.003480112328145133
-0.0069925083834453
-0.008713467353210626
0.012584883058746868
-0.003770527414155358
0.012342463942391396
-0.022550249330586632
0.011208522927401005
0.05364441222608056
-0.006141214428275207
0.013337656989041581
-0.00420322622700247
-0.05407893197583478
0.014193477212856118
-0.048886104262470385
-0.02979815646693476
0.08492225073342025
0.003568862230168892
0.0045093198354507315
-0.023367359468420598
0.003837938273005966
0.012288866079524534
0.0025393821319038366
-0.021013333406912485
0.001632475559647938
0.006061116260900463
-0.026316756782076
-0.022909343505445018
-0.010606179398046447
0.0658439252203641
-0.004109932277226383
0.017117801562507078
0.020214759917414952
-0.025378918300798158
0.015149340453714442
0.04732018902167673
0.03379963594424108
0.03324207320996726
0.017658758535730013
-0.022906522262580296
0.07396031848670553
0.006709330622952991
0.02227923534588327
-0.005843240893686083
0.013611404520715473
-0.00605383385717634
-0.02356115975567951
0.00394583872318864
0.010405098394659949
-0.021734593672270045
0.005481645213528594
0.021059285000460296
-0.010004344826993073
0.018687220756528067
-0.011249122625299906
-0.024548185600093295
-0.03049212052475827
0.01566943610806616
0.0011296607037190331
0.022237200509242792
-0.03700723236481427
-0.003179127162842309
-0.01509052109455372
-0.003960220004972942
0.011093320242635112
0.012534224221259797
0.021328480506300127
0.01660841742102149
-0.02270584043161072
-0.010588545596324571
-0.027632642270141516
0.0059843667952928555
0.0299362165139593
0.07437617889133984
0.029668713443543854
0.009307686276109948
0.003523822369027941
0.0004889108883130488
0.01979689745773943
-0.05995295606403266
-0.0009470337356594352
-0.0013531324936897828
-0.03414720495066436
0.013942440971178126
-0.0010791218377001887
0.022786149979243372
-0.012131771478648266
-0.012937094243343994
-0.03753248280352562
0.008537201081882221
-0.017646928897296445
0.0057557414082843
0.013130387432204271
-0.0415669325152815
-0.04150096842643848
0.022042109086985548
0.004802408772797168
-0.012994831304148677
-0.004331432896085449
0.01748715097776899
-0.03999071229346679
0.017225582784342722
-0.009228834347218242
0.01038942841122969
0.007519924347027081
-0.06143922739814624
-0.004644743253097421
0.0062471807843440036
0.01041222966018223
0.011995166303148806
0.0013078847896266204
0.00381011673484869
0.004684910974801651
-0.010031623714628977
0.015310785932575323
-0.014205066109689166
-0.026931858683304295
-0.0015203539049050171
-0.021231588386105223
0.0047254678433768585
-0.0560955870730673
0.030310451536617343
-0.007395170084355357
-0.024901338647961888
-0.02704241995499654
-0.03821804362227113
0.013940876714316
0.05657364273392837
0.001794673374985747
0.002931140499285364
-0.03471179731933634
0.039392579237490004
0.0444503593427653
-0.010939327279554482
0.056955564175591514
0.016707113590271057
-0.05146228889547589
-0.015012283405634225
-0.004797358946527952
-0.008836261440100059
-0.037873994384575844
0.008764632779395381
0.02264618014668254
-0.012560752643197544
-0.027603575056662027
-0.019869355011662825
0.01078544844316692
0.010107643570741424
0.035083281467960005
-0.01518489602838436
-0.018351561444455298
0.02256619175999881
0.00042422239135647693
0.0008017490958685316
0.014069966512846845
0.007309232089553669
-0.014891924127836995
-0.020133190601609674
-0.013914918363128114
7.936620537326338e-05
0.026393741698885916
0.04881746342180073
0.01918660283534729
-0.0035518481284217158
0.00016916191292518668
0.02091746540840482
-0.0069834966164899984
0.05333353404326381
-0.012266324437419537
0.04100980620305261
-0.02070192570794025
0.00874329432741723
-0.020727157287484553
0.0034195344365353215
-0.017642991343135916
-0.054705764654242525
-0.015590214950928575
0.004136253230678099
0.006518661435307227
-0.0056799061978571735
0.0465729098280328
0.0064520664770101885
0.028900432868761698
0.01281868224801181
0.036706715338473805
0.02665780721014636
0.013753259791666018
0.011734463179105257
0.0025921663123974407
-0.012401554463162977
-0.04410570547567322
0.010066137471449762
0.053188076415460334
0.021191957161825235
0.009113950061789156
0.06140193995980474
0.006208029745430994
-0.003145986134734677
0.025904588004295556
0.02662434348131169
0.04034380614513122
0.02378295203103257
0.0038695891314903235
0.008355803271688942
0.026272981195917974
0.00577961922114468
-0.019270251440872042
-0.008779519276717735
-0.004485879160886499
-0.018419604734791064
0.0086275782915893
0.011282004409527991
-0.08224311577077913
0.008511914093931573
-0.04855029369046298
0.03040620162407465
0.03032410204320554
0.014845025093108827
0.02661899754334903
-0.026696970704059114
0.021152860535373807
0.012361019599198948
0.00756178995491145
0.009462840518799795
-0.06247542172664709
0.00038666101962176434
-0.004174341774204151
0.050548692151981614
0.04239015793994425
-0.030674940398932985
0.0101753212133413
-0.007662585779221958
-0.01208010973307214
0.010331053123856107
0.019261921699914787
0.01826954004484524
-0.05132487779099739
0.002563585296454126
-0.014552005510240447
0.0636044453372809
0.00021564777223225852
0.039417861993325976
0.005510775849477924
0.021116791223567147
0.06080613678648466
0.0014495846162440192
-0.002804051598808536
0.0005790076294041453
0.045344943819007305
-0.030592594349444013
0.019382277806678287
0.0280193964429537
0.054965073696002766
0.08263702156317985
0.08241357803161738
0.034327845701933035
-0.02701201191211848
-0.0020621774010892322
0.01335037032119368
0.02276133022463812
0.0109930602966954
0.04346541959624082
0.010840581966738169
-0.013941374986736086
-0.04011258152707184
-0.007494317246764319
-0.016882214184697753
0.031072729499314698
-0.05583235247802176
0.00294140520154579
0.01753308495898754
-0.0405618804256889
0.015230513907563043
-0.03456819485042114
0.01109780223989238
0.013398340166722335
0.005169274291503166
0.013211603682993364
-0.012596762896479968
-0.011032275882739957
0.00035238260516942584
-0.04696303027055693
-0.021847207792020484
0.010701734218523322
-0.00771479358276133
8.309938615578943e-05
0.01683450297711629
-0.011531765498547607
0.017531740397510032
0.029605097134528222
0.026645256596747487
0.00827949714674506
-0.0028208733856482228
0.02452589080675909
0.0036175560097403154
-0.022993618014065097
-0.010271622873064415
0.014290365971722192
-0.007236014531055796
-0.007914271861543325
-0.045366628410076944
0.003573176132727737
0.0016512368934769475
0.01163053789998594
-0.0022675709341138687
-0.017465316322509944
-0.028227192099811556
-0.019438414105812107
0.02229254702170814
-0.023581407730571727
0.018014387211470338
-0.008538169832764361
0.019299086967717094
0.029002961717791178
0.012765564678816043
0.02479636119600244
-0.024905272046043783
0.00359922757083098
-0.005904899945652155
-0.11858921099820587
-0.014010600933795985
-0.008356590867187102
0.012342195560690626
-0.003361019617366373
-0.017180950569365947
-0.024849269644425222
-0.0034236319612605697
0.027926509132092703
0.003022024110712533
-0.01870230845170403
-0.021175483924616385
-0.05431685168565097
-0.04615343013237434
0.05998693220763686
-0.014139912561963877
-0.0001196738721871347
-0.05201070964608609
0.020671198410356174
-0.09538335847040652
-0.023962599644148187
-0.005113748234191466
0.008441383091629555
0.09950219813494787
-0.00031173697322764584
-0.02779994145170529
-0.013790693688495836
-0.021058199230471263
0.0248486349138385
0.01359974193352991
0.022471122027466876
0.022223516915877827
-0.0051012873602095995
-0.03387086087551439
-0.016514567601418822
0.00016489898622724816
0.06457729226775157
-0.009853058211129766
-0.008872751556567134
-0.025603878197046154
-0.014327795151166374
-0.05124984723952178
-0.015050601058462537
0.022296346436948094
0.01328393558324749
0.041447652814969586
-0.0072702418492413354
0.012363828475090587
0.028909942537633564
0.004682784550508757
0.007618680097320471
-0.11358293208511654
-0.030198601047373298
-0.007394475672275801
-0.008030883996944486
-0.0184714961727976
-0.013486066143484104
-0.023781319776748317
-0.010558081098624722
0.019354511797768762
0.03700979897167063
0.0016284473053169116
0.029988284650760685
-0.05722833840548643
-0.013270401152963171
0.008356323262902744
0.02167765403801487
0.020502940694215547
-0.029403069866596396
0.014081766649448452
-0.000520132811407122
0.004365277796386054
0.009976625574422948
-0.04111468859999518
0.05844689476816576
0.006304006266083685
0.01324229566041514
-0.0021072206211757835
-0.010486612694021067
0.027055456334567567
-0.007140490140973873
-0.016077460394944253
0.030403268824483555
-0.010530919346437406
0.023529747868298458
0.007299929886289699
0.0019277142402236058
0.11459423137838111
0.019754782002400245
-0.008649773301721482
0.04916783199536197
-0.004653093795139974
-0.008904809290358636
-0.049121865277612316
-0.004075968484023387
-0.011343859244486039
0.03738260164645279
-0.03794345433456516
-0.012671592615782913
0.007350837448588085
0.12524208658250177
0.05839294326060737
-0.014898800694961094
0.01466857825504529
-0.0076253121319919195
0.03369499369727379
0.03330553540099854
0.008681948058104492
0.0042757600043665965
-0.0026791565015897704
0.019087040305506654
-0.04033464984231385
0.013238914331709038
-0.0744369229216586
-0.016202385007693006
-0.009434274196747583
-0.013869927081816455
0.000973296611875247
-0.007789847458608938
-0.013031829707099499
0.024396422961891765
-0.046225014364667236
0.007645441507773278
-0.0019257306480914553
0.009484120182675365
0.011035153949419034
-0.0009334643141628137
0.01861405056236379
0.003333865529585278
0.03231443719798829
-0.0034197698699385453
0.002938646361612412
0.024542378673879102
0.02824065215569276
0.06541563793437977
0.006171331570215657
0.01016868246826983
-0.06699865162886703
0.02904543989443834
-0.0017137034173388837
-0.019361721457514327
-0.013951419278837803
-0.04131668363760756
-0.008699074774179432
0.018643350884716796
-0.036065684477778255
-0.016114549673367118
0.020998179492078457
-0.026832315596927146
0.0024626391758779463
0.0009465474574712501
-0.04740064763150461
0.015498478607988858
-0.016143344575766556
-0.03323595165907837
0.0218215538600655
0.01562421736922251
-0.0365563762649856
-0.044648623733732976
0.01695740740452128
-0.01571943164540477
-0.0038555114723345498
0.016330914185269284
0.052362948187365754
0.033547709708870006
-0.01181261914149346
-0.01055467991389099
-0.012386145583315156
-0.013450319359762748
0.0027678737335962845
-0.004345531023501882
0.02222168229144408
0.034116912375148106
-0.026385437639096572
-0.009418515598321407
0.024366999578528375
-0.015213784568898324
-0.06301786299985848
-0.002266604184233381
-0.07570756481615082
0.034415346738632106
0.11792997775778828
-0.006435505788188017
0.02077452869890633
-0.010597356661765391
0.014579750162096726
-0.01900764090602563
-0.025631312237833086
0.06095588068172027
0.010335536948651644
0.006162167341097963
0.0022583624470810366
-0.015360852254597905
0.0040520532002645444
0.00362844986883609
0.022031533836329838
-0.04742190080756788
0.0051286061979017635
-0.011148763477776361
-0.01875462223309417
-0.06240140189717672
0.0019522879420701164
0.01122653831331149
-0.030255978639206756
-0.03023381721406896
-0.00817030245984439
0.00020128591050385324
0.026819708550367992
0.01162793774879275
0.05088990976418564
-0.035085744232609434
-0.034492477418061156
0.007863461807310932
0.05493904336092631
-0.05122014484354942
0.005005996246374139
-0.019815277546912247
-0.0038669158868583882
0.07622403586097044
0.02266590422386222
-0.05009085276875352
0.006637969823619037
-0.007139621871572204
-0.006781064482081448
-0.02590304227695839
0.006141475643225227
-0.04553387745913464
-0.0028261818249491013
0.03783683826885817
-0.002635486778911404
-0.01784336249716597
0.0030589672836930934
0.06244917971907043
-0.00914938833863221
-0.030224170799142205
0.04415405677870141
0.00889473447317066
-0.030060451156715386
0.006152653318499774
-0.024736085114117273
-0.09660276831620036
0.0011627830658643811
-0.06158225269185366
0.0184774896515626
-0.03805410986681603
-0.015864169840577712
0.009483755226311731
0.002471980977438255
-0.00033630100096653214
0.002194321397338809
0.033945273617330296
0.024165885774111454
0.029062983417740346
-0.008971227337549736
0.0017836762716525695
-0.016495089210496434
0.021766776446613373
-0.0040933213972950385
-0.018716486907901238
-0.010844246773139811
0.020716702340712594
-0.010044593758665133
-0.0030186872620796995
-0.00844172354096387
-0.02519392327804118
-0.008035824491862515
-0.04068318210744923
-0.0011914545374373327
0.031450387573689606
-0.013286563094054514
0.01942386724394589
0.010394263027510136
0.02717305553468147
0.04109834934200056
0.009381621480801296
-0.004853095687904112
0.0013613716722888417
0.0010221411433972796
0.006508640430156881
-0.013098510710517128
0.014277093980212104
-0.02250458468499757
0.0049722285478121814
0.01743327868778038
0.003108615048674088
0.050585524128719764
-0.0005768821329947226
-0.039557760456630564
0.030821557681051152
-0.0019823070296584215
-0.008401801862022655
0.07334921205677003
-0.018210294911815632
0.002381098458299504
-0.022016837089570765
0.0018973618035409048
-0.015731632648886974
-0.011477864392953027
-0.006065745573914156
0.0171968784106669
-0.0022247021591753346
0.030867500835468284
0.015856686969309322
-0.021042216554593193
0.040461594827261374
-0.001299615269863845
0.013403727236798894
-0.03380169908790576
-0.016792671654458365
-0.007530170139102595
-0.01687283028837707
-0.010185544603471184
-0.018282371998220193
-0.03272841764813941
-0.0811233689652769
0.07332338508319716
-0.07684872363428759
-0.020102848431735102
0.05250161166646306
-0.01690916963668256
0.037584622875184444
-0.003166715364593322
0.0038956918621320174
-0.015105698271984968
0.01083047514957485
-0.043042633609882044
-0.05090907878787467
-0.0025140552584500897
-0.011165836032698632
0.01732566015111129
0.013218042112662707
-0.017322791930271055
-0.01203367507114085
0.008953716749529725
-0.012672767581937862
0.012475880509373734
0.013370092240439526
-0.011813400393870892
0.0006561229575422658
0.012456388109655108
0.006724987749042071
-0.03290129216614929
0.004371281646457833
-0.010447749299863451
-0.01047505411643066
0.05725415948931767
-0.025452372732366266
0.0489625478354604
-0.008251386629025475
-0.005774513490908355
-0.046470567856753235
-0.01705387139212826
-0.004495959958485113
0.008041775396371898
-0.029439489576397523
-0.07357524171350337
0.06696110185724957
-0.0020663353816507296
-0.01921503040062009
-0.006645265531902808
0.03287492308558138
0.025283874552471386
0.012193774079158167
0.006991452857599741
-0.06784132741541875
0.008514778774447132
-0.03784403024784636
0.01166544761421459
-0.01417405598696991
-0.04599445154631136
0.04237147580438181
0.005504667191970363
-0.008057573535974225
0.026483747034395287
0.002636000789357676
-0.010261245268250289
-0.003944747748942556
0.045845056665693495
-0.004834246630277393
-0.03587633016763215
-0.013377203541524168
-0.01960565673895469
-0.018230386325328272
0.02174935695829068
-0.009093221704746496
0.0052031492777071375
-0.028307308505821853
0.0011222840361112922
0.007698039831981423
-0.00043148139431297913
-0.008618962036336483
-0.01809046141438425
-0.035583612731695406
-0.013699030463247693
-0.022433113828396693
0.0011825048135779771
0.025845409404587346
0.02469151331064522
0.0011419147633917287
-0.03084604485727439
-0.032449788524623366
-0.0008047327295673261
-0.028193115032805645
0.02975763254745331
0.006351943584792657
-0.014456657088698487
0.002452457323889219
0.01886880766240017
-0.0014099537219107268
0.04016949938646679
-0.024742642230317698
-0.02543455269968763
-0.012681194819368847
0.04124174399127681
-0.0025761176063147885
0.050765154261584344
-0.016237891152049995
-0.0015305042787483586
-0.033748933884523116
-0.0033366045029503324
-0.034003717417312174
0.02784236466116606
-0.014688764291703703
0.028167188569995276
0.015858411206959692
0.017313056429149033
-0.005454338792157272
-0.07650882015179702
0.01049098874116882
-0.020027507396414016
0.043450387819366144
0.022864653141245663
-0.020462539247903727
-0.011494082578508502
-0.002660286562330158
-0.011341332333616517
0.02393714405744145
0.007148225624491324
0.06048351844392625
0.029505767401699252
0.002357180229601797
0.017561136939555008
-0.05560559462545754
-0.009376258330924168
0.01266118155078289
0.003494704081025886
0.023987775155970094
0.0329534073190312
0.007090009579061005
-0.00807115220019896
0.0009729867195180895
-0.004098911950067264
0.0035703833829627205
-0.0020955039599498656
-0.012108724280835651
0.007974854031003738
-0.015331194996227026
-0.042538104563577026
-0.00772233987416767
0.004713831193958996
-0.006955360891674919
0.0308246476200786
-0.004142311766144466
0.007933651750787557
0.0013617103837674212
0.005698108353047235
-0.007191910649436113
-0.013696733216432463
0.0031045750337660616
0.01581764702890953
-0.03159347303838447
-0.006326007913967385
-0.002811364208584954
0.09018455593621724
0.007174989777851643
-0.01853989409834515
-0.01747793559689006
0.011057966294821926
-0.0604096607735948
0.046704927326254454
-0.0022968335534947456
0.033738929193937006
-0.0034403030584909556
-0.04833234995080092
0.05965077101871091
0.03290024455644692
-0.008752678040208605
0.0013050868664963536
-0.05731024110237658
-0.04099044235392551
0.05350933225498664
-0.02358338627280186
0.004070016183702332
0.009261831205892945
-0.005793692417179769
-0.01912116178397261
0.07456626738482613
0.009401612306793714
-0.009658032275270869
0.0022294500026536577
-0.011608762096864537
0.0058296894976663785
-0.022656217996957193
0.01414949012394886
0.01853295735733305
-0.0028806927157285145
-0.0008645462237132595
0.02576645542361545
0.0045557938571595845
-0.042768644120864056
0.01723672261371504
-0.016817259027181106
-0.00427770083437522
-0.023457466488921323
-0.014933752167548357
0.0008604691163753511
0.02370504170044095
0.021156025593558607
0.011812660551850616
-0.01713518507169611
0.02290429743768766
0.015739577460794497
0.01437131478351815
0.01923127434619807
-0.019827259374521195
-0.012447694476718393
0.005126550287912863
0.004766549021548075
-0.015081065015850258
-0.01860875984434927
0.003819398403618328
0.028649477825985103
-0.027359547533238264
-0.008095326448184567
0.029067981376610683
0.01311254710866854
-0.02505273757893404
-0.03038176749806715
0.03502595329178033
0.00255264565603034
-0.019998753580875724
0.001152327301288886
-0.04410989298844402
-0.010202226370158237
-0.0076528025331502655
-0.005772016841152448
-0.0038678885053614956
0.013710965930442461
0.011336969118865788
-0.028617083838594307
0.009439790172687703
0.03560626553342878
-0.0013983275993289972
0.0037772246815798083
0.01960903596431667
0.04128301067994462
-0.01504651171696427
0.0067823797731307
-0.05147782417407817
-0.03627059745320547
0.00011987783031847922
-0.012707563438078788
0.013011147518415677
0.0071776066384400435
0.0139082798244594
-0.018407793602991347
0.08789698781776464
-0.04166056371065826
0.006519089164976286
0.03248916928960156
0.011611301261355641
0.030909428047260906
-0.007092221416777492
-0.032548215965556244
0.04180549965678213
-0.028631470760889944
-0.012065474262481139
0.0007494464930397006
-0.052029088261936036
-0.03477971565589769
-0.01623272773220351
0.005905888444162465
-0.0041886043831337195
-0.018518677183790345
0.011570618661568673
0.006820176118011706
-0.019517520283980426
-0.029996037315401704
0.00421620024666203
0.02309051093886245
0.010646727098161462
-0.03165644296061528
-0.03249250182634575
-0.013928372087549176
-0.014446257384009764
-0.013209786145447273
0.006061039186002322
0.0817521357223922
-0.020263741847133844
0.05774434962382525
0.007565508799024905
-0.002877034145952763
0.01058359201650184
-0.09413860728297205
0.04109234284530851
0.09124824426393399
-0.028889543529716497
-0.027506156850619596
-0.0008350109250474284
-0.02361391749456246
-0.011194352366221311
0.0392308541869265
0.02231705453892379
-0.010124468981414702
0.004727284833296757
0.0015633813385050553
-0.012457179565566696
0.07521177805276917
-0.007327894583003423
-0.007174265446606784
0.002342255419962036
0.003533937802574142
-0.01070606184756765
0.010004758169803965
-0.003029928124605522
-0.005290913521464617
-0.05124651680903543
-0.026244133589229206
0.008617074365128638
-0.02092139589205913
0.006298281410166394
-0.020527135171917312
0.021703104320093022
-0.0007064808264987972
-0.00604120181190456
0.0053266500308955045
-0.024162418006360434
-0.00903327657715073
0.015122914854854267
-0.011157570559958821
0.01497089981294729
-0.014128688736729613
-0.06575490644271906
0.023011471034237212
-0.02010522103933549
0.0147241194809413
-0.03616105625236424
0.042641838763035365
-0.03911581279590969
0.013350762899474585
-0.004248267430754723
0.0125405929992773
0.016164934509022576
0.02712286824622995
0.03279333633378614
-0.027798506266347455
0.012793236110743162
0.017738888794653195
0.007769630777833659
-0.030535012849620263
-0.004606682806295839
0.03815836299042051
0.02481918872252025
0.004374559786083454
-0.014124837240513555
-0.02243208596829467
0.010212072543419241
0.001954985198045265
-0.038930296961000296
0.03604357292298033
-0.005852418179142959
0.007934552587485879
-0.009176815628449918
-0.016880886114725314
-0.008615318925638233
0.02347706096833369
-0.015597642198691326
0.022776721868404935
0.01689826105837486
0.02319619093868658
0.009695720998273072
-0.027651166339707104
0.06734817397722159
-0.0006162853933358325
-0.0018957180853369656
-0.0037962122635723634
-0.011727493052177136
-0.009014304043003324
0.03826812629047379
-0.00878241044281269
0.010512898004886684
0.006745671234856762
0.01522482623466473
-0.03903570081051381
0.014830524925713398
-0.013577847369901128
-0.06386158369675485
-0.08577844060719858
0.02093286625544692
0.0013675171901512166
0.0034979438413892928
0.001695704160236001
-0.02824323124406989
-0.02881136820619544
0.006290875306524497
-0.022168293733340706
-0.004248192590890895
-0.003569333551725908
-0.02030659092558478
0.03156788625505533
-0.018469570816595542
-0.02380038131389795
0.018770318709187248
0.005146114562024415
0.04645917082969203
0.025133604580272285
-0.032710926467518574
-0.004959240095644147
0.012960444534389081
0.0035782549959829405
0.022893535562526646
0.05142441253523707
-0.003710698689917125
0.00283236262202069
0.00394000929471681
-0.004923544026335178
0.0014264181407155905
-0.016985786281111893
-0.0025050754204188554
0.0275137064531615
0.06943857707591401
-0.04265042711653174
0.017830602952365836
-0.005238284600831607
0.04998207763299501
-0.006254530786705562
0.007841315424242424
-0.04485810370596813
0.018263238529637012
0.02065718642466944
-0.05033403368634289
0.001659130713194213
0.022266492796240624
0.09673741279402323
-0.015807242635559316
-0.0012957242730030224
-0.008621367723591513
0.06995800644695942
-0.015452285199440781
-0.015543670661814614
-0.016330793223377056
0.04395541499044658
-0.012449217240737805
-0.022188677379098798
0.027801538997442594
-0.033258522784604755
0.015788465006503674
0.03241446277465616
-0.007876861329329663
-0.031328501282350506
0.011299056896872044
0.00518921687246101
-0.010058876539449587
-0.029930755168346902
-0.03359454517482578
