0.00014671820624328555
-0.015011338705330867
0.04122164955702511
0.009927528701269549
-0.015625848136204233
-0.014879548903430951
-0.020782087557520208
0.003699604227490611
-0.01868589771380889
0.016522456624855165
-0.017467106721452828
0.0006587084282032411
-0.03365656479392129
0.009240521876272868
-0.031716518066649275
-0.06123672252452214
0.003864705813768901
-0.032712752062866696
-0.0005149580886565125
0.02048836873322473
0.015182810939860522
-0.010730152135931299
0.005377100199453083
-0.0233263973051004
-0.007685276175559481
0.023552775022539687
-0.007453276673926386
0.055754099124211344
0.005658969549136184
0.03863008920614923
0.03069575018078303
-0.021285482405309107
-0.025178620651049134
0.008279619851550596
-0.022266671417838748
-0.030583353467517504
0.04325646942779187
0.007344101757726254
0.06954886603312146
-0.04671375960638126
-0.040887134559782864
0.015044941580526014
0.016337025359725383
-0.012371268834235968
-0.03517988490084801
-0.01368960430358477
-0.014032388410417849
-0.008322025890308796
-0.01307251354937676
-0.036254801165840504
-0.031875384556800196
0.10818325320370865
0.00971940093785177
0.08152790639845493
-0.0033767245258339313
0.0014504406922099436
-0.041737825639630625
-0.011607113898912487
0.008785532635850852
0.004559814314824953
-0.0264116559965976
0.02166914437543345
3.693108387147841e-05
0.011342816525172638
0.02346840504610875
-0.027706273918756956
0.035577126886691006
-0.03411384784387449
-0.013060024861293386
7.352156563732272e-05
0.022300865937796316
-0.014099196229933128
-0.011053315509947656
-0.051820824151170015
-0.029304702509912767
-0.006543874289797362
-0.02837267734213053
-0.01423570271779839
0.010239795641701646
-0.009192669898398311
-0.02212357035977977
-0.014103784402250588
-0.005636489525571726
0.00021430073662195826
0.04995372965680414
0.03144339801418594
0.03516382921845991
0.05577008032449431
0.006303203997424292
0.007248800171386365
-0.0493474222871487
0.0025731340907653184
0.011433776675572742
0.02898949024255225
-0.04263179257137099
0.0010402500569925365
-0.01839659126818646
0.002603036772757485
0.006934673505534512
0.003987658032128115
0.012422748084358603
-0.03649888893561968
0.08385829608723368
-0.006750089293803733
0.004408957408071931
0.006972279188554975
0.024224251638024757
-0.03197056690331127
0.04497469707642414
-0.035447807457792656
0.0450502058130398
0.014268997081943737
-0.03679817877113321
0.013496499247249745
0.01723380550979094
-0.02771399914418855
-0.03177564627926165
-0.01660964715955562
0.010639360319601
0.01741375961395311
0.004120655934116962
-0.031463423613852265
-0.01513637749614494
0.07062085284499323
-0.01612525484855254
-0.0019587696430924117
-0.022523436927945322
0.034740109039528774
0.07405948654720507
0.016315537934628425
-0.01600445603565858
-0.011647676043250621
-0.07201830653527207
-0.04524337396947248
-0.0019071752767416442
0.012176197923955325
-0.003238760165641492
0.027910518058963434
0.00429562946186846
-0.03854363140810817
0.001359519004212216
-0.06026345226469052
0.009053096463815514
-0.014795159619818735
-0.019780359601381862
0.022813325402256023
-0.0010682334494783172
0.04192723801374589
0.010570943406945858
0.0002580822249776225
0.013765003960943772
0.024061221348534438
-0.021343864007122244
0.019872756710534085
-0.045515358644746685
0.022601565436067977
-0.01902972413776612
-0.014966488330382863
-0.013934441597406736
0.04910319886420641
-0.07195182925357109
-0.015984337138846682
-0.04290196623796901
0.0005854298620611451
-0.006430046734155268
0.015242995244356471
0.02275410184760595
-0.024625982307712596
-0.012463871171220817
-0.03131349441079232
0.004733061222206472
0.07940142551209799
-0.01610952129337664
-0.008280427606860642
-0.010440238184873355
0.004866214856894863
0.019930373073128397
0.03815724714159164
0.007503207386567425
-0.013359498884550429
-0.01596825394717273
0.06446619485567485
0.013118807478267085
0.0947705168966458
-0.007231620068083051
0.014781279738002433
0.03478283976359492
-0.004857499967517596
0.007440153174254439
0.02060122430324375
0.004391404703756125
-0.011503563926031657
-0.005040470998077506
0.009074467228363456
-0.030582208734674005
-0.03790118426291331
0.03927489581311893
-0.00033827192539864385
0.030898807252457854
-0.01959958655757306
-0.0069398805825324535
-0.023828845629254525
-0.009838395101729762
-0.02397600502341467
0.0037905176407151088
-0.018025317988933254
0.03244880518944399
0.006298367391849559
-0.026929216926560428
0.02399100215233612
0.024113777506208137
0.008338265061881196
-0.030049894558338595
-0.009147918424124336
0.02542159481504355
0.0794076274006024
0.007875398931698072
0.015131012307767684
-0.021312298268640985
-0.014383874804175968
0.08370018149183236
-0.0006560319288120903
0.008624860178854605
0.02867809918602106
-0.04204506176735316
0.0006911510432739694
-0.03045697794524096
-0.0044303578748669135
-0.026828665704333374
0.03869611881805156
0.013246797088424814
0.0011802143996259846
-0.0030470135554934857
0.02530266305747011
-0.019248826621707415
-0.012774426546152445
0.008454892239689982
-0.05643060820789671
-0.0286520338934398
-0.00021467806870238508
-0.019980362074220083
0.004750445145830045
-0.010891418796789837
-0.008586706077809866
0.01724030601694664
-0.019850091862289112
0.03892590737879175
-0.0031668131586770096
0.005044325243507535
-0.027266555930304158
-0.016449688626367063
0.015941246508909247
0.003997885324406699
0.040446627571833996
-0.03226119485708916
-0.030043088743225296
0.008582275343497689
0.06390503003056727
0.01393009442777697
-0.04188517037909862
-0.018628167926174836
-0.019349798311143848
0.0054124189415474455
0.014918397208906807
-0.03556990344137106
-0.014258728823257329
0.0070399619658320966
-0.011542083732274942
-0.039251074823735646
0.007556410440111221
0.000779251318607403
0.045836661871774986
0.01813261609426767
0.046150692172262156
-0.00690609947151474
0.05935156711042337
-0.02238748481777298
-0.04001120083498261
-0.0030155248030906876
0.031368402633516285
0.004616959463246478
0.025240311733410025
-0.003767892654165728
-0.04095841727550413
0.019697679878646103
-0.010144096887873238
0.04968866911317759
-0.024713200089504634
-0.011044788363215277
-0.0011498175633500693
0.056589988117163266
0.012625671104103404
0.006396607653657398
0.0036054661610380847
0.01837891724613583
-0.0007820069195965787
0.0038835703244072908
0.004597907011799064
0.02942708629954766
0.11656534665136026
-0.04539738251383134
-0.02956763987151496
-0.07463210021971341
0.0007467461969520283
-0.01334931098584332
-0.03625118961208479
-0.009019703812465835
-0.021883379148528677
-0.01055386861110103
0.03245101371440274
-0.014732705335610089
0.000113279394927236
-0.025415359294539957
-0.0025071837813457503
0.00701185259317374
-0.02479641622962676
0.0002745250995381808
-0.02626644299000808
-0.007557063277811939
0.003064061536643241
0.024919271455459687
0.006433304722899831
-0.0008551303658395687
-0.05116396083722316
-0.01342646323686994
0.00881344883733759
0.05693764104692506
0.015229237637990231
-0.0522268287874467
-0.012631993203120803
0.024303322535580537
0.003411771003842555
-0.020744740275120774
0.009248497794761076
0.04634600179424004
0.019806552737203765
-0.01975685984091077
-0.0020602498137391764
0.017898714095064813
-0.04111239597482407
-0.025467160618254943
0.009207272200689879
-0.0030776501107326742
0.0125200796924688
-0.025079087448504657
-0.03601241759148478
-0.026249488891772442
-0.021153656698843823
0.0067824354161370596
0.022606421864566163
-0.038616612492884575
-0.05418569190447293
0.013066425738581593
-0.030762606102208857
-0.011649913100366394
0.05016422524673848
0.007936126366021553
0.05354815569747026
-0.011230626080232786
0.0029614128920869487
-0.0011897150389081595
0.0004041883090825341
0.006887015794117272
0.04374316539633487
0.010622115391823794
-0.0017485790117931369
-0.02133616047342624
-0.007314674306809075
-0.02485261962934163
0.06914204278958008
-0.025585538663562488
-0.011851844918617826
-0.01804836152058475
0.01694045613188389
0.03999060620305833
0.020158197570776224
0.03935501107314459
-0.009925937750855238
-0.0006505822518761723
-0.023862374446641084
-0.011572835559231089
0.07414595558585886
-0.021022324571176452
0.018208962986594628
-0.0035364946912689855
-0.01811993064607675
0.012853214487705555
0.06606610350638027
-0.010065363759074427
-0.01385777889956667
0.0021993436909982914
0.013435747807361249
-0.003480989923661835
0.004192949569461308
-0.04257757771033124
-0.04321976243559733
-0.005672968228358305
-0.04358233436860366
0.0315445610006357
-0.018979060948891322
-0.00895195742581934
-0.01944277934095103
0.002179771446442099
0.009400375169426205
0.010352973910611026
-0.0028160220645168156
-0.011579817429945878
-0.01115418639141302
0.0360971488679506
0.008069336108265117
-0.0014447514372706778
0.010560497740155824
0.0312833222937122
0.016520200798430692
-0.0015660860324029793
0.0030399950403436223
-0.029636060804840183
-0.010141312322522992
0.0013920200039513123
-0.013159814397733068
0.003649847203351767
-0.013275858916807538
-0.002471211428731501
0.02616473140721682
0.07555751430787701
-0.020062518019694445
0.006246594930465341
-0.02555115778313605
0.058387495260192476
-0.03125198030123103
-0.01814758368006591
0.0046545381168458175
-0.0294652235819791
0.0006687245047828325
0.007862946473591611
0.0153925879981574
-0.052081034585212405
0.013669898211244721
0.015573916586618115
-0.006303107234018772
-0.04898556291450994
-0.024342364799869554
-0.013384103954368835
0.0184610368571787
0.05945218514835262
0.02168662468306266
0.005115599103324283
0.06859148740120424
0.010288025354340232
0.005569137746172166
-0.00973800486758515
0.005119238293311607
0.008706244703648275
-0.0270005905755691
0.03580061089193643
-0.044872800153839466
-0.010176961841325867
0.03479474627401281
-0.01390502411042358
-0.02658332904502662
-0.017931573687891313
-0.0004577776867570371
0.00019578432547756174
0.01580357176210887
0.015136165003074836
-0.005787070911666961
-0.04295692955247514
0.007839538428887825
-0.017145972686917105
-0.005308966766199026
0.04469248508475908
-0.05422032739658613
-0.0074893037055101435
-0.020306714704115315
-0.010290875521784988
0.056717461972066376
0.026974051064181777
0.02414455984827481
-0.010186557412570399
-0.003452697303939084
-0.036761147903791196
-0.016429375475430007
0.05467743929338577
0.09688649532605689
-0.006261588642115399
-0.037809351234877484
-0.02516026988229037
-0.007037967450989967
0.021470468319526925
-0.0028757836684925797
-0.0015730506999685218
-0.030838495797236357
0.031873571994291756
0.006673016783380015
0.03505876947459539
-0.020965872585800446
-0.0035994083818525584
-0.012945939551167586
-0.0031825853187153015
-0.020345671989790624
-0.01595043841987716
-0.00449030844038596
0.04830586605824289
0.059647714482217014
0.0893701554873647
-0.011892281540439097
0.010627802603315514
-0.009001398282939858
0.017129618360600354
-0.0008733151754611837
0.017066052358044256
0.006324153563825138
-0.018330574752341885
0.05318641114851949
0.030821525444838502
-0.03956686595425386
0.13856215103125766
-0.0040309506907884865
0.027618137778623576
-0.011828284028797036
0.03421211664084448
0.031264341990938686
-0.03248677047794145
-0.029531570321328502
-0.02024237410299525
-0.025300095442294102
-0.0622779353439145
-0.022136057414245014
0.0036499262844717694
0.01772902001915754
-0.02787679039174103
-0.046689862418646144
-0.034096495439604003
0.00315262169322395
0.01790046324401185
0.006973594056689431
0.01599339144883491
-0.03580941033853781
0.017573625976490304
0.017184517764998034
0.06721095430982214
0.028767394944736624
0.04570044114582447
0.016208453408436786
-0.02603510835689386
-0.012466897405498835
-0.04820897011759254
-0.002255052615424577
0.04687081445401301
0.04644617231446187
0.017676789125732055
0.023875898578374608
0.01872775631195084
0.08038342638626174
0.011347673923210361
0.02597647894848564
-0.011736619049149981
0.030688210652053998
0.01761229631776877
0.0009288260451854882
0.030570345897707234
3.1285703736975308e-06
0.03754203774282044
-0.013073117047374183
0.011021022538444378
-0.025867049153429623
0.04304770512976579
-0.05602021719436688
-0.006982593277228686
0.003993763425073833
-0.050872939505139575
-0.01512797607549524
0.006000980198854985
-0.005401795265254407
0.002296523830833057
-0.021265724969991014
0.025927622040918145
0.0017603885807998536
0.04437015097120189
-0.012698269865200106
-0.012708170159324472
-0.020740282520899198
0.024230045105589727
-0.055887418134941226
-0.02335426468406452
0.026072439216753725
0.04175912811677177
0.014221946393821636
-0.015653684977396106
0.026412934112285992
0.02790241215762332
-0.025145128596536778
-0.0072094007036848816
-0.0367294112615899
-0.005669058566309029
0.03508817937118827
-0.04974789019376683
0.02005467429394782
-0.033795251684607876
-0.02139667448204676
-0.03846252409871559
-0.060536767984976377
0.03822081426113924
-0.004000035449100713
0.0016982833094614698
0.039051017990678574
0.026130369596226326
0.023386542422473004
-0.02922665484625248
0.0030360835115279573
0.030951006441101044
-0.01874105287923158
-0.007413760874962657
0.04041264861749524
-0.0687798249737892
0.0665720476407297
-0.025079832076064276
0.022721098740512823
-0.02567881095145534
-0.006494081990717821
-0.012047244608849468
-0.005173588118646158
-0.016189180732266127
0.0065384639388697255
0.011140708013739557
-0.014026100563188917
0.01093439791162256
-0.012000098315852534
-0.038610330243455435
-0.030330718735642033
-0.007258312649224879
-0.02437347817450341
0.010642918161769955
0.03574799958149129
-0.032678283112218154
0.026560859146259757
-0.019483345085776448
0.0008012622318673455
-0.007883096694751748
0.011010511080912541
0.0336159527286171
-0.013107598986589466
0.006040300112715487
0.0008289362984334499
-0.012695386176156708
0.03556781726661105
0.06858483264041507
0.009440864679648855
0.0027259443196409557
7.895889808066165e-07
0.0033509354769678027
-0.05020483544141237
-0.011326789066996345
-0.01838610127251354
-0.04480752021096878
0.009263500854094366
-0.043632214207706015
0.016621968798129137
0.030358935730240344
-0.00172042876935888
0.018484937288754888
-0.057034608923453516
0.011157981818145493
-0.05756381737779067
-0.00687680767090151
0.04222784676125153
0.008827864604312093
8.643454499866285e-05
-0.06383769983836848
0.024783252637491704
-0.026044294732857895
-0.013960575597278453
-0.010570793581020307
0.0003450362880051382
-0.003612470070224926
-0.010352734280939179
0.06846927251222937
0.013724829331089745
0.048492085438434855
-0.00960330112460969
0.009577190369147332
0.008717503820261183
-0.0380859022762817
0.021645177808974906
-0.04983284268543715
-0.016599086189040182
0.10132341100465651
-0.028666237879522938
0.00235521476707921
-0.015198439337119396
0.011130298123844652
0.08898561177759773
-0.0010477208909272968
-0.00013289188694657657
-0.030597430070634236
-0.014448269603292777
-0.030869384507166604
-0.03275080066262679
0.034641812578113024
0.0215376514354855
0.010112009244510453
0.028147085235054038
-0.003544558944916431
0.06328550995520998
0.00912254216133219
0.007774504772343409
-0.0029028048718162907
0.04015988850649989
0.06387714208829337
-0.024664865843209333
-0.0004286658233126066
-0.0008536433587349743
0.026071420831906916
0.00430515295386534
0.004135208185392443
-0.009564764814282112
-0.01617447769529235
-0.0007257495812170667
-0.011121943408187325
-0.002563182452637545
-0.017181170867086436
-0.027240897473465996
-0.025911848019647278
-0.018168026294225387
0.007284472713527715
0.014588326762818068
-0.002510423791572422
0.015136900283830752
0.009629403523899785
-0.016836334198658678
0.001008711152432946
0.008058490782047144
0.03362418293955227
-0.014364605925664504
-0.04053495999472663
-0.01816879160502138
0.025168997279117287
-0.009771188200007136
-0.026734342731092365
-0.026311310136596277
0.04324198231244004
-0.010764946032191037
-0.026572269122330266
-0.0153023774925537
0.016129330786847435
-0.016875375555140876
-0.06684453389094781
0.006035670160205792
0.013899366244424333
0.011010442103889507
-0.005342533210238517
-0.023581647906603408
0.004510275772134454
-0.0198298112158938
-0.019385101231995022
0.021509640978120307
0.0036567041379532007
0.07077152817917277
-0.03554786774972165
0.10271961250167827
-0.014338541121721629
-0.0030479741146084327
0.008991198622810661
0.050523932359657235
0.028888778576952465
0.02075194811153409
-0.010865028673224347
-0.011271239550554453
-0.013491395492422476
0.013418248066906082
0.032612465887151165
-0.0032203454592816595
0.00041955070923530425
-0.001600356669173437
-0.005257186396015355
0.020771070378820918
0.013345154443256547
0.01997952619382244
-0.048633445437411806
0.03930023193755715
0.006060326491729204
-0.021533033422654738
0.0037219764955927236
0.009887088062309314
0.028119737198288954
-0.013945004031935973
-0.013127091161336982
0.006600351244874068
-0.018408022064249175
0.008413022780010014
-0.008551823506727315
-0.023579773130909143
-0.010262842873027386
0.029561692327889175
0.016423458496433976
0.006466994928001375
0.018582998469362177
-0.02485105462030984
-0.02361502001321537
-0.02209592747974852
0.012176732120336117
-0.011974891157335984
-0.019923323530685887
-0.003140847825367676
0.032023624364853016
-0.011068697706615293
0.03333843874842887
-0.020262298360450553
0.03687475933138703
-0.0033248096177197687
0.05244212054989577
0.01649244203636256
0.01718461568372417
-0.01662776567321983
-0.012757672217400018
0.07247691016826366
-0.03680675501670248
-0.004273174391090608
0.0226173987241987
-0.011659581613986524
0.0006952288976091075
-0.009247415060522055
-0.02834835409436622
-0.02579129266773322
-0.011927413033350816
0.01300103095914067
0.002551308101787087
0.0377946469706914
-0.03405217491369562
-0.007035260541561435
-0.010593734001731242
-0.03844094810018566
0.007673505223702985
0.002260659718009842
-0.024017532629960283
-0.006422602875498199
0.014094879333671628
-0.04179541924881157
-0.041722572711804816
-0.012832838788437415
-0.019623312887097778
-0.00937710328821696
0.013853798419369078
-0.03890469222868732
-0.023707379875454595
-0.031516382091650044
0.005226635052852669
-0.04090417007356205
0.05020738404436238
-0.015235617673277524
-0.011605024002359235
0.02014096766434281
-0.0038563633943745727
-0.0187165443350797
-0.04709982867650163
0.06179611093384767
0.04630995323971458
0.0035771928389298226
0.03394889166937366
0.006306012408144706
0.008800997388831385
-0.04625512010826513
0.05981993255867729
0.03628071015739998
0.0011278271608789218
-0.005634522800177236
0.07189888162543306
-0.010943390996883615
0.027840909286040463
0.011427642522796376
-0.04788598879079614
0.028905728124457974
0.009013875264565147
0.010271184308350412
0.009264073808958868
0.025756256886905488
-0.010744356338259133
0.02290169527782993
-0.01550263878766934
-0.02514284807867622
-0.004773559089665899
0.016563808454200402
-0.039087248846090945
-0.03729315726057591
-0.0029614581914769516
-0.00944528946666419
-0.007379665297364221
-0.043470537940366705
-0.018586275032329236
-0.027397344780828548
-0.034564428964100946
-0.009367531627752291
0.006843446612765623
-0.011881926566386482
-0.02743581158987351
-0.05141102423339769
-0.027775212628527668
0.005388665872005092
-0.017938589341422385
0.0034981588702333406
0.002486263938483052
-0.03225918730590788
0.0021623723632466
-0.020861887951368126
0.013180675628233567
0.0017556850649928716
-0.029268991547758916
-0.0011818858113970005
-0.010185690093839564
-0.05989268472582445
0.018677402884138036
0.01020307046057875
0.008280812406245546
0.03861913782709611
0.046734467767168816
-0.015041722706386167
0.026698697296304537
-0.04645171208599868
-0.0020207166143033344
-0.027034851077517755
0.010167910698894615
-0.010308912332150234
0.02766457013245134
-0.028802808710452637
0.0006339464086602177
0.004596847084774397
0.02196932248340357
0.0008154842170546038
-0.03143191529206131
0.006135267048844455
0.033356226524513304
0.010791362545077104
0.024986001537146536
0.013531107734854738
-0.024928277365676106
0.020021943467758357
-0.012328664899550909
6.53972432429006e-05
0.0037661775908766943
-0.01751311671660824
-0.0013974856774754997
0.011728147937624913
0.09489341072489277
-0.016171103115570806
-0.03695017860829087
-0.024302883149706536
0.022565562245877815
-0.033031844859657274
0.0024882114011498344
0.01542869500177913
-0.02118389990161483
-0.01654970230636353
-0.016321881175954168
-0.03582981305331512
-0.006039170282235656
0.017967266874839218
-0.03254510138449116
-0.007735198351504491
-0.0031797458475375066
-0.04461743648690544
0.09146224854388203
-0.008161860323619142
-0.03490575503944154
0.08057493577939838
0.009125859696222932
0.03258521009914556
-0.006820333907235186
-0.007588133574930516
-0.015331622108815876
0.0225280852652303
-0.019743589622002997
0.0018385805393976446
-0.015404257001256938
0.02285460232291593
0.009503348271869867
0.009298782274524558
-0.020667850577236982
-0.01423174052405192
-0.035371724365688764
0.008855988033230157
0.01562095292604025
-0.019310036276132418
0.016317427051173637
-0.06099749371309231
0.01737851246394355
0.02897525271273416
-0.0023748981187194226
-0.024375035948054867
0.015140248181375417
-0.016262979513360785
-0.004034680669672511
0.04728631444967019
-0.032228095842711364
0.042721009437403715
-0.02267820866656484
-0.0083340955229342
0.026045662595632034
-0.025852164165972795
0.011801004079474693
-0.004788519696006164
0.019045440182465356
-0.008412952572173166
0.0073341963975638615
-0.025107859225113983
0.052235371809398044
-0.02157528920829061
0.03432654509042539
0.018169379942580617
-0.04687363320980177
-0.007075309520496174
0.011055648548164048
-0.030189866025619964
0.013000333743660256
0.028976195313238726
-0.030755690441896702
0.03466647060865461
0.06337892756537016
-0.009565645840729727
-0.018395683831168293
0.05172218047584527
0.03565510521914902
0.005223741384509851
0.03281917101807341
0.045590349481019816
-0.01708147039677016
0.019174286542778505
0.028713390405128686
-0.018954346652312274
0.06026257598130842
-0.004131795756656742
-0.029433532758293125
-0.024158160413585615
-0.012403567163109076
0.05043264902384814
-0.013122957675424915
-0.031005689091714063
-0.012478501479072559
-0.0077614896473627015
-0.009139212461585017
-0.04400575838699473
0.036518805012457224
0.03873598473702156
0.018521995026242345
-0.021282095900333885
0.02643553380485678
-0.029738300062370042
0.01664535318083761
-0.01553512363642771
-0.018624498628041754
0.002933585762114474
0.017504033302708912
-0.01617970879027354
-0.015554387731239124
-0.01632350484786549
0.04149724217641951
-0.009679509911300515
-0.017999076756112845
-0.021103863723015745
0.06531023408458687
-0.032739158520807624
-0.037112393007519465
-0.03783148471726737
-0.021936609204171672
-0.07034249832968852
0.04154718026053521
0.02111009741964581
0.05301481498885579
0.013082744309334609
0.04737987260781575
0.0052993780324786305
0.002703602330256789
0.004156570029176489
-0.01158901437351876
0.003967711179634901
0.029686376107365037
-0.002453028858834333
-0.027239243858458564
0.002749792341790352
-0.01678152213145111
0.045702293232404954
-0.014224467006431755
0.004387566710102756
0.026416642884456304
-0.016345559136404304
-0.003194140688988962
-0.014018735088512034
-0.010526834699521731
-0.0276128823887526
0.005405246478131311
0.037157826371085154
0.06240151242991998
0.002805355743580605
-0.004885070665454225
-0.002191814987913023
-0.0043345640453143035
-0.015417098401517509
0.009627002690255636
-0.04203794803846659
0.0003740303797224713
-0.02249534198474028
0.041172625264104507
0.01642510838629184
0.026871051863952156
-0.033143255495556516
-0.04023877155712892
-0.012698172711554424
0.0018780845977535185
0.07655248074278458
-0.024098812128991457
0.039194194430685995
-0.05330224655636406
0.004585537921529118
-0.005267817964998751
-0.010031778851577711
0.0025520915714573734
0.021085856494889754
-0.015191394267659355
-0.021136030584948253
0.008275638853144465
-0.007663848085044695
0.0461620783993386
-0.03561679327335154
-0.004996304573978599
-0.022513970742238397
0.003911847039457901
0.01134089176828297
-0.029415958048830477
0.03364823545451243
0.016775768534495923
-0.005010444106843942
-0.023524812102095425
0.05964951950827651
0.051791589071376896
0.015191790915453626
0.036741346231766274
-0.022207073145996858
-0.0007597947955262013
0.008894160156770262
0.007857502345841516
-0.04363890126187714
-0.040261041150422734
0.06755651077563946
-0.0035931401237153326
0.028581372690710226
-0.013578681741001452
0.004205555385871779
0.038238465882260333
-0.007883190364163368
-0.01787270333184018
-0.046898079257699565
-0.006984358238698499
-0.0038537501898295223
-0.04446894906340866
-0.035893504036760907
-0.0291228037505212
-0.026033378631152473
-0.017340341551890754
0.03560642744757342
-0.010525321753058491
0.02598516059860496
-0.04308125023540884
0.009573953878473151
0.017770811616124507
-0.015542561735448353
0.019737520004086875
0.011189783235469762
0.006003476256265879
-0.00840407987145456
-0.02643534852566799
-0.019561436483071327
-0.00017811312627125428
0.014248982437892622
-0.005614225505781632
0.003279034589060849
-0.0009236698485276233
0.009518579206010866
-0.012905433506996552
0.0045873091991835485
-0.02740503871867594
0.002800407494306308
0.012810889776382058
-0.0085330549504975
-0.0011474792582513173
-0.0038552476693734326
0.0005768061335253275
-0.017484393166997802
0.015013270620320505
-0.004162826233692061
0.030377550465858133
-0.0061205619563760374
-0.02347144349425904
0.023936537254353348
0.034467782057123295
-0.004671611518502061
0.008466838548163406
0.01695736236243764
-0.03861632073998174
-0.047505770864026846
-0.03227404188008717
0.0015723205608840119
0.002581883067154155
-0.0007686144125766822
-0.046378014985506595
-0.0038555515462879576
