0.009679543208668753
-0.017720087426698186
0.019682286323172135
-0.014920361172301265
0.0168550088459581
0.04399161688722574
-0.03545022192921923
-0.027405722085999725
-0.022019628014792972
-0.012305427497971352
0.041574814563882616
0.02573117761557552
0.03621382036153739
-0.02152795342745466
-0.026070797268847958
-0.05468710136352344
-0.007643442335703923
0.021169773526508836
-0.016186446761381902
-0.015491627421902297
-0.003742948811878058
-0.03607972069795619
0.010675035003290126
-0.0028661875156919033
-0.014742159586918366
-0.034317736106132986
-0.004667196824176428
-0.044047528694078734
0.09504228604713195
-0.06444704923739543
0.014233564243314907
0.04430722891614546
0.0019669470978036347
-0.024662265846987465
0.01840063621946311
0.003179500237032702
0.01412331977284347
-0.016566655913580884
-0.010727035701883767
0.006353628554863539
-0.003739918498249369
-0.026331638019985573
-0.005890421029977777
0.026078572429669284
0.014388172999963934
-0.01500150076133202
0.01622968386786041
-0.0008139573477245375
-0.018686048004630286
0.011476362108199746
0.031890586626236124
-0.013522009893390296
-0.003218407034606603
-0.014537137773179935
0.04434140444142531
-0.00784773775107837
0.03607232257847866
-0.018109942794824283
-0.04030566502556783
0.00463638687564838
0.011511851766647478
0.01859355391113768
0.00783204114824752
-0.013551962384650191
-0.01992020396990672
-0.009034859373608978
-0.014306923216202859
-0.011964494752059457
0.05849864274373616
0.0041635234666125105
-0.004825294575379467
0.014966980616106487
-0.016847387577658066
0.04870196278658717
0.013710153565784537
-0.06721228853915844
-0.012036859752550129
-0.026390506250694966
0.030121763515496593
0.04010432572735443
-0.031591209080452154
0.013192759574833804
-0.017006708624815948
-0.004886042006358473
-0.006517494259616404
-0.019407538553487584
0.023496847908080036
0.0043221234827973895
-0.006434211317695201
-0.05348680397680667
-0.0003370810121504884
-0.02411875347638821
0.004130200179076064
0.020632346170209728
0.010396972779035061
0.06300770757938333
-0.0269491559712284
0.02292434231387566
-0.00808575714426594
-0.060442381213534555
-0.02066113479233176
0.006116218530951075
0.009444503388054599
-0.008028796561083597
-0.046254189377936544
0.020440140200206503
-0.013672214793995208
-0.004344534180581703
-0.02769773721369664
-0.04537210839931705
-0.03750588141911522
0.005719772573221895
-0.03918396932500429
7.823001372802362e-05
0.024690732481382326
-0.019922962642968434
0.05092226238618738
0.059927366705566504
-0.016900181936050307
-0.03223452959773661
0.023837230339304533
0.039354438218873806
-0.00422620801434182
-0.001884615914642348
0.004321695521617636
-0.005000826955723054
-0.008549499481439222
-0.008214587053088092
-0.03003839999878156
0.01913488176381316
-0.07892386931956508
0.0063902548256331345
-0.006355942099963427
-0.0009236251281057788
-0.002487999929124274
-0.010166049054716512
0.021588711571570725
0.04773526050089854
0.011418932953275012
-0.06992906300671507
-0.07329617280948116
-0.007717800453307993
0.04008809531634558
0.012308178490490653
-0.04838312768097739
-0.014871804116648669
0.017761655284230755
-0.008792236420733578
-0.03673040997352905
-0.005483060012147995
0.016789748971804516
-0.04160301098189221
-0.02239205098626087
0.023428799620659812
0.0651181134438354
-0.015936593679313864
0.03473542006778233
0.03794252954740522
0.0009413201491794695
-0.04997392646667526
0.03782008059129772
-0.024093103369062247
-0.037855892217648526
0.02065606762279357
0.005630771961442796
-0.04511604353508887
0.0057095406888785895
0.013397871316020904
-0.005886560655160978
0.0533705643735397
0.023279774401339704
0.02183980501791956
0.05125320584674932
-0.010703025094683119
-0.0010975699083619768
-0.10316545469446083
0.0009110164118533045
-0.033454824290382955
-0.02851514743958598
-0.04446599953480918
-0.06110376890691517
-0.0006432498650812849
-0.005473338605589635
0.04072410479889376
0.0222205725409807
0.02114235178576218
-0.028325789693732506
-0.01130980707446106
0.008605503818737543
-0.022353045397759227
-0.01489411065172764
-0.029716820189708074
-0.05687439086433075
-0.023186080023867933
0.003658147091707964
-0.0006704365737897536
0.008997610960821493
-0.014168831058541102
-0.021383345307532768
0.007905597095894952
-0.050469352851528676
-0.00897501416143965
-0.013817011914478516
-0.015498443722698643
-0.022162281606704578
-0.04993631219235511
-0.03587657476309095
0.02143827910281855
-0.03260936787170518
0.0289606324901616
-0.023982589983897587
0.00755520512438923
-0.020076430454514408
0.0014205817903646602
0.03383816514294248
0.017676609169105902
0.008554475644074263
-0.005086248168160229
0.005311836673903017
0.01947529550307018
-0.07028628135691693
0.011257371509555778
0.04218296967474118
-0.011550803870984656
0.0062431184200173765
-0.005831330983264544
-0.02453240253523822
0.008954056739311574
-0.011574660568956863
0.014812352563799274
-0.013682310218523227
-0.0031384510480390883
-0.04178478069745301
-0.014469886206458019
0.026519340517215537
-0.002318207108214641
-0.012568630170334664
-0.012084646991054543
0.021472139092126714
-0.0008077575753299379
-0.03626362676371608
-0.04761640543026409
0.029469477899662772
0.014917159317212856
0.02597792408631028
-0.0042981663538092085
0.0544700245095534
-0.022832485909186136
0.04560413983774837
0.00064168091953871
0.025666917596416986
-0.07655939913572256
-0.0354274799890228
-0.004392647997782359
0.005857699392872704
-0.027414581056662276
-0.012809104287376827
0.01107243302028182
0.009803243646136498
0.007063939768147431
0.038464656642383396
0.008923701883596123
-0.039928544518563314
-0.03873298204450074
-0.07849733725330431
-0.02402867672703116
0.04096820525110333
0.026829299871691897
-0.014670331292661156
-0.030922195982050347
-0.00098866857132024
-0.05104170112258613
-0.02848664628416916
0.03236018409454572
-0.008783641367460801
0.023521204724090982
-0.0041380478933508965
0.019969046979747527
0.054619537471756754
0.004937872563594233
-0.010824395554634209
0.03493528842969024
0.032465583285971586
0.00010297857055316643
0.004974800070083953
-0.006892075389048156
0.027163943472250623
0.019142203368132195
0.028526985108553626
0.015881497834931046
-0.02504757583411445
-0.01793162473009353
0.003154567929696581
-0.04061031224847036
-0.04989373866760513
0.007539692486852445
-0.03801426555440733
0.0013954642037298124
0.037093446073032325
0.03756630162170964
-0.034420488011352134
-0.002895104930629901
0.04808732805140973
-0.0070789700419310745
0.012780779641311869
-0.03176998791793811
0.03392263974675061
-0.001390909575655054
-0.016995760351554104
-0.015404122268724623
0.007363126306082606
-0.0011392679745209522
0.03530983681904326
-0.019015298662009548
-0.00355317866238493
-0.020306569538487564
0.07970542133671672
0.022981977906868727
0.0324952650748967
-0.03285586064947439
0.00810030137962747
0.001551864907783051
0.008195450324817704
0.0053120503810709175
0.02652015154555696
-0.028066478419972667
-0.02039437068806271
0.005668687937349422
0.004466098386646663
0.033093196006911185
-0.00810573828433212
0.004081384884281512
0.016554253741968387
0.0795365362157691
0.0034289444744413826
0.03880841961623875
0.06220521035362544
0.04278689729474941
-0.03619496773139694
-0.0039088722699245106
-0.008771300283669969
-0.020056099748367088
-0.004410889038971153
0.015192982375871762
-0.0018815368680472463
-0.01967664720199026
0.03986481739831236
-0.005955309818824023
0.022411938765994923
-0.01056335934240744
0.0011174157747410101
0.005827466134800056
0.048566780790681406
-0.0031799250761447417
-0.019066241183969174
-0.03621136540405881
9.28094423864197e-05
-0.02073169252640947
0.005010997028275684
-0.05031954068439055
-0.011360659466099779
0.004377666396805445
-0.0065352024602245515
0.014164589513657238
-0.017737490545975863
0.010341688798722921
0.005196192275050115
-0.017940321398071113
-0.00493387351425919
-0.04512878753278295
0.018714701737446895
0.006151228868259562
0.011169123631626312
-0.04491944040595893
0.025117513943796015
-0.06191928410055843
0.0007211324214516582
0.00778945836257729
-0.02388405861307203
-0.009768231699192323
-0.009390225890223295
0.031140527438997926
-0.00892965603241232
0.0001798011738910784
-0.0014821353372663007
-0.007031029910291509
-0.01606566887957751
-0.02258677948027217
-0.03346332476590523
0.01207790138065173
-0.0318770598014192
0.032828644164689225
-0.022612530448289623
-0.06429834952993294
0.021792094478370275
0.004687796357137889
-0.009333994472627965
0.07310291278200823
-0.01585394562267638
0.011493410221541257
0.04609850993285288
-0.005914809856802326
-0.014259392685161701
0.025961252702412906
0.0011852645403479145
0.03536252180342354
0.005919567424202109
0.012436955248397188
0.07193189265854712
0.0013472768812579944
-0.02889917967183249
-0.027497070858610483
0.04821826750620404
-0.007219499248107125
-0.04205586027009493
-0.03969958124220853
0.03512240087407316
0.01840553344966483
-0.00028799981886532943
-0.010557917976376901
0.00755037367668433
-0.028915295430628856
0.04176069983196323
0.07707085525670515
0.0835130598410454
-0.023686856062312717
-0.011931637283716521
-0.022217006001202227
-0.006194317711968097
0.02379362898593667
-0.004976373440602445
0.005553486528920911
0.0031018453584316288
0.00794204323246006
-0.014515916744288215
0.047048882923737836
0.026065153402290056
-0.015435038387737044
0.0638842964866993
0.06143743557580282
0.0012304723449640075
-0.00031501654208910385
0.011019946610698566
-0.005111410851680987
-0.013108370449185756
0.014553816678862531
-0.006508891072856594
0.018538188151367863
-0.006563507820699562
-0.023058595886299972
-0.019465957060710786
0.011343068973535238
-0.04054876721919774
0.03600282373981434
-0.005552679186043968
-0.011076876902840649
-0.030750138480519596
0.014415286529645872
-0.02709837358642724
0.033421028116891675
-0.03366301190541158
0.004123517420991657
0.015398065020535716
0.011193475957918562
0.013427346016193649
-0.003992948977379155
-0.046609192852065405
0.061409718382491096
-0.019843904558998086
0.008762967156255422
0.013761453885357098
-0.04720149299112303
0.006169590351462655
0.008681699590478839
-0.02669540098742162
0.01707206629217527
0.031172066653236286
0.025128034928697744
0.04281594319541158
0.05011446960974978
-0.009328169319945361
0.02094410843844699
0.03867247542331666
-0.0004306952709091655
-0.024876990549294483
-0.0006559105875264021
0.013358088068346843
-0.07620441030695431
-0.02521402549736791
-0.009501294608351156
-0.01896556750182464
0.05724761983708781
-0.03907834517213679
-0.019935259881770213
0.0065615169024767885
0.009512873295330451
-0.0027427402951818785
0.01192731097908362
-0.021110594360965716
0.010895046339234934
-0.01143074944845117
-0.012246404468015028
0.049083770101207305
-0.042813467511570655
0.057654786525517414
0.06192582949299258
-0.02737855817617431
0.043492092699430544
-0.025854123996042082
0.009685935118502093
-0.002235497978635338
0.014690057398710264
-0.0273412199750256
0.001229345934372002
-0.00470660015464175
0.007072559771972545
0.018977997596642343
-0.01781004817628851
0.021099827838660497
-0.0741498486934192
-0.014737721495906013
0.046294964741057404
0.00556205394128469
-0.016356493895798175
0.004647914990113797
-0.020567925189327797
-0.01302328961423099
-0.0047391945805820785
0.028213232536090916
0.012681707544287671
-0.0031095877064742446
0.02346261281596178
-0.005965964476569249
-0.028653318175961635
0.05778994837085669
-0.009596862679008987
0.03995415498022656
-0.03905417776154385
-0.03298006413891246
-0.04798020793335206
-0.002693156883040508
0.0003707044166746962
0.04068003723340494
0.02665462476581886
0.00030470545789976954
-0.02247505909126901
0.006918749959529899
-0.008910441154551934
0.00979078128285674
-0.006093176911452418
-0.006908985514931152
0.036741754613694694
0.027616611480972
-0.02612307057423706
-0.0026660803764091954
0.05483206898930165
-0.011408768449265758
-0.07345123681752644
0.02171421825767139
-0.035533061874766333
0.0686290584278967
0.026628006198113275
-0.023602058129681868
-0.03539216626496795
0.0006410062685271648
-0.016621074293260867
-0.03976431215562392
0.030936585329717447
-0.0050267190892940225
-0.028911049128578514
0.001198375197891656
0.028557005070132372
0.01304217069313892
0.012512501430491986
0.01975737269251795
-0.05017735829613034
0.0010386115027385698
0.009544584962395132
-0.020469677113818703
-0.02076822723082154
0.0027688143779015365
-0.02163306684613458
-0.022343697533644555
-0.023358887021302042
-0.006483210078443976
-0.0048070802866386495
0.010869412479255514
-0.017443920444896153
0.01253593711340004
-0.013502147247569915
0.04676846327278612
0.004814630900993866
-0.10440932297177455
-0.040033539303150414
0.0350856754935742
0.003625587599228335
-0.019195552712600147
-0.020991936697469005
0.007294525280976525
0.03019619896909602
-0.03225796525689107
0.015998533317387133
-0.03791366769196391
-0.044618910961182576
-0.0163089237819557
-0.03948103371746927
-0.02008814497938606
-0.01402648121174631
0.009763685455821538
0.019976497103650705
0.027051325221223093
0.025523861535104685
0.035977334686885215
0.01792447289981317
0.006673135217344448
0.008939975406663412
-0.01418529306868898
0.019664103271185417
-0.03778959556534357
0.020305829789198676
0.022025554385944456
0.013044150182533982
-0.0040796286583563105
-0.0031999136706140955
0.010495637743519219
0.007257405863862435
0.024996088113004206
-0.004897276515516412
0.0385183888599166
0.002951412074007055
0.0013796860587315732
0.04054949457583785
0.02900075248091432
-0.046317269588773635
-0.015193200925100814
-0.04161695753532431
-0.017397818102731857
-0.0033965010201620527
0.0120273998808513
-0.04596440866324747
-0.044994968607864505
-0.0011841689995601174
-0.010021107146992371
-0.05095972471335543
-0.025233580678726313
-0.037730136551024314
-0.00721602724551925
0.04001803943552461
0.007399288771067481
0.023328717042277874
-0.01654688427564758
-0.012086967722822561
0.0006491715406318399
-0.0327701235386071
-0.02804706557612608
-0.07104777849848251
-0.056964084687546705
0.003069950337974394
-0.01903490741163685
-0.005175480770739839
-0.021760909448866776
0.01490907578686017
0.04450270444322285
-0.006172350478905542
0.052824277245322765
0.01264287032274865
-0.01489075169952957
0.021374103847198483
-0.024884571494843716
-0.003321337954014843
0.0001681085715470064
0.06744238311430674
0.01866367967000251
-0.0005560222700047125
0.024749431923267902
0.006916401977329302
-0.03149122200252519
-0.03839425062777532
-0.007372249068613264
0.03463871274431241
-0.008689930378414987
-0.03642264210893986
0.02526017641616534
0.009921733873958399
0.007009648504069829
-0.04675689810816063
-0.014773113627560851
0.00458572865518754
-0.003009440624622591
0.010229773133543774
0.015113908883133043
0.03889012775621
0.011971272807623994
-0.03570105966700619
0.04075011715766564
-0.007984323956054586
-0.01703703244114778
-0.0024506898804113044
0.002280311396794782
-0.009110678223687076
0.037242763258106965
-0.019117933970239132
0.02907760006689675
0.02371230896769167
-0.018880177195060376
-0.03357486647445869
-0.03990316669795337
-0.015368224073561988
0.024954307350824104
0.017173921068173226
-0.031359464961752265
0.009549636298499444
0.006464822547128636
0.007227360763325248
0.005758748301257362
0.004626447054353582
-0.03327626374873675
0.04038867149589265
0.02000451457990924
0.008841105579400654
-0.06506964825283104
0.03542427560318208
-0.008846683930554246
-0.00723582324658461
-0.0032546959166414205
0.016481207768308293
-0.004245413019806285
0.006156222204906064
-0.012243049373040943
-0.031886114032949414
-0.03198765313975949
0.00012342387845728136
0.024229055412068955
-0.01512479380711656
-0.009054573166332788
0.01704413221952559
0.014154664350928456
0.01663126879382191
-0.0013498257811389875
0.020412930816498927
-0.0012101682668801406
-0.0016486303147074186
0.017937448346703768
-0.03431987549232775
0.009752434407023117
-0.016130146492443945
-0.017124928941153788
-0.010421049215660812
0.015312946807154693
0.06839530972067523
0.04605650730103541
0.04580618385573992
0.04080606752459903
0.012127003863608337
-0.0077039451908057785
0.041306712076450335
0.021674021715502968
-0.006551895804115126
0.048731058871704314
0.018060749270542766
-0.010808553169289208
0.02898688317256673
-0.0015259403028814013
0.025019927863839945
0.018754319769232378
-0.02523393743421756
0.01300758981985786
0.05534327920165865
0.009736262604337803
0.015176462306703203
0.0339657826504192
0.0290479479595886
0.02974667706761265
-0.00471749673008894
-0.031418018978563236
0.0024789091979759313
-0.014324427137610927
-0.06515055165549297
-0.03106471224505354
0.028432171430435006
-0.004640595376791915
-0.02839173244708214
0.019308611377876147
0.008698964857749016
-0.027326013297202176
-0.030498088196128387
-0.00020391559691650626
-0.0073101390488964895
-0.009510121572884936
0.0022648530714045123
-0.03574527395275366
0.02212359591436322
-0.014378796340739889
0.03049625890256842
0.023447527776930488
-0.038832620107868344
-0.003525030705196711
0.0025572705844403017
-0.027724015409686845
-0.005649367388014532
-0.02862117628097354
0.015098233711580984
0.029828857434006345
-0.053654651368570956
0.049377351693934965
-0.0327797051200395
-0.04429913443679721
0.012920154808076224
0.017810983420538357
0.007296097696922901
-0.017771999243216242
0.049906654107224106
0.005074438890881867
-0.0025779802312690054
0.022696628784159765
-0.0005763336467846576
0.054487689076419335
0.014220168825405768
-0.02480564102752407
-0.01081143649280524
0.02911766103223219
0.03761977588076546
0.055035479349070396
-0.02548580387034652
0.03807116340227663
-0.002339960436094371
-0.040883270751541245
-0.0011408160122899748
-0.0223821603770643
0.0012748404961815648
0.016705207864601952
-0.0012542640684927056
-0.009085520490794896
0.02215655896469401
-0.061643091803271426
-0.02703361707234182
0.02611211981739717
0.0003360613963013431
0.014122270019717054
0.0007361321829708134
0.0008567614912793531
0.04225978104039594
0.050701902501031494
0.010570672544242758
-0.026372963787048564
0.020594128414482323
-0.009274440419343409
-0.0012089296469808514
0.012020682759757442
-0.020864095930430336
-0.03695786103696366
0.0382086273029541
-0.0020210341888548754
-0.032156752382661434
-0.02363002185441175
-0.04010930787789723
0.01818315355114229
-0.06661642199424847
-0.015958883264030527
-0.0016965399706389153
0.006150502437683669
0.008324775991140492
-0.017554409175001347
0.028450699149758937
-0.01565714731186975
0.014103222472018702
-0.019202934523218786
-0.03733779827889772
0.01599027596108781
-0.024082467692372704
-0.02000588245229846
-0.009283097477139055
0.011416634712211927
0.018773770697531462
-0.04621553657538996
0.042823397957053526
0.0115107423678318
-0.003143552475497365
-0.024846970293018765
0.01089643655034337
-0.0012218946357659233
-0.005160933457891023
0.06920182911523833
0.019758319636791078
-0.0018992125646119498
-0.008266116357958122
0.005963184056613207
-0.03841960644435348
0.011465243477786774
0.04673879943061137
-0.02992014970544817
-0.07813910731294935
0.050184219450039806
0.008206884519680557
0.0011453809050201856
-0.04017972091768383
0.03184930897089904
0.027476160200504047
-0.006693812810348492
0.03071574403809532
-0.04286387399050141
-0.0020700994497667166
0.013284246416858311
0.015379407813056392
-0.0053423400689372545
-0.03393241236352222
-0.010096520990809923
-0.00403038904803932
0.0418750316293378
0.048737799894062815
-0.012252020889310933
0.04400079793609974
0.026527569297658666
0.0185250412771403
-0.015359687014296491
0.001958261029399925
-0.029100774132977715
-0.0009264812989249429
0.041948280416613984
0.0010983011458294057
0.0066956649570543095
-0.023994241792313582
0.029863181428190493
0.04039702369332205
-0.0024066149883162735
0.0161858516597796
0.013053389786528027
0.05357069890555429
-0.013814176261591161
-0.046623613135059055
0.016427332953720144
0.02789695683856076
0.060936857155253175
0.02626983695353322
0.0037123634453864267
0.04219721478325616
0.023177506198733704
0.02365875908036747
0.01509540432392106
3.811182796640914e-05
0.04228732662689333
0.01279966525251066
-0.06717549500955373
0.0036726795480864828
0.00622906111776066
-0.020284675398669075
-0.04029669289271924
0.003771580551569527
0.0030317096656271515
0.0055253950468071794
-0.006689869303249995
-0.05088319768592421
0.013583854785018048
0.026003116255320327
0.0086752826050683
0.02721391025662501
0.016755380425820213
0.019891918642361044
0.05423003568337374
-0.03153617681998548
-0.015587240319263836
-0.027686926170396378
-0.00720210455598349
-0.019589273514479158
0.07869162082803166
0.026414741347015474
-0.037712945228177475
-0.0026761559327233525
0.0007794963985420526
-0.025658464930860946
0.03578241780679788
-0.011567223537571196
0.0009065071223850584
0.017019680510790017
0.0036709469701328066
0.028639073908223907
0.034086551840704325
0.02804816537760285
-0.01717059179219266
0.032611467755063184
0.0057786823783055824
0.0032039738447738587
0.013131449887066044
0.0077888777631142745
0.009239768347370513
-0.015891698406199615
-0.024298539421262793
-0.0012051473769400312
-0.009532899191376336
-0.024265009316698366
-0.002079661435678457
0.01399272830744043
-0.027856329712651593
0.014286975518950223
-0.05693432608176617
-0.01127692555192062
0.06573122326711972
0.07038582670111411
0.0037147033508133265
-0.02129933033010834
-0.02750778744320983
0.060990422650948985
-0.018933561998841046
-0.020700883894368673
-0.014645263267102197
0.014952005079508284
0.03128895081081465
-0.005225321763386423
0.010051834685256035
-0.0151751637571308
-0.007084390774267756
0.02513337906141935
0.014046806669071784
-0.0013762536884107867
0.027596039876669597
0.023859308630318533
0.019582070094792788
-0.031826691323955006
-0.018694082641839027
-0.002321813946198761
-0.04426159046857127
0.052413526634743544
-0.04512983336094014
-0.009687874476527998
-0.01698975500693305
0.00801489957539566
-0.026097308945218257
-0.034838109124761645
0.027044449604234643
0.003759220100393017
-0.0014115712304868578
-0.02624911912343955
-0.03483129203791937
-0.0149201157381655
0.01265340337684217
-0.027195778412895666
0.02796995583487129
0.02014502754175867
-0.005523799648988044
-0.04508072563844111
-0.02293214284510923
-0.0031353496219967865
0.015037647533758644
-0.06049028662342747
0.011439180410256862
-0.014134324848928903
0.020768975619734665
-0.0009353591951817095
0.009506235125384082
-0.024982783273280785
-0.0067764076426607475
0.019605869293689144
0.021987176912452323
-0.004023602714357431
0.005188569274023928
-0.012672362072826761
-0.033984182401920256
0.0044469935675315085
-0.06475082662760878
0.016875210197607578
-0.0035693687688245325
0.010897505357794627
0.007595768861654027
-0.03916036171087734
0.008952714167760948
0.027190648915872515
0.0033179065403852992
0.030292273092301415
0.0022288491124291755
-0.006519346445781759
-0.04766270065458233
-0.06660893232782192
-0.056157435405853044
0.03395068072218064
-0.097876458500114
0.06229304975369608
-0.010465106997389562
-0.017989408001441307
0.04719052784414695
0.013163384448303351
0.041660270015168845
-0.004227284289707778
0.015634057797123086
0.002795012430108265
-0.010701750452670472
0.06825593615829392
0.00972295083993421
0.005079255568225758
-0.0266341743816352
0.011841166477314325
0.006547542632024075
0.02983006287687946
0.0021588711270867315
0.007974322530306234
0.0022303574697368988
-0.02715922826368398
0.04185206951162639
0.047000567135043095
0.044592212621428186
-0.020704901955802102
0.001966351572153949
-0.013430608874223864
0.00842717100005286
-0.008857569795938524
0.03176996923252721
-0.02101024860969249
0.035085690549693925
-0.006437883501236734
0.03773296451556792
-0.003350831192862119
-0.016187214382255528
0.016502656326959162
-0.018722127081430527
-0.046239238656436574
-0.03155884465240446
0.042407966625766916
0.009101946559828055
-0.028407192760362472
-0.055376027334232934
-0.036750853612963374
-0.020900318386142536
-0.07037250704048018
0.007368509947752933
-0.04504409318122924
0.006681214175263463
0.0075659753749542985
-0.009895904328648966
-0.008061854486249131
-0.0015874502366032875
-0.007338844885576634
0.002683570012131638
0.028571560873961628
-0.033629177818723745
0.017872183581671582
-0.008275516125111336
0.019997152097908703
0.027350056181674604
0.013007093926286368
-0.027169913632163017
0.014931143750116642
0.0013535155183502384
0.022789347260514237
0.02321652637518417
-0.012714911593330205
0.003974841313462654
0.019367672571010727
0.00834500899543404
-0.09350076796024358
0.06173234419410055
0.019893551291916483
-0.029316385745683776
-0.00042876533469370873
0.008848826879337272
-0.008561382803102527
-0.0009067641874352985
-0.0366928603778462
0.018660604216232658
-0.028780553589078613
-0.005294784791654498
-0.03798508470009427
0.04328332216949564
-0.04827185442032395
-0.03724943436138061
0.007421348927903965
-0.020750169677022617
0.004043056909411058
0.04117131561028902
0.024311536632871444
0.008450327229312425
0.012344565310224018
0.028980466532773468
0.006368322775538327
-0.009107136937239295
0.021987973873164257
0.03746274457710056
0.0615705604269171
0.037876565821223014
-0.013704039735462477
-0.05976727860986877
0.009542159172450729
-0.006130207501250244
0.0004901072592321968
0.07979610116662217
0.022447945801103937
0.034727487107895666
0.03024064739440313
-0.00047148998256804983
-0.004253412950542964
-0.04759003774298395
0.024516960540999555
-0.06665385009805405
-0.016475623141164224
-0.001186577997267324
0.017268141468563505
0.005025675329528531
0.01637496856289045
-0.042431710166566584
-0.004576771981621975
-0.055573063934901766
0.07522711138926043
-0.020515938069482393
0.022130304204639274
-0.018180978769268795
0.035308238799168175
