0.0019362799317530002
0.04006517764607624
-0.04702804088084513
0.035801428544771606
-0.03444445472849408
0.029651573654211907
0.0001705000330205355
-0.014950668128459006
-0.02012941607506243
0.04228574789614788
-0.02504520472045212
0.0067835374545404895
-0.0017305236604001379
-0.013457728220254594
0.0027679874858243937
-0.018683504860690568
0.00444647355469377
-0.015480317456011255
0.011279954228415675
0.017253498044294446
0.029995220705641937
0.005085624966649117
0.013345058559000632
0.0133590954634518
0.05744988244098844
-0.058933235190806454
-0.010206019314389055
0.008529108476702324
0.0031807395568720846
-0.023656179065889286
-0.026113029953587556
-0.0011789134593793197
-0.026379717019200142
-0.0018395339400855493
0.02187084390849822
-0.0017869864588472906
0.0021728120482319585
5.804270227139912e-05
-0.04140000541233091
0.001387436215442921
-0.005810849002624535
-0.0031604255554434995
-0.0159078721848649
-0.017939293743367016
-0.013212710451763428
-0.03287057317419184
-0.02406227081950581
0.049107577153780224
0.05236021547565414
-0.05339071936846688
-0.011741411504130524
0.04609158683562989
0.006557044955509014
0.02685880186024666
0.023614614009043997
0.010112143385236243
-0.0014509422961317942
-0.04302781142435751
-0.045028305948603936
0.018480253111675525
0.026115403305567227
-0.00881749134006205
0.018613329229591188
0.026262608871299307
-0.04195745696214211
0.023674165222136577
-0.002157802417024612
0.008356372795167695
-0.00792403016005406
0.0010164280979663937
-0.008876509635580223
0.03298181049252949
0.022079702588323622
0.022045744708085676
0.03087622151801067
-0.032512503610848696
0.01759524233424719
-0.017465677227738605
-0.0032073225749818693
0.025760876373358634
0.010086221018280606
0.0055054252510033305
-0.03155611488929648
0.07619572046867983
-0.02026340522861524
0.0017230424916333184
-0.03763193247547812
0.005215935429325756
0.023457176641608925
-0.016733954197043543
-0.010107969966982041
0.03413696390269037
-0.014070969519074984
0.02191302911234459
-0.01352339554374558
-0.004219324148486812
-0.03679697148835079
0.034182402589685495
0.006122486941060455
0.0777304948770036
0.031709358634165616
-0.028746216187755677
0.006544571711787501
0.03458849183463345
-0.00984067223704474
0.03237745825767741
-0.008413217443502544
-0.010408222113633262
-0.01760132465171284
0.028279132003454922
-0.058628292540209806
-0.0018081028745232342
0.06667053093668847
0.021974011073176043
0.0013260274351596323
0.03108128942303534
-0.01172084877370987
0.03598942119627661
-0.08357553180441064
-0.02092390219845803
-0.0159049849633658
0.055035751641408316
-0.00859503832029495
0.005774877643452093
0.04127726774857527
0.0012705522898168856
0.04359050057486527
0.042071629355102204
0.0049282042877950875
-0.024270140442624533
-0.06998277061829142
-0.015541989140947511
-0.009836210692128255
-0.003328549656615116
0.00832932652090993
-0.01411504065663763
-0.031309379281836726
-0.019510753462481992
0.010373180752285587
0.006680422321682429
-0.03299964486157524
0.033974315879469405
0.042068151283546476
-0.003303852461540944
0.015859035937457744
-0.027426924854117043
-0.0033322145812992995
-0.03143048820045532
-0.012288062084564195
0.016671244578515182
-0.019272052520637576
-0.03114539068425307
-0.015014260427055533
0.03788363968797473
-0.007488341307753483
-0.05126999204438494
0.007701324462852295
-0.0023501083425052694
-0.02120298473887781
0.034812114926591496
0.026949121627566363
0.010929902661000045
-0.0251009505593665
-0.009873372589467999
-0.0094155933176711
-0.05574348205820274
0.029024161395183514
-0.008268060995289568
0.028139392275271076
-0.018240759126558898
-0.0034647523689498596
0.052265198057294016
0.0790983816982026
0.013491761744608362
-0.03586541789505301
0.00555404563477339
0.012744783809442774
-0.04750725259733119
0.013756784739725237
-0.008489154714646242
0.02869194912108974
0.01335011583524843
-0.0032006497939143217
-0.005534859721779481
-0.03311467001797078
0.009190907231108712
-0.0002964478270205548
-0.047101275270192054
-0.003964231054293582
0.004156254619813851
-0.021849431538197798
-0.020695086225148797
0.041728826327103535
-0.021580523660621968
-0.018394716091763588
-0.015328589470761406
0.014193859428415685
0.01158483443845164
0.04205136081117736
0.01921846161641024
-0.03219030940483414
-0.02837126333939899
-0.0022779682401554485
-0.0029885429115026653
-0.013594696752753922
0.005075041167732042
-0.04899415012275352
0.00504977201190289
0.008987431023016749
-0.02788754461038364
0.05030980368606978
-0.040949884442009955
0.0030797769195546293
-0.04388125918943449
0.03168647317231357
-0.06048960444288064
0.008997689454087557
0.030922775021949456
0.008768802395463182
0.024203297148606303
-0.008440582176149325
-0.06752130308805977
0.01342382007751769
0.03566002319806154
-0.019452008917460507
-0.02032045422755939
-0.05305662422852836
0.005935741878166083
-0.05300414124266106
-0.019957999521615286
-0.021834780402059422
-0.07444541902113692
0.00017508276162241714
0.022402233079301528
0.002255955301253511
0.030780966889376392
-0.0008002209980303699
-0.005586861032228405
0.005097943813853637
0.0460271777020948
0.023831448329470394
-0.05542536813669358
0.05597567726374694
-0.019990974994951723
-0.032067925119031775
-0.027054253223140465
0.01096043184690614
-0.021755882664001927
-0.008667795154978702
0.009009814566474766
-0.06237302639829927
0.03819576439387778
0.010100015457931714
-0.045893718830113894
-0.036526173172464246
0.0110245869306753
-0.030378748597161796
-0.004430703494878662
-0.01039065849824737
0.018415116331215592
-0.017793100662450694
0.007865145195557555
0.0060002772008357075
-0.013115910745416381
0.023417187661861346
-0.03513927077457377
-0.02861222911324781
0.009438531021042067
-0.021392570967181276
-0.027350232380176445
0.026948792901144835
0.02377198252869139
-0.02116278372011756
-0.0031228999441314273
-0.02339810853841254
0.005233483261389014
-0.012035800101255571
-0.0046123937673834894
0.014387926209107098
-0.042711928033956854
0.014746669063999162
-0.03100411898526095
-0.005707038644984276
-0.001390426110850855
-0.04288399252794602
-0.015468537164527169
-0.03056205668900148
-0.017130941068444202
0.08699835012718897
0.08255003786490396
-0.04522404657609214
-0.02541820235294039
0.005559042334763532
0.007501694995259778
0.007175199961638285
-0.030344060753899258
0.01761955199485314
0.010503133086980919
-0.048698925468951694
0.006511481833782631
-0.039860980527944026
-0.005441586586282667
0.0073385035597020596
0.0388666032262538
-0.007228262923989372
-0.07272483483869502
-0.023699075849256453
-0.005807617074830598
0.013627237408939267
-0.01611654584082999
0.0008906969215943832
0.005163676201968378
-0.03912365381635347
0.0050226388185371645
-0.019698627774740084
0.01979369988715085
-9.759704278832961e-05
0.0026747696220749497
-0.04001025241924654
0.007958721210069405
-0.029193516591701843
-0.013840837963529647
0.029368877141411627
0.015391826635094774
0.002794938909742038
0.010987121698116808
0.028246593244675745
0.027686049577734184
-0.008044645456718789
0.010399737203473964
-0.03461217239324732
0.004495625665427502
-0.05203063938823933
-0.03526320849219154
0.004727456585304398
-0.03389742339106031
0.04780588867719186
0.008064135088890364
-0.010006239976931173
-0.01792893393839215
-0.0038802433595453273
-0.001798932039900653
0.05312561688410754
0.011304939482067044
0.03393088151125397
0.01709245059900409
0.019326565001100953
-9.653613454446647e-05
-0.03126832947791583
-0.003924121648491935
-0.023527411077901742
-0.014535675812326586
-0.0756270132561371
0.019978329443846612
-0.006667336872128203
0.06751399712215063
-0.06942964132220963
-0.018686988340147523
-0.040548110831951444
0.011897932594223342
-0.08279052471937905
-0.07542743111756285
-0.00898906847735976
-0.023768047483628093
0.0369373120841011
0.00989133845124057
-0.0005565136257002635
-0.018213775840377273
0.02515478678753909
-0.01441228043129674
0.0030317264621752688
0.02096652765622962
-0.014989068176301565
0.018458541575028832
0.03391075246738759
-0.02015352968630279
-0.022505574271906668
-0.04046089536098599
0.013415744067194873
-0.02183861034527948
-0.001139019546906206
-0.0157719925227094
0.019271823865365894
0.045147913598825876
-0.017494025714893533
0.01682493299118093
-0.026969510879400707
0.029515013451726538
0.0030965608172046546
-0.016092274196665042
-0.0061693199246219054
-0.029078176536149913
0.03029999087957855
0.0073113266318679945
-0.023763627422090452
-0.0005583680813573169
0.003139118160121526
0.0005738988651732481
0.03207098381823503
0.04170111736148345
0.007019132028827893
0.012993439998795436
0.01539586912134331
0.00384787297764004
-0.04571642805107157
-0.015058347551059023
0.019415405180344104
-0.009434836233757222
0.04047742917266103
0.07682310366905172
0.02634218842905111
-0.02707752015012742
0.06217284684593155
-0.04922369704091086
-0.00032197253986671775
0.0013499924621327123
0.01980329728628236
0.027871878805847697
0.0021884858896207868
0.030166057052146478
-0.01468234777230176
-0.00768061250140638
0.022571382694291316
-0.012077757566651387
0.01514504008891628
0.0166807406173038
-0.015543094253169642
-0.06123534582745944
-0.03144404463006135
0.03722676582904838
-0.023813519955568845
0.0003695264608242279
0.009128647136701586
-0.025085507610944552
-0.003935926542713383
0.04071669924583771
-0.0488695587477276
-0.08095652999345612
0.005673473788456821
0.02230221210533702
0.002846421431100747
0.017717975112467213
0.009190133350780429
0.006586279402102356
-0.08444081734580546
0.08039844425260988
-0.00015614697166323866
-0.030668761281204476
0.027741060715837436
-0.026552710912481008
0.05114005624482912
-0.01723675710897058
0.006812326601276863
0.005325194495484672
-0.01555345044697303
0.013932204242940017
-0.014467727998376806
-0.003274095397237555
0.0025937368592524363
-0.004597540771361938
0.03253272113165139
0.06476895436021227
-0.01376453533872844
-0.012229415308800605
-0.0013027110078665724
-0.0029209349446560787
0.008523274890727071
-0.02291689865830985
-0.009703838747680221
-0.024424032317817444
0.023232357137210977
-0.0030016710339515742
-0.06315445648761295
-0.0265700160909288
0.00366280421585865
0.01619096038517482
0.014104733862402217
-0.014167221796928704
0.005962440256391964
0.027434420782285782
-0.021174262317825845
-0.019326036178713223
0.0613059131591679
0.031040872515207152
0.012498426661829177
-0.02343368796863225
0.02076897867538639
0.030243089153963353
-0.05801011090390361
0.011246312339000747
-0.009886655426013448
-0.062169074819669684
0.015240373317688394
-0.011485499326144857
-0.025722059743755934
0.030182914849650584
0.026406588798571617
-0.04009467134387847
0.02770948291691852
-0.035520548893086715
0.028423069851170605
0.03744549907985345
-0.004823161388954639
-0.023542769604404858
-0.009111836995614566
0.05644663462517342
-0.00952396759796513
-0.019041289436653768
0.04216266237399437
-0.029221679947642482
-0.015947744710745677
0.02045651383826385
-0.019619072803279722
-0.015062557354127015
0.00306574052628695
-0.0002562559859384166
0.005120785926331204
-0.00011768407425797146
0.029938460332457683
0.04296517164316721
0.017277173466006043
0.01637541916879394
0.016246028807357163
0.020773484448649165
-0.018757744505449193
0.014834352037774355
-0.010767895112831896
0.040448594252733346
0.026978551563473268
0.03242234663799902
0.003734837860792046
0.0037407110288246804
0.02716924542860027
-0.013993018909718996
-0.010347867332034258
0.02576283511186197
-0.013138098026214467
0.0166899623247887
-0.00832357016856788
-0.02229172173005835
-0.04725519133611958
-0.03974998462488827
-0.019576360213104826
0.051757167330624784
0.04195439606043309
-0.009204568280489543
-0.0130063892792532
0.0014485494518485305
0.02008580988464874
-0.0020911786024940945
0.04062926688447657
-0.0022069397711779095
-0.016974212452637475
6.58780043997623e-05
-0.014491042576358679
-0.02673660769744405
-0.014970830407547186
-0.025607947084995576
0.024028320834973717
-0.001479182853721827
0.02294201914226851
-0.01771917246661245
-0.025856220215968048
0.013164954501369753
0.012511980920945614
-0.010513233414039614
-0.021684846697907427
-0.0604603876747087
-0.02027587653814365
0.03234336459588171
-0.05271091323803236
-0.02969871051256506
0.012879870112084404
0.017919170902572223
-0.0050967629101382516
0.018523509490714202
-0.007758955493087132
-0.006985914608578557
0.025335003656989503
0.005182033883011647
0.0051502306019074766
0.028401190690932013
0.023086914659066416
0.01018572949596449
0.03534024445863585
-0.008289382288826827
-0.007733317105143323
-0.04437913713881002
0.01078813264906157
0.03515594063165717
-0.03906425748312871
0.019362654859150796
-0.021652960082844744
-0.027966006965990053
0.009784620734543113
-0.03012737427441199
-0.00895560466385179
0.02130261390553941
-0.0009069786277764137
-0.02573210272380824
0.013810719411993605
0.0519606667362917
-0.0383503603183324
0.003922658690398664
-0.0036540266466614795
0.06558605701728232
-0.02147729868158061
-0.05486717885836136
-0.04862494334775813
-0.005880403502578714
-0.002834862983640949
0.029356206025436957
0.011987075258530506
-9.161232827259501e-05
-0.001598813787027923
0.025832635175484262
0.022955977518562747
-0.028775008553487726
-0.039113613023967146
-0.016282475378132787
-0.0019702568494291126
0.0010399368270278373
-0.005821766789133233
0.020983520161853335
-0.010310199498955019
0.009867911011446347
0.009155553031326095
-0.003922088852784857
0.0055493494568973015
0.019423826974141162
0.004877046471979377
-0.008981804478324609
-0.025365914761576187
0.00152276342950087
0.028551962844263312
0.024520782046804357
-0.0016595553531874657
-0.005792961704554934
0.019949848592233498
0.004782048024754422
-0.07686979601672422
0.05340181785339845
-0.020779025158038863
0.05561745863679886
-0.011898008523731962
0.03719575689583417
-0.002735068028124841
-0.03178935451002395
-0.04989554032118665
-0.006795828959875574
0.015251776455456155
-0.03432611639512491
-0.025190241620737013
0.012949834985769099
-0.009540061754285893
-0.07473245613184919
0.07451649010202219
-0.005646985061990788
0.0001145573291816264
-0.011789797971171774
0.002803091674567809
-0.03922688053535846
0.009044247816381105
0.01461630177464532
-6.29724949371198e-05
0.01100424109966014
-0.0024312832566441775
-0.0059303147966508485
-0.013366600534988452
-0.020907580402420634
-0.014922083601479012
0.003963483923487082
-0.031143046651267884
0.019017920874987892
0.006431831436344824
0.02335370903607665
0.032319569090142386
0.03459860589367473
0.04106605907106737
-0.039197943646408384
0.005588992896776166
0.06934676686510084
0.025164061257372944
-0.013649681684178008
0.027324293696254876
0.004614989250261298
-0.009047038121818743
-0.021264677905506315
-0.003031129874095501
0.00016844932141062016
0.05007729836184608
0.017387338691121083
-0.005017898163299926
-0.008643808893937444
0.02010068734519565
0.026891006085585718
-0.024700019347321002
0.013055889644943515
-0.01676665712957225
-0.010972316305910895
0.023408799974227117
-0.00930896738396302
-0.0006123411785577413
-0.019188980099438833
0.024317328523637674
0.0038195447372478303
0.02419144593188848
0.00776905097024824
-0.012513713918960532
0.017592632476225407
-0.00870685793442502
0.08200124431206814
-0.02960721166661348
0.011696871922333629
0.008518282484418235
0.020692179455898827
0.012631380297793761
-0.006889372266512123
0.00047300714634879106
-0.0017073175114369116
-0.04581285410336708
0.009606324261740714
-0.01266048739115021
-0.02312898864363557
-0.016188784951401563
0.09551233780163913
-0.012924870300266166
0.007999740205375264
-0.0063718205541069784
-0.0761603861589652
-0.034052289261301764
0.014279477386017456
-0.010585100726965242
0.01726002183713435
0.0005422474311402238
-0.047511061495116
0.045004505476538566
0.006315914276781805
-0.01663447499382572
0.01534729535423359
0.0037456084861664345
-0.009241511712510841
-0.03822622701082867
0.0683456179027571
-0.008461075493212638
-0.014560152892470124
0.0022833608865037236
-0.060500724378869615
0.03161687946737321
0.03191106426273973
-0.012921413833647961
-0.035860630698509983
-0.0198797636090343
-0.0035109224808281903
-0.021807916506436917
-0.034747277895242165
0.043211557124019154
-0.003434911869581443
-0.04274477613508148
-0.013184143722144066
0.0024355806798128455
0.0006049177878747334
0.0066062992823310756
-0.0028679977289721554
0.008115700277977126
0.002006684278127486
0.02371339239853261
0.07181779977160646
0.004144634801201415
-0.01826924060947651
0.018092053809911517
-0.00151987538359379
-0.014476148953260326
0.014150767366175097
0.0015630265884508435
-0.0062191231767217215
-0.039635165480847126
0.011277270239864905
0.0209174046362798
0.024625453854016106
-0.03860551145043348
0.018717968727603795
-0.027023557529524924
-0.02867333025233936
0.027948540900004783
0.020971126300754764
-0.016727986290768642
0.014841329853703868
-0.012217283541967107
-0.01417650784314499
0.02423206833134903
-0.018200362043273573
0.017704163690120314
-0.00396882988262445
0.007420837131583487
-0.029512069546363134
0.00714013516534789
0.014658074921108764
0.021924278041453454
-0.0018200773068537534
-0.020809716456729223
0.010774704852694042
-0.020278740230244657
0.010544231720594469
0.01808902137030376
-0.019151667693571323
0.025352190237753106
0.012738433637439794
-0.0023506225179209146
-0.011486533839169472
-0.020920093036012628
-0.017762375083312586
-0.01773375941929174
0.020028889474684203
0.008142439270247803
-0.005049801371576557
-0.009425601155534329
-0.03317864600658771
-0.015194374845685508
-0.01686575837197827
0.020491297907259242
-0.018509399412763677
-0.08237069630167897
0.020998252582149088
0.002257608355234658
-0.07524733716981893
0.008296241473467749
0.014794827265153975
-0.014523841843480354
0.031876469115717884
0.047372622970859486
0.004326785168051588
0.0003030975123343085
-0.007276728262360383
0.005332350321135628
-0.03250077253504822
-0.028555366134250137
-0.0030659613012191684
-0.01952475728879867
-0.09249621937950403
0.014560663604555655
-0.028289053074381097
-0.03889442034163781
-0.054863624293880725
-0.0010787975611872799
0.019581192493383866
-0.02133959658184204
0.02625405469824051
-0.016988155392910313
-0.02513022219011904
-0.0020840776245607388
-0.0009386125755061444
0.012786728883109243
0.04780321121591783
-0.01601461230771722
0.04127411082902765
0.01825200787079128
-0.011163738124977963
-0.029817575898727022
0.010337574289628056
0.00023692562776834132
-0.027572551401009775
0.005369207455710296
-0.019399084529796773
-0.03830090135626748
-0.051837697665321696
0.0015929120813473218
-0.060257036646105384
-0.06496272748123526
0.05543939240894928
-0.002159906635108502
-0.03473705326233878
0.03451819786982924
0.05583931466659327
-0.002735283992226891
0.004060267307974412
-0.023935303686648826
-0.03874402810456769
-0.00392541555712492
-0.015836084660504103
-0.021186226528280422
0.0014915774716590582
0.0010515729218726014
0.018095199730939374
0.02568789711892659
0.04183034946419016
-0.008557165883213364
0.017948120518519912
0.051685017221222505
0.028079114728183648
0.0011573619917780653
0.02840071666891209
-0.028795719082752153
0.016452220202715407
0.0034743031508229563
0.03688404101572542
-0.0004781322330645776
0.02052447569753633
-0.00792282912811869
0.025169895988232275
-0.012628476447841822
-0.015844661118066913
-0.035628918649928766
-0.005596476704239814
0.013335797811338732
0.01878007760115469
0.017428580057655328
-0.00846093329676994
-0.00037716576836786065
0.024368837612228123
0.004404629771667472
0.013107588740496386
0.021900568056932888
-0.019526547129305297
-0.007354584579610305
-0.015312194094236979
-0.025288870546419324
0.03794885845812365
-0.045594179478303645
0.013314249762865887
-0.017325331083094822
0.00835156782219072
-0.026009075179210507
0.0009809490683830421
-0.060474970427082456
-0.026231727358231857
-0.030738541936503612
-0.01237142430763213
0.01295471229085455
-0.017320846423562596
-0.005687346648294081
0.02305184338155065
-0.00014495630197478997
-0.021820938456104545
-0.014229694795698248
-0.006882146176805532
-0.009508982571337856
-0.05096710518733622
-0.011698319833893533
-0.014881125911524889
0.026877880791116717
-0.01081670449154186
0.025856142263634474
-0.02456821241619587
-0.023818721040484596
-0.0362080409700274
0.01657105125659753
-0.04047424283791989
-0.032755722832512095
-0.017551920123407568
-0.03366585061196781
0.019508187590036648
0.03356093403132904
0.0009770738321235968
0.007791452876558798
0.04491893610816984
0.00039403407542977183
-0.0002258001792063822
0.014345800876340443
-3.606890953235076e-05
-0.01362233312121556
0.010422096046903046
0.03135923894431406
0.008226820232579196
-0.01931800617369233
-0.07656248503948002
-0.0038063539059604305
-0.010239417844330304
-0.03384391384896151
-0.00033743635005935296
-0.04544510239489189
-0.0025386435723760313
-0.022755536771697577
0.054787350071862466
-0.010863440383431639
-0.02340214916577241
0.0024540937440572157
-0.013788302667004591
0.022827522774302035
0.006280068690973128
-0.0037189913192192253
0.008839704797103894
-0.02868166245158695
-0.012411790208643308
-0.0055181926582986126
0.09015019872157845
0.0209501492831298
0.05459060084640088
0.10888882110909524
-0.004491787119541682
0.10593965841234859
0.015025653919309507
-0.03182956519985186
0.015422164007207662
0.006742873298194764
0.00762030520958862
0.00705607470926121
0.055564626439233974
-0.019421537320118865
-0.03349665355157549
-0.0021375444106989
-0.039355246233336916
-0.013767454150384245
0.020637416263503322
-0.02728191185910016
-0.017641397204401003
0.011386266160556623
-0.008726222251648597
-0.033426164470171486
-0.011521940700538347
0.09988943870916399
0.04548564252294843
-0.009455811374677285
-0.027256667592297897
-0.020035727163429346
-0.0020720603980089645
0.05850814017607724
0.0033455781052679294
0.05757463934449171
0.023844005675224832
-0.04527087690067864
0.042491441243048586
-0.001442561279894397
0.023257675478787102
-0.002049935760434466
-0.012397393090078966
-0.0031013286041846598
0.01180579672402101
0.02777187235872533
-0.023920962155042854
-0.01490739220982434
-0.06868977457587813
0.00636068162330736
-0.005688334351962206
0.011636220115279405
-0.027052992158032484
-0.0029651788839330103
-0.0524772130429075
-0.009944927769240757
0.0073446042155120685
0.015557424620143158
0.020271174014666365
-0.04934410071568813
-0.011384682489313819
-0.014782299808659641
0.03928583357886988
0.016464723448905778
-0.008702943015446885
0.021005810083251683
-0.02274590965514713
0.027672030797859532
0.0002598739007192969
0.06196938865844826
0.004842685188127748
-0.03577123684249066
0.0259559787716515
-0.02609453742706845
-0.0015159486255531423
-0.0352410279892762
-0.012884008941432048
-0.011360532964742587
-0.01898536201364387
0.011710717984956806
0.012660583737873023
0.0033589671104625437
-0.012163865106053415
0.007879666081757561
0.04189403089964279
-0.042611771461784666
-0.008638103398285378
0.07071371308332611
0.015549589445856198
-0.0679948416053498
-0.01695364121393644
0.009725344255587335
0.07364407462841956
0.004164204227015428
-0.009303127720802044
-0.03605219413161073
0.01799023793138395
0.018388876562534427
-0.010570033613754895
0.013192200585960797
-0.020362632295905455
-0.014330413986826019
-0.023631603015889215
0.0473658277283547
-0.02346382492988316
0.03094517807742796
0.01139275008609467
-0.00035298251569529897
0.011301854646629118
0.040932931151697854
0.003576853595689229
-0.04707153492570779
0.008410640233791442
-0.046281523062151594
0.02854068706996116
-0.08864549892301185
-0.008355753245208602
-0.03155356990001447
0.01410266809964821
-0.003807681017615155
-0.04942835322946162
-0.05140522391838835
0.03466515754655853
0.04420442362979476
0.011012072376266712
0.006272794624898554
0.013933857023035052
-0.03463662644196131
0.013977801729847012
0.0434928590232098
-0.0032224916503080696
-0.001103605309364003
0.002313722133691849
0.008016313020729998
-0.04442521207468418
0.05218857369726834
0.010341917859106518
-0.034681264218275214
0.0009028009563416233
0.01909171170363217
0.011341425007577378
-0.017606439950421927
0.015186286068538316
-0.020563818284186308
-0.03737515592359243
-0.0020082014075675325
-0.014865421962510514
-0.0025690066061920176
-0.010654203787172653
0.022727959307095293
0.009798024118900217
0.027702887162174686
0.011637273850835893
0.01204741038448801
0.024494996789791293
0.05723024129466442
0.002908385995622899
0.0166038896944152
-0.0009574399422338424
0.016626597958429176
0.018415933282497767
0.020105037349981817
0.013002027956186718
0.0206626353982863
-0.053510253284959904
0.02480278515913451
-0.03894156841952264
-0.0029163737266183587
-0.015387979887707062
-0.01755098516461402
0.05522578404277093
-0.037396599790772894
-0.01984347047684209
-0.08602781011446924
-0.04253067264426992
0.016989617169115182
-0.01712074223848233
-0.03620886512211376
-0.026166018411912507
0.05514017337417565
-0.002649345608190071
-0.009430334325626415
0.011920767953041539
-0.007997522586361713
0.012839355796647755
-0.03036136402097291
0.01483091312305768
-0.03638219570986924
0.01686788818476972
0.012526697201505859
-0.044543546576720085
0.02922542830088026
-0.004157540810587137
0.008504325947585116
0.004420399185697315
-0.013728190628692783
0.010536641323182905
0.012298220404133432
0.02057847830201346
-0.023213335441129357
-0.030554172319284926
0.02289098350537374
0.016513686787943047
-0.03591161205180007
0.014057998499844113
0.05074201349231127
-0.006419035542880154
0.05641315939129226
-0.0018082528598534402
0.03279539953621618
-0.006690397053842049
-0.040405886633207606
-0.01711438797343645
0.027997738750165334
0.04110474982300395
-0.004933023215252567
0.08738306750837148
-0.00655116768162362
0.04104911347398946
0.024681127715114704
0.02957940641774014
