0.012277850802807222
-0.013904979458301166
-0.014552357314407917
-0.018336223148471765
-0.025863931698058104
0.016178966938412795
0.010722189373983669
-0.0010870673839936203
-0.013981765006558854
0.014124850367851475
-0.015517763347943211
0.015423132524335003
-0.04240824078458045
0.04293496280822456
-0.045791047012111584
0.01515849792753634
0.008019792408631555
0.0070326419822589695
0.010063623795758005
-0.02231731963739077
0.020683369515484617
-0.026332907560115897
0.0037539145130684537
-0.011218809488974269
0.019612472087648804
0.03448282239798304
-0.017558465566384435
0.006376880255341702
-0.011445743517740883
-0.015626477412288158
0.007770895304719246
0.034926236410145965
0.01560757499530379
0.017027310847771752
0.020226448703797483
0.035184318341740475
0.008066393897147913
-0.03494070285287076
-0.010571222304966774
0.00978039699412966
-0.01998871364752623
0.017180239156235674
0.01779371113099098
-0.0077421147451631495
0.0025745306325454707
0.008016642917281618
0.01349931310803465
0.012058233357739458
-0.020853993783890645
-0.022990970402124618
-0.0559469596185361
0.01732399304530975
-0.019825560625780794
0.011024423870328544
0.023053659593498473
0.005268702288639848
-0.04735383880000855
-0.00854915475018664
-0.010010367232906485
-0.013204185987998893
-0.003743864277088011
0.021583772440285334
0.0031542314561909465
-0.002953559827764348
-0.012391892951280082
0.03275569361420652
0.006122829746851877
0.0007465105791044259
0.0019506738963725443
-0.012550493943863658
0.0018442448889486776
0.02040374159353516
-0.044016380147168355
0.029307353350027442
0.031134682245154744
-0.000231913005086565
0.034504404982282
0.05503797806505115
-0.035657610339573244
-0.03500972445415157
0.04238986798394889
0.009831997264760953
-0.048036286541363576
-0.041660660747685006
0.031006419635646567
0.06592284032668308
0.0521941108951598
0.06045523143999869
0.01928361474128218
0.024605316883929768
0.016299704806808726
-0.008937049840727514
0.005287588171540544
0.004435561060578839
0.006076527517458929
-0.0036316968328752542
0.01303071790955086
0.0023296231939164513
-0.041518618704344604
0.013086509280022628
0.06073725460901306
0.033430134534116696
0.029252998120846585
0.021478593158253817
-0.015417672942372208
-0.006324887628695394
-0.0017631061298508974
0.027233794264348892
-0.04563848042412394
0.002427797740018306
0.02831366242186616
3.5418514199751716e-06
-0.023784566895845797
-0.015526969432405108
0.009295731731697513
-0.011232004741404084
-0.0053810565616415305
0.024523140089773438
0.03157169183940648
-0.007147422695130648
-0.03606090488159954
-0.006659800109611491
-0.015562754687601777
-0.027788770306181695
0.013825466356649375
-0.00941382788716548
-0.030710760308704444
-0.027888322021113358
-0.021989531919905676
0.012971206232998073
-0.0600652342893624
0.029126798746135378
0.06956757629068945
0.0032423750207619243
-0.04177578846720823
-0.02437432291794803
0.048244761695360364
0.06683979670776312
0.03587733659643145
0.012031531865111482
-0.02422111657457839
-0.012163605818247441
-0.014870259633986097
-0.004377985588200855
-0.015318458011463065
-0.02144760919662908
-0.026451784526947936
0.0038174873872136176
-0.04512875479743343
-0.013923748711637101
-0.008657075375727245
0.017032940404127592
-0.001239994540397462
-0.065990055328636
0.011824325284519297
0.022859497655379157
-0.04859299301725655
0.02958232939934801
0.017366988648706477
0.03333317598712433
-0.05111435889083251
-0.0015196003277428728
0.0044309463329798
0.0327202222053654
-0.02021729999128447
-0.009824037966957066
0.0016521048070858736
0.020526433904768243
-0.017457445142138577
-0.05858073252848858
0.018689173781896364
0.03863141477923763
0.034663346190456995
-0.0220601802961507
0.031498551511217186
-0.033675078092378886
0.0036547140677671607
0.009735212497859282
0.006362240449733823
-0.017796665620493795
-0.05590443556403756
0.02078559081256039
-0.014858610088504686
0.07485735008473443
-0.033286548562294745
0.03699577872130216
-0.032841682819470266
0.025097561199438054
0.003052519352548025
-0.02647437024961364
-0.00566444501916996
0.0781566652434721
-0.019144345899197546
-0.010578156453389236
0.06160708450170058
0.009639692550109843
0.010647724907106908
0.007096108518869359
0.038045456998772736
-0.009009417634230165
0.019803305695944934
0.005797643259178386
0.03599760584008144
0.0094582118128075
0.05335366660944585
-0.006253610327301572
-0.014720791196510383
0.004718502898118764
0.022923134458281858
-0.009661783592529168
0.06503128334759667
0.01666840806959017
0.011147992722215878
-0.020937039657470055
-0.023178767042048323
-0.049082408124433693
0.0220813492476985
0.04204888069603352
-0.042842201753115025
-0.025201759266267085
0.008111172408356439
-0.041675412891902935
-0.009779267132643397
-0.08538281926683698
-0.05845726143601637
0.02505525370421392
0.04214698815859047
0.014368041859972305
0.04557666129260052
0.015175413482201338
0.024927985333796466
-0.0016856384126465007
0.019459103789581416
-0.040082827555239696
0.013294551472981012
-0.0271023838578115
-0.03348527868507835
0.02463863955108614
0.0401548250065509
0.0035227841001097353
-0.028658201151083383
0.008056547912982234
0.0016813237828099744
-0.007651368070396225
0.09551429859065735
-0.003147417238111766
0.02499021673212337
-0.03021729478383361
-0.01413632892872027
0.04161027096481085
0.00011815054542597163
-0.0315636058740441
-0.009641460530062356
0.037138412331691475
0.05910718548411355
-0.01270434290280658
0.007874218237424258
0.009140930290707802
0.03423556900025906
-0.018435423477410496
-0.054298335809071674
-0.03280287600364575
0.0006622379252077579
0.027316828164695807
0.030274876030987576
-0.007062544073307847
-0.03985381487123053
0.02008743946998265
-0.05369492879763087
0.05922789236132847
0.058982092600683676
-0.017819600259636886
0.019016092395960624
-0.03209081975763521
0.021889528767110825
-0.005553754103087241
-0.021963697442852308
-0.0020035601371989785
-0.032050606413444795
-0.019274760516691056
0.059787915047271906
0.10388575050140016
-0.008184084169490574
0.025885468468907966
0.02144059967881878
-0.0007724507282226858
-0.05398901280166127
-0.005837473403205767
-0.05760105516880357
0.02170358810392956
-0.005914174499319946
-0.0278877220492401
0.024282124702026026
-0.02592198514076347
0.027945664164434617
-0.011564375921896715
0.008157822400287501
-0.03871552116292863
0.021477911946652953
0.043427331087762006
-0.004916469135668844
0.004122083637280813
-0.03767045280771991
0.021947269651960692
0.0010609718693870731
0.0209657719251627
-0.009237977940479276
0.045088075195887554
-0.025458747071411762
0.017072691945513873
0.0399206426316173
-0.040508429924561704
0.04512687514083382
-0.008182376816909155
0.05762442647652088
-0.012263035745247156
0.04463745272517485
-0.04053154790853546
0.00789215686700375
-0.044735099492908485
0.011407257107393072
0.004402785294709394
0.008228355286457488
0.00775974972836585
0.011280903580268791
-0.024697284922450435
-0.014367760901622603
0.00575073754349617
-0.01910653741261819
-0.019995603362095455
-0.028061167245816074
0.05115716962885766
0.016428837539074398
0.006582949275342543
-0.005582359397037996
0.023072660439920855
0.032792695579646224
0.03505303928646851
-0.0066779260134112745
0.00884928996264761
-0.00173613220220754
0.007766115918456342
-0.017087059291196936
-0.018416539525645533
0.028840743130217783
-0.004878762455297272
-0.004579470130120366
-0.04033495695633221
-0.0343209055969501
0.0228947572189595
0.005091567689074236
-0.019110362944035834
0.023514519008481623
0.03544114273479985
-0.018232115845907206
0.007462616928658157
-0.020076175800770542
-0.013040921274553812
-0.06898119556513231
-0.02834172505465219
-0.016851171738677128
-0.0013775704858124051
-0.023055114514725934
0.0036712354088768166
0.022249407663846546
0.007357351657986125
-0.046491642619669225
-0.03150482058985371
-0.011579751761104571
-0.03104358841831063
-0.0131308974695077
-0.039147247201062114
0.032367638645939875
0.001425879835774824
0.009929969983364196
0.03604615138007899
-0.015153433242521257
0.013763233930701935
-0.03865086852921598
-0.014947063375616314
0.004250272937139982
0.03720600458691401
-0.03232549140005912
0.0036049074415103874
0.007751641546224413
0.029565384597905527
-0.021990382198845988
-0.050007997129062606
0.028763528266125635
0.011077740601963452
0.003312451699815477
-0.05695239691507025
0.004394558276726949
0.004404722591471555
0.033960798463370565
-0.01388257390877434
0.0030811312798933537
-0.04272201571780896
0.001075900254760969
0.04622634767542714
-0.031634882795056156
-0.019216172253116868
-0.020696829490323018
0.006587519314605874
-0.0032958693410682907
0.053927331022489755
-0.025279384078137762
0.027507316319419547
-0.03861428030046387
-0.05601864270881362
-0.02533200888650837
0.009657985569931155
-0.007759300991133074
-0.012393651781278279
-0.023350743444501384
0.00966982764897654
-0.03750373831789539
0.010348458927986394
0.022560852766955707
-0.005789811424155993
0.023865465292195173
-0.01065263846106713
0.07456598755463488
0.014766296575605504
0.0028447669052696894
0.015258259930479365
0.003038666198699005
-0.012860966441164292
-0.0064881845159142065
-0.0037465654601284387
-0.006746850202325816
-0.03859587498879972
-0.04695170537873007
-0.01876690609111102
0.007414045223571506
-0.042070737351674325
0.00454767843960757
0.01421214042450277
0.03359404752273355
0.031806122493467905
-0.004156961213941686
-0.022140740370821515
-0.00933595083179242
-0.03212310134378413
-0.008786726047013084
-0.00018940386446764446
-0.05001408816964274
-0.003055381803034596
0.04160603272268281
-0.002459914587061579
-0.018606462521214433
-1.2648900885737024e-06
-0.0031808437176935613
-0.033754411821522286
-0.026841908769721014
0.007191816856092621
0.032853563031083145
-0.000821148746788851
0.01769993192452948
-0.006410079059566461
0.03205693422352448
0.010612976226505387
0.009136400059172987
-0.011189469865715618
0.04097604595811515
-0.06032694895886578
-0.005438993347524107
-0.005400287711902936
0.030711800597204963
-0.039310417292992623
0.0186202097107349
-0.002333175704257367
-0.062109719839222775
0.0014928693484839348
0.05745657513584931
-0.019113551731821086
-0.031069818587530166
-0.011416343401025786
-0.040201598955122604
-0.005303616071873549
0.08286249707673402
0.034868483706214475
-0.09708092859076606
0.01827843667844692
0.04167547988701768
-0.03150437390112318
-0.003118345852927069
0.017382926993370636
0.006941667667365184
-0.002210003389307419
0.001836501441367058
0.01750255303246311
0.030481647931963438
-0.02699566180375272
-0.0028873864810244772
-0.03418243820376837
0.019769368864227185
0.00990327758961908
0.020754820100601045
-0.004637260415387753
0.029866413636361982
0.016534031165439705
-0.019103980926827222
0.0034194009527248738
0.010807286160819673
-0.022331685639516447
0.006555190817087383
-0.00944379665130339
-0.01844502289613621
0.014198545781735595
-0.0342219785598381
0.012594008015116696
-0.046549425776232
0.003131057632444821
0.012145943578354043
-0.0016811434321887689
-0.0372377289307256
-0.029416758459333545
0.05213613179990058
-0.018065229779255284
0.02666584570287045
-0.009136537336074252
-0.009847942698765148
0.0461061490878537
-0.008802933569674128
-0.04113116369551522
0.03939771060413474
-0.01739813688940447
-0.006078447761045112
0.03705804674699516
0.006235824847607169
0.06192061331444048
-0.03652225581193809
0.021758448219263444
0.03527930923132092
0.03510904251378843
0.005844317164524922
0.008837506461575183
-0.008210337791564548
0.021628001076341104
-0.0070437893112849275
0.0769196308737354
0.021896390586701283
0.0670912026278639
0.003623583642303153
-0.01708122191448329
0.0049175096038087925
0.021452239542561157
0.018335682631458287
-0.01057208375749598
0.04516413566283862
0.0007882268864372286
0.03385755414107458
0.044924138148850455
-0.030644683897446352
0.024346624709085603
0.025741461345164016
0.08130092483881367
0.031154534576433798
0.004430144854853263
0.02236499631174682
-0.008168163252108793
-0.02446232240322381
0.008022016030830258
0.025079444259015062
-0.035013905763454096
-0.020761294044609246
-0.001596338109834102
0.026141845871372953
-0.04527873222560633
0.062157190538141144
0.02160764520118576
-0.015874612331601548
0.006835457846770485
0.011970179739005955
0.007601639294892603
0.014982711849438536
-0.013903327535800413
0.019715060901233025
0.0017126839584388732
0.03458020754623277
-0.04284348228664007
-0.025640145483035778
0.015225320472520634
0.016750344041219375
-0.019359890811938237
-0.017139661065057814
0.03669252560123804
-0.015177312656517223
0.019597308490227484
0.035734581771217244
0.06468513879969458
0.0006778294964654972
0.004114828714019888
0.08434201694875092
0.0291809170324714
0.015740008062727143
0.05558341300986398
-0.0199403796442911
0.02117069508669235
-0.005067067974880435
-0.007116355581983146
0.030145847514184806
0.050960819445614
-0.007616298094757137
0.005794495691867569
-0.013339194711397166
-0.07304636403734932
-0.036445560133598426
-0.003569977237916118
0.01621082563692164
-0.010203841095992334
0.026641814395108404
-0.0033842993491295533
-0.005100852543594813
-0.04681331760674945
-0.05030866700417179
-0.005746704400288158
0.005920712467038017
0.03726187085014553
0.01775105475045501
0.02182641754824388
-0.03545067771349812
-0.03428361491406247
0.016009278738904346
-0.029874444260352778
0.007848792743934675
0.02087247660571109
-0.015197881658363832
-0.03198405301144705
0.04179113780845296
-0.04995588670464881
-0.014542508655642944
0.003773901842292845
0.011566916428387121
-0.010785112021286928
0.00322943492522767
-0.032136431298650875
-0.005523112744049664
-0.01843015615173148
-0.039109331658475396
0.04778956936158999
-0.007906716775141254
-0.040082502351193185
0.0016857562793894574
-0.011657081212888304
-0.06921903766508379
-0.02101933706005804
0.006031174329593466
-0.02767170254725177
-0.029716819377799866
-0.02130130635182222
-0.03496800793681855
0.0274374623618395
0.0001458883833322072
-0.030973554860599137
-0.00310006276954702
0.04046528203612199
0.017985047266900638
-0.011253907798524112
0.026291743834099053
-0.05007487097639584
-0.0007521443062709706
0.024300062892823673
0.041967049567458385
0.0165319115326061
-0.0014046126706635925
0.0003803469876129735
-0.0015294601468133153
0.00721033455119358
-0.008870189070142939
-0.024410111777178507
-0.025853384974472964
-0.00017636586622659913
-0.007488767470786828
0.025353349974026468
0.008715408736683262
-0.036502162347482235
0.022628722959852684
-0.005087825025889234
0.009133777975795348
0.017184591112195457
-0.01801557799863048
-7.650832612908193e-05
-0.04815524711716377
0.01867148246677468
-0.06854566656749987
-0.0022080065225120937
0.03837676927370071
-0.053389925937997455
-0.049691709641955004
-0.03795435201670398
0.016413520970957534
0.04194738564952932
-0.0071556946578688685
-0.011951950417783621
-0.007167644806222925
0.014365845164570432
-0.037524088863035085
0.01904734230577978
-0.0014394442881653202
0.003765045800299297
-0.008386084327118452
0.015611157763283486
0.023652269972399595
-0.060097268053406226
-0.014959789833045021
-0.020400557672957686
-0.003250431259507248
0.009875243095646835
-0.06385853598248276
-0.052620632081559884
-0.012281845898427304
-0.0015023049210070546
0.016566450236635645
-0.009472047288509679
-0.01879383765891731
-0.019853140877658586
-0.008848019382273767
-0.039730123298730546
-0.01563706114595413
-0.03870025398501009
0.00295929016714881
-0.010194289686553802
0.0059818780898086244
-0.02804286426786693
0.03516933902820632
-0.022908672351066996
0.00675934071261184
0.06512846052525588
0.000334426511578306
-0.00630945141670937
0.019036596797841598
-0.011178913700107923
0.03376784050127418
-0.006513201989659892
-0.03282469985129441
-0.005771300803914369
-0.015956927251200997
-0.030047876528466144
0.0008079073198783819
0.01112106346555647
0.004773735177812674
-0.032837670256059735
-0.02317485354250943
0.04423085449964648
0.005512336253783769
0.04503994951672799
0.015279113809775431
-0.002779401936368045
0.018383831008147205
0.01242012353705865
-0.029300514717391972
-0.009247773394156517
-0.00566300019491109
0.01148093467553163
-0.008027636899405714
0.006988111783260622
0.006743504278430226
0.02739197731925108
0.00011860167746510447
0.026733891242654153
0.053607130145893744
0.0160097611110908
0.0013058826224358454
-0.07751473531759745
-0.0009702467030916841
0.041568478148896915
-0.02321981548639293
-0.005413395196222953
-0.01462102297193493
-0.006403772210537784
0.016433296899015685
-0.001119983264692896
0.0309392228304183
-0.014318906403485808
0.011838586856927487
-0.0003686562167287684
-0.053438140747439106
-0.016655707392590143
-0.013150310207071731
0.008230569677779985
-0.03342282073858825
-0.02615217812248405
-0.009916885659702088
-0.028899649283066507
-0.026917059967436402
0.026178250103252493
-0.028540065183913686
-0.006426003451394279
0.072413321046061
-0.012795588239151381
0.05092751111293858
-0.003677685472885672
-0.009874809367602816
0.004199901622863903
0.01683996110986272
-0.019803661601104233
0.0030007707816705315
-0.02881009880238628
-0.027457109729666182
0.00709228079862121
0.013403926476773773
-0.03204359081541099
-0.014060784135205152
0.024828799714739908
0.00922282205163654
0.009174587745808682
-0.06277068117193474
-0.022803620482903266
-0.03224257459214425
-0.0033142035789800327
-0.008619482429855276
-0.027548074479561646
0.06242164620921299
-0.046218422373719856
0.02547707071202182
0.0017947896731381433
-0.035381584260493044
0.025310286673202804
0.0002969643645466214
0.044731094887948894
0.0027969219993646383
-0.04136563616850652
0.016510409035841712
0.009671049054542075
-0.017843102475494425
-0.02435830538297572
-0.03613127545917591
0.01999011014173418
0.027841120246591997
-0.031697571431538424
0.031098359336554835
-0.03152395157755855
-0.018068302674401758
-0.05808563603444516
0.042805427166425776
-0.013250975984368788
-0.011144258796221489
0.06143095473194186
0.021995237514427276
-0.0052834103861589135
-0.07416098313714078
-0.040340468943157445
-0.002162970393715914
-0.02690046906737943
0.009301502654440245
0.005617751328074919
-0.004250747400163953
0.017620207352399376
0.008852870506698137
0.022043530837586197
0.007739142985122394
0.009229257937313206
0.02377975297375329
-0.02541660930118585
0.028028900080508144
-0.005108487085623511
0.0053911788324119865
-0.035577619925908945
-0.01325836150283395
0.016607375213046192
-0.021857255696616226
-0.00991158825512086
-0.06121706617562451
0.0610023577812284
-0.028075460826146054
0.00035050323435871614
0.042059450181519
-0.010828711373693081
0.008374911334255877
-0.01960454951241242
0.013614541049943413
0.06136857007659891
-0.008475329132640031
-0.055792561172180066
-0.0029908526200833657
-0.02046640123149008
-0.0022187271919468705
0.08618553419276834
0.007323124514965596
-0.017168207510241312
-0.008695474330468085
-0.004013017060202895
-0.001396642176764802
-0.03887603644935599
0.02374610686939371
0.032438602412666315
0.007011568060868457
0.019122763917408508
-0.03636461500497739
0.047248925949563154
0.009770530661567996
0.010147987788783935
0.018156638623383313
0.03670946316232976
-0.03500642009583592
0.006370838552658646
-0.01966558021414205
-0.004745761593033462
0.03579710792778057
-0.009030970685538346
0.0017107839818309226
0.0019581677963883804
-0.031053386091294835
0.022638763309099932
-0.049495255513704775
0.026218118247194517
0.008591667719053394
0.03818429213193641
-0.015256091985150431
0.01734716000639934
-0.019376812896773878
0.012718665947829453
-0.005704534680070754
0.022015897480055422
-0.01577984778996336
0.0501789774394005
0.01774204592559292
0.0019972243621398373
-0.019088675849689294
-0.062035671287877805
-0.007649575401400974
0.0208673449396021
-0.00517993455674748
0.03104332009520078
-0.020183700263722813
-0.037449204363932516
-0.023189100738863752
-0.021147623075857002
-0.0036388271591214385
0.01868527238692229
0.018933076449643628
-0.020818588611283374
-0.025971947162224493
0.0014335543998635547
0.024711725862105485
0.015970525073886965
0.009053122443007548
-0.013452198611001042
0.013948352485913874
0.0037863610066261903
-0.05569242216608555
0.0044098398790750285
0.009243879369242794
-0.007355619732806857
0.03719270181930309
-0.005877131613946987
-0.02698528346984404
0.021626703818133607
0.02146426738787552
0.003259830411044732
0.015320658627576107
0.021273737407704153
0.0444875526505247
-0.016942452248892993
0.029816348593459677
-0.009232459398234064
0.0022251967774300834
0.008021984774928043
-0.001757376315783941
0.005953165020557785
0.019652254867665253
-0.019402276197990117
-0.0692190917932235
0.01757830956065503
0.012138483105323613
-0.00887962402284561
-0.004332256947102201
-0.013585261298538272
-0.01925230550706651
0.00495124139776504
0.010682429216971333
0.03356393563817263
0.004188787579918392
-0.009640776535872345
-0.046675704757130544
-0.06499483146835829
0.021261430559004754
-0.0046317607964438895
0.010530547757041372
-0.011940068580791892
-0.06383406300364355
0.001077680972295243
0.030354173320361968
-0.012823197344598726
0.06626197463534363
-0.024181534738922886
-0.0005987144774848622
-0.011849531565284448
-0.007136890487166126
0.025273081508258726
0.023117702402949226
-0.08220927620045065
-0.04988397840380987
-0.018636779598957393
-0.006773833217897888
-0.03019258373102489
0.005367445134406463
-0.038534962002648034
0.028173995138929434
-0.009877423530508973
0.017709797567445264
0.02212428482063876
4.938802520910972e-05
0.007234423732403478
-0.0030416620989155664
-0.040140337079218505
0.004326717875843808
-0.003472066247855817
-0.03369823329770942
0.007921854206817304
0.011015065554888365
0.0026234366468863356
-0.0394348741584151
0.005131001773420916
0.03337286164460769
0.05006807227124949
0.012294371475505245
-0.0007764224979535704
0.026879789815095218
0.002232449416289258
-0.0005926212911134562
-0.011300310908264919
0.0366046978579476
-0.020027241565429222
-0.02648806103090085
-0.008905146748899813
0.09064479520188042
-0.028332500577286663
0.029300353244133777
0.002183346804389438
0.00883104390206066
-0.01989540589866958
-0.020401969724902526
-0.016108417077549383
0.013602600270150434
-0.04741782432334281
-0.03769541378109975
-0.03317295409033555
-0.027255052104133357
0.021205114132603627
-0.025145801113185737
-0.025553440581698155
-0.01920964776064686
-0.016110269377680286
-0.04651512503968944
0.00895416569483752
0.01802419265803432
-0.029271099763503537
0.007884942037026
-0.017873270511090063
0.057244520106103244
-0.0014454995917214297
0.03302401154295299
0.014881646798632974
-0.062454458598943954
0.023910144595820592
-0.0067703618699800055
-0.030934084031346544
0.013555705232053692
0.014134695036308608
-0.020108115442954853
-0.03147131702058108
-0.033646043609225094
-0.007931398835497816
0.014712821482538824
-0.02468662586373878
-0.041058265487965304
-0.0142284996431242
-0.024600045369322567
0.06288930562173409
-0.007393602907449054
0.010477036786327772
0.06283998552572914
-0.0033030758876570255
-0.018384686282081397
-0.00045990891003030586
-0.022762207891328257
0.036972417381704564
0.024860986585252366
-0.005586453769903958
-0.018622064409802016
-0.05636814284790305
0.010698408646457202
-0.04052567913639486
-0.012766463017880212
0.0215825812727426
-0.03222816008458106
-0.001793820452668879
-0.011028935345468253
-0.012167093470012066
0.0448341823006163
0.01249595382878879
-0.0001876885195396898
-0.0022671356806669525
-0.018928044766944374
-0.00853106087984656
0.0435994576514341
0.014051058835019191
0.019113287598715445
0.007611495466147024
-0.006464554512449579
0.0028400829377310307
-0.010536268721585836
-0.02979804017081867
0.0374459230162579
-0.06385697379619519
-0.047566343849913685
-0.017914831129713003
-0.010147218382128915
-0.003793638397177616
0.05488289609248797
-0.012145797645769047
-0.0075082237159525295
0.01932522471495563
0.0025816577344459813
-0.03842703405935259
0.04178439477588652
0.062184188685891865
0.0012377867632989688
0.02983343861659792
-0.007468098222164426
0.023271388584680208
-0.028497719314418107
0.045087454732676606
0.013767484142614844
0.023458896440504483
-0.011939265301633634
0.0021110938832673495
0.01403863564343917
-0.05358929114343179
0.014030892896428056
-0.018034159556624827
0.03673401981733589
0.024513126479714476
-0.03569030030590794
-0.0048363971562004685
-0.008764329194760605
0.027795190039718302
0.027080619990023452
0.08237166958406068
-0.01529755993988128
-0.04316257391812546
-0.022872128815818637
-0.008967430167706854
0.045087031859951825
0.0007609270821995851
0.006720878186255885
-0.05239637127538526
0.010254609354204799
0.025274677247740296
-0.001736197595680303
0.03505393808832057
-0.024636803160200244
0.029879471314295823
-0.006271093694167543
0.021990088883189752
0.04188308308165554
-0.013357507514738248
-0.021234727989891882
-0.0015289416082348924
0.016358369448666147
-0.05725697099197332
-0.0043181955990949095
0.031534261903481645
0.009243524420666413
0.04817272479649193
0.023293733368567684
0.029565371111462256
-0.007777236111280453
0.018124100927999424
0.017450724909485134
-0.06779334166165414
-0.012464385262131436
0.002425694481662925
0.09682535960758204
0.033661079660482214
-0.02813613998980367
-0.01248622436242688
0.003954271088235249
-0.004734017456887967
-0.019616857868942558
0.0086321179687768
0.008338737731145148
0.03338596561871298
0.011146778032677513
0.0544680091566687
0.07181507108619152
-0.0057747191703418285
-0.017451000328610983
0.025733036464060076
0.01595403735020759
0.014127701676042978
0.0005585344795229318
0.056350697219334674
0.0018542499782213105
0.02389015291875087
-0.026624936763234287
-0.04155371429100341
-0.029132053653899283
-0.02971045467067265
-0.017015789866420904
-0.02161172870303413
