0.014534890609045947
-0.02751935607369974
0.00012517521807469144
0.01067074080081629
-0.017409056654407302
-0.013405934550868533
0.04960283894724759
-0.024363625904697407
-0.014112577029512874
0.05790417099203894
0.004958172905584601
0.009314057204250778
0.012839259847525833
-0.009328991731996233
-0.0006361430511341021
-0.013927308442374154
-0.06708722738318547
-0.010176713480513725
-0.01070190613139181
0.03469283719512925
-0.011782928894631131
0.014167443735927437
0.039014475399742614
-0.020040118000968315
0.0017747937779379155
-0.027177784887991312
0.07406286747121353
-0.02636494936105636
0.03544478102874261
0.034581349155312316
-0.009606519236855278
0.06485045976335456
-0.016410955352797123
-0.013815287216104847
0.023320130696187914
0.01733874677105891
-0.04074447449739344
-0.0025733042832470805
0.006945388070043779
-0.007060260289061487
0.0010736859694289614
0.016439789116017588
0.0348411690830195
-0.025505895398390366
-0.0058536690766620375
-0.02593416371622887
-0.0008836394977226877
0.06565976734462271
0.013324521379240742
0.035652347344324
0.03669564162714748
-0.0005232459931757312
-0.043198340524372006
-0.023571764204937267
0.022409514578899378
-0.007004435596887942
-0.021231831010115106
0.021420701511474058
-0.03277392269646804
0.015938267497844775
-0.0023592526610730184
-0.0027192977108694678
-0.01867914429687868
-0.014062498603129072
-0.028000239596102032
-0.013657576007372153
-0.04344306976112292
0.019452707221481017
0.04722221753868314
-0.09423199928757439
-0.020710568139510815
-0.006269553765982326
0.024158530284918937
-0.02226997703390936
0.04352973263204848
0.04269219802554109
0.020480697119819435
-0.026375775677020496
-0.0023049373448661464
0.009873537098881901
0.04263430463122785
6.991377892086975e-06
0.00982381141399371
0.05403410632502163
0.007541668198412645
-0.03790555522853321
-0.058648038510586954
0.011907882243733015
0.01852410666489589
0.0009577810685426107
-0.034328568088881815
-0.0026962694131412272
-0.05275911708166631
-0.0208510752059397
0.009886802573831762
-0.033119295472455734
0.00807617888177581
-0.04258130256519668
0.07533599350160959
-0.020751722749509708
0.019262478719940256
0.0031374318334209026
-0.013933748368744054
-0.0009287114398036415
0.04205715614374978
-0.022746765997168877
0.04910117725791981
0.018591038284342946
0.0005793394168183867
0.0024332449864587708
0.013754549157236028
0.007794928808716781
-0.01742325562421864
-0.04735272442332499
-0.02317941403721567
-0.005376216777901344
-0.003409462953874945
0.010959802971225759
0.03914505106412038
0.03567848325474953
-0.007989271481672328
0.011624863928082912
0.0013322825588633082
0.0007530163591009029
0.005885468179482626
0.027774833123848583
-0.028029494870406742
-0.03651269698491626
0.004343164010641531
-0.03161136354450621
0.008606561510481765
-0.055091018449430575
-0.013105838480053244
0.008952128733920685
0.011918571009579201
0.02756968288126722
-0.00893003493233566
0.019145217708456837
-0.008975100045933309
-0.0006178395502732817
0.0018298007170628656
-0.04780170382311556
0.054238944865799874
0.04457721421033428
-0.0046233979912719035
-0.025672324137267742
0.008757633373631757
0.02586193378483956
0.00424980714259957
-0.018143902523623596
0.03504881628446532
-0.028612052790539435
-0.005166440162856347
0.04157181281837034
0.06062935141335691
-0.01915173414027371
0.02305219422573357
-0.047874210580369767
0.01144149304284549
0.023076786549971706
0.01888358998431275
-0.056651754978766566
0.016103468501697086
-0.013060384958428633
0.01919058208230129
-0.010202705802542686
-0.033751357180161735
-0.0053782332257076015
-0.037968204663276724
0.019920037209780382
-0.08538763385016075
-0.00799638052076966
-0.03141443541637307
0.02071821849278961
-0.020996277515917778
-0.019156360670610346
-0.04407772893128252
0.007372902105941801
0.035969842890618005
0.06023711524060122
0.029514989732223402
0.03191179442879961
-0.009839284646916892
-0.03663211659264862
0.02594952843249925
0.027589817450227035
-0.017185290472707306
-0.01693533509239586
-0.004059750643478566
0.01233747586181735
-0.04177319348880953
-0.007616091451990718
0.03508313588290642
-0.002572556486695643
-0.007805423963355589
-0.002378821990688696
-0.0069220635057101266
0.03439795994758372
-0.0023442918429059743
0.01288440025562494
0.0041025835695539855
-0.007004443053976234
-0.005668066151964211
0.010698052471045001
-0.04077328590608592
0.022753641566871756
0.03757122974181983
-0.004219788753228844
0.02221427265663119
0.008542349438522839
0.06897677886384408
-0.0008124212024003887
0.031233759723941244
-0.005836172260505172
-0.020155884244834825
-0.002171430325029046
0.025273179886517734
-0.007289156919608773
0.04078040154577466
0.018980389827226576
0.008914585041213332
-0.0559903650520745
-0.016192140002331226
0.05388280675415633
-0.002084049855519501
-0.013482149584348284
0.0227979244267722
0.023761375302793524
-0.05203093944338344
-0.012285262353683764
0.031191520371554225
-0.040194856806310644
0.020733043232049355
0.014362452708012848
0.036824817386407374
-0.02886571298766966
0.001176651999464888
0.009804574765618121
-0.02237519485227355
-0.07422759762204391
0.009733967373885743
0.0029422121638789313
-0.02018178471298697
-0.02727105494219397
-0.011488762265685465
-0.007309521866114677
-0.009997094775731866
-0.0331973505078067
0.023301683636967316
-0.013705901350954612
-0.009711169178394014
-0.0005011075599458516
-0.0026620439460582424
0.009781711107535366
-0.03368152037565824
0.025064142350058324
0.010020170513251726
-0.01306380786672906
0.0004854729126757854
-0.007086376011186622
-0.010302721496036575
0.03018253221654871
0.03277047625884715
-0.03714536320490192
0.03264789244392322
-0.04482624300493907
0.0030194667383421103
-0.014033539337927408
0.035030252654341267
0.04919789405995788
0.01698977153290319
0.015703054039805577
-0.057354578610649805
-0.023995020895841827
0.044382946039438764
-0.007782541614838249
0.010799046744052234
-0.03184970297399893
-0.016954616496729625
-0.011450069855381332
-0.03983790626447141
0.00042662459704765466
0.014812657097564252
0.0409981043122344
0.03257709978324534
0.014361243538611006
0.008648259030960753
-0.0015347200359812727
-0.01529403546109894
0.0604364427472692
-0.006878107050028143
0.11349963003961815
0.03388358013164405
0.034883133723098314
-0.009480689418044847
-0.009080570934385874
-0.018408425044226694
-0.04842605500707535
-0.01038967395611457
0.03790892549230228
-0.015208512011814118
-0.012639578592562374
-0.022884374484955426
-0.02454786559937225
-0.002071537866089838
-0.022096553547816828
0.006422647965228492
0.0218323828612048
-0.007850058526297495
0.025546960291796563
-0.001546177121323479
-0.005724123849319918
0.0036221502687201327
-0.010371323487876172
0.017006187283394716
-0.00788394347434187
0.029785760510950134
-0.04311028849760725
-0.0005051445968288541
-0.057579934500886734
-0.02874608939528623
0.013306508367439221
0.07716981654706234
0.00710931045199887
0.008204859403821303
-0.00708425706767312
-0.025629028889104854
0.03619496450649631
-0.022173188889352893
0.013570635027438244
-0.05083004665778836
-0.01254871370132641
0.007960681213585235
0.004655651585473225
0.04855855145386196
-0.006488151523759094
-0.021661255719052253
-0.02978168661740043
-0.004578875035231127
-0.06525875195947585
0.007152202176960986
0.03841275460561448
-0.013666718869506406
-0.0287621098856546
-0.008571257948617397
0.022319721147918
0.03167777670601488
0.0015334779678035215
-0.07959409943883022
0.04694078854118505
-0.000572134906812413
-0.022942370118858923
-0.017563444949056192
-0.034402621916266314
0.006047801667967093
-0.0090937076771912
0.013682726780900776
0.008014854333252849
-0.0042144355516746754
0.0032848588988118603
0.01709126333994841
0.03338358562074035
0.010025511172716642
0.03411560040574398
0.012671949234558229
-0.034446660708898215
-1.8985711309614097e-05
0.01817522780626004
0.026243278557920597
-0.004003940025044336
0.007570042238705248
0.030419430993385246
-0.02427286015549394
0.00980208511219425
0.004768795760211752
0.018468168826802987
-2.9363714539211026e-05
0.03498706242824573
-0.01229391224888177
-0.046638975549695386
0.012961797688159147
-0.03048808101670311
-0.04249086567361471
0.034468361306999366
-0.024539529048213722
0.0037908152347819577
0.025990043786760033
0.027022608898140718
-0.011554680503415455
0.042984372158028326
0.01470517581905391
0.007090042844552231
-0.042952497614974244
0.04792403217242743
0.011916351006734048
0.055887414182637624
-0.021107620513699653
-0.030925214678041588
0.03774329193234223
-0.018753699925996497
0.052730735927696955
0.016209822032816887
-0.03843717859565286
-0.023596781570558552
-0.015397890345956487
0.016437891227485322
0.025411841407382608
-0.0037422590404356604
0.0022268228907567954
-0.026677503456307785
0.04042399465172075
0.005345568397586859
0.000989567757864155
0.008899104566646983
0.0007690716658509313
0.0030185380175774554
-0.005179289941231793
0.019217001879194288
0.04354239491445513
0.020345394236057118
0.06107576910754576
-0.003623473817693884
0.009522723245719742
0.0072775697037558325
-0.040661123145589714
0.028693191622186604
0.03298627089302296
-0.00648416361614929
-0.08411974468646198
0.031122102839535554
-0.013479112274324004
0.008139175044644186
-0.0017066761800461972
-0.05349149821024501
-0.003920926094089689
0.0016060674732370763
-0.07972352128582356
-0.04312354771117268
0.012272484549090646
-0.004043937764536042
-0.008398286562198574
0.013872349817383804
0.02225244702632373
0.0054796804370287255
0.0006788304484045004
-0.007507697051046851
0.03578376689978071
0.02712993103010591
-0.029826663351572698
-0.017030624484880165
-0.006225863450531473
-0.005418086674553188
-0.0020850693629620104
-0.042879025583403764
0.016948652471722694
-0.018966903171763663
-0.0613723769945968
0.04055824677404619
0.018383202598125186
0.0032979254773201575
-0.02409666119080696
0.02695620654138116
-0.010917284940200849
-0.03868956393126314
-0.003227922269705889
0.016151939480150854
0.02026150951613817
-0.04102725409773237
0.022948578522608173
-0.040902330076842276
0.0043919723732587426
0.04367209988541312
-0.01785798442244203
-0.0017297856777572262
0.00644606095004597
0.03636154322739077
-0.06049407491482284
0.05173357425659541
-0.0457418361626521
0.0008087189624468899
-0.028290645417321805
-0.007137543967971178
0.015897177132362737
0.06351501221923628
0.012949382832929712
-0.028080478287854232
0.00011837621337258306
-0.018494995482170113
0.025711181057268155
0.060518455929632356
0.01873830896086442
0.04735925720691869
0.010482066668259207
0.014322942888199566
0.00622931612602881
-0.05268078346460396
-0.005750841020173566
-0.02643061611172387
-0.0085567810086645
-0.03392612699294977
-0.03540228295350802
0.02991563962052109
0.015465790900603238
-0.052129249291850005
-0.03577634742146423
-0.04929967284095241
0.006379018407899745
0.04020343953323835
-0.03266687792899551
0.02637506544677901
0.04765126412369662
0.012642689805202327
-0.027135330093902236
-0.0032280917325382534
-0.0414646760418825
0.05398411839043183
0.023693464391876726
0.010533030361577395
0.032847359220472716
-0.007236625166073013
-0.0030944902403806356
-0.05978217359963411
-0.015769788241592975
0.006075327689954076
-0.006113283606913343
-0.0020505511224519035
-0.010448684090034476
-0.024084873627934794
-0.012931255470237856
0.008039308872513693
0.014704546299144666
-0.013932494338205904
0.0327197615603185
-0.06788613220545425
0.06879077650453995
0.014247154616443939
-0.05406691579024345
0.0443586886110908
0.023239226388900282
0.00036635188501620036
0.0240310383073143
0.051595226493550174
0.015553556508607902
0.00274309359732875
0.0072509187299593155
-0.002640918297579388
-0.046613609670496395
-0.003199284571896123
0.009693327872052035
0.011892644293199034
-0.019312625020690262
0.048337064922905876
-0.010678613848483643
-0.04426032460579386
-0.028765020581398463
0.005652247054541439
-0.012340206374635164
-0.0037099016502894246
0.006147455501547616
-0.033419533600737496
0.004126234140153532
0.03989404700050055
-0.044215956041667163
-0.047101446314817254
0.02719896254766877
-0.020340035373433728
0.004644836023628103
-0.08497367237865185
0.044380477448105235
-0.01972223331811581
-0.011765675054773257
-0.004241782619910818
0.004839105385922625
0.009908685729487759
0.0347855850448137
-0.020572673466033514
0.019806826269987615
-0.008930335932625325
-0.0255884963914742
0.05215640469422467
0.009577749424770209
-0.007321186126979657
0.0013548900733347585
-0.010955483473824947
0.015046381327976557
0.020529208512599057
0.06571572307632817
0.007723690631306105
-0.0305138088793165
0.04282460129198723
-0.019352798151463384
0.010366937758412102
0.049815461772555115
-0.0037925270085664878
0.008219691032999476
0.006162505750990207
-0.014017891670736225
-0.013921778818233891
0.016215636565671786
0.03183251368450462
0.06044772811702772
-0.015111189445684224
0.07779576393560976
0.008375090774231857
-0.04125143650389657
-0.009932378093073655
0.024208382264366404
-0.0345561703520917
-0.00452127759001542
0.0030861261629675832
0.03115425628014774
0.006740485885734538
0.0045042962755485385
0.011550731765038305
0.024220863208284052
0.011190134310062045
0.023823218414091508
0.010110054302475366
-0.004561541510597438
0.040468723166825364
0.007319482574291016
-0.0042127971952919605
0.0459732739749203
0.0013443732979821297
0.060658257286591376
-0.025241064149365205
-0.0161382497490331
0.008058031603119919
-0.03503006477966313
0.01992496984947511
-0.006413844340482345
0.019825776175897068
-0.028719665376427155
-0.02192551293915822
0.1124443449649617
-0.018552673198293925
-0.019860236539574836
0.020361967800553448
-0.002550335052444188
-0.02138419588940943
0.03342772641088555
-0.016566017188907982
-0.012059047053713292
-0.01883372566240911
-0.0024402067595163013
-0.028346521365863266
0.01158563096721653
-0.031748963305106535
-0.026324605796776836
0.002493934795295064
-0.02518846890891611
0.025285089282363584
-0.0008950901101023773
-0.006645046328932178
-0.04111683278682713
0.015663904195947494
-0.014997754472514342
0.018200568731379763
0.005415204907400231
-0.02151408800587544
-0.013584165330236394
-0.03335152171894837
0.05098162838830616
-0.021854799477791217
-0.017138757129714455
0.007404895422345478
-0.012129130078805875
-0.01265638848993642
0.06405611625304404
0.038938906118544794
-0.040122426566886145
0.04181129660357187
-0.0033784574912888166
0.010354327489477833
0.004788280351433202
0.031134614347606386
0.011093554890288234
-0.014367745253584956
0.013873378407119238
-0.007669021551924622
-0.015716882275451486
-0.003945020796598973
0.0053207383823657296
-0.029325766661834778
0.003997964300802898
0.008005606797349572
-0.05453871785611911
0.05352723095286512
-0.027890939306267543
-0.02771707684349371
0.00013990098231802544
0.015231604594381424
0.013061083486938227
0.031976502150473554
0.01206263032065277
0.014481218503959604
0.040949990110274656
-0.012466569794484884
0.035354958218853996
-0.06503377706789402
-0.008031068909102546
-0.029954108401395837
0.01426325867907989
0.03334656127187225
0.028959735450798142
-0.0021214910743825996
0.017397217007497186
-0.06268711594465733
-0.035779694607771584
0.044127014756322296
0.006275097753500425
0.018924605224678183
0.014061044801202478
-0.007401098856955928
-0.0025702651990873113
0.02056478306742395
0.011256626451665568
-0.01722350505194382
0.028658732141026506
-0.011016692978647246
0.026494878149518775
-0.03655728626342513
0.005370802744162745
-0.011569763682136934
-0.003725257442736929
-0.05777538000145724
-0.016812912723540838
0.004263223825203277
-0.03671188031029282
-0.008023607772618502
-0.025798341750250003
0.0189134227582814
0.06145909314544843
0.0238007587913096
0.01527805945490101
0.016554162543018745
-0.043009221180049434
0.025849066468597495
0.03768804641748859
0.0056724549904896854
0.006610784297168053
-0.06766468804840854
0.0035488445919708424
-0.029779722341069015
0.009261192356817305
0.012572160141648454
-0.014723623848642118
-0.038671238468980434
0.012790031963284588
0.04460517366332829
0.003443887868574466
-0.003840159180275326
0.032437147988931235
-0.03043953881653854
-0.022959752123580424
-0.018301978468128425
0.006455988181969129
0.012393664101398583
0.05280246996505188
-0.02613369919301376
0.028527534261079884
-0.015394776047349894
-0.0005000438197874606
-0.03134699940008764
-0.00454405481983917
-0.0363175660125876
-0.017253174500922046
0.0063679363593508774
0.007115198550852327
0.0037494202703097297
0.040384122928421966
0.0062864022202805915
0.0018916591975419
-0.024639589414226573
0.009541434776425429
-0.016271132558076766
0.009493899172775358
0.020421218109161546
-0.0005491519006360949
0.020018349132446947
0.02306435763603941
-0.019347492919000182
-0.025435320351269015
-0.020448042241724057
-0.0204082781542877
-0.01077339423316204
0.01259084139382548
-0.022192877544536038
0.03907599941386013
-0.004536696982222978
-0.016050845302886956
0.001724351281569352
-0.06791856138422282
-0.0015680922886633837
-0.02943058048758153
0.0010564270210823244
0.03966283134313258
-0.0602534119534706
-0.026527030097577273
-0.0500266939991639
0.023685586200702737
-0.05156583279098886
0.0183577239591085
0.037750089637656796
-0.011739525884730028
0.033782356760291773
-0.035588602202027156
0.12409445677066665
0.01153899235796486
0.020199008692881774
-0.008447817466519916
0.025553864350027822
-0.01583003868131487
-0.0652251517015688
0.02277315024822599
0.020350434416308932
0.024689246105036918
-0.027352195376792215
0.04825755922005024
0.0026508000048631637
0.024871265413923073
-0.024406498307277345
-0.022623506056760556
-0.007841488018093833
0.034813506251545966
0.004367876823568372
0.05061135756427551
-0.043176408348824996
-0.0412223220648732
0.07189378259346513
-0.03069097299110653
-0.0005972173476864077
-0.021094999538094513
0.009076415133477126
0.007934447810704905
-0.015878609532535892
-0.04855894671876763
-0.03115524426724259
0.01146737718555762
0.005821646812585775
-0.010653432875209663
0.026983711749560182
-0.008589745339809956
-0.028951993656459233
-0.02916218242737752
0.035942363688941395
0.010351577509776291
0.01765651602758215
0.027255376998937403
0.00010860640989532382
0.020382466939119135
-0.006723767145176387
-0.03879100523796634
-0.04171931790591044
-0.002712113672434645
-0.0008495730927293988
0.05233174164296194
0.005490061042415722
-0.030635819553178168
-0.022630605273343395
0.014076662778940508
0.03233704100493895
0.07142888341763207
0.003937644727748471
0.017112932448222876
-0.004462417939249043
-0.010599347725536274
-0.02347153690890062
-0.02580869916755274
0.001803907415736352
-0.023295971008211246
0.0007142769852162992
-0.019475408682994202
-0.0009202516300587176
-0.034650191211543974
0.020542969244675708
0.00776512270813173
0.0388880753995354
0.015510238617793846
-0.0025389097277249
0.016063106840610162
-0.0009134287512155042
0.0020397638052955594
-0.00511209337624304
0.04329079351427861
-0.0041353820637413845
0.021628073905260593
0.00031557355238824293
0.026272080325166695
-0.018586825712776034
0.011788555086741133
0.0037762233097602222
0.05160966090848325
0.02201363838798192
-0.004441643662185702
0.03161073224729749
-0.05536391088939942
-0.024228069143936982
0.04161659487373704
0.0423899139151759
-0.013069739888512035
0.02446040147889556
0.02396629983382037
-0.012464912037858605
-0.022353086633109136
-0.0019953278252195132
-0.027419476797052277
0.04627772827640875
-0.03240660377650207
-0.00639284853304727
0.02758852948253075
-0.001724184952977962
-0.044529357156972725
0.05960866842995566
0.014603038133679604
0.041722661219449
0.04044096443684466
-0.005806503746400271
-0.012804826741746557
-0.0737145013536836
-0.024231031923472486
-0.026423284949364283
0.0017362482881175805
-0.004767606011833213
-0.021337608327104532
-0.02893920270325724
0.0051954396101752155
-0.05936830400697597
0.02638586457595962
-0.020460328247265305
-0.04447838048355589
0.015855898454367502
-0.007297461374164395
-0.009035672823791396
-0.03110780852548951
0.021069253206109795
0.006681392675368418
0.027544203453462972
-0.0002353857524886629
0.01598765541375912
0.01637357040636825
0.0067262684711148265
-0.0056816596175278
-0.040072779406100406
-0.0030603123516960164
-0.016604678009723393
0.03582004196475558
-0.0025127143494649232
0.0032780038243078783
-0.04126226708595636
-0.05302655531180433
0.06229107780323122
0.03692406340689225
0.0011038532249862897
0.023115842956105703
-0.010374687284102601
0.033511551279214534
0.032110222661132636
-0.055145539998721974
0.006226664185811968
0.011979349817590659
-0.03308960365060353
0.006607077354928193
0.02045755917840251
0.0328794873506417
-0.04732142728672904
-0.021535530708364364
-0.00558219075541102
0.0109859752526849
-0.011647777125274154
0.006560290138911436
0.011970909123234934
0.022605395099992327
0.03446977198673017
-0.03271756204015472
-0.031149840079602812
-0.015198803853597316
0.0395726642296558
-0.02355858721137551
0.024248309451120127
-0.03410437399898888
-0.011690186839126869
-0.057528460939758254
-0.00695102197904602
-0.009370114825507744
-0.03154417475710452
-0.02406432653638078
0.01400914568977685
-0.05356993961871762
-0.013626032829084807
-0.021459660897562755
-0.004168119984125579
-0.02086161408949416
-0.05746511675962126
0.018516039645920513
0.023813170807892064
0.004364419361574629
-0.005851847361512976
0.0039314312812437574
-0.05529829014164886
0.005922667573321498
0.03781005409080165
0.0070463603292257445
-0.017058373466841817
-0.009889970060449336
0.041059167016864274
-0.0019556600247749435
-0.020057526837557217
0.029599383459955293
-0.01028043667846948
-0.016600896147518737
0.006385205123859489
0.0417727555216719
-0.014029299218680772
0.015996119602802724
0.011524979746627858
0.013412744700209665
-0.009456559709252403
0.0011321552978547482
0.025087903562323967
-0.0006562717934244432
0.010207149845032314
0.005171996068372917
-0.006236701209646006
-0.018145345906185106
-0.004309714016075211
-0.04534293602526304
-0.03251361388475944
-0.0426996707043116
0.04359807200504965
0.0017217572924865642
-0.010381902256530361
-0.0035234097821110638
-0.0011029794985798404
-0.040629139595884566
0.0052173349536140945
0.011313127046381944
0.01964250108008998
0.002749223897513353
0.025755124502724745
-0.028315519537690736
-0.022102627203584323
-0.0028401735608954704
-0.04061241181627843
0.015051482409242414
-0.04064446977587416
0.018298557581225595
0.006143973325512336
0.010545800854902424
0.06751705436003677
0.017617220202877076
0.01210588308760787
0.040055637627049646
0.024006892021588153
-0.024876302064986852
-0.026783191589465905
-0.010743534810058677
-0.02014793175518081
0.002300933055151714
0.027968666469499987
0.006380427397118584
-0.0185502836581869
-0.055507277272767844
0.007843423524329684
0.006411873041252916
0.008099524155357614
-0.007857977285363587
-0.010074079905676539
0.025902058361212905
-0.019319917874439433
0.017374711728420346
-0.041831786745115083
-0.013332516700310132
0.014797617795974698
0.012675189164287047
0.015455926948701612
-0.03616012440562685
-0.00730273714822415
0.03282671053953499
-0.011301597997712798
-0.0323650325787856
-0.005539995876570665
0.02177135485115163
-0.06428247573851396
0.0164257583631053
-0.03747497743081604
0.029671939571861015
0.003029785791935865
0.0211460817660285
0.03473483340658892
-0.03636333562702403
0.006475215554176419
-0.024768637895171915
0.009530240588318866
0.020394276595928535
-0.0188746786337284
-0.05294630496777584
0.011579009183313742
0.03293986824328001
-0.0064530245894694185
-0.007586896343067397
0.04188021336203028
0.033162508057244806
0.0057202266799071385
-0.013729602557901297
-0.01852440818785393
-0.07331662716607615
0.016561454427150218
0.013779914559585554
-0.007084963549561001
0.06334454700431574
0.025166647359120907
-0.09279142051801113
0.027490102907330744
-0.00018281751112849721
-0.000675883440331065
-0.03170256540979002
-0.01223415743692272
-0.015534573202016648
0.03372207023779757
-0.004201536229112966
0.0031859073117472326
0.0194572321087537
-0.02035232965161866
-0.002877320647745957
0.021764754856713402
-0.017104695237274783
0.0013017062187282746
0.0006454667113718224
0.0067949858874515575
-0.007654423056251916
-0.010383970569762912
-0.01127824922443133
0.0030794923634898607
-0.016852570514920177
-0.003751198775932786
0.018825223296515228
-0.011131151597507761
-0.0395739658192893
0.04089099621011266
-0.026801370340791678
0.021929985214052726
-0.01449528843824937
-0.02254141475222522
-0.025726524019295427
-0.06307637291224667
-0.027242661603048113
0.011458130350058087
-0.015533583165765528
0.08166178208721271
0.0012502322215091756
0.03822249258621409
-0.0036920703044859555
0.003873530023347021
-0.03574027196229568
-0.03280927593260986
-0.03238401201628467
0.041532123611397506
-0.04513967334552469
-0.014535066091687263
0.01566427380675059
-0.01873771545234767
-0.06725255361061609
-0.012212886101484917
0.013205275637744972
-0.019050431266358445
-0.023479354147946427
-0.00120194402499731
-0.003542921057101605
0.025262363563838278
0.049130998808617696
-0.008555414197113243
-0.003489606423943014
-0.06317420078429425
-0.0009310437881097144
-0.03778595403532805
0.008149943705191863
-0.0003593633941316204
-0.0008380002345392578
0.003161842993124983
0.03245383737509318
-0.007198911871020971
0.02452715795071655
-0.013067483724730952
0.01939224119947915
0.023719159428758723
0.021094520748274576
-0.037538194819193293
-0.028005690185557437
0.02610861518783208
0.00757574623951054
-0.018529779746929015
0.008859474407692925
-0.06726074625055166
-0.04814723824049252
-0.01704205362387497
-0.04528703633125492
-0.02164976347690742
0.0368038685088837
-0.005664027954421745
-0.05751608599226944
0.027337112024623994
0.012746165129891879
-0.034542680978080664
