0.03025970628986469
0.006244558366655199
-0.012200094191646615
0.07847262894337682
0.0049090637691488375
-0.0028379576409920137
-0.030421050824031463
-0.02348996924731787
0.03339224260397215
-0.02423787965059685
-0.0007638930144135526
0.0424908931360191
-0.02277596674267779
0.0011352898075417505
0.05440793029269867
-0.03421942634147971
0.021116549931151113
0.002003215035391543
-0.013491071121805327
-0.005050082941864845
-0.024474208737378
0.03481239372560043
0.011856907889987698
0.004683335982399621
-0.0004021408398521125
-0.005830508417258053
-0.03484552221391831
0.03043805569281935
-0.00912662450200183
-0.00561373894936941
0.04322557633931331
-0.01585192241207684
0.0025526518610726255
0.005209938741456528
-0.005401274448381894
0.010791797922423468
-0.028666630877180452
-0.008154492679156024
-0.01125787845347452
-0.020919738909604177
0.009007026182270794
-0.018618343456737265
0.02773633445913847
-0.027269491664821954
0.009272540987435615
-0.02392656990501669
0.006789608028159308
-0.007228236555481584
-0.0036889823277826608
-0.007597920932473597
0.003471729411996854
0.017197544824874473
0.006355338917588678
-0.003091930826356236
0.0028932271180172105
0.019841950167952566
0.0018036334999843653
0.04111244014816444
0.05652537406104026
0.03525978032926789
-0.006864700683995298
-0.06700003880263539
0.006222871459934695
-0.001463023891535399
-0.09246881759964985
-0.01733661212668761
0.02742571758331358
-0.06314529791450191
0.030216648954645983
-0.0255817689148811
0.019454220194456293
0.011204256438045651
0.02868867831620917
-0.031822634699698114
0.002897280682500864
-0.019951653743547307
-0.004483271240995864
-0.015321701045566034
0.008453702601748478
0.0007355839262448855
0.08212184788276242
0.0598947485775019
-0.01136513776278415
0.0017438731975706666
0.01626867129907525
-0.009778878027566988
-0.013403861838518761
0.022055487601598672
-0.015045820459805601
-0.012400729912314742
-0.011647593858587876
0.042234260503238905
-0.03352792931586461
0.019608021375923806
-0.06232166780253943
-0.03843520014395761
-0.013348229934434973
0.01830131322907884
-0.022000553450797652
0.00018840471244477574
-0.012409508528977486
-0.02071351595830148
-0.031736605700036766
0.029063080792383584
0.0073892722003062045
-0.034833591836832316
0.09086608912791289
-0.0039038392828032384
0.005721831615692603
0.024679262939768912
-0.0007107718316064853
-0.006723086617958138
-0.03204185206050734
0.0252920407356526
-0.014486186871109492
-0.008195013301172867
0.00994353741437777
-0.037480493963715604
0.007917049972857025
-0.027877196776412264
0.01983982412017733
0.011250033179588734
-0.02892197418833476
-0.031446368219189
0.00506049711284277
0.016191419598896844
-0.037708869753209064
0.015892897931212006
-0.007499801824337742
0.020086086712704405
0.013530206435724782
0.014028765861464761
0.0410897357290695
-0.06323288178795655
0.04681962681885702
-0.00492199597982798
-0.0011062772068310925
-0.0021184161368204535
-0.0051592406418982
-0.016225188714062908
0.0016925004161495113
0.0013075998258201976
-0.003079446758465848
-0.018630807197954312
0.01754335742024551
-0.0050207254805133385
-0.00014233071762369043
-0.01093044959810488
0.0007375049303945183
3.073304114822991e-05
0.03959346862843838
0.03815126560928811
-0.012672456189673779
-0.019161850827849946
0.02882346893842822
0.01053660343940194
0.03159887816732118
-0.01284749067951686
-3.208530378585819e-05
-0.04401611069167
0.011420296941302721
0.038447785361113075
-0.051954886599990646
0.018273778702114375
0.01375375056446024
-0.010161887221454656
-0.01134103765180599
0.0055273478114932365
-0.044355791700952975
0.09233026331899057
0.027995504000860195
-0.0025024349244383054
0.007818033672379198
0.12378711511250601
-0.008253944328984407
-0.04086170168503009
-0.019364792766187782
-0.0023043633379857004
0.02148561106772607
0.010562095013981976
-0.0022595563268376197
0.0007646201202923118
0.008046128876350478
-0.06509476308531
-0.007418570487055124
-0.015184420666384068
0.0054293305441310375
-0.011828472522632777
0.00526383848085039
-0.000272103036462022
-0.0071807685671821594
-0.022983258361555885
0.021916847036674937
-0.03191107348800822
-0.0014106472008154896
-0.027948335119487983
0.008048109970130298
-0.0206884832491666
0.0042959687754295485
-0.011749782919007672
0.016597116479032763
-0.008703668928347646
0.020703100639613062
-0.012611865891319402
-0.021557014180313284
-0.04848098499149992
0.033694862240256536
-0.007695055329971437
0.03425858425424083
-0.012556295086454007
-0.023011621999004802
-0.03326616077017275
-0.005430230347643323
-0.007005530802010834
0.013640131948262368
0.004854341776560408
0.002228563249165673
-0.06370639553247931
-0.08481168743726651
0.01834378189227488
0.008292364023429661
0.06458231587726887
-0.05581744013283083
-0.056277546289299187
0.01158206623576848
-0.014451554347167456
-0.024849548199437136
-0.06320327431660697
-0.005410148419864636
-0.02777146848640184
-0.05693782635976606
-0.043344311422309836
0.041396736958042336
0.004824263473307141
0.018129100585930768
0.008453678845780561
-0.030077129618482253
0.020291789071297698
0.03659344962782486
-0.013607719310200668
0.020375990392044435
-0.04729584441538979
0.00872945027316818
0.0033262309427276966
-0.008907719216406986
0.0023858191674056757
-0.027685990506224407
0.023802111555193572
0.06446585890311436
0.003950240173967904
-0.009412639643007013
0.023987486835600817
0.00023225486722038943
0.012422765245303868
0.015425846053288336
-0.01633303778995529
-0.0028066315249576945
-0.04397918334771979
-0.06616001812431892
-0.0032020183320148987
0.01980695863734112
-0.014548387073264904
0.028729920646643585
0.02183674970546179
-0.004329080310300124
0.019094293613523366
0.01142704803450938
-0.01740886839362728
-0.04752445080249906
-0.022912961571663507
0.01182001416297406
-0.011443519746241311
0.019540395109532385
0.015531605504475278
0.024338667168087424
0.003225725722735702
0.05488423687899363
0.016728141285653853
-0.006849912113355069
0.01154602683246734
0.019208695216044062
-0.03583064037668401
-0.013118619188134088
0.062288187449970826
-0.023542219366669354
0.004545813020873834
-0.0161307511433633
0.010755588816930355
0.0192461988426733
0.05835449043880537
0.01886486622653481
0.05802362799461658
-0.008099007692270482
0.03963145357706568
-0.0021470296473337356
0.006025720870695772
-0.03193237023761718
0.03529537428531239
-0.048807645547306704
-0.02439290105539327
0.020478427875828792
-0.007890493082573743
-0.018355444927694368
0.01562392582693801
-0.033304067873786265
0.020482250037387628
-0.01562525353739691
-0.014877110731560915
0.035738151486745605
-0.029887938528445793
0.04116776724633428
0.035356786886442726
0.020140256010304586
-0.020955247730536024
-0.030401551511801825
0.001932947477291827
-0.022111507482302072
-0.016607318683773662
0.024095286031708636
-0.023924862946814267
0.02107593495165683
0.004655991074231351
0.03052339727359815
0.0031566062296671115
-0.011922239890291763
0.004955972144602014
0.010048885123135638
-0.008239968674640356
0.04284157282378752
0.013184889739436588
0.00764536698874594
0.008823546704370416
0.04218173340259029
-0.04322236052886917
-0.00976420919030505
-0.0023564394490350592
0.006132562876765926
0.0021310671187910355
-0.03669162941530317
-0.02184598369147274
0.017126041463744534
0.055097625317154994
-0.0072190178631041215
0.028891676558484347
-0.028360726501004307
-0.023287847349687568
0.048770793507548975
0.04676541596354018
0.035889032188088414
0.030148738253643954
0.013881075182383462
-0.024376765574878622
-0.02812969573462313
0.042055908913377106
0.05595945668563428
0.00424612422779945
-0.04395573233419994
-0.006275360094922013
0.018022419022768396
0.0073674081509106076
0.007127483723701213
0.001021180664411167
0.0874297639595996
-0.0159099131238141
-0.016068466853528043
0.012045024361413727
-0.01178124279966555
-0.03191207075090401
0.011068273479137714
-0.02281973258427105
-0.028930353691975125
-0.013911582723766277
0.006727248801598274
0.01592672897539416
0.0028256488054027454
-0.03263308774753826
0.014648726599348627
-0.05647298911400475
-0.010816564295580372
0.0025079189700910917
-0.08371724822298489
-0.035363964546664794
0.012956110446454313
0.01603948585506403
-0.011327442129189872
-0.05318741017915922
0.03468503014058099
-0.016732980665000823
-0.014062532022466207
-0.032311411768884864
0.006664485738124928
-0.032865200259802343
-0.019875642448115016
0.017476604107082187
0.013442336368251356
-0.0140502374039262
-0.0072466006590418365
-0.06269710231833343
-0.04797988723099797
0.007290485878657132
0.021249399071289723
0.026290046569626708
0.04023373415854952
0.0055412966103709745
-0.008558121178855837
0.02891976922365005
0.005763989611839683
-0.0009566055447352675
0.07848329186932806
0.027251671277397516
0.06919633691514564
0.007487104872660711
-0.014503150226365398
-0.037028178626449026
0.03230568765075184
0.012959240150926655
0.054420988235527955
2.067267662948449e-05
0.042269074622445585
0.04716618027067802
0.029329388026394638
0.0012896123862378122
-0.016306991824992043
-0.012229558685921245
-0.02713714929041214
0.008659424015074937
0.06225195791203157
-0.017437444258425357
0.06299669138800593
-0.0271532224126445
-0.003118896470046107
0.02686432001087817
-0.013675516424521836
-0.039831432361351365
0.022189768331464837
-0.01785795572154867
0.04118559548857507
0.10417062335562609
0.05972646425863964
0.044340505156374416
-0.05150699216523475
0.041168700711067846
0.012113258303234984
-0.013964434613111738
-0.010370714146521083
-0.03002959584327998
0.0330129175789483
0.015109401076903714
0.03287195256484068
0.03975761366486065
0.0025452045758382106
-0.003802773501649834
-0.01405263325859415
-0.012972378334901506
-0.021083469988694818
-0.010114755600086579
-0.0197718199639809
0.03823351339846472
-0.014641602236393197
0.017980443822566212
0.025488338610669382
-0.08439953863955638
-0.0033972326718462492
-0.013282963438598685
0.04934472110421831
0.03106044364619167
0.0016822636134291085
0.01960020432800564
-0.04113591156705756
-0.04268843142756305
-0.020651765779638558
-0.009477968562323412
0.019099885168778724
0.051989899905305156
0.011578843362517919
-0.019117482816667225
0.053945141870858304
0.013960417139555287
0.005815518957659889
0.03205528666287697
-0.009636738328782455
-0.036820248687473724
-0.028693674549016494
0.01805310163965445
-0.0011203692085178909
-0.03599662788942593
-0.08227162807941685
0.005977540836721193
-0.00494963175136528
0.011736475298722505
-0.004954802938827563
0.020783922164971366
-0.03248071629254849
-0.051374442615463596
-0.0018785232179424386
0.00581903245258208
-0.032545448468922905
-0.08965232921017688
0.020329626453212846
0.02538734086953882
0.0006093282512582689
-0.02732265776189102
0.003992859546337566
-0.0022302209486647555
-0.054286602194169226
0.0020001181221316476
-0.023513570257463607
0.04335320982004972
-0.015646120592089197
0.01987377197233648
-0.017100873025361694
0.018508649934260674
0.006265050025147708
0.003083099596126687
0.0017320068500537049
0.041985699415538424
0.0056739655197754705
-0.03642318858154374
-0.01130823112109929
-0.016472024811082456
-0.009683562489439997
-0.03464245121238193
0.0024694909071490364
-0.01855751088216032
-0.040051770122743795
-0.02111238651220331
-0.03297556149094429
-0.09149396182284388
0.0043680741116383
-0.01250201226247384
-0.026348664768936058
-0.05105958026959448
-0.024268497616155845
-0.0011549861517723236
0.0005843862144412072
0.000989773859474324
0.044500993935230826
0.01405943217357655
-0.029633997490721452
-0.003243011698104902
0.014693330247863443
0.029977517238357825
-0.032250603375230225
0.014418945722889336
-0.055023770159764195
0.010253447581035607
-0.03813376664592644
-0.01237472533529448
0.04092292753488182
0.022851708448888734
0.015884835208584136
-0.0040615669601678644
-0.019471344606455616
0.028126495312240183
-0.006812132876554971
0.02355179113761264
0.018092342375627568
-0.03891343857173717
0.004171996474996564
0.012313827543834258
0.003069485097046601
-0.000340362542274269
-0.005967165526998815
-0.04449958206008318
-0.016171269181437905
0.019770443608298775
0.02589455216479328
0.022887462951334446
-0.0013514358749105735
0.02095062236375457
0.029710631423171062
0.0028224194650255997
-0.013019077055131428
-0.0121617619594528
0.03284414017183856
0.008410838507675596
0.0077540305010880065
0.007494877351081748
-0.054504485726044875
-0.002802426140916298
-0.0313426794983018
-0.01730528894831924
-0.03545456584325231
-0.002099417972091457
-0.014759960358426392
-0.005653299693813147
0.02676887493072646
0.0018619591126133022
-0.08740309230005672
0.002955684650153281
-0.009861876159037669
-0.022139589390677006
-0.013099064515641589
0.01826933403670815
0.005595615164192785
0.01205649671427314
0.05046195602793706
0.028753816627610975
0.0049804814842217705
-0.006847938252725208
-0.027717629166096887
-0.005230608074065893
-0.020433440092163448
-0.01601678732476133
0.044843664739455426
0.009901474858178334
0.02380226580161207
0.008339830525843335
0.019290791531906583
0.030709662712262886
-0.0018945461805931093
-0.0553840204228901
0.044963276316158055
0.0010486894533336228
-0.015202316615347372
-0.02202571814620273
-0.023678657126836842
-0.011431534659517363
-0.005168887209568843
0.04973630720923084
0.00912068960879666
-0.010770908526949124
-0.034610798184869104
0.03180367758328041
0.024110879396195044
-0.04263760838413825
0.03739881194188636
0.013296691915743508
-0.05799189004762196
-0.0014141213576456253
0.005403863104361142
0.008818787284961029
-0.021724400684656114
-0.03557614049202192
-0.0051289703917804935
-0.010785540905332756
0.00015240584151121102
0.00533176905412666
0.0030966624218074627
0.015368466413146988
0.0365111717686689
0.015004862918780214
-0.012092329811581027
0.004689594553818018
-0.027069939285583447
-0.0034622497568874825
-0.004909013303737254
0.019309909562481242
0.011701886131478517
0.05541695230652698
-0.021696504002403947
-0.002484182133404268
-0.017572638167926855
0.01047914456227246
0.0204802999068819
-0.0011368062030715506
-0.034586448461107124
-0.005429539940514364
-0.0024303910089684636
0.06637450128936477
-0.009742511087082571
-0.004538873633935448
0.004092621723117025
0.04245734327705803
0.036972825890291716
0.019361146912561134
0.01692770930222251
-0.0005202323425955762
-0.06279509104879925
-0.03238517718444914
-0.0009736276701117878
-0.02713336034601255
0.009398002435209099
0.01924606366481881
-0.005680361544276815
0.04006876625996295
-0.01702250103441303
0.07795420814872683
-0.013267061552310867
-0.032767361163240714
0.016644747275688942
-0.0036684072548194445
-0.05165039462230121
-0.005673649538028133
-0.010261155601269419
-0.00680268943172936
0.042630253937155964
-0.06514597746421152
-0.0032441195367796604
0.023781167696822696
0.05708787776462523
0.008756782875158011
-0.02502028043038446
0.0378629640843665
-0.005678620332643489
0.0070616542034198804
0.027216253033129384
0.014579228627289725
-0.03177644983036537
-0.06482670873346026
0.011619563941116573
-0.001770416522775496
-0.010535754730954562
-0.03612008884241677
0.0224795449342605
-0.005227125993063168
0.022471009926677134
-0.03147662066295985
0.022529762983019914
-0.003785928040010399
-0.009456533224159715
-0.0008450577754623798
0.0016729199283950188
0.008014014103630342
-0.026132627854755893
0.02098085724246483
0.0026463140592134825
-0.04747016993325907
-0.018407764951647317
0.023972034961289315
-0.04379596271544566
-0.00957620065538307
-0.027046856473557368
0.00024653617588181866
-0.0008003222540449276
0.007051426326309377
0.037809759091979527
0.005117896813900138
-0.014906033203987748
0.036203523500550505
-0.009911704385769582
-0.0271602451291015
0.08912612248673898
-0.01873787732279956
0.00956708401448306
-0.004373079663480403
0.011748870408717254
0.029572897114057868
-0.020762303334756815
-0.06844672950486116
-0.026705856247180703
-0.04442963411677356
0.0027532411815419304
0.01493835416413414
-0.02233521722544732
-0.03113048997291466
-0.0029318888713940855
-0.020066530570756268
-0.04939002873983062
0.024387508009201954
0.05276508574540299
-0.03268034212030641
-0.0222741504996322
-0.01002680171410876
0.006446944010688725
-0.01929329578327659
-0.007451089156716646
0.059666381849749414
0.021377452118705863
0.022155859939595086
-0.022981241711581706
0.005595299067990981
-0.05763389937372879
-0.06887616695647843
0.006665812565463681
-0.03618818118407454
0.04488386544527691
-0.015293637403617489
0.007000671850793449
0.0011855383703230262
-0.029945827479110777
-0.024013258063318683
0.02764257584339707
0.007222968580157648
-0.0183324825172771
-0.025948058528115103
-0.0035749123735978627
-0.07190007574424868
-0.07528373454229839
-0.01726621978551842
-0.03450777524514514
0.0012257634104103285
-0.04006513257580203
0.013193938166585158
0.013129838373214044
0.013463636969581173
0.016949587182455608
0.0070561074023921064
0.026853432058012657
0.01758898878766272
0.010458755219833414
0.0011988855100330564
0.02658208867041898
0.01788670477735951
-0.008090984733102626
-0.011216101753753425
-0.02864420147180464
0.0035758894122502084
-0.005711117153745821
-0.08081159992328252
0.019468042822988592
0.012054657863549792
-0.021896062157234556
0.0029688553607821874
-0.01124636427408904
0.011287781768593562
0.03895155863012379
-0.02635041039920812
-0.047568395823839364
0.021591085064464978
-0.040158102258803605
-0.010931866863018782
0.028318616291527782
0.02170784077647849
-0.007843031498500967
-0.003048450912021252
-0.05372167574846188
0.006926343775521887
0.0036140393601784533
0.04431598337719296
0.0012511348759596088
-0.013428916383698647
0.018208131398356385
0.030436042108926302
-0.01692685311905346
0.021876692467697297
-0.029003622625337084
0.012031898292823615
-0.016948691171435798
0.013117399871903121
-0.015317316256466814
0.00880061816341532
-0.015936946166045126
-0.007645815921125156
-0.01110456529397639
-0.016879957752732842
0.019205085301078992
-0.04612329098885651
-0.029669535957458505
-0.0053811603706052915
0.02960454156706285
0.014391692086868337
-0.012259949719495417
0.01985860585192789
0.02053738200699874
0.04575789803007932
0.0012056476916979186
-0.0014074841471914902
0.04022890670534938
0.0024535279454363877
-0.014947696149922236
0.004497929093269978
0.01082604879078431
0.024981591671588654
-0.007268059637511693
-0.07986656835757207
-0.023705723785304916
-0.026505349745145096
-0.05058310216744764
-0.03721542309346185
-0.007646404778074607
-0.019121380278981377
-0.015574334059435736
0.006438455941691025
0.03243614261064578
-0.0054665525860086535
-0.01679263890896277
0.03428245016443285
-0.0075007575875601275
-0.029476965026625595
0.024690839183220365
-0.03174971971694466
0.043633967318506744
-0.015748978650705705
0.013940117945748098
0.011188854735934547
-0.011737355545269829
-0.020669023900605973
-0.001594175549769404
-0.006359672507519691
0.008008640519568786
-0.016941448592664624
-0.020494044797424008
-0.005519570255796957
-0.04551930536352021
0.018162749140822575
0.04706199985996308
0.006295256280805371
0.0287616816526312
0.0014133114005838309
-0.006185006418982087
-0.04466369549510528
-0.034597169739207255
-0.03499139926252687
0.023548919259016126
0.020144085477963803
-0.05236994366354164
-0.09541109754971715
0.03731907733974158
0.05070563703511074
0.01503741185311206
0.038119443580474775
0.01988426304797996
-0.014643862771365219
0.02420312994373173
-0.04690812488162475
-0.006556482542472867
0.01847868293153919
-0.017147666065511383
0.05664271774167998
-0.02355309728770782
-0.00023817349068343602
0.00017804534726153387
0.010611885918671963
0.028641110990681427
-0.031832716959644035
-0.00707233661366605
-0.030800867461345784
0.041467536735308265
0.001464686105489234
0.015267321863272105
-0.0746308980133818
0.0186441927600021
-0.003313238113630038
0.016291717936341068
-0.0013435956409732978
-0.03036528840601093
0.008812704383612266
0.02642390409530917
0.007432037685266492
0.003798251651457014
0.007987487826773913
0.04408910513994761
0.0013430856460250652
0.017770179692627844
0.012551938812171932
-0.0037331345642412517
-0.01491957964610408
0.047460011368184
0.026221055129719607
0.023004209911526595
0.005400498020065071
-0.015050053212868491
0.047986843725548275
0.031853598205248114
-0.02724688349223573
0.03692427407022882
-0.028859278725406272
0.02230019885299641
0.03253018231765614
0.028590818266305034
-0.011214987326339871
0.05969950784873251
-0.05138646161658587
-0.0001390069304120316
0.00392998262719948
-0.025817314544812613
-0.0481186523046514
-0.018521339077110975
-0.010568170393084407
-0.061514824221382394
0.022298158186832364
-0.015970567558179136
0.019930139152158147
-0.039603414784421996
0.03804732398166663
-0.023723723064900424
0.014022107246563166
-0.012857629869889567
-0.013044363330841741
-0.011332912808715467
0.015757745569777513
0.016731276487510445
0.015061535764209152
0.004793903245788334
-0.07429157473961584
-0.0003584352684648615
-0.0021180428999763605
0.049547380830161754
-0.06049798482053786
0.006458143210587572
0.006875479932837906
-0.028769120571462782
-0.017022565258426638
-0.031145060197997204
0.0374945170134245
-0.03273587118717071
0.01815531161836586
-0.03129612408325942
0.011863172422428337
0.003324112727104332
-0.001368692240085093
0.043124900366867974
-0.021741352680881548
-0.029867579216273102
-0.005209475004526088
-0.01640528709161817
-0.02120348267172103
0.019731900225782216
-0.01813634220439632
0.003811824407035986
0.02014410713893441
-0.009425171171091899
-0.05805735478303808
0.018477489424090675
-0.003005753638318791
-0.007206422483120068
0.042119020965301956
-0.001049763736538973
0.027129047764962166
0.0019507289054382262
0.07041281242999547
-0.004412871083051709
0.002061268307160349
-0.08722761482128824
0.00888330995493314
0.014007100662061938
0.004255872551834202
0.00824885178045131
-0.01006237625614033
0.008499826312914726
-0.032199783752153134
-0.002890988189460918
-0.012710858722478173
0.04197190330689541
0.004801697071281243
-0.04785609130202562
0.017485957108649773
-0.0147333790965384
0.02652492039618457
0.007224197696516508
0.013058540125588002
0.021652155386474237
0.012515261954015828
0.011888243483461574
0.007670260026754209
0.01022626341176467
0.03735518167775874
-0.06047167806611614
0.03733296401902652
0.01955478088853501
-0.024060648893615602
0.0295809230398039
0.0125480540419009
0.03978481627965515
0.04995472497861473
-0.0183672253617524
-0.012882644698984709
-0.005549829630940352
-0.055445562328828885
0.030260540054784048
0.010342176685326464
0.013066297257317944
0.008637872848181388
-0.01669616304726286
0.015607084961947938
-0.004270054001346472
-0.0013218167950666956
0.010038533893585559
0.015107456254117791
0.0046569968649092285
0.02376818292293834
-0.01741948645296603
-0.0026867202792212187
0.001774984997591191
0.01144470134625969
0.006785257545664942
0.0228899390856007
-0.0029280463589876756
0.026871236918383407
0.010442480659393901
-0.021120823486183923
-0.0012342736880786031
0.016645239525879214
-0.022347697550468032
-0.015595728795075106
0.09883864922546617
-0.02111081988426488
-0.018266335820594337
0.04653317577383043
-0.06501726525923106
-0.006182915386570885
0.04110766458007993
-0.008157826931416059
-0.017153850766359675
0.006394402143513415
-0.010994747842765995
0.021313330241416503
-0.01201646229984805
0.017655089437817947
0.006042183142505037
0.005049870555929066
0.012043910201668758
0.021777983235898725
-0.01089578937275667
-0.01493877182821574
-0.0019659788577998487
0.007117042648728284
0.004187398420975508
-0.023100505458017513
0.006870636223417911
0.026483436019589714
-0.021893259851443025
-0.024240730076720455
-0.006462186876584953
0.004255193711399369
-0.004156994269796092
0.019831674960476678
0.002939817626474354
-0.015182823485823444
-0.007881580344982852
-0.007804166453241321
0.017379992388500028
-0.03331027806962129
0.004664882349601797
0.04987115149955527
0.08177424474593996
-0.00975992764233165
-0.015916679143856517
0.05798692222779597
0.04053813547845925
0.003855989120350279
0.005672365490058486
0.008936931374428615
0.01656731456363778
-0.001960049569422788
0.02539626473295548
0.0041524476044056445
0.03724589743413776
0.050493613660785544
-0.03520730162810045
0.03470212589197192
-0.011597712442355433
0.002137082306385315
-0.006546545242262625
0.013963659997992857
0.04618370849190222
-0.011189558561686587
0.049580384649740926
-0.014191907196376608
-0.006365978199257219
-0.01897694573128233
0.014582617937813314
-0.038788622521175556
0.04593115276006407
0.0020444095596294587
0.03295363014427744
0.0073116215512688395
-0.017664581205103558
-0.020888392786983817
0.047468503145369344
0.016332360038379744
0.0029234992602275374
-0.01270466186107862
0.032198590588831365
0.02773636145223322
-0.024760491559095384
0.023730403507613757
-0.01733474786980132
-0.013416496796324355
-0.021803441357134457
0.01898644659161498
0.019311614550622806
-0.011976760434679752
-0.027244560928604493
0.033245837644081976
0.000988110262952821
0.009738234462164496
-0.02608602400557409
-0.025792031193737918
-0.027373696378643345
-0.04765752340095784
-0.0016845866703539957
-0.025800611679308944
0.0201275422036577
0.012439936724881648
-0.004597129304373094
0.009891993917259494
-0.000828350874774695
-0.0004233871307602424
-0.008826751729291172
0.017186725556930835
0.01716160033378942
0.04592862881881223
-0.019123070544089724
0.020580174670801282
0.027114860822375558
-0.024713435130533142
0.04653270218504764
-0.06978031058603491
0.039730918363994075
-0.017757239345222314
0.03277630824956073
0.015971130779663306
-0.05179951188465099
0.013633451523113835
0.040547405966966044
-0.03274058330184525
-0.04717446110738572
-0.016505005033327354
-0.024805312530434144
0.03376839821820675
0.012969503741139508
0.02166634622550345
