-0.05738350817780845
0.011988391539921603
0.008176364513339793
0.0019506879307884255
-0.020051473770377862
0.004168296940545278
-0.00631068679112763
-0.004060604986025091
-0.021622723280250642
0.009834345434751738
-0.0029940884694975804
0.010086483620007138
-0.0038457648388114294
-0.012764737922732155
0.01993208306949743
0.0868432127541252
-0.024551712630430662
-0.011540708086697951
-0.005769996173153441
0.020556355957713317
0.008008491123840554
0.035836070250272356
-0.06101257925211296
-0.015677297624956135
0.007728335200351137
-0.005601756889607222
0.01250182494444347
0.0016888329938123106
-0.0034137948547532863
-0.010684238458459299
0.0018969503983970997
-0.020500800512239105
0.037987442565172044
0.01782565355013448
-0.008625989453266229
-0.011007067624098879
0.038084937849894675
0.0020447342599614828
-8.702586934061373e-05
-0.003911258454862492
0.0072602302100771565
0.0301683795016112
0.011480269488472177
-0.002241665054123684
-0.052290202790242823
0.010047864856689487
-0.0031184248585353317
0.0027166001341813327
-0.0061675115808300035
0.008437300978964526
-0.02358040454143898
0.015879836567964604
0.08784526874869983
-0.005492437828802761
0.04640925208015383
-0.04117205719855316
0.0040556358036795736
0.005619623895466058
-0.03335050459110521
0.03507215450117322
0.011600522957525262
-0.02321135658642795
0.014026683759715584
0.07455734814960129
-0.0071718376602148345
-0.008709888462373989
0.01814774821012652
-0.0986117083716971
0.019603751808874838
0.018434263179315034
0.022870513052953043
0.005793096389706109
0.0003835597243277193
-0.02151216168723959
0.039260298829598264
0.01737217181806701
-0.0028934553296573423
0.0007712603135637025
0.0050014280908269185
-0.005019214028219468
0.045194119571776555
-0.01916622450512644
0.016529565284954625
-0.009532197821939016
-0.0019389407522448954
-0.015799071110563976
-0.000690618774494492
0.012393941814715644
0.004587496269415087
0.00697025627271993
-0.09294907598946761
-0.0025746155962374524
0.009576593619150116
-0.013527720981887214
-0.0076398764206308195
0.012739740284267494
-0.016882903723722444
0.01495554785770723
-0.002807901654228468
0.005352622723894706
0.018598473999165453
-0.014691246251346218
0.003446406798039523
0.04423597443038067
0.023478830041189818
0.04946458680611773
-0.03761110720386432
-0.019898444304020796
-0.005822630862313158
0.0044817501467828424
-0.002980882222882797
0.00033674948628604015
-0.023581154836768408
0.0048330373784159575
-0.02517580393680427
-0.012566748576975944
0.008259774938527776
0.017156467114195002
0.0032165966236932905
-0.009856893291954782
0.025203593813893397
0.006834422196882326
0.017136433724228038
-0.046926521627652276
0.1059946001772778
0.03682102892582573
0.0005453075079221044
0.0066574008932214455
-0.012401834423824816
0.07832394819093914
-0.010724974786723789
-0.03898744295552389
0.000607467516325968
-0.00580780271305826
-0.056376481711250044
-0.038583246056194946
-0.002494672940434736
-0.0013206120905653585
0.03239760166533303
0.0031801066083351217
-0.0015871656818410575
0.0018457867263481664
-0.002951135197943606
-0.03499158019846041
-0.08348399135326282
0.016071028924957556
0.006319148722733449
0.024181878086240602
-0.009839568993837306
0.018451726122408932
-0.026606143235205517
0.005891760609210356
-0.0400577650785081
0.02584529493833741
-0.04582685854560176
-0.010384950079549808
-0.050197951467681495
-0.027090540972245405
-0.0024836360669293444
0.004354362756715547
0.02915467690937607
0.04695726902675644
0.018587160491837892
0.013801515399428152
0.021229051738259504
0.02720533337879915
-0.027251855871185327
0.0262037312519926
0.03813538013948194
-0.003148570130139946
-0.08212454005666585
-0.036958705512842305
0.04463021678479734
-0.001136698399170189
0.010958219218205969
0.007525040180168253
0.025403675463403944
-0.0027528740155174543
0.006213727122023913
0.043703520772263416
0.011049004725317878
-0.029350788943026902
-0.024790955370600266
-0.004148117059234354
0.0038384549233866265
0.024887357646225253
-0.016956261786270087
0.03510800732743568
0.0051834330442873345
0.008150223988941241
-0.04900421129923005
0.011395615044675306
0.01040529356505594
0.002176500078095654
-0.003497077794736505
-0.024410957660396082
-0.02189569391237861
0.03011602179393483
-0.0018483895785827349
-0.006506070656252859
-0.018716624346341183
0.00887242705564558
-0.005297912317130015
0.025654350888924083
-0.019571668463504315
0.04374081700397866
0.008506284394896296
0.06868790869199941
-0.021631248448894216
-0.021464385348779372
0.032914314794331344
0.018829016705549772
-0.03808713130798152
0.01811431201789181
-0.001218353906117492
-0.017341258145267307
0.014208308971336884
0.010109195692062596
-0.06060098422116391
-4.814096552330058e-05
0.006811641529113819
-0.01115069840341317
0.026650787391663287
-0.03014497765745922
0.000593559817364389
-0.02178355711015519
0.031118057870407625
0.02737494478535043
0.015965647412538215
-0.023303644574710184
-0.006372399377617282
-0.06147159228527047
0.033156721933817586
-0.05861609213472125
0.014514094703200245
-0.008164811595955222
0.014581383550242017
0.0484378392857407
0.02372988105696857
-0.028042772408587095
0.014775734040830157
0.01995393370440778
-0.00414767165347707
0.09044496120366315
-0.009729162867473563
0.004662234328404034
-0.012830745373248983
-0.007427427609094644
-0.007427418732335123
0.007757191258693813
0.012976081257135069
0.007405035443999543
0.007883333766814354
-0.0375661707976314
-0.014148475371656071
0.0021955414355499746
-0.01396042798826879
0.01894229317400716
-0.014438920299729935
0.006727692620545988
0.0150101085306633
-0.012522945284678993
-0.00027198094702720346
-0.007971859319091164
-0.02313611051829409
-0.010087675634193738
0.05342578273962248
0.06025854582961776
0.039919974491462805
0.005445732302372473
-0.010401774785964364
0.0052301029500897295
-0.0002893817477672486
-0.047665261057165766
-0.018490366231127427
0.042846976102293474
-0.02370260066297935
-0.01998943450796853
0.011379395892927571
-0.004246531739538984
-0.03300352579403218
0.014503814841104724
-0.05748366495167979
-0.01804812657314783
0.0006933472608764722
0.034695861837843144
-0.018240118587542917
-0.00033309628523946167
-0.021086279886087394
-0.0009547755900594377
0.0038830044114533876
0.033423479449059414
0.018807723765273714
0.004872418130773493
0.012878989199755764
-0.03340672408960445
0.014291458575996204
0.01789077864307566
0.0141340426848805
0.03373652076432141
-0.022227377356849518
0.05210678287277947
0.04223286628511691
0.026205486528566944
-0.061074745096689385
-0.006642858736024692
-0.020935259419751134
0.01587486944118791
-0.007956139801928792
0.03175929420703164
-0.0022105066382486667
-0.019442655261858198
-0.022986197299854447
0.014399433450703212
0.017691464224728063
-0.004378015109108926
-0.010334614768697896
0.02191152649396423
0.021430723630689878
-0.021696393367713247
-0.010123432481087642
0.08713487978326906
0.035294247764075186
-0.006731926964844624
-0.011071868155762344
-0.05841738236830778
-0.012222952204535262
-6.253704796159871e-05
-0.02090271540936615
-0.03345482821752019
0.05915716307204707
0.005314913015856267
0.010076841576965848
-0.025939975053646612
-0.03490459084641976
0.007744574828045058
-0.0036463447145377447
0.006253411194800256
-0.014990276181271116
-0.02449829571162588
-0.010591018197806492
0.04989991697811506
0.003415223999746675
0.04765584948648528
0.005871028679639674
-0.03975256365631399
-0.017908385147306215
-0.005850346241560959
-0.018430965199848364
0.012943914111442259
0.008492049645102154
0.022079647980782036
-0.009879380664832993
0.004538824049978053
0.13571666797324267
-0.053883258015441755
0.023122183935485135
0.008001544142384218
0.010883922711000282
-0.008876909389725641
-0.015191228786391455
0.0006031700096069221
-0.0021493423947340183
-0.020213682753186493
0.012556237010124066
-0.012842955002365708
0.04278452231395475
0.006400080014026122
0.027967711342479402
0.03915022223159229
0.004694571079233397
-0.02471054227850282
0.009893486616226339
-0.012682066705946354
0.005881317360769261
-0.005354500172907107
-0.00203196290636229
0.014178587236960421
-0.05827089944332313
0.01621745864168796
-0.03393584271927707
-0.02097675381621456
0.027513709604297422
-0.010256891581057937
0.022144444445013817
0.0019271408618424662
-0.028631556533019083
0.006832223600394327
-0.033396904489964734
0.021814103429144267
-0.018816645373273974
0.018908441323123915
-0.006399970911805523
0.019429051021171553
0.005278115668027884
-0.03399016460967038
-0.003292627963949951
0.00046579604238726214
0.04594688383964149
-0.017208137986659953
0.03906372790098575
-0.014249241881641301
0.05757717008323454
-0.041605008663525136
-0.010885227404641977
0.03492535578135888
-0.03228499949394231
0.025451918901317015
0.026275169626676864
0.013950821296938093
0.044304041359888774
-0.04607531085005318
0.027462641036585335
0.0028357169675656694
-0.011785091719264893
0.0066317550325789894
0.0126129274302273
-0.03999854199453164
-0.01466071331560696
-0.028710561628733946
-0.03662969034261826
0.0022980332684923686
0.011066388183830376
0.005635270339610161
-0.004211253880546971
-0.015545740544130719
-0.02322345931000883
-0.01870926647992866
0.03674765747718348
-0.014323973727236409
-0.0534449196722277
-0.02116170241191762
-0.03920447559531003
0.05101333288136158
-0.001155958872668548
0.040156583285004786
0.028714539373534305
0.03517954055460025
-0.000578366765811566
0.018104308754334015
0.03502628686369265
-0.02641660237854707
0.019600127378091053
0.09148199062444397
-0.01059833296611568
-0.007613628051163784
-0.03653365160929652
0.009819454928733606
-0.03669872095255589
0.003523055216973831
0.013374479940258383
0.0018122061018125168
-0.009611974380202348
0.035420588283641384
-0.0036138218466216275
0.03631890610526363
-0.03818282363956608
-0.054515125224377105
0.010923356255654364
0.006651095022031078
-0.013709658468736317
-0.03208710908990446
0.0018579506717521133
-0.03268621554110582
-0.00022992715222617307
0.007514373023450204
-0.00846897101429573
-0.04116595171364738
-0.0025599016683413114
-0.03295793456251229
0.01224152504171128
-0.030003566458502665
-0.007653502967033663
-0.008235571718947397
-0.015249048296102782
0.016795040741282
0.00546350042896235
0.00745739976379345
-0.013462356697555113
-0.0058733648548510075
-0.005574872975333485
0.023540164261041528
0.020751311194056057
0.0594339465866512
-0.016213768681028383
0.011152796081463367
0.0073949757478757
-0.000265570284084353
-0.02178389685485879
-0.06012437725704606
0.006407208419201844
0.010149149214153006
-0.03634370669942527
0.011298080552081985
-0.01780466634326917
-0.034740290649170814
0.014944909595004427
-0.0730778789709956
0.020632555229498157
0.003384099970284388
0.034493512475837984
-0.008432250314677082
-0.0005471922009094276
0.009791281347167875
0.028379538708393784
-0.0134636325367745
0.04311568470582728
-0.0013902785901882067
-0.0014513896480637869
-0.030351659289507157
-0.03381637850893761
0.0015904588080626397
0.010331122716844908
0.0003054286730110214
0.0062693094425806326
-0.04847604757421211
0.0039640189848426976
-0.004060552689688676
0.033564384814005706
-0.02804981926752402
-0.005026361890561194
-0.007553953232958501
0.03834795032147043
0.007047552461171449
-0.10041995870603906
-0.017727046903721424
0.008175064775300412
0.10758500469346335
-0.006515498988047864
-0.00024133104069671324
0.009096729272366905
-0.001111632257474503
-0.022098529737197045
-0.018234638217859422
0.020172761486140254
-0.10842352023304572
-0.010477703259193623
-0.009930483230816488
0.05577257425829727
0.012273701059249605
-0.001702102523068828
-0.0035251293382970623
-0.014776753751949985
-0.024435634832821383
-0.02637123975028393
-0.00459176309738938
0.010822682819519728
-0.013234603535298248
0.017958739288306314
-0.01962615819128105
-0.01836372649735091
-0.004226201407105387
0.00982467111859127
0.015394685015922612
-0.018225840726434267
-0.005437973833648665
0.05332924979648018
0.026969629879956568
-0.020380484886851163
0.009212001761703087
-0.0030084320864917275
-0.007797031551687269
0.010153878298215754
0.0408965182794567
-0.015881913235506813
-0.020652375093004872
-0.0676746629733224
0.006231519174860877
0.002903720705697392
0.024269453890351296
0.002318473874491847
-0.008717385181985534
-0.0010599705525084423
0.0011937161806762457
-0.02301880513552133
0.004519209078005247
-0.0031388779204445266
0.004735114319482156
0.024532731260587453
0.03927073228208013
-0.009887116601974591
-0.016650252494780835
-0.03664993875708877
0.0028002335026964466
0.008148516232540058
-0.006597090971040552
-0.022299284466128843
0.0036868037176812913
0.0012857631579833637
0.041575755846333766
0.049261579620514744
-0.027063540500840415
-0.009437292317194671
0.034916554017507914
0.005013113220405943
0.016625066035796932
0.009291592128285129
0.0004196152444533304
0.0060163056870946655
-0.004008800563641486
-0.05850058125096837
0.0024062915653121804
0.03098908113293067
-0.009383296503496045
0.016527402813032718
-0.008974960954057063
-0.0009841798962769172
-0.037533930855013824
-0.008754448262546866
-0.055337072564550435
-0.030589126965744493
-0.04672674798867131
-0.03218913920436246
0.005068448870222726
-0.0034318187996355072
-0.0215082048409872
-0.03779135428549639
-0.008860188014203019
-0.026427816623997877
0.03493464839201772
0.006642814140548783
-0.004391415774688206
-0.028951929997241964
0.03114564575119995
-0.054188146714239424
-0.011483732002889317
0.01030408425849738
-0.010978867094032504
0.04595403727067577
0.038165169201453464
-0.005662535555530981
-0.04028043611781158
-9.576345642754451e-05
-0.03226784780396649
-0.01612109130775468
0.016042348030073206
0.11011632806111689
-0.044877203795755126
-0.014051887871122819
0.005468601211755858
0.019169008198474956
0.01659672293328431
-0.006541497480288026
-0.0036566632389438522
-0.030856313673563552
-0.009658766212114965
0.03802807047293173
-0.007789428501666617
-0.012576872455734517
-0.0037899657992349514
-0.0071312478421125675
-0.02310121511241065
0.01768977798957842
0.006517754008696233
0.04764893875888444
0.029425343632285158
0.012750588647433118
0.001694867266070668
0.019602790114921574
0.001546434636938271
-0.012650411491884495
-0.02619900389034429
-0.052453781433688514
0.03092631724550342
-0.012759746873373588
0.007832487918653463
-0.0069700460404488575
0.01841867445606515
-0.02884129339002417
0.0062322684384834275
0.08446129933469494
0.03200674825805334
-0.019816231304968932
-0.030069869123262632
0.009412697664164511
0.012946018356550014
-0.047841849927940994
-0.030188432801981843
0.03228107651959147
0.0003453331855961292
-0.0166492391315056
0.002660708499822744
0.05228533703567158
0.0075126580654672395
-0.09859717102869671
-0.029765402096153724
-0.013696923064948194
0.003642914533149341
-0.008027335002193945
-0.009075530467368377
-0.010103382473380208
0.02976102539291014
0.017670961893024317
-0.003467965698911754
0.021227244444467365
0.019373756855173372
0.009764470799002226
0.009486880781222585
0.005695403346526866
0.021099691849074207
-0.023903908572483475
-0.03769317243042407
0.0030624744308000488
0.016387651715760017
0.016128954925046415
-0.01142853825518068
-0.04347027950332681
-0.0004807717326572897
-0.019258541672269675
0.013789185040689574
-0.006758923103991268
-0.0007202030019826289
0.005905801566308998
0.004626615847645472
0.03515191917646396
-0.02567989278864164
-0.039243742289113766
-0.03053881022339747
0.002813376465861655
-0.008875201745136162
-0.02399654813574902
0.0890768020902254
0.002023583328422005
-0.03491621345747228
-0.02365539065613833
-0.012144314364430312
-0.013864657689024394
0.0014397448406288644
0.029290442396325788
0.019809493966523428
-0.037801211758103824
-0.013299970151703512
0.014860600960318453
-0.00964906770104908
0.032172405797610625
-0.03164111022387046
0.025913595531039897
-0.004921749061759026
0.017671471848544725
-0.007447234787772397
0.004300484911157331
-0.015096021534139355
0.002642248434996141
0.020118667625934405
0.009565855157245442
-0.0648131864756574
0.003135425124992014
0.03463402488668692
0.016034922494867772
0.029181251743588724
0.009757748908900292
0.016123873304928777
-0.037905093540614734
-0.005552915799806981
-0.00450151011299062
-0.00965496453993741
-0.02237972378766649
-0.004904031739470659
-0.00021310990361372959
0.003039689266609028
-0.023110223107301358
0.006181621059714934
-0.008343907749581252
-0.017290594485690525
0.016981387187507097
0.05854683877724861
-0.014964745542388561
-0.001545404384919028
-0.07797876603118101
0.008169234044182001
-0.04254609420429793
-0.029576567535824442
0.0433416642087755
-0.0311391775650875
0.011388589287558946
0.0048818271238314686
-0.01728420117379378
-0.02476693311184499
0.02024672816651991
0.022298044146499205
-0.016197676342057075
0.0022405140771757687
-0.0038418389242304393
0.005699701579383404
0.002933578036747764
0.03729297621950713
-0.005149288735420457
-0.020697391908700038
0.07312189814492787
-0.020546453052924445
0.009613726585097711
-0.005247168306965334
-0.03204402590776239
-0.02612553073214268
0.022310371768271033
-0.005809500865879827
-0.015162514492565022
0.06433430088798928
-0.04575248965358337
-0.02767281844850817
0.005954071119538075
-0.024693347014229098
0.010980360849435941
-0.00545074988754605
0.005283012801282073
-0.008816607756129989
0.006769132170922378
0.005424623680058739
0.02019913254070632
0.002163145844480564
0.046685211475938966
-0.012024243235917728
-0.04940892372615028
0.03521683426775321
0.002421463989455418
-0.02856233476863714
0.020867048177041943
-0.04330685150097134
-0.028877500537509995
0.014668705121421346
-0.015999562060742142
0.09809354443533627
0.007707090831999441
0.027010282032360125
0.0026381014744467596
0.00035524698311054006
0.001423370269980922
-0.041271862523858886
-0.016500727512596763
0.021979080121102796
-0.01820745390997789
-0.006158856609282074
0.0028365556128027276
-0.02349575985661909
0.0038641305258748067
0.023113651043466122
-0.04549984593041079
-0.002022745260530247
0.07926561022415937
0.02339972200994253
-0.04167483324103098
0.023527972070554345
0.014133552038698793
0.003320671405316609
0.004908439963883917
-0.005780565701524087
0.004067161629079823
-0.031729183269743895
-0.0469311996695783
0.005825366453421348
0.023646229689622662
0.009959351035598418
-0.004779562372216755
-0.02165464536174899
-0.01748811061331847
-0.010907520513721744
-0.010890128693506954
0.004456828269556218
0.017194143585753406
0.02652314563476944
0.0007363312017834078
-0.018093909754595638
0.022224489924828637
-0.00045301252190954366
-0.004599148287899478
-0.011468985266162076
-0.022997726583936166
0.0020893110844708435
-0.04078671164952816
-0.01350526912577001
0.005902623076609228
-0.010107157614138062
-0.006432680166589691
-0.06278902298351917
-0.013480187260453599
-6.431690647059058e-05
0.015296171639980734
-0.007829104132160728
-0.025636658442717956
0.004344345758258474
-0.00946262237148679
0.0038437877640188464
-0.023029700693540916
-0.021151571690237594
-0.0027825489927899836
0.03341653613444564
-0.013122727467789322
0.005003585613386787
-0.01294672140613894
-0.05850571990587479
0.012825923744220398
0.019759742421260856
-0.023256566302673948
0.026206830907469846
-0.023960072660632097
0.008381317283106392
0.009880596244290519
0.0026721537803043823
-0.059499559911083695
-0.004335449195210981
-0.016086161658794812
0.026977839159872327
0.005932058244746352
-0.01291188141792844
-0.08303994679673767
0.04006415705990065
-0.050197600530546053
0.016721143871748084
-0.027554922477407914
-0.026673312249412325
-0.0005021799802727797
-0.0032678068582960487
0.012905748416302773
0.01376925951237488
0.0011859215928673684
-0.01440837623909727
-0.02441862316032542
0.0165064802179026
0.012270171953297493
-0.01370596481952582
-0.01766761975023601
0.0036592126183303962
0.025018830056773765
-0.006966645545703566
-0.0036641146744221705
0.021386327962249818
0.0654688656785247
0.0018814663471972855
-0.011412956452876113
-0.011533155469029308
-0.0005509110877111021
0.037364404054370706
-0.009775301693448923
0.005049254910191616
-0.02726823521333796
-0.010441746097041
-0.01091456096373772
0.0035770304998286127
-0.034834544955349676
0.049125562111169356
-0.005049935850514521
0.012759352552783381
8.435047945525708e-05
-0.055345991823862954
-0.011404828977270522
0.11404482074225752
-0.01692853917918104
0.05932645794009149
-0.006718713498702511
0.004682553661771474
-0.010609395608743967
-0.002140526817038779
0.011648525728399832
0.013603494192735262
-0.06110727694676721
-0.00030942806746177455
0.009633806921750176
0.05400134348297114
-0.004998415529331969
0.03632246509108529
0.007476287279504102
-0.02370779490340097
-0.007964095929910753
0.0021134230096906846
0.0023666382401575045
0.054468307491418795
0.013393546127250331
0.005150587730117329
-0.004250523145483044
-0.03276300642706911
0.000844485560243925
0.0021212169894993865
-0.008042677742858172
0.02412365145217317
-0.03243501497955293
-0.06556587119121356
-0.020207971352436543
-0.0056961930018240665
-0.11984179617559748
0.044267075250744664
-0.04142929157008244
0.00939154554152739
-0.02384036492049439
-0.0272461634643136
-0.04899310755541304
-0.028989716177443614
-0.004656544738733664
0.020096946372357125
-0.04880500314181521
-0.0059696899291892605
-0.0011630658506731682
-0.012778623033076284
-0.024538763953291895
0.010242158221647622
-0.01214855764308952
-0.04205614784259892
0.022635288408389676
0.009976827539094294
0.008102838748998331
0.05123768960607158
-0.006719128784085795
0.016275202959622866
-0.06019117245335746
-0.009637421127365299
-0.049534983972108655
0.04371944272477753
-0.031084738699160796
-0.02177164874675224
0.030474265661037676
0.03310329037737769
0.0007903133320971686
-0.0046293758637204006
-0.0012637053047128749
0.0011350521497738597
0.04256603270832428
-0.017640737613464037
0.020269728867394837
-0.004653832702978872
-0.008972218172080253
0.011762445893320796
-0.00513826682126989
0.02498764011207616
0.0028777856616576353
0.005783203357206403
-0.031158932555684086
-0.0056316460982616945
-0.007975031749753746
-0.0529111148986518
-0.03921818337723992
-0.011851869703144882
-0.021548395032687604
-0.005551124512563152
-0.016201779326826246
-0.01757670535307611
-0.009328178872448424
-0.027587487215932852
-0.00522730736595378
-0.004287325469252394
-0.01943306984576194
0.02874429837891707
0.019549488769201505
0.010290224380188631
-0.000174423323577623
-0.032878240323786
0.004120422328293514
0.006309172688767594
0.004340670335732539
-0.02161033916715825
0.020894532850450294
0.0050203415709819225
0.017033246077639373
0.01869847755934691
0.0018333165220457874
0.017209879329490287
-0.014803752435201207
-0.0662245313809176
0.015139548968564426
0.004668210572899571
-0.01167372395247135
0.018542966948708068
0.025190759188058617
0.029308917327352968
0.020545912277096002
-0.0018534371886767013
-0.005728994418316702
-0.005944025322950645
0.04088390933287008
-0.00025927927780831326
-0.010779875763402835
-0.010966997378283674
-0.008282072139808704
0.006783542902187378
0.007588549434652122
-0.02783616504921917
0.04026188532262398
-0.035920846736894996
0.09832995807485807
0.06671594049987117
-0.012505383423999893
0.0072365828407421505
-0.07589803903548224
-0.0005512528581587855
0.0632906371450506
0.0031371227592052464
0.016347683144139296
-0.009298157908324738
-0.007180037188210446
-0.001825502742444681
0.03563771763362911
-0.0023332979540082056
0.03642761010799395
0.0015215022012610862
-0.03452340050521465
-0.03934677933062832
-0.02074152169852125
0.001557035841087343
-0.012572629862923271
0.018098858306517335
0.002062108035130423
0.012297335772471022
-0.013485261135114484
0.012150427239048753
0.1062589327561996
0.03315555883604235
0.020463353186903795
0.011307734874755648
-0.004524948701884681
-0.0519346787751105
0.008419451370883204
0.019927001810060147
0.04039609851113366
0.038674711200534034
0.007445827477285204
-0.01698434679004689
0.01931563422178617
-0.007831232718847385
0.06280963577240457
0.0028540090465073793
0.029611535601693918
0.002516815270698027
0.0012645514936841893
-0.004552618300226024
0.02350890586003929
-0.006401760630292542
-0.055517806546487705
0.08390636126603035
0.00918349304805342
-0.004749568483021315
-0.020212065070162055
-0.002690284032148454
0.04316560384784236
0.0032408869013324185
0.017454627835812298
0.041221786894590155
0.00590629102423611
-0.01542583526465125
-0.00240667931101031
0.03891065216524779
0.034992644619721576
-0.03362852638900868
0.006479858152585648
0.0037149190917162996
0.11552505913904026
-0.03062776065945957
0.03360486956178747
0.032783009808198184
0.002443190703363831
-0.01137844049902023
-0.008719791937158425
-0.0017395823521707966
0.06783025652991748
-0.011891311811748628
0.003952177338966999
0.018421445509628986
0.029847310898915475
-0.00833853739359467
-0.016857828044223394
0.01483356143401897
-0.11735240584349856
0.0006117368053302881
9.756668822385457e-05
-0.03574951214184332
0.09435348044780824
-0.04135036099674968
0.04239624403669948
0.017824417081617264
-0.025126066807786094
-0.0010702378725958401
0.014358974120622592
-0.025887726468625083
0.08458416390471916
0.0019302375051633979
0.054098760009796444
0.012123088288833787
-0.005406023936707844
0.03989672913188546
-0.008083540474267093
-0.006727394017114489
-0.024164971054651447
-0.004271877412644674
0.04665798297490251
-0.009033964852013405
0.013554799143079263
0.026663725956108036
-0.017612333938465285
-0.03198327767104255
0.01915475463855204
-0.011715250777278183
0.030821164813266282
-0.034772391937936416
0.034995889923300154
0.012664336332510682
-0.026143035241359223
-0.02306597225954633
0.0483293882728259
-0.0015570865217722613
0.018498717529761982
0.006231144124071662
0.015202699237106623
-0.013662342237260094
-0.03782632411291468
0.037062718539733905
0.010650774564625713
0.012033920687053853
