0.02649474788229113
-0.03984313311071336
0.01915763666785397
-0.02358581187588661
-0.035129224284802855
0.002922306460468887
0.004316283838240407
-0.017716728005427642
-0.001124397640407085
0.02371727712054764
-0.04122509265458593
-0.015858165875946975
-0.05089685714455533
-0.02443328330986356
-0.012251440248738518
0.01279579284792325
0.007248998338705983
0.016455256991449126
-0.017577063779314867
0.05846046944186582
0.05216390450425626
0.036896541565446736
-0.015004490264699391
-0.0025818028895344715
-0.0226389313251314
0.036010120835087485
-0.006771379367815918
-0.09979011000350232
0.021924262437775323
0.0257131330754247
0.017953531354995007
0.008867802784887358
-0.012145911419072765
-0.09844230162458631
-0.03558764348129554
-0.002887392979793053
0.0634840092705496
-0.08342076404928146
-0.0013363763215038635
0.02787951635111139
-0.005265133635107167
0.005597742336338377
-0.03959149442408223
0.032404209363127934
0.005412248715882592
-0.003412555339278891
-0.037025746959249504
0.018262387858369505
0.005967348763685479
0.0264030370013523
-0.003383512880556246
0.03762551177912608
-0.03617897375766511
-0.03661749336704445
-0.010192610345087644
-0.0039295366665937
-0.025246397249844812
0.021533816034808487
-0.013316322730705316
-0.02646853537876961
-0.015094827144691136
-0.05168978414301115
-0.0020693773162883283
-0.02621064239473439
0.005074849538412227
0.03585251252422659
0.023768431910888378
0.010989236014400567
0.003355460203940046
-0.06779624545410733
-0.016512096475717195
-0.020176955708514452
0.008671550078208249
0.017077748224857255
-0.021067908775378605
-0.01769960330287746
0.0018403778374398475
-0.05207782291406915
-0.014161454822486408
-0.053430944826739435
0.024366859149965635
-0.010864719097535044
0.020870944232718614
0.013188077440319525
-0.010329929091631669
-0.00857521385893627
-0.048791990178433685
-0.03939334622215674
-0.003729877240483986
-0.015692236976970343
0.027159028491160326
-0.005620946958587262
0.051913248689567065
-0.005120576030682683
-0.06146043623873298
-0.0002425641211516442
0.01898077274797681
-0.03802414166429697
0.02938061854601085
-0.027999447685259318
-0.0647437554490756
-0.03116217162506946
-0.035013833889529715
-0.00738388618492589
0.01565929101880289
0.0270692781223196
0.0227596801153887
-0.0011563929064752052
-0.01875630653697716
0.028639352613265803
0.031483100576096816
0.02036743246808145
-0.04208054569685456
-0.03580492329102864
0.04861376797328439
-0.00757906930653044
-0.050302961444416185
0.06274867713009369
-0.07950709979951182
-0.034168002678740254
-0.021825779835920642
-0.008076181644111344
-0.03610943330563511
-0.01847888189932977
0.005104961159259191
0.06605336115846452
-0.025502649028793244
-0.01717016790014969
-0.030375393151502273
-0.016352402389578427
-0.026649289190367183
-0.01935730850696634
-0.03167432174058294
0.013938318134380182
0.0009510716491135023
0.03378358105298978
0.005107872803329076
0.016307872185171737
0.006509950238792506
-0.00595331381379416
-0.0006933035664122663
-0.023288925783477896
0.022326832003974284
0.010756420426411116
0.031021498788594688
-0.013329836944002148
0.00961753776597971
0.025947550086510472
-0.020852865051248184
0.02031905248218015
0.10240689645665192
-0.012475245548574649
-0.048526899678359485
-0.00449653426493569
0.0044272773352127
0.017888318972801093
-0.07092655670813976
-0.006890220481669113
0.007223534186583931
-0.005299332313358335
-0.019883906210244797
-0.007685669636401114
-0.018342924810288215
0.0156245295786404
0.002182266438930894
-0.06185673629512314
0.05297018234450897
-0.04196182051590694
-0.010885564315743512
0.009699709759737054
-0.02724545253841303
0.06708501173525977
-0.021134099431491353
0.0017483061397810316
-0.02056299336653921
-4.325632260131145e-05
-0.031226751765964348
0.011103734382159842
0.025977119345665947
-0.002864369742704266
-0.0031936819384091844
0.030471131061673557
0.011029383333813435
-0.010772486807799029
-0.02415944914074897
-0.01677972252681967
0.009991763201919987
-0.015995238661591738
-0.0002614570988572404
-0.0009809662463109543
0.01916170224531574
0.0009589793618810572
0.009545950588182249
-0.02709521417269364
0.01598714491674972
0.03504163416237124
-0.0016667663876500773
0.005171241636793482
-0.0030397937915538826
0.005582172230758347
-0.012575578405466288
0.006023541973992801
-0.014894611490623539
0.012851421036824203
0.0010224311455220617
-0.0001799202791716729
-0.026437718204580567
0.02528160915947345
-0.005000209591077944
-0.016021507620986707
-0.006241945313780661
0.002926199022794994
-0.05148339200142803
-0.02543184854468227
0.005653390912579668
0.014829369616270781
-0.0359574033579191
-0.00139531846388704
-0.027466197551407417
-0.019912664436876542
0.0410035285625255
-0.004343757226622403
-0.026345345810573368
-0.032332936382501724
-0.010451614390918643
0.035892819146719664
0.02331233013970034
-0.015419340737885767
0.01518027156069991
-0.016223571222369886
0.0197148128044597
0.02539800088614853
0.023172831615949522
0.012086074272843845
-0.020101307993829778
-0.011698866388312761
-0.001880712536698717
-0.02689119960813809
-0.006949856258865071
0.010998881160247343
0.0575362003021807
0.009994038095807258
-0.001549562163356652
-0.020014212942927313
-0.06823487456717554
0.00043663099537603683
0.043929975851869515
-0.019962692821282668
-0.004208477281700672
0.008712322863024572
-0.0201157856678005
0.05487661076938243
0.04476097192839122
-0.010491808654083324
-0.005108989707285613
0.014465000942176367
-0.007532372744654575
-0.021557044296179852
-0.028779852602034486
-0.005386073685295199
0.015830525294073743
0.06461922355173627
0.036689205723051996
0.004861683598935204
0.011384857700359184
-0.027913824845102644
-0.01586527755471434
0.00998851476096428
0.00206356967290245
-0.004503668406174249
-0.014500135562430499
-0.024507111831310362
-0.014472097613526693
0.04823214303146403
0.011168569171378847
0.0342205743468892
-0.014188580396643818
0.04000864932062541
0.0025577083227376015
0.012075469657503803
0.03419138719151639
-0.023016402746171744
0.012738854038783108
-0.021727856865849188
-0.023852732804904762
0.022453189660744832
-0.01094271189205796
-0.016751839506017746
0.0008080068210007926
-0.014476500396509025
0.03203878975034898
-0.007935777511803832
-0.04399913723777074
-0.006788534517913515
0.004691925796666547
0.0025475891825240105
0.015785894119997947
-0.024109001099277345
-0.033255589107777164
0.002385879555397813
-0.02393972180339513
0.01166450330491463
-0.03289208422355088
-0.011573479613444551
0.0011251401247602114
0.06148143298514
0.0007683180775173885
-0.029538967470259515
0.013782706419463968
0.013838122237173334
0.004533399410191271
0.02524366248559955
0.026460992071818523
-0.0031047885459781007
-0.00974130458156214
0.002393108802247561
-0.002438334472822971
0.041147171134335726
-0.010210154691699797
-0.014198592523174694
0.0012240005361376122
0.00823746775422569
0.008495590815930286
-0.01582971370290696
-0.012123856878970118
0.013094710624827678
0.01081107926198867
-0.016270998441264214
0.025223282619802483
-0.026273028452560174
-0.007770368952353211
-0.0013070414483060582
0.013798236473394516
-0.06029392452433222
-0.016947919506621247
0.01061609195450093
0.022725998273360422
-0.05465431856243195
-0.015062775884215274
0.028814676759947026
0.030329693439443056
0.022465229830043648
0.0204954795478766
0.015616141341375409
0.0060867617937805
0.02407802972322445
0.012075317871389464
0.0010670571393395047
0.010529670593950885
0.03176453778840082
0.03997017862413703
0.001951092663196322
0.028269819084535228
0.002379342616201938
0.008874372638989408
0.008842235447060432
-0.029567353450391826
0.009527816838257406
0.00837045986889267
0.010221601777646454
0.0030839667027543496
0.030168860635310324
0.023181364699397154
0.003636169428718821
-0.021178049475904744
0.01149129802621421
-0.006252913567254246
-0.0009761681910025806
-0.04811438919818598
-0.007498736345821309
0.0249824135308629
-0.031192618274091966
0.02180183537379971
-0.011397965459200299
0.0359590877316016
-0.03507054393823628
0.018049553454927165
-0.04120824612356494
0.017548865892903838
0.008255075874077145
0.004645603533369384
-0.03177271498752465
-0.016304363363102484
-0.08038000272915147
0.011731072403946411
0.019276221482048043
0.005827935914175688
-0.036484441489629385
0.044181905551540966
-0.0008214791782694298
-0.0397318845721845
-0.017394672986518846
-0.052532098894946845
-0.013077169894342239
-0.0219989515949872
-0.002736488998274857
-0.018708438893100515
-0.02823943867633816
0.005833437154349242
-0.05357336153763944
-0.03573968405128108
0.027288780618101003
0.011494763049608142
-0.014539031342141852
0.06250101440655564
0.006618819497093753
0.045869455520277144
0.01682683966108558
0.01533653173290741
-0.004317861559718843
-0.01315319887600377
-0.051937728001844465
0.0361909269600432
0.027989374191597884
-0.022702500918141848
0.04515936826889603
-0.00899708116075167
-0.021152345409423824
-0.005264670982309111
0.017799696458940258
0.027046149183377013
0.022305399242868635
-0.013843322038680862
0.06887236777294788
-0.04335234252603696
0.013159901987202474
0.023781161154725644
-0.0026272752115278895
-0.026622996138755035
0.0033982936354211893
-0.027435870346440825
0.009747716210515121
0.005746118340481045
0.03941488654240913
-0.02650101703368698
0.0415240942173649
0.00145478044684449
-0.03489473740625648
0.02018287893144914
-0.021036991670575236
0.006504884828937569
-0.01736225696591637
0.029941691498131213
0.0027487166718694425
0.025209732668912507
0.04609771606970449
0.022183565130590086
-0.003744370930223087
0.0028269829132670132
-0.025599756714072157
-0.037391095545147184
0.008481504953013844
0.03648549173338911
0.025323388115473765
-0.00799938211248523
-0.03226566361179897
0.022528132670431248
0.004919261867656764
0.044073848831423075
0.004069582029248099
0.05246067344783111
0.004951465123306578
0.02149442658336644
0.029052450912847333
-0.010083131424355801
-0.01694085883017919
-0.09409543196757429
-0.015824611282809185
0.056329127315847737
0.0320815807447343
0.007219902064650093
0.05564645302207954
-0.007593589413983468
-0.028810936061445424
-0.09181697960699728
0.04095424764792121
-0.010623353449087
0.003811416788044321
-0.04181874261706834
-0.042781610778981134
-0.02609410556918335
-0.017572719338360566
-0.021491083619619898
-0.08838319159938393
-0.01363499777445504
0.008102889153374909
0.014171860840790241
0.014524229512513295
-0.013477709936126714
0.017507224721326847
0.029357327338161137
-0.013857468332864688
-0.01144906367533761
-0.013566810604700236
-0.04718647155939416
0.005706417943728193
-8.36013240847886e-05
-0.01775720349762109
0.02104927983976078
-0.030341144172452563
-0.008994851880628721
-0.021530727623040848
0.042071880620611735
0.12147495340148394
0.018148478223087634
0.037887022041815425
0.01506387678504723
-0.02826215667949713
-0.019801286820471248
-0.025871173404949835
0.05717528167109282
0.05731334699856274
0.038803688779986065
-0.06781809381958444
-0.014635319318808907
0.017897822458878228
0.051037263682152605
0.053063133104687604
0.04465968304995237
0.01914703012900821
0.004362429173902355
0.04931220732720761
0.0403889216688936
0.019477417262267722
-0.00623817068989167
0.0779845334042003
0.0329581932168825
0.0029027627647243014
-0.00655553869123169
-0.02254982928424043
-0.0006447375198087156
0.005963671402670877
-0.028380923464526576
0.05382225267552339
0.0005728093549192269
0.05559281065668281
-0.012136992657827505
-0.028526505256290715
0.016831478058653412
0.0028666856866411982
0.015470330700111022
0.03259268445043795
0.016675758633495453
0.03638938838390335
-0.0021893245931160843
0.041632836638438794
0.038672042639225856
-0.018845077443250664
0.00018600326012409177
-0.01416720840429915
-0.00021856963230524733
-0.03569301539533551
-0.031891517149205
0.011891511126286756
0.0037680220935557736
0.04653573559491976
-0.012150724804502109
-0.03778450389709863
-0.01818419340125449
0.0157111647277128
0.005738469764034013
0.042460288215021076
-0.08667683822784292
-0.031779210179019406
-0.009577048242193818
-0.006010504623079055
-0.02164116237460829
-0.015498858000780538
-0.01406277406544182
-0.05621281408554768
0.02216569882182162
0.005455517617916449
0.03328709336158091
0.009779708567509775
-0.030688129318263434
0.012497422252707899
-0.0775474475953566
0.00274982917665218
-0.028350662150914568
0.011421363996770021
-0.001525543969187841
0.04815968073159447
-0.02495109502809307
-0.0218796952283272
0.030159515295017245
-0.005616815149109988
-0.010622088681416895
-0.014420670649340928
0.0526747539015397
-0.007228212832957636
0.017916586376787294
-0.040698040121336425
-0.017206121587679608
-0.006879193731621795
-0.011347423101818587
0.012780947733558238
0.02063597652737704
0.00876308338990753
-0.002847515610439806
0.045330994996867435
0.021576442889517877
0.028684261262781806
-0.0029431664107763193
0.004847934775767184
-0.018970801981158376
0.025447913322447648
-0.0022105781560364814
0.0011552521575162067
-0.014207824623559576
-0.007817990438548838
-0.010054084986346237
0.0016892620411346608
0.0019822586982904673
0.03426028140219482
0.013578814518289108
-0.04359051752346828
-0.008496188536358583
-0.00032990748055631707
0.026359210715107995
5.475569191112014e-05
0.0002031968891595298
-0.014371096762119753
-0.003248180837116161
0.03198751616362433
-0.03200537030974067
-0.004541567194073158
0.041417419334154756
-0.020051575159451995
0.045872137136628674
-0.09676296033128984
-0.01063417917528376
-0.01237715467633199
-0.0228523069801364
-0.10023292605796354
-0.0037904963370738363
-0.047606978918438264
0.0360095619451323
0.006846812654794794
0.009004748252774603
0.004804928977662835
0.018718543127775458
0.026404095353317832
-0.025827255505150967
0.018114423611516994
-0.027626147892483906
0.028346245217619356
-0.014647715243306185
-0.018712211817264245
-0.02754961056421829
0.019700415318234604
0.006742970104188992
-0.00769287576060828
-0.010752163341437193
0.010285402575739492
-0.017978148012819054
-0.006029642455723771
-0.04083327367326211
-0.02188009721090055
0.012334670143264463
0.0031813826525514274
-0.04464291468751798
-0.0259145745801817
-0.0042621529713247255
0.07025165790457165
-0.007173415549308259
-0.009224373664302406
-0.003662358011061191
0.03644191271275935
-0.02553846562818699
-0.016727927420970144
-0.008861051568243697
-0.04404549736125869
0.027258946725030802
0.05101612411419424
0.047857296157079156
0.046695973680683046
-0.014027944990766312
0.043879393395064824
0.02856146201426764
0.019013955724182224
-0.004839625367661334
-0.013490569001453576
-0.0035964752240313573
0.03382940328109967
-0.018728994061661258
0.03789590522883572
-0.052088124748064304
-0.0071794492120299215
0.029334419556416007
0.0007105304045516618
-0.016719671199994592
-0.024283569176320102
-0.0482461574906346
-0.020928439565252498
-0.042021864059074765
-0.00251277467234604
0.019003102172969275
0.03002545323409748
-0.02679566551847796
0.027860718874673795
-0.02660869764884294
-0.010459439875468879
0.016581474506238304
0.011327654159221717
0.008738897972761043
-0.009552588390440308
0.02133206281856318
-0.043632101980780755
-0.0378616202514454
0.012310176448793803
0.023068535173495035
-0.01377987238890497
0.045134784420374524
-0.014420047378547848
-0.020712675022969848
-0.001722449108880788
0.03412952523117224
-0.01732139716944712
0.00015470126904988695
0.009487943286961212
0.00877436152328058
0.00012446590490298084
-0.0050315192868385025
0.036749816136239004
0.03283686923660222
-0.025245860874101748
-0.07470724194084878
-0.020885096530920036
0.0075567330633957
-0.018770286885182647
0.0011460981624176233
-0.05332136865978043
0.015653189369930633
-0.018863353852549187
-0.0008600802547272022
0.01185016981170526
-0.030058948492050857
-0.019790288368822708
-0.0341654697335371
0.02687268920235986
-0.020782280795949407
0.02894434118972959
-0.0015527500477558317
-0.06037931453181212
0.032773429607109474
-0.013400009562497409
0.02573879242903343
-0.005120268575923063
-0.028160378179357137
0.0447240790271178
-0.001523059633443859
0.022985733732975876
-0.03252893844249168
0.02619041588949729
0.017707542919266545
0.04371901413029593
0.013915115758781725
0.016846540882195952
0.018888844486132726
0.03549786314034842
0.00407264100661507
0.012495622592142439
-0.049079608100706364
0.004097607053612952
-0.011748161341599284
0.02727692155738631
0.01693340484123179
-0.023688672673132384
-0.021072451289594955
0.01846736366258167
-0.00894617905713264
0.04132422796584785
-0.00540926403224124
0.004864933356294147
0.006645841738464817
0.059770548429519586
0.04946005837266223
0.0036372439979743174
-0.0094675602003664
0.02082241873087839
0.020849636065786596
0.012610951587840882
-0.02182417918020307
0.016974226534993135
-0.009937777384824289
-0.04798486515987146
-0.029025546502801328
-0.016606581449704318
0.00292872428754591
-0.030046910271284977
-0.021435020059723534
-0.017302058049625167
0.010731098134022784
-0.009700003349788334
0.009898304238405277
-0.025561971491847708
-0.05949835306519879
-0.00594894093508613
-0.029929233278928286
-0.040127738013106484
-0.008891585159439027
-0.053094119421478125
0.012345131410472493
0.054419122132902925
0.0475283920575996
-0.019691078812775178
0.03975783920789935
0.005906244470464238
-0.011077730636917376
0.022527436360849574
0.02189972465883259
0.0027450628625384317
-0.016087606602300557
0.015295332271454588
0.03420190135009169
-0.026824430743335296
-0.0031103623466597124
0.013525332968305565
-0.06005580041257527
-0.004200045111244034
0.004945471891320618
-0.0009605837109373854
0.006195373596719092
-0.0089603339246873
0.02989502472371877
-0.018373199562658638
0.0026800391446311685
-0.011381183353944693
0.016489679629887528
-0.008513125027524951
0.033371649728471925
-0.010204234105281441
-0.0440618632249896
-0.010620879586700877
-0.030375567765616045
0.012452438469677383
0.01332610776432335
-0.052682905241793414
0.0259557474980862
0.048535828859769564
0.03237681036050414
-0.02296896925679225
0.026782455576282452
0.022990271272021252
-0.017758621976926525
0.020121196723708608
-0.025984212491165174
-0.06790254568584382
-0.03150498679486218
-0.03531635957278259
0.039100000288142686
0.020473885217511104
-0.011201579701846131
0.022567774743019246
0.008662326279808731
0.034101892881680515
0.013649905745718954
0.031244080615157658
0.03424627135594795
0.005055090047931619
-0.026116455462854717
0.008863346230234015
-0.021576373056690353
-0.00749849958770764
0.008444002622568737
-0.011683094118976764
-0.031950656200597546
0.047880457103875215
0.008035930703395186
-0.027788905991653044
0.01353352818124786
-0.01431843324432671
-0.024210388111398837
-0.02891573746262551
-0.006332537328301918
0.021715094895841475
-0.04557169476777879
0.014290385114658147
0.052513234210932125
-0.004445162126328351
0.02723057293382478
-0.02523089954602368
-0.067597977914233
-0.004415447452284254
-0.007456919615191121
0.009240067836575199
-0.023327112183391115
0.014859923596710642
0.003914293324113933
-0.027007663051251896
-0.014536492679508538
-0.017418002344304823
0.00931556324607254
-0.031190007034280858
0.0019657386107950984
-0.016541169535183805
-0.004789612494329896
-0.021969047744395495
-0.01595003498454836
-0.038026731520867066
0.05097460097215997
-0.04215586265751117
0.0006078012437825376
-0.10171110032038554
-0.007476339732765122
0.02130387211372313
-0.0177510589589622
-0.020891288335775166
0.004107829365885022
-0.04275851140676855
-0.03933883408532361
0.003012361829927421
-0.007445397285054386
-4.664960068704566e-05
0.054364245399422036
0.016760684944677737
-0.022293985212423453
-0.033541817658766626
-0.03410193807936827
0.006954011482857564
-0.032436225069620996
0.019635765671160516
0.014091140772282277
0.004549341458941017
0.006879695131385453
-0.0034390339840226444
-0.011387688540127875
0.01535729201458964
-0.004052422513355886
-0.004861711581003135
0.046355796976888484
0.0057399443654894185
-0.007362100537307787
-0.03315181024814957
0.014387525069683804
0.00025975344665002035
-0.02025232075165917
-0.002304414169445319
0.011920129628406322
0.02545155887964812
-0.019332515305765872
-0.022384842088820345
-0.008416837312457789
0.0030924442832119064
-0.03703065703134064
-0.06255704195267285
0.022908611271429985
0.0018490463636958627
-0.008161601799018687
-0.02624584047787816
0.017564296923336904
-0.0454733101544094
0.0031573688727452288
0.02815324469224938
-0.020568298701527446
-0.027306304559171737
-0.0056642675715876944
-0.026971994008712148
-0.011119353171208718
0.023154317836743037
0.06049680375170045
0.010801608822807675
0.031231657015159082
-0.06494438499858989
0.005252910328742687
0.0155985718890223
-0.0010857813040740145
0.027683722227581534
-0.03876974715542078
-0.011135980666926334
0.016873391710133256
-0.003066906933285018
0.015060158685801388
0.026461847337860136
-0.00244216703215644
0.020666897217105684
0.005635435798959646
-0.025431970539400044
-0.0013811024604118204
-0.07253843647922813
-0.01092233541464804
-0.014775828818778904
-0.005312851258073689
-0.030693250204250233
0.025386203491148902
0.0007752141312080276
0.0346451360465924
0.014417121484245113
-0.016873439805477234
-0.014738223072222695
-0.01133214235951173
-0.007399824123654825
-0.048533872920679386
-0.02731497798413776
-0.01725645063093349
0.03835412867472884
0.008427808629065848
0.012254126306687017
-0.01878944176952667
0.05200261795466586
0.09968955585240423
0.0013001011724584704
0.0030396642992635363
0.0014926602712972865
0.010597296976418345
0.03218398012247656
0.023337103053120235
-0.012313005317498437
0.00806732229348067
-0.024576592191219552
0.010021906281231093
-0.014508391986572737
0.0016312123003212457
0.05885809650142578
-0.006654074016666307
0.004755577971516296
0.03673994425743345
-0.014165860444137864
-0.017492342316851706
-0.0010361131210933313
0.029471183498364934
0.04507121214245447
0.022112790246475413
0.04873199096920363
-0.0013590235734907037
-0.034773479394259954
0.0439241858722442
0.021504955986790697
-0.007679722595445213
0.026953358714899102
-0.0011106888540427149
-0.006201922586708608
0.01190950584896147
-0.043669696573107895
-0.049940877196515736
-0.08165731502173448
0.008148321478125907
-0.018885955446826738
-0.009922043871529515
-0.014510300631522317
0.00921701543221856
-0.006446945147056299
0.01576494733200411
0.05053026111301729
-0.0369563951617325
0.02461298176021054
-0.009129174441846508
0.006474044385521705
0.06856197405272238
-0.003317714673721331
-0.02890583633960989
0.08328999563661622
0.001340299542742913
-0.004077007018457406
0.1153762822492168
-0.012304138243731349
0.022078166404957064
-0.06349495206820856
-0.028284696462197875
0.002115619126199264
0.007027505445957621
-0.011524211114334094
-0.015439619157715767
0.019075622170523422
-0.054643203200332044
0.05377232566816522
0.00305057827944196
0.03599717049823129
-0.004001464908448846
-0.000659662956219601
0.0010638317256720536
-0.0001768881631805826
0.01088348638813617
-0.012163608928261356
0.002051281653963041
0.02181726572112611
0.004688556725486179
0.01959164093664027
0.02328714764901166
-0.01324827972618941
0.018959552615303195
-0.02363008747946401
-0.030849102573208605
0.03815839382086249
0.017766924970549346
0.0036456139623393773
0.001266934372345218
0.023292397751629192
0.00896955093282424
-0.004150899994018649
0.01482950348489242
0.02683602779481686
-0.032431609742726
0.013252106185476635
0.05113814426346379
0.03821386566387799
-0.03500236044296064
-0.011439997522370538
0.0024530744422843337
-0.02815399584293307
-0.03818732215082484
0.025622117870077562
-0.007198858224961184
0.009123692858161881
-0.05382786504917204
-0.0276942617832797
-0.0403046441478009
-0.029492091493725718
0.05259244476688107
-0.024133612940209277
-0.04091412535089705
-0.01876062069966899
0.043433482839904204
-0.015255063903324071
0.0015482045484092083
-0.0014372221103295048
0.008441375563483183
-0.038194730631070456
0.04935756193880954
0.025575421246045765
-0.0046910785149485695
0.03000753955946583
0.030715059388997257
0.01625077318915729
-0.0014978257541673273
-0.025945576126107393
0.0007177815805788658
-0.022021730013297165
0.0018551798604255544
0.013257409417582024
0.012535538205139286
-0.016713973032731207
-0.009534467984168939
-0.003577246118065169
0.03451455525319189
0.016096802673826717
-0.0463745547476024
-0.0041475340529690576
-0.01037770464538618
-0.01922805818839926
0.007325137365731319
-0.040648207148705144
-0.01602552542912693
0.040584254394461686
-0.04513771935591264
0.02013898455772077
-0.046435015843805875
-0.01987869564809626
0.013309961329757966
0.053247744019295204
0.00516993378956193
-0.006523882547114914
0.005814096156476058
0.005894796040558685
-0.005903947541614569
0.04102619101293065
-0.011435473782993633
0.017905220686935935
-0.008664633622763812
-0.025703844589572387
0.01551122140700061
-0.045295051613513
-0.0006945685847692956
-0.038980568077552666
0.015414406403649994
-0.06759039032058464
0.03125022810829171
-0.01066960394736813
0.024984336794018278
0.02790142217528094
0.003950455575277125
0.0347339002668908
-0.009285209746703094
-0.006592017223299973
0.015009773917241521
0.05722163840360232
-0.0503535074110475
-0.023337334241289427
-0.03313184565475471
0.030448251754632272
-0.0015108858802057497
0.015846377806237967
0.015261294212646385
-0.002100706499106348
-0.03979803955022643
0.03791041329840879
-0.015787556719355403
0.032703642925134065
-0.00031768772245731466
0.01619664318257509
0.0027705380887382983
-0.05260823463408994
0.045038073235996914
-0.010419980053796138
-0.014486059227630918
-0.004158272426930814
0.017739571346068867
0.015320509273842937
0.010070595207190097
0.015773283572333426
0.015468492614957334
0.05282902572545379
0.022358243159191545
0.025531151963698272
