-0.04070608303428624
-0.03059420336343809
-0.007846894283433426
-0.0682597362410484
0.016437720803052783
0.0003706048296964874
0.027007884338122422
-0.02100988885643465
0.025614103849096046
0.039256189679874966
-0.0024936810908470003
0.03244064986194855
0.05902397025272507
-0.015160925567058637
-0.006171242699206894
0.014420859065399872
-0.010001038639900815
0.003755198951176274
-0.008744957449535682
-0.008658990919960105
-0.035724631055184176
-0.008197066661128677
-0.023155985474495523
-0.012621823223461302
-0.010962247842685723
-0.005642044222726423
0.0017282541620477377
-0.011431920324211302
0.001847827249575254
-0.025787414549766782
0.041947110304107076
0.024616053900025952
0.02907020207601608
0.015185066021882387
-0.02250985555766235
0.012067458595736177
0.02195788097709201
0.0024472298966920886
-0.017640791094968904
-0.03632772725767205
0.0067765097897509365
-0.0021274000869965295
-0.010265355986273395
-0.09112210381211348
0.03410408532756073
0.015389909677001842
-0.0079320226509134
0.02048096388461628
0.007541326728336798
-0.08489077125545033
-0.0015089322462975441
0.010261083850409263
-0.012599099428455702
-0.0007585027762161187
-0.045033251307285
-0.059505601896801597
-0.011103263656871218
0.0029118015332624415
0.006997690857014726
-0.04550012142833562
-0.0018782209692801378
0.015977297035477067
0.0346344716904791
-0.007234392086361399
-0.06629824208213171
-0.023176413619686153
0.002993188347525639
-0.043330565433164984
0.03006487218096716
-0.00038402198692683064
-0.08621756313013879
0.010332744944537554
-0.0019580372438111524
0.046235240807462843
0.05697977637562212
-0.016726173047684
-0.010174417387708794
-0.00773999530318728
0.0019438511311118134
-0.0169446380115245
-0.04978997519587567
0.01569175941169885
-0.022027783917851866
0.02011059427911103
-0.0021226701259389564
-0.030088935341269083
-0.024439490036774997
-0.01276055139470417
-0.015799153374271017
-0.010955692365034594
-0.030304914421235077
-0.003387536357170873
-0.03441917277878747
0.006467273828975709
0.021408328497389946
0.012512281777098006
-0.010482789354705459
-0.02266082226131043
-0.022052064159698986
0.029922041272640792
0.0037310230877810307
-0.009173674984045718
-0.009239918163578347
-0.010243349312216678
-0.011178426826982637
-0.013157778904382545
0.008410852416959571
0.09840704447560945
-0.026569556727348637
-0.013545477031368212
0.01298375204497948
-0.010939901342007497
-0.013020321735224423
0.02433856249662954
0.011930406090482803
-0.0008629248978097427
0.02738710108697692
0.003246755936839745
-0.022208273032326285
0.0022738200529046878
0.07250866066720332
0.01429284976850581
0.05276879811167867
-0.010604638975200103
0.0445988624515919
-0.0016367423622292317
-0.051704494480229395
0.00023730443833766093
0.004368705077582061
0.038544664915393614
0.006141484394089448
0.018649614900525604
-0.016685213332008317
-0.0702403381569644
0.028050168606069757
-0.000976835966285346
-0.010726712184500784
-0.04406159145822507
-0.0023624277050417787
-0.018719563676801693
-0.007231641681583331
0.016704356304807585
-0.017480119599170896
-0.024949411971583554
0.0025051600401178793
0.04799431634242403
-0.0014270654218119325
0.0013477017796051979
0.03592887834484172
0.01014860631123676
0.01489961503244922
-0.003196024547193571
0.07480062567844456
-0.0019766216486966186
-0.09390984180414118
-0.02364268480465177
0.0591461597761199
-0.031706338619461004
-0.0031458517507479693
-0.014088516350238346
0.0053099988383389285
-0.06335545654946521
-0.03370673430455728
-0.006983725510895686
0.03713918577945131
-0.0009228956378309978
0.022398002962697408
0.053008929364010866
-0.04989516085926108
-0.020751647803008144
-0.04319841192965138
0.022889913213116855
0.01982845018675274
0.0558584312457394
-0.0280634883053089
-0.00765652641957685
0.05259664015697346
-0.01566296771130864
-0.04579416299256821
0.006319609314804667
0.03380522717238762
0.04017299724391827
0.0346614855692654
0.012968621563195596
0.046928154619915514
-0.02566369617172651
0.00818771829848696
0.022957948799552354
0.007077073737070218
0.00552667152855244
0.004652878272619148
0.011075036675620176
0.04531571847498027
-0.020028944312923236
0.014638420333046373
0.01987695418054845
-0.05301578769497425
0.06214390236410804
-0.008157481258584263
-0.021572744103601948
-0.0042848929471611535
-0.004621570899446044
-0.006732866985695616
-0.0679740260676298
0.022248666914208296
-0.014944403318969774
-0.03191933169633022
0.03013195182050907
-0.010140321712925135
0.05103248661013698
0.01914482016210491
0.0008911384209307963
0.0022725110331850147
-0.03629336740738881
0.0085902567399934
0.005613714879323539
-0.021742561775529932
0.037815766291418376
-0.025636507512117535
-0.004123405402435256
0.033580160959592834
-0.010301669000936245
-0.02876236321070986
0.008040517068737688
-0.017483856615443553
0.00325935344640431
-0.019163360610366553
0.03429177081641701
0.03221581684723879
0.02200394214061967
-0.02543013006582821
-0.0078541295243733
0.06657233800906394
0.00044879040495584513
0.02980773802279313
-0.00335317900799555
-0.04508860927161558
0.017565805127899025
0.015886135656211844
0.03220244347109731
-0.008544361226678194
-0.02923816063705309
-0.02127163532654133
-0.06688271997451578
0.0033037288695903994
0.00273302292452337
-0.05344664700011174
0.010474874080608826
0.0025540410100722147
-0.0040438323556914926
0.0022987118511083203
0.003320276680247511
-0.00039088731691918233
0.005241317364271798
0.008775398928642637
0.02307954472610687
0.007827983006266888
-0.014499804440004265
0.0037301888007821886
0.010829115068202803
-0.013715630603278836
-0.0005828728190288523
0.06402305889407946
-0.03207443615701165
0.004506129291245201
-0.028595154818412315
0.01890672645356277
0.06639277826427707
-0.019008161408570128
0.015656433938365535
0.032564166203633275
0.004476617328007265
0.024443641955343917
-0.03288455724605281
0.04615513884160588
-0.009134008633537026
0.005834289831752044
-0.007749307022850369
0.0007848070629727895
0.018098809941699576
0.01826190424119759
0.007756379700107938
-0.013214735888546722
-0.03391761435829728
-0.01919857066775293
-0.01376331613876777
0.011889461209596941
0.004001811979602449
-0.011369022033640964
0.0063244141412561765
-0.0016793570934736368
0.012890626356694542
0.011958130315632884
0.0027086722972410444
-0.0032982918441779928
-0.032308396841405414
-0.06952461654119549
-0.014934989345560359
0.02160625372803486
0.0009451085642250317
-0.005457032504434792
0.0033622164352315976
-0.0575915701479069
0.01047865341531563
0.01875736935229778
0.011017875068657056
-0.00011064507375477512
-0.008364622584230392
-0.03710706349778179
0.03338173453825046
-0.0001818859735323268
-0.07385772898620556
0.007205018658023068
0.018775385608500155
0.07115871484676294
0.0017134100642446422
0.03627434587338093
0.04657533877608698
0.0032221969689285777
0.005910258303825631
0.005366236574168964
-0.059187906695122285
-0.008083248969650307
-0.02373874947766081
-0.0028517168066320266
-0.01927150417080045
0.04471098215252371
0.020538391909260025
0.03394225226783804
0.011290827715940867
-0.024415030603488333
-0.007428022902619671
0.0062270995135996834
0.0040871559521389895
0.025099100188582787
-0.010901823543849448
0.008601912183869947
0.014901907965093714
0.005979217936065558
0.0021071396123594514
-0.004427951048847587
-0.0066978135494602555
-0.0235154156192898
-0.03655738750512366
-0.00631203992797395
-0.016662869150810434
0.033137586488489336
-0.008564789096245008
-0.003913579551578033
-0.02656716484517491
0.0415954473892958
-0.034735133604368466
0.00047928993915323173
-0.06783935026770163
-0.04567069461457262
-0.0466741558906336
0.02724192638551877
-0.006130879784890331
0.016690348427885904
0.004040763763750904
-0.01380778788423323
-0.010436869146589008
-0.021883841469735987
0.052117535914453866
-0.001660675748686324
0.05883845763477074
0.07986685646581539
0.08507589202556798
-0.015334345114174206
0.006107709486083899
0.05476959434872033
-0.04139275066781066
0.012571609284206406
-0.004240934682164665
-0.003173395827322759
-0.021013767889245943
0.0019469198588725812
0.05121795387953074
-0.05864772830110709
0.03695571595350087
0.0699624978999284
-0.018067550673603185
0.02494680449288971
-0.009123143265642966
-0.05608499389021032
0.02194347678376368
-0.049846024544746695
-0.03469407039198169
-0.0035779489218624406
0.012106782669269551
0.008211722621783716
0.0831121840976778
-0.016075698715002352
-0.013553222873047154
0.007275492739040982
0.006644496263343605
-0.011605427365784649
-0.052483520148015966
-0.004633041415708387
1.2988973121069155e-05
0.047377639263869085
0.0051110556601506735
0.0027530028010357387
0.030665214852812137
-0.028385413449381003
0.02782789067263948
-0.009001598191838066
0.03882113711567308
0.037380713310520196
-0.023881773335784142
-0.008802735470733604
0.08466507739246276
0.03540319255491636
0.004334961791588875
0.059646414118542115
-0.00505143220381042
-0.052668428641396724
-0.01841255839845384
0.03029387702704073
0.01316767704611604
-0.02085765943629643
0.004973926779649596
0.006696330154053282
-0.023396465979122486
-0.0013266698147066016
-0.001808347671320047
-0.03897602280388162
0.02998092106125488
-0.026666026430653324
-0.00204777719675682
-0.014813378441857187
0.0713048017186469
0.044630955623002795
-0.05147990993557908
-0.028873656764013805
-0.010843497063454827
-0.018883610811251877
-0.012905541948269641
-0.02302815591304753
-0.0010027583439680726
-0.010530214577971273
-0.017747376778229854
0.06712920521575554
0.016849341617219266
0.023775456897472166
0.0038996690641804298
0.0748052533239989
-0.011263029177994658
-0.046202588760666734
0.0021658570002877097
0.01361646329137945
0.009200988796958486
-0.018557786564213523
0.011575001754412194
-0.022528949250695957
-0.016499377440251026
0.02980672775029862
0.0408815417906562
-0.001009126044802403
0.019458940281059836
-0.012508328163036474
0.0547931923070451
-0.011129375103067825
-0.006158760229105649
-0.021680749610673494
-0.027619348680941586
0.028755357329173666
-0.05426983874864296
-0.04786666013945436
-0.03294294328859411
-0.05236771489530668
0.018743720582667198
0.015378467837938893
-0.011206478103788373
0.009943318047002787
-0.0055521927877756365
0.007185534247335477
0.0731531706833738
0.0020274739670068788
-0.008653696394946344
-0.008462237723876359
-0.011567902453518578
0.006101667304127784
-0.03207721909561843
0.003477853283952102
0.01061630265330119
-0.0017576250988439374
0.046951496843022605
0.0013965679026048915
-0.04198172785331302
0.001999623466155343
-0.034384786131489146
-0.01866007502230194
0.07073989815350212
0.02315693549368245
-0.0006832140382978072
-0.026946227947889062
0.02444383353731181
-0.00433008223259693
0.040358419929006656
0.06992322427317407
0.021840219517727518
-0.004470615518412558
-0.005887002312185125
-0.03866758705852628
0.01943180700991862
-0.03525975716664635
-0.007103304269671893
0.0195076915685365
-0.046102117260956685
-0.03723456739268954
0.003736308789148784
0.008137028651390685
0.014242720640899775
-0.029598184198233703
-0.021301778839507696
0.01548243869495369
0.0024305463003066437
0.01791778355012852
0.04387584840030461
0.008962581532314098
-0.015325911091253383
-0.010672938954402977
-0.0028668384980831364
0.031840226356001054
-0.062064257803365865
0.009009154280499218
-0.03280644404940002
-0.059408981893955534
0.0042572708952159505
0.014119031532385994
-0.016031787780773927
-0.006994177788918434
0.031077399306098093
-0.014951263110634331
-0.00700301409675695
0.03171570534293717
0.018026199407490087
0.0007721406154987644
0.0002430544354100301
0.0020522815996661253
-0.01731668629673443
-0.004286665556865627
0.015870030367427217
0.13291612072856993
-0.003406869001448322
-0.0035925943311045385
-0.02218526683269802
0.0033803232155072585
-0.01358191892239425
-0.01603401873052933
0.012604715086153252
-0.0014404594692809583
0.010539509144765744
-0.05163885193506416
0.11811987260419679
0.08291793173365855
0.04462841774256679
0.04494020799461382
-0.010756282411218522
-0.012297661653076422
-0.05063965108946561
-0.0004924549918219387
0.01943614762840146
-0.0015772859428413851
-0.038034179016515623
-0.0164374898584716
-0.04730866419512066
-0.012944737087424545
-0.012447755965654284
-0.026106238905348092
-0.04166265896957372
-0.012425036612494299
-0.014534707912484174
-0.053310798214454995
-0.0051477432777767345
-0.013049894390879321
-0.01579318901068935
-0.01676356196537288
-0.02628476417279747
0.003163499464591211
0.02076296855930261
0.08729595809078404
0.0049236813399020874
-0.030536521143013414
-0.01016878706836889
-0.005134286044154907
-0.008459703397793178
0.00740200710045225
-0.1254013603915957
-0.017201543600410235
0.014884928128947877
0.007232424198784609
-0.01976613442840869
0.0007848716221346196
0.0037760327587688324
-0.009753155119932631
0.01847019209130444
-0.00920645104385707
-0.007374618298720608
0.06356808003489817
0.0052042399693504795
-0.0057979587974598895
0.005918436003963128
0.04643545798200753
0.003163627778995746
0.005605534743311783
-0.004015314668731051
-0.004899036952334655
0.011150936554435779
-0.006715350096739499
0.037066344630755546
-0.008058220440847879
-0.015754171799189493
0.00017460920782098532
-0.011814996158263286
-0.003345545301176955
0.01822046520528232
0.025997173414579928
-0.02598122777029165
0.014367796521265555
-0.008914445935273331
-0.02936026629808666
-0.015240415524435107
0.04189742682151664
-0.04013904841107983
0.01339314448797846
-0.014534415800705098
0.03231998180449613
-0.03723181556259508
0.03714009573343711
0.05059531727615885
0.026731007555054975
0.001319506125220708
-0.024017461310282397
-0.028997717301587008
0.04994761782682953
-0.01585834217954458
-0.05620933914285047
-0.008672006035805969
-0.014221966783707147
0.00989555095448628
-0.00688662384810322
-0.01187272080808578
-0.0010939011817378249
0.0032133189502302493
-0.018086796140300107
0.05546402932710007
0.008333601217062482
0.007692852134536462
0.01785881150349141
0.011447472021885199
0.007214427705913453
-0.00027741771297445304
0.03368952634087884
0.008451027811052668
-0.02670403018664456
-0.015299877920886412
0.036820059500485065
-0.012899271168638544
-0.022041462201069825
-0.03399167318000049
0.0005492081169983481
0.04213026807907666
0.00041785363569874184
-0.01325775723805529
-0.008950100132435166
0.011816710157874095
-0.019791178738709014
-0.004636213422055161
0.025642459915492608
-0.010408020353843608
-0.005292835486059003
-0.007455418909464447
-0.04921307415590899
0.05708890388722999
-0.032307584302898776
0.05437035678682194
-0.00456676091389389
0.0018027588961954605
-0.014852820080868393
0.01904856488305086
-0.015856342765399583
-0.026660271224427694
0.009393839695936556
0.05477986678378465
1.2859386279162473e-06
0.04798725452384301
-0.03859119225044949
0.0021539625607038186
0.005846701172018864
-0.026561969349951302
-0.007609469463848157
0.020299959157315445
0.006065431336966596
-0.001469636247613681
0.008666297202754072
0.012713741933057958
-0.026157700485372585
0.012109133760993953
-0.005470834931001513
-0.02264658151244099
0.028382171421955055
-0.0003304092380250934
-0.01493711237323076
-0.009811378194831704
0.059361711007962406
0.01263476486167659
0.0305507151182769
0.005644140340442594
0.024510356855567628
0.00133021746057013
-0.010949453412720706
0.021590677376036
0.05697280685321522
-0.03471100992102611
-0.04581741725190315
-0.05646010523866442
0.005502539790417148
-0.02628406305336204
0.0140109278712001
0.004392916288437651
0.009699145165364163
-0.0023399370682743764
-0.007231044629496463
0.024363246767540116
-0.00708115955798465
-0.005376330829646978
-0.00731241058399346
-0.02751715867341532
0.014735705555448507
-0.006521562864046038
0.015720319434759412
-0.0028131654366570272
-0.05275695635430008
-0.0015113009317438625
-0.01666496443567412
0.02497824685766788
-0.012204395014712044
0.03245673360303
-0.0016596793833576328
-0.028395501378632792
0.019134148525483095
0.000884149492046894
-0.003415799919456375
-0.026279963973212403
-0.0019194127975438987
0.01505059308931447
-0.02188719780472402
0.024583971349747994
-0.018255618084317842
-0.08340503178130024
-0.03406312538839722
0.014695254860165999
0.010675492749332358
0.003017602333653648
-0.004044393022395775
0.005229001376839237
0.02701537565818277
-0.02030256272070303
-0.035317832838242455
-0.004228340488644497
0.00856968383489757
0.018242539272146325
0.0025509488559114523
0.025859360552599034
-0.0644773092784711
-0.006524232276844942
-0.024518413825048897
-0.0059027232852311
-0.006663469666492127
-0.023829807253649787
0.04401292789275826
0.006045362417449243
0.00040585271386246757
-0.006006496851895159
0.010482714600004285
-0.023777364390691422
-0.03153080367706906
0.0008977436837796185
-0.013829296016867597
-0.009693756226405144
0.11401925867226571
-0.020479145292550942
-0.02587363356601722
-0.034129610423539423
0.0002451366326701058
0.040582543915123385
-0.02432415649184012
0.008606874387397375
0.008975082259132168
-0.006594796808907187
0.026165128106299004
-0.010216876214989108
-0.0018328614342139084
-0.002025535175747372
0.025511221503126538
-0.06602858185774442
0.046328819661947566
-0.015726884673852137
0.0033522992628305377
-0.0249474960875861
-0.010654761917860123
0.010914096367981602
0.009047765749274659
0.00032065468158044597
-0.011227384352155258
-0.10570102018992743
-0.004308618084165538
0.010212038149868905
-0.0036310685478285407
0.006362702838927647
-0.016652801325611307
-0.036655363957127735
-0.011134882256439136
0.014312630274526063
-0.024790235232250397
0.01001979571070169
-0.0070706323621755945
0.04652308004371531
-0.014817647658958861
-0.006026193593277638
0.02816668722302489
0.019393985656686128
-0.010770922762336413
-0.019339833626873373
-0.005547692046338372
0.033243143711721546
0.008730767556025542
0.0021148481053185663
-0.014522891733483883
-0.01859585826122059
-0.004005584128207151
-0.0033116419267115367
3.47318256741034e-05
-0.0038813512869299792
0.04667275372888234
0.004319299293712148
-0.004309011875323454
-0.025933751994353972
-0.02103107682164834
-0.000843031862732128
0.012318876903395852
0.0019963081057462495
0.009339733982786688
0.0235433525727943
-0.014143614451519586
-0.048404312214230305
-0.030540848656414238
-0.020359436768589836
-3.718195192174907e-05
-0.006474697912020399
-0.006035527693692522
-0.06723101794243418
-0.0054261200558333314
0.029343526041407598
0.03236189058067211
-0.011535489460181833
-0.025344017784366776
0.030176647257386675
0.003454883069257239
-0.012576923345098938
0.012334079546786577
0.0073136029919634365
0.008966791239694722
-0.0029799360160449075
-0.043297290819860286
0.031030090342904763
-0.034995199016640076
-0.03630781403043842
0.008033151063708294
-0.02627590165866404
-0.013327483825678377
-0.012277924326947978
0.005447890130061098
0.0019009305484268388
0.024081005623300726
-0.01794008350456985
0.019189353420294174
0.002452864953784791
-0.013144921007460054
-0.016521545259189495
0.03436510580034154
0.011019609377150722
-0.045471464915041296
-0.0028362520719671562
-0.03813879088561655
0.05754118290619393
-0.039924025541600065
0.020951432847457888
0.012542006492493929
-0.060232516596391
0.018351178322851738
-0.0002883247475492174
0.005970254553276518
-0.014172395804112795
-0.051356453852277766
0.026337587622121263
0.004290041534279155
-0.030040512182888876
-0.006730485317000017
-0.04370890198009308
-0.02310745817182073
-0.005781551898691624
-0.013871648188687727
0.009750434362362741
-0.011549894420309254
-0.03947811216810318
0.0741084159590414
0.011345249145520087
-0.0360981199749446
-0.002823139875245853
-0.0013052800200755623
0.005651123915782011
0.007829794755361635
-0.024850452023275196
0.003738525196498584
-0.01041060864461949
0.002356590098885128
-0.007500446180135897
0.03810223956845903
-0.010872297759286189
-0.04635124044882279
-0.0032242231812058485
0.006397143794779854
-0.005977764072559368
-0.007807384093335469
-0.014140260660933653
0.013262940706842306
0.008989840924127985
-0.017371144843907425
-0.008242887825638803
0.028274379948766887
-0.003380989555991458
-0.023689119572836946
0.016365943857881524
-0.014800261992474617
0.021390870642092406
-0.07005882492521738
0.030164035708721077
0.0062942020979655
0.00781945093203192
-0.026230889942358955
-0.003628159572636699
-0.06364811983895817
-0.024561773487276204
-0.007954453942117445
-0.03509567075161656
-0.012635596778311177
-0.0038582239170330966
-0.002376218764616778
-0.016085406100322167
0.020381395030247208
0.030569085435028592
-0.07210075126540734
0.017360462385321598
-0.029093764962731996
-0.03273282988088843
0.056629003792994834
0.0238724450497836
-7.280425126958781e-05
-0.012888593012836165
0.040782262297698525
-0.009999352181140805
0.011060247042805924
-0.036028988995816705
-0.016958607817665183
0.00800116531596115
-0.0006494553196880793
-0.010633268314021786
-0.0013001694618216455
-0.023219877853821423
0.013181662633782829
-0.02819317553140437
-0.006203659852322567
0.04581260391885392
-0.02155140762909263
0.012895993330140746
0.05090862833875546
-0.01435566717194823
-0.05116517239732891
-0.023319246018789683
-0.025372616038692654
-0.003127025734169106
-0.055108041406975894
0.0029260730370894105
0.004660740910470511
0.005448920090332993
-0.020771873408640146
0.014916371044338305
0.00797229829508449
-0.01334741786457198
-0.007679612554655818
0.018486693759102533
0.004597865568074723
-0.024753515661999397
-0.01827164460974859
-0.004764157483672999
-0.00032971230555682763
0.05987599880573062
-0.016726965573757847
-0.017892275988166093
0.05675916912196016
-0.079732831874551
0.028232374475004336
0.011103726600675946
0.06740920232719397
-0.0012954759165638389
0.0007140392950468274
-0.06640435917565812
0.0016427542941665238
0.03766025874133747
0.02360707530593951
-0.006539988525831388
-0.04674058263445273
-0.04117930215635235
-0.06454221183837137
0.011367589220562612
-0.009662498558069136
0.01496929352847451
0.02441789312812014
-0.017469792544097928
-0.0008907538810751894
0.0017283964014457797
-0.01014772733678242
0.009460958220556731
0.0057236851283302
-0.038091702804385605
0.022118761169731837
0.014149438402787711
-0.03484638936678912
0.01290728610513335
-0.009155957187468795
0.03846557724867486
-0.00018027428888617983
-0.06077673921875001
0.0015161428900909589
0.005575596052744488
-0.04656408590279479
-0.04534105768031106
-0.030952763252684864
0.01913999895635284
0.017522163038563646
-0.027254048119171006
-0.0058705095924763
0.06591874578535876
-0.031238200989950542
0.0032058244392190217
0.013903623034441114
-0.002750465935032343
-0.01884052805574397
0.005920686574996368
-0.007502943798480055
-0.03269389691253956
0.0015132187524964672
0.05201066868670014
-0.015737038740980976
-0.009627992288326868
-0.01712937529918235
0.02641136493273724
0.08007026919083174
-0.03552934970297046
0.0176298223416538
-0.009838859070804352
-0.0020149420292112402
0.0022562679753281587
0.012760733786419993
0.006305225879947741
0.010252710545000297
-0.008597035851482355
-0.011260049170989444
-0.009809710168719444
0.01101514116254715
-0.026518917617866036
0.0029850434606007196
0.005678333436619752
0.032361796049452586
0.0456115149813153
-0.004049565860826729
0.023929749016211307
-0.014813805842801623
-0.0031129406303062415
0.03306056346368666
-0.024077635460126416
-0.016412993621433544
-0.008907513988222782
-0.004920808552447374
-0.06301378930368601
0.030818121112223422
-0.01701885666946232
-0.020814808688473074
0.0044436524982748166
0.0002983333669707699
-0.03573779212114714
-0.015718936966222195
0.03946394648767021
-0.010481696534761423
0.005850042386476463
-0.0022070719590907076
0.006108546546218254
0.0022375810101757936
-0.004760962796036311
0.0056554246488813575
0.01869855491257565
0.038898403285369955
0.05081530699561407
0.007626327802805006
0.0200958665222022
-0.002641396656742274
-0.008535267096077525
0.03311659172481922
-0.07280483525449569
-0.0261759677598685
0.019610067495426167
0.007028980945561246
-0.03115936656056126
-0.024675923029406955
-0.0020061550739824
-0.0051182250160865805
0.029869005908583022
0.005890777345705883
0.002086677249001612
-0.0028654089565804085
0.014181169386996794
-0.03297159547414516
-0.035829671523783815
0.02889049184676261
0.05152824150918271
-0.016518366725870263
-0.003811881765004272
0.012352811262301958
0.0788570797329447
-0.004104899407748871
0.007876617292859158
-0.0044034456874467165
0.006911000292699151
0.012570180475550573
-0.02511420247540016
0.0069289869997519946
0.0027829253653154805
-0.018644488740394868
0.019718809534767394
0.023523986411462645
-0.000900852308482297
0.03157231903265628
-0.027231065069472343
0.011095221732325444
-0.006221965554835529
0.0006987260732475646
0.024627800823089834
0.04150588103338844
-0.013098294492655574
-0.05647878951773122
0.0017159479953396336
0.005550374959018569
0.015997786560037468
0.02245695145268423
-0.04852429725257869
-0.043155975400395175
0.002605033126462145
-0.005743156294463537
-0.00438981480166238
-0.015527897671636638
-0.00814126581908463
0.008812849399452647
0.02571604939022701
0.02581472388197204
-0.0013424531529642333
0.013843162561125534
-0.011368509752178804
0.012076472258937127
0.00995222970614391
-0.023548993975895244
-0.01715695896876974
-0.02269399382618855
-0.014955837291701975
-0.0009041897997478077
0.000995151295194082
0.00487039487685754
0.005205429506778966
0.04261106117927794
-0.04555092531737023
0.00034861191332502604
-0.10034216293423273
-0.02406415418171307
0.011143628158742145
0.011618677606439202
0.012132983119840892
0.0026845049875585778
-0.02591053140860262
0.010548249374863044
-0.02095691474727845
0.013558118050940943
0.0065182174469586044
0.05896485689050291
0.01487597509448405
-0.0212825129254189
0.036070557021964315
-0.0194148842981655
-0.018234020589566326
0.008022198321054804
-0.04104345525412382
0.003844602584378171
-0.0063175542816595875
