-0.01939833068577418
-0.006014810713558806
-0.005084680895715556
-0.055967840533212264
-0.0261688631438674
0.0027980223276812817
0.01730896014044405
-0.032699197684885654
-0.0011130542618209087
0.014607130790049074
0.017908605489831253
0.027434024594281986
0.010680203762584606
-0.029961597116805072
-0.03238600411325877
0.01611763976124574
0.03575340861245064
-0.003963225151375031
0.0028575057769317934
-0.0011064240053133467
0.02672419497273153
-0.003988718485365622
-0.060257161966332615
-0.011231898129250783
-4.0181632632184594e-05
-9.228576823056055e-05
0.0015040793003458543
0.03647011332700067
-0.009589741282440773
-0.010464616677157992
-0.03147935864691279
-0.008406897314938306
-0.055600613685186165
0.029111440519156716
0.0018575433243098243
-2.6347006300370047e-05
0.020889875503000862
-0.0017105397475202543
0.0014770108270019604
-0.01353371608583665
-0.010243909594829565
0.006655446446802456
0.010619784547825199
-0.04786230941356845
0.03298701812860194
-0.003856645651376636
-0.004207342473670886
-0.01578709675478516
0.0070521218282950365
-0.027241845118137382
0.02333563631662464
0.019690008672096134
-0.028946100379288
0.009573251592801221
-0.05578988287975365
0.009880853191521708
-3.1691015524904115e-05
-0.03195245667456101
-0.018536394400365686
0.017657987670204853
-0.008990635540074333
-0.04418405978014048
0.04938739733423278
0.06681433099679378
0.00965402941553655
0.006248027303574335
0.013900771385083319
0.08562380231763696
-0.012678526007211047
-0.0233651360324115
-0.0010299689212116656
-0.0044914317031323325
0.0007746571694527382
0.03919641700935399
-0.03739027475218525
0.006971424030916243
0.008963889582474438
-0.009485863013739791
0.02022587780137131
0.0001114447298172954
-0.09259396652440934
0.010010699214698585
0.03493161108867831
-0.02376972224849863
-0.028195060134579855
-0.01303223758750038
-0.0021019460391031846
-0.022881355219266028
0.03232543102379496
-0.03777595060630387
0.002961974404417847
-0.05693236450614999
-0.016041882035146445
0.03294363703369651
0.01159971826094054
0.023853707646142495
0.042878969649280424
-0.00741487341709993
-0.02184350452763202
-0.017552553400913568
-0.0033062095123551232
0.00743423591881806
-0.02880920072768288
-0.036153936131020546
-0.0025417930883926652
0.04764464789254024
0.057630684312454473
-0.04660507923725698
0.024980404010843393
-0.01424422795544869
-0.016301575701947
-0.0020408428916072227
0.008370306885973604
0.05917163737545315
-0.02909949512404053
-0.008512243599113551
-0.015964778655100903
0.09396082574430469
-0.037110730913105384
-0.007753004932369983
0.013242889596718344
-0.003438903633761547
-0.055037556130523864
-0.025543793817436884
0.008028631678809215
-0.006191304790233797
0.0029068460100570817
-0.04352235425027829
0.02455660289151206
0.051448333545497445
0.008428244117905354
0.0024245552809943043
-0.0038641851033700543
-0.02768260817330851
-0.04216890433896107
0.03601987652730593
-0.018451417750208143
-0.006782840055877182
-0.02003009502519927
-0.006576623853865427
0.012034851764553198
-0.03722176259601111
-0.056969836902565255
-0.008669686576434417
-0.007235261088879017
-0.013608208797163731
0.004041262839830808
0.017926407533270905
-0.06537869887293032
-0.010442724635678042
-0.009562917846196397
-0.022399220380696833
-0.03747234251441792
-0.017848558154073435
0.04326501416234934
-0.02336243268992481
0.0006069726093673599
0.026572630564612513
0.006440343146484348
-0.0076282665528615914
0.021653523947623658
-0.045229611575963544
0.05691112593137726
0.007658696509109165
-0.00648817306436105
-0.013076655575282854
-0.04165518733588737
-0.02248716849281754
-0.024860568925165635
0.03330976100255074
0.008621526843927705
0.008618864804877979
0.012926007075431286
0.016800020458073016
0.02873215369340536
-0.010226881131247147
0.007488536683380898
-0.012354428786535714
-0.005312174923973698
0.056025483888118524
0.01591756110960965
-0.012415985962981442
0.02326738673667341
0.026344456941787955
-0.10926040065053719
0.01952214024851682
0.006110586901424363
-0.014833970110091712
-0.001815658656573264
0.012893137357635502
0.002305476521168277
-0.039594033663056256
0.03549710559744471
0.010771915150446131
0.02109244657184378
-0.015787253618923636
0.002151852547675568
0.056410423092305574
0.018456523513388248
0.008714953132711784
0.02283885448179385
-0.003537842022543437
0.019135544959158906
0.053635549451158004
0.018610879983782122
-0.006023897929418712
0.01236668783832427
-0.0024256471527107555
0.007677398994087248
-0.054971647272705926
-0.028190693119481497
0.057158566270438374
-0.03830484619526614
-0.006175594366556256
-0.022277500323096423
0.005208650683929209
0.0035088800805517673
0.00016821792208156965
-0.02145231293567808
0.005547061639803871
-0.017750816831922474
-0.0042917214798512
0.030403487415650167
0.028482619039907828
0.047279573939261146
0.006868034082593457
-0.004416075031427639
0.02154036015993568
0.0343174020529759
0.0018271583552696734
-0.0007173649912625297
-0.07635286173764849
0.049515537209778374
-0.020749005780366314
-0.057962701453744096
-0.015315667559110019
0.007909731349635843
-0.010004240804006229
0.023617460482193587
0.01652839521280271
0.011730512951265372
0.031452220514194995
-0.008980634632981401
0.010638351158240106
0.0235284280273225
-0.008071532738363443
-0.05455629768819798
-0.014024746065294346
0.004310070119386839
0.01411146586325097
0.014985857050213077
-0.018140615343645174
-0.013496595852376647
-0.03067994584169965
-0.002172955727923393
0.06733682636395612
-0.00868995331127069
0.040325170649284946
-0.07365467801577974
-0.010844459811620097
-0.03825638044165612
-0.001509741596398055
-0.015273429869470348
0.02316120252455462
-0.009613453268925877
0.03830809278464868
-0.07262577629490652
-0.019969778835826044
-0.02653985769686328
0.004052671992572327
-0.015973723064309792
0.010637518933838972
-0.033470232702303114
-0.001575756692051752
-0.03603981937025923
-0.0460046161851904
0.033829832663867666
-0.03734345393358421
-0.015022518690475703
0.015019376133921406
-0.011908918899549415
0.04275839031396999
-0.029741423922843808
-0.030641154049163247
0.01775642830582493
-0.006914907021450852
-0.0014092495194431556
0.01642801958895545
-0.026648082921971898
-0.004011099035193533
0.005945538427462855
0.03289790162931296
-0.005286909853737655
0.06194726329709592
-0.0026723981165952494
-0.01934258509419489
-0.01799318567081884
-0.022055586066211996
0.004349125882228681
-0.007474545437179341
-0.004438881122915692
0.02650508766200998
0.007170757405708112
0.009349301456295207
0.00902969236696513
-0.006346628408536482
-0.0059074007794033805
-0.0264682054476341
-0.026930645052293527
0.008650029798752026
-0.0038608524556261905
-0.04139559532314706
0.00859921608739157
0.015636188832617443
-0.014679061881547963
0.027125485607745324
0.024318643466815143
0.02936109728150441
-0.006805310266655703
-0.02495662484285724
0.01015136453136216
0.005029034386374552
-0.022300498008943015
0.021535216695816106
-0.006720623122128689
-0.01691007838594233
0.020612451844467364
0.04429460484985887
-0.015497377483682349
0.03049117572956887
0.06302810926491774
0.010272411821159195
-0.0008583662082623624
0.012116045138148644
-0.016422333810888638
-0.012650197547606353
0.004767745929529989
-0.01798895420470927
-0.03214420635335997
0.007139086989313479
0.0034588232348522875
0.018691604225705462
-0.02902221211121246
-0.02151534563278681
0.007254987255014861
-0.0004888556649154567
-0.008653124954464736
0.035674832116221904
0.019107159226060277
0.00931547307285885
-0.013797331723736622
0.015206815797388409
-0.0035966973264877915
0.04090992295410964
-0.061275166926551675
0.021173297897397896
-0.004824855752128044
0.017017490409030722
0.009193447130924376
0.00860817500501872
-0.023131274678816795
-0.029719604340200285
-0.011449453350934535
0.0370303225181659
-0.005063526792189181
0.011366502767376378
-0.014847171907827554
-0.014934255116611617
-0.0029044663550077893
-0.006474181269879116
0.0018629789147500348
0.02679636419300392
0.021543207067418347
0.013610070160037633
-0.0027090573799487235
0.0039307115436512975
0.0034330254244417623
0.028194624527167977
-0.033544208921074695
0.036202781384481915
-0.04101496012519498
-0.0023998676927212462
-0.05091145896153543
-0.026594287433911953
-0.0050830015710005404
-0.02132057252859547
-0.03338323057474097
-0.02502192178702802
0.023420895547611887
0.06684125417655008
-0.01808892136360119
0.07114141366299101
0.058117867660526436
-0.015631865831979477
-0.04243242926511083
0.06532694271799766
-0.002860716159857393
-0.03822337118986251
0.003559092368937803
0.02243868671287913
0.05966243307298291
0.009406826126942608
0.04753001056669654
-0.005210856505697607
-0.011161299918085048
-0.022179379844516248
0.04725299473826617
0.007718199392962926
0.02873024247455327
-0.007756685630174953
-0.020839411779416266
0.0423070169406181
-0.057893361191223625
0.03826281592032139
-0.013523103708267845
-0.010067788345669867
-0.01892959244050265
-0.012308297192694564
-0.04003515948237909
0.05890571596229455
-0.014709463326042003
0.0031696673551588443
0.014212576202685007
-0.014088288274316801
-0.008178740986182537
4.853580898621033e-05
-0.0325124325100664
0.0070078907499103345
0.005126453646999139
0.0180621368787151
0.027696378723993106
0.024094885131272954
0.026403304931781727
-0.07492643933043598
-0.016898207868545793
-0.03048783789009012
-0.0031321931453227253
0.04298170062717483
0.01845754458663857
-0.02700544975747573
-0.06709597970136062
0.06883405289656365
0.03194424136826798
0.06005411894474164
0.0030117064164417954
-0.039719208417573
0.04154461553384207
-0.006557635312406256
-0.010909917755849183
-0.043032218425781865
0.026944821715458638
0.0046576005634398595
0.011289044236975146
-0.02823835424003747
0.02052741575651884
0.023574468741038784
0.05851338456376708
0.0062737651712539535
0.0002806445561766316
0.014205740585264586
0.02210313340021973
0.02993162905779241
-0.0022500448480149995
0.013830798650780195
-0.010610294744412947
0.008549344115765552
0.019585278733771878
0.014162088108192888
0.029988831225213185
0.008520510261235525
0.03003081136535838
-0.0049547470506942255
-0.0064638599433181464
0.01572959429124606
-0.016152639588940622
0.030696025335408855
0.025881921292926633
0.0047278961543465205
0.019277357927177257
0.051149240351452824
-0.011301357522138369
0.0012353531995013157
0.015217796338943306
-0.011165473644066556
0.01434003240669487
0.006203812183120014
0.009972040390344867
-0.009035789251956767
-0.03927625089772361
-0.005841787414628044
8.545366612361546e-05
-0.009359365286529277
0.011916721075442177
0.04605181255135763
-0.011037597283168443
-0.03158090606870036
-0.06536138803700389
-0.006902879596917784
0.0016111204559953948
-0.033873514943182505
-0.03894361280438887
0.010172072137859936
0.0003076341058883177
-0.020633199279226667
0.053393598487921204
-0.020736429989917718
-0.004613812955832601
-0.009316584588960541
-0.011395182919710882
0.011974509938280808
0.10240783938040401
-0.048983596453102185
0.031073456434004436
0.009029606566959211
-0.009171690823596798
-0.034979779638837645
-0.02041501227754661
-0.008506456250303548
7.5613629351763e-05
-0.010436034997985035
0.0028103569579896403
-0.0008081266501217115
0.05169937398671544
-0.006994377762400077
0.02374526261263528
0.025942350802881854
0.005463814937531317
-0.045830036071770074
0.020704180010323675
0.011549767942406941
-0.019044019529813164
0.0026378199593203168
0.008254898026119438
-0.028303940282665342
-0.019014481878925654
-0.059302709258702416
0.034391064869390676
0.019566432657344274
-0.02428341807341627
-0.0006311184332851444
-0.016302134444937444
0.04342107578235217
-0.018405945086274727
-0.01622255613209324
0.05300277045147869
-0.02485730629370061
-0.03737839160874989
0.024836581973003244
0.020348116286478597
0.005773742305921792
0.0737946712593434
0.013931929009799858
0.0003095410128256269
0.007089552046339357
0.06407722605098343
-0.010827846119053918
0.045835954015403496
-0.020514357906970388
-0.005578008915762662
0.002181839842921123
0.0011619570170787793
0.03227746911855434
0.018463391516908335
-0.007321074979975952
-0.02244668586505864
0.06584246929208781
-0.0324857591803488
-0.03995308429151431
-0.006391677344182786
0.0009124525693886894
-0.003047931292110809
0.01018069978224855
0.003763775237942362
0.0008316802867344472
-0.04286152460553273
0.002128789707602426
-0.008161857262264578
0.0036832806558909615
0.06976312947075557
0.00945813740049577
0.011594445858909844
-0.026939178104314458
-0.028142970996170365
-0.002165357301255984
-0.005798307983874436
-0.003071873019857139
0.010921323135792419
0.0008595889443644163
0.0072078833621332635
-0.024995157289961618
0.014814774985148072
-0.016302283209830345
0.012454798159288084
-0.007879784818213484
0.023494656381401125
-0.007801161453894861
0.01709005150821091
0.0021390140105175875
0.013421866823386622
-0.005674228489840441
0.00037461801850538457
-0.028898979358532362
0.014439830263036938
0.012236260352795939
-0.06673679606691674
0.003448079104875754
-0.0024842154852351465
-0.016395620876716234
-0.0017061609047423314
0.06972229765661557
0.01959530078386436
-0.060832474107323155
-0.0190314501853636
-0.003946849864327271
-0.03342449894433769
-0.005354526491854751
0.025740217532688157
-0.0009087631801663632
0.00404613524221664
0.0021257088313763697
0.013467930389589938
-0.001382633678974108
-0.025691682572994125
-0.030935832952847957
0.0677031331885749
0.0268295021105146
0.03422671219659617
0.003357393784333057
0.02187680016713138
0.02445696677716526
0.023861713724443588
-0.013158335315283346
0.027548949364466932
-0.004518714271878409
-0.04259176050844853
-0.04158342389602215
-0.05673205993802445
-0.001404912971534307
0.011985913938648193
0.006119835257153953
-0.0029139962027128112
0.022416161802506444
0.012537187809216201
0.00670521769076396
0.06159476326103837
0.019181095265551125
0.009688650043140611
-0.04440626878842456
0.02654984461487689
-0.007980169523383896
0.00906650723130901
0.015178300897565397
-0.055221524015906666
0.002674354574837226
-0.022507013693395753
0.005842608540840689
-0.02105378828553353
-0.010881490080026673
-1.2141037895515333e-05
0.015506296582345258
0.008386228170767632
-0.016683471306844846
0.07762141298597125
0.03164732708198579
0.02830274942643228
-0.012518040436974184
0.00280747505001464
0.017937093890820835
0.01848530155423595
0.04676004608071776
0.04812007060010599
0.004042976882763415
-0.010603318642597795
-0.024204191181992494
0.03180581226035
-0.04196051184998171
-0.0040673611121482284
-0.003720008309100663
0.005706711389185372
0.008760187627293522
0.0237131361237879
-0.0013561593297245665
0.014662487302106578
0.008515316260680906
0.002288862526203646
0.043665790592550276
0.004873568976734403
0.01159165106332348
-0.0017205183411505213
0.021611286079227843
-0.0033366153616803157
-0.02917374520065793
0.00840424109917516
0.013053216005157154
-0.025077284214315734
0.0017403202520519002
-0.01576407270702447
-0.010508757731069542
0.014815826264455448
-0.00045766463210714006
-0.004634241726278729
0.07395514784885504
0.010754203249231438
0.01903374526444213
-0.028451462217471805
0.0023960009859172932
0.015272218350946184
-0.010099264787169373
0.011297063608036177
0.0468156523611623
-0.011243059926568762
-0.0037177916795240315
0.007195944858869794
0.002846344161734022
-0.07863056756570648
-0.02296402369239113
-0.05253898077482435
0.047542131858931726
0.003342933667877307
0.046356479266128923
0.03394647547842839
-0.04712630273737163
0.010065876272613301
0.009660752187462351
-0.031284724635133716
-0.0024023231822876585
0.011510354807564523
-0.012205327165454784
0.014226871893628507
0.03218889603269255
0.018839528323364073
0.0008417384840060733
0.040379871912989626
-0.008178565887811243
0.05098793470909123
0.019511584101895404
0.006500784076602246
-0.021383403635032515
-0.004794412868116472
-0.021653183682918402
-0.024981745656958727
0.03477153091287079
-0.003031157336971947
0.01700142986382743
0.013914330043188271
0.05417494661989681
0.015889356084050652
0.012150493842443023
0.032692369154445455
0.00588497616375653
-0.027812390222089495
-0.05756780749270188
0.00108790512164597
0.053723514005917336
0.0002548011529980553
-0.011704246105909285
-0.014905731412818063
-0.002082900672869168
0.04180692411790487
-0.01003210609268436
0.043980860815696174
0.011189695951212712
-0.012008505893227793
0.020578842997807382
0.007434430882488237
0.051789201826119916
0.0435351018978745
0.011866891232084975
-0.016407947439424485
-0.008888443277942136
-0.03170762057318363
-0.03233351556092834
-0.03447326051243188
-0.010754890613975901
0.007698497291027576
0.024458169029687706
-0.0023008220928957975
0.0006895072948300117
0.021409549745208232
-0.005442693321496203
-0.00950546998523224
0.032604175975472154
-0.030987697804680046
-0.0033091715675139877
-0.02223058835567535
0.04510163102038388
-0.00244121381146751
-0.06640037967736016
0.015254359208643832
-0.008977034084386947
-0.005998905968434076
-0.008404340506754118
-0.05676667183177905
-0.002088267761215634
0.012815673116859399
0.05052265636394209
0.0232818496591757
0.01870776389565201
-0.039160837286632534
-0.06841501049373602
-0.02976218072457227
-0.03256947452216199
-0.0020309519772105543
-0.019378138962391066
0.02095241578202745
-0.009425102939287371
-0.03813133379190407
0.06958135554151779
-0.029622641060910546
-0.016884699255586836
-0.0785523819360587
-0.005333543788721838
0.024222656321297425
0.02638179109235329
-0.014396460131975196
0.04910270349923613
-0.010406660961593095
-0.07089487973927056
0.04048894057834668
-0.021299323343746467
0.03602448643747697
0.04658935040091616
-0.010468729971065741
0.0015130741194637374
-0.03382266331065542
-0.014272804544128133
-0.03487261573876037
-0.06560288311586832
0.02933915510817272
-0.01838324462988863
0.012797049557674156
0.0028190744017565846
-0.006492730331091961
-0.006487915762019984
-0.012937336392840011
0.014505815156554127
0.028743753222164072
-0.026740469457750903
-0.037773994099331534
0.0009449285505960249
-0.028038684609840707
-0.0037882343470035094
0.02413982429725128
0.03298122693892742
-0.03840996457967507
-0.03462902931980386
-0.008263430324217662
0.00926395267048434
-0.029727712393003633
0.010017619246088367
0.008836674932733258
0.007840164040682092
0.0246480735387
0.02314909614286162
0.0009412848280295972
0.005921461440421537
0.033992136023733945
-0.0021284223911891406
-0.009480647832407634
-0.03840245039652299
0.0037883590088616166
0.010416919204696
0.01754730927531749
-0.009135908323509502
0.02917490838590809
0.013455862107517785
-0.002926003469338535
-0.008545252693864044
-0.02206216133546056
-0.0703285665334502
0.029696682104714815
-0.013876858074124544
-0.017173100514837544
0.03581278797022194
-0.005048995314687484
-0.04422307849483334
0.04069168211640172
0.014990286540898786
0.002028567156857095
0.03771028493241558
-0.021422557708720376
-0.03485879452001928
-0.021651308856639448
-0.010938790931380072
-0.05874985208235915
0.029646248007983805
-0.030887379188421393
0.005788716638782162
0.04127504922397675
-0.02119527470216534
0.0034887834624430553
0.0012557498606668238
0.0038092504713570633
0.03864243138323118
-0.012812973274467091
-0.020862437025640276
-0.012688763814796368
0.012413263119558392
-0.06299698012509512
-0.021852285919881996
0.0020566069283257803
-0.03343601674132767
-0.010928521394083155
-0.04811683847175783
0.0011912858393428804
0.016282368251986454
0.004808498204587546
-0.023451915317266574
-0.021985014471161173
0.05819661223485234
-0.007544101535557937
0.04847013436592778
0.005963667018589036
0.030863827260700503
-0.005868974720573329
0.0018411563741956808
-0.018199468819354664
-0.042101960138273165
-0.029206396468373974
0.004276511897049974
0.016704880693372264
-0.019633030840992584
0.0016334505575770028
-0.002831690331811222
0.03390333067986022
0.006723614195544719
0.0034588088735279503
-0.02293805212088689
0.013164567787138244
-0.026241705703327612
-0.002480514228163054
-0.037001527039768965
-0.011707919740121217
-0.003341489248977923
0.04082847494072832
0.007104082973934884
-0.0006349131920413167
-0.004568417148122714
0.0558296105900526
-0.043383671561194215
-0.020106132026366196
-0.006317417812406024
-0.004440742579226408
-0.003739786163871387
-0.03713475548438196
0.003260854370091706
0.02588451889071827
0.03183809049061817
-0.011929962275322052
0.03415529450136415
0.007896300649850333
0.04646374890015995
-0.06261318986113955
-0.007254272074351467
-0.02745893832901396
-0.0034476275389940065
-0.028807183035005214
-0.008457132272549349
0.0846009525513099
0.018468893685519874
-0.018260887364427072
-0.01717874441832347
-0.03835783977449127
-0.001219715998182015
0.03241300407095885
-0.041042938657788956
0.008815652728889957
-0.003233278628055898
-0.02507033882394769
0.032099314469781697
0.0063321556171372344
-0.01244101826984415
0.06741447293032347
-0.018045284066231702
-0.03523248841683512
-0.026438125498660914
-0.016703089207713132
-0.03930463249780594
0.0157326257104792
-0.009167316639120559
-0.024596849478180166
0.000647457557923392
0.018378456453072997
0.0427447579424633
-0.07087422476337768
0.01347563417602069
0.00035474425218948234
-0.017937586350513277
-0.0173590000930428
-0.038916416769949544
-0.0008747347071487152
0.013418117187125569
-0.04578945357599777
0.017887962201089177
-0.0011942349515167545
0.06158214429758582
0.009170066224922696
-0.002894026451376396
-0.00915559025961217
-0.028939079554077433
0.0034433669190921477
-0.02860590134759716
-0.0246609713906802
-0.04764196100502782
0.0034922366985988295
-0.02309826738554479
-0.09004228757845022
0.0007763662057746139
0.010536323517898464
0.10592045209241896
-0.003541284904111022
-0.020255263022882008
-0.052508298519863085
-0.008079866177888874
-0.012456968297468698
0.0026107281319973845
0.01038060667838675
0.004788015512757553
0.006001409771809638
-0.0003609141682845807
0.0013161096182695306
0.058350428386876686
-0.00999103080847924
-0.0017858947791796718
0.004035537893609789
3.901321692106993e-05
0.009014455589724002
-0.014157562249044435
0.05135401498868728
-0.0005393744613969855
-0.020002204842508378
0.026740725746258374
-0.032741949275107776
-0.00729424668883469
-0.004739234769217851
0.025141181099865052
0.010059384086345942
-0.020328696938979977
-0.015273370568002168
0.009595949757818368
0.01666174214680367
0.006592446884319507
-0.046619409303834056
-0.006202559234958459
-0.005178606517133137
-0.008969055366261471
-0.011655435949684247
-0.018505297630402
0.0025526005811351083
0.004070943039160746
-0.021534597864651804
0.0015963159359320843
-0.008952264655282807
-0.0374927062079064
0.02390456895312204
0.010614995273448568
0.009605115400676432
-0.003945864993294644
-0.07899390476741719
0.006470553869903465
-0.035925157574853546
-0.026944763478234476
-0.018201955234665824
-0.0030398902027587668
-0.004475157383528494
0.00971516278026326
0.048658090108894644
0.001394814885827409
-0.01368874806458628
-0.011846719676760677
-0.006095104409537039
0.015164889949030369
0.003998788331807229
0.024050867485167163
0.007589796467898858
0.029400082803424703
0.0828844836557875
0.07639289249597171
-0.017330903878273303
-0.008045668679115018
-0.013809847062259205
0.011534395442377164
0.01886182941450388
0.019841433672862882
0.0540557911597473
-0.007420757663077888
-0.017151436070463513
-0.0242379639021989
-0.04836519603680891
0.04238353730931226
-0.014123730217204974
-0.006952346465992284
0.01405500344059052
0.024634680988441175
0.013164341639288212
-0.14515627872016718
-0.02775786198913592
-0.0044084278902958495
-0.01929208558265122
-0.007438807671598694
0.03105158691198859
0.015343295951922275
-0.07426572310432605
0.02357356351884101
0.0003128016841406435
-0.04325561626164328
0.03281438773284279
-0.05366120664067122
-0.003116088514018712
0.00019435432116406422
0.04826064052839319
-0.029907361678383242
-0.0027210764366132514
0.018862079130577403
-0.002376268592291444
-0.009226179447519254
0.0029071566792964808
-0.008042423403667301
-0.015597243499505729
0.000472131359051342
0.016249549345797518
-0.0013385221442010074
-0.013546929682637232
-0.005756644479185548
0.06235069779702385
-0.04412079909262962
0.0181893790689136
0.0004764527194700485
-0.00023273059503091804
-0.06786231708889884
-0.02762847852354328
0.02352356862260907
0.0023517849410228196
-0.02403968414184205
-0.002786929164711637
0.0045779191855885686
-0.025073292135456258
0.06992386839169139
0.03420244344739385
-0.008875138431627873
0.0020974427839511264
-0.017127206845167
0.03153729091092901
0.03147831827600522
-0.0007578140526955445
-0.019003025070434186
0.005658507828046611
0.0016242044596014341
-0.01105667039008446
-0.024750270710403928
0.009048488782073233
0.006878144124516077
0.00692299324009667
-0.027414319368329054
-0.0300879830027892
0.009342685533520554
0.015323313264089021
-0.033649902876258186
-0.061947065515670044
0.01653100527972645
0.0002899256068657875
0.02268786789112781
0.033153086335540045
0.056110247877533354
0.004101942433891814
-0.032289891671923955
-0.04524987868779374
-0.0075783983860588265
-0.006994914360207482
0.002358130190797587
0.03515977059909699
-0.03086222669782471
0.017435527022528884
-0.006781630201447716
-0.008950589195625832
0.011431465566318468
-0.009393681901681175
0.011232200203344323
-0.020676837707773787
0.00011024937788147438
-0.07166731899535637
0.06385325059537632
-0.0014928692638196638
-0.06740100113132454
0.019235854691926776
0.017978651642752103
0.009622690033951805
-0.018457323807160256
0.026287360777852008
-0.038377630075066865
-0.00013993484574018332
-0.0037017916770078385
-0.005765824752752516
0.04224954421538926
-0.06986251424058511
0.01039991664180488
-0.03698368045511353
-0.02990985985106656
-0.011322008926280033
0.0312875601891462
0.10612485617965242
0.04522931121500406
0.0020233501864555096
-0.014434032921159561
