0.03583474036782174
0.015325254084404324
-0.01928989152989929
-0.03154993161340128
-0.047759241411991775
-0.03566970639355032
0.03660808002106212
0.03945860665590178
-0.00012370158236132877
-0.01999999847380358
0.0023447310731278224
0.02036220659139171
-0.02310426227367872
0.05563176542781803
0.06606672142532813
0.022875884042068174
0.013272584134486924
0.011498235226471703
0.0027478115765533083
-0.019689091330223004
-0.0631959213249496
0.030321933163055016
-0.0002104379438719489
0.028383511992919944
0.027064201988104497
-0.0259257598207621
0.005641782116091326
0.04434748284728505
0.022325871976431804
0.009588983058514135
-0.02028286422594103
0.025295865395315996
0.008033867039248755
-0.009321284105842369
-0.0016035549395099697
-0.003642529200906886
0.054871407713310665
-0.05681785512296393
-0.011794129044330264
-0.04950024767451194
-0.014435143471868542
-0.004929606391742065
-0.005409168539917348
-0.048771351088640655
-0.009403641086729487
-3.6069687614361395e-05
0.003585715382390653
-0.005380824922757485
-0.0014258915078475755
-0.0006925462696957894
-0.01990263569909806
-0.02521997855374707
-0.012433085802826234
0.026087562099211696
-0.021413641801769856
-0.017200649620687597
-0.005747645323969437
0.01970750719954355
-0.0021888824438476245
-0.017413510993517158
0.013613112149383051
0.033196050678661576
-0.03396690791242401
-0.012862821213962627
-0.036539078126430584
0.015293391502877162
0.0701290093205931
0.02727741251474718
0.0008386166407693978
-0.005939652290829171
0.005324106386704139
0.03279628854865662
-0.002232537183846817
-0.005339244563664862
-0.03912087329733027
-0.0010582841398574896
0.016799641503560524
0.0011996000269557164
-0.005212268271404007
-0.03386463897407421
-0.03410268673653002
-0.02393980726446375
0.035609287457893504
0.02337479354740367
-0.007345934499346959
0.03016979995345739
-0.025164734695931137
0.028700649284009217
-0.022943095832338802
0.019231980117231928
0.012445252698596969
-0.022591105099516937
-0.0065256461711312224
0.0053505027954325905
-0.01485715025319744
0.03989962262635047
0.009977234596941656
-0.01342014099219734
-0.0034536972996322126
0.014805148967315183
-0.027106529371835913
-0.0509983790887488
-0.01647945369175341
-0.018017900381376472
-0.004077986901927217
-0.004291200683534886
-0.010098527003735385
0.018814836351101955
-0.010027079087014931
-0.03873368891398216
0.040142370613333284
0.02710922730621126
0.0065039790014045475
-0.008071158866376093
-0.0004521219684141006
0.009758412159591
0.017002869701822246
0.04100920877500809
-0.02157057774944277
-0.03073956530195727
0.024309347975274835
-0.006540080661273253
-0.0033590329387653715
0.024754983580722763
-0.015240538477039139
0.01996552320656916
-0.000621413981696923
0.006815089477148315
-0.01387808976364883
-0.05553819813302832
0.008297023709989977
-0.027948538146135734
0.007678438358154721
0.005357614636865676
-0.05112483819969078
0.0058833009548694085
0.022660822012660512
-0.009284013291406023
-0.017285172985336137
-0.0037359341320274005
-0.012940845679730856
-0.026520307914703556
0.004929530091894475
-0.02676737595963507
0.014816079420999105
-0.008511016119809922
-0.08062385785955964
0.06127511992303543
0.019081740955493455
0.014645395942604068
0.10682036579740807
0.046059124241913905
0.01587819715362235
-0.004253509322399494
0.03064384033577792
-0.013735205364873864
-0.04468045917517813
0.012724616383321721
0.016812162465128008
0.012690126056638482
-0.024547042028023575
-0.025495061575047412
-0.020952122761524236
-0.008697427877284778
-0.003923356200084135
-0.03369191637893037
0.021354200842710135
0.028192603438329793
0.025443277217961344
0.002522869737060103
-0.03328217813951054
-0.011967557918517273
-0.03338747262169572
-0.00539806496423397
-0.0011334020023756747
0.03099301059526681
0.0234698462268634
0.007559737008489009
0.027389651797319274
0.009685336509062004
-0.015975306803317962
-0.010792831301109855
0.012981195214722135
0.01105365880223671
-0.016026830859194444
-0.014445851530157034
0.022006271748950108
-0.008040184893036581
0.029969553141496366
0.012074509004669236
-0.05148992237786342
0.0014063627248916007
-0.02485581422739234
0.013627683188079942
0.016007574530372763
-0.003110329615259148
0.052336032118784195
-0.022155655435755935
-0.010534281501905716
0.010104943428357471
-0.013366072282582795
-0.005510550936514833
0.02839865105924608
-0.010546060801095238
0.0004313375092150222
0.028173615072398833
-0.013465432060050807
-0.008651206484557776
-0.014434283990734436
-0.014694798632541015
0.014936533545338006
-0.016643859932622084
0.01690169963302026
0.06989410397853675
-0.0035555374724571655
-0.06555124254250969
0.004249730128738801
0.022772315644685084
0.04404321518844025
0.0009669432188670185
-0.035342867307095745
-0.03859751106338637
0.045378983621098205
0.019338296811428516
0.0068138332982496524
-0.0009024066741611625
0.008720541267649108
-0.04546767855989087
-0.03255551423993112
0.007382698991634539
0.004879071818909496
-0.03269327787691292
-0.011934870161005674
-0.02813263722550153
-0.007372088947718477
0.0021824526540458297
-0.04037321375421696
0.04402486374820341
0.03434536980145641
0.013984777304682349
0.0022068121950131283
-0.047236105552083484
-0.04460988103758205
0.017552422616928624
0.014695009103529751
-0.00546928193015102
-0.01852892752817393
-0.023856260311106745
0.00831619593919039
0.018780448799205814
0.04940416868768579
-0.041685069277118986
-0.016548332279021475
0.004995268048280738
-0.04834426409884678
0.016995393299355472
0.005756924937969186
0.022803745622481025
-0.009712553675614069
-0.008011974601236274
-0.032087754708717796
0.0811724689091692
-0.03428324445358273
-0.010056150183850266
-0.008784289033597091
0.020491017842931208
0.027111544472907055
-0.002027980631827293
0.04887251484818024
0.004893926185774216
-0.01210464593354749
-0.004062936949954472
0.02268331263224025
0.009335800061369859
-0.04023344108937601
0.014989481244532992
2.0781105771110352e-05
-0.0153172083935842
0.016214963356860287
0.013308113494475124
-0.0021048396920066268
-0.01151123706666136
-0.03462403330127775
0.09539203971357373
0.022417200957884565
0.009457348364994685
0.029375593190759518
0.0020374264117789774
-0.020242037521634674
-0.008398702732812163
-0.020508438652028275
-0.023255235138778314
-0.0085360137502654
-0.008088573993895827
0.009105737721079726
0.04897961404177889
-0.017064574789295628
0.016565206507909047
0.0655498237057853
-0.027916742361075372
0.01704796210730575
0.03196332874785216
0.027461806586509905
-0.006115643126571937
0.02230034455822763
-0.01827468120125554
-0.025588912707554402
0.06528803964780552
-0.017812047675915106
-0.0041931203513098664
0.06451416421662648
-0.017631506267231558
0.030408320052880772
0.04077230249336217
-0.026965477514550883
0.01991247795609923
-0.05261440222794654
0.0017321890614234426
0.007037971461599103
-0.025829186766785823
0.016293912773738057
0.033641088092835746
0.0006334666107833774
-0.03924949186112408
0.022467875414276316
0.06501945104594456
-0.008828334966572869
0.03782427941078978
0.0015414755068697114
-0.020830210100323612
-0.028905452959835775
-0.021682595378366816
0.0075984361674687325
-0.01732155461745155
-0.011613701488306868
-3.070084438204898e-05
-0.009330250846842077
-0.05307628691704932
-0.01944215052132785
-0.060754470151515035
-0.02729766434534821
-0.017605407647328812
0.015704903713774487
0.03314982845159682
0.02723866524045185
0.02552765790508494
0.016465082777980353
-5.9719469066590225e-05
0.011105451506048702
-0.020984187344688543
-0.006601089738285639
0.018927308222227816
-0.022154041606102418
0.008097470317987498
-0.018931692589720984
0.007603716508852799
-0.012950173030583607
0.0176063451004972
-0.008780401692899802
-0.000829567219451719
0.0042633194455614955
0.018967704497212794
-0.02302589960116168
0.0016785736324633647
-0.0021653581905576023
0.03695423812076546
-0.03876309971939137
-0.027647425554367708
-0.028798881729267256
-0.013059851533212928
0.009150717939904294
0.0013524302832666282
-0.010659167630231078
-0.010313358239172501
-0.011942676966665927
-0.01685289371003041
-0.015996639278640232
-0.020596780640434152
-0.0069864503351222485
-0.020267649295436105
0.0007037913230128097
-0.05293295314035468
-0.0025639772627530726
-0.03634301447971918
0.045608050307708654
-0.018795842881063226
-0.0029743226507196272
0.0543443033744336
0.000835407726997491
0.019713998232741316
-0.0017446446365530755
-0.043031123711316364
0.0365436706644097
0.020518832246851096
-0.026399391031663815
-0.018432932171168852
-0.016839844276951337
0.03270039630820316
0.02726829196654665
0.020114081078691254
-0.03042714350701678
0.006943534448594753
0.014675092070109126
0.020839216733973015
-0.013682494378107975
-0.01947150307619463
-0.015718298811743085
0.015157431696815191
-0.038267330372662195
-0.009725420073631431
0.02404112003734458
0.0057281851381743186
-0.0073291184749390646
0.02182074329804235
-0.03961107635166187
0.0693656086484311
0.030696449146818718
0.04280160059844478
0.027020937378576824
0.016893744534887626
-0.02385641909655055
0.048758256244585324
0.014173716351064174
-0.01326078253545565
-0.0020069691882025602
-0.015052728113150485
0.0037317170755212185
-0.009898148605533678
0.037812075324982077
0.04841389749233148
0.008437462196438301
0.02667297754846557
-0.010060845204752701
-0.00966322782252214
0.025166521763948037
1.9273613533093667e-05
0.024023454877265895
0.0076696231142186575
-0.04409826927285111
0.028544792575001508
-0.019298338963892294
0.0369509841056474
0.02467331624318533
0.005872928569251168
0.008927530655759741
-0.05539572663526645
-0.023590667570363964
0.022100704374722176
0.011718777610159763
0.00624558097857777
-0.021048330200947023
0.04142597727276629
-0.04478139370765289
-0.026676876411917568
-0.013395906588228835
0.004012182695096627
0.002830808421539787
0.008489164207373055
0.10012781920455356
0.012912755877807287
-0.01012819491899521
0.04779875127570305
-0.021936311119475943
-0.0768133470043732
-0.07642521853917619
-0.01724178124038333
0.016784026652259604
0.007202503211783818
0.008545275675945839
0.054409161508468286
-0.031634034473351814
-0.011105473485441764
0.0590888190300999
-0.025654518100069988
-0.07714544742267686
-0.013731883548194629
-0.022533472261576416
-0.0035466246991662453
0.011674088882880306
-0.01845945602596588
0.0022206976799339965
-0.0005827876662785826
-0.012009252654501295
0.020913267111358484
-0.002770991809283377
-0.046205022322525394
-0.005937533319551255
0.025201783509925725
-0.007405552917823719
-0.02305610992844736
0.016681470461984912
-0.0402531160111113
-0.03277242494985803
0.004242277376010474
0.06689629763235096
0.03770803000031849
-0.006371214353008978
-0.012946654376547882
-0.03710024321924384
0.004497972468393227
-0.033399873027926796
-0.012950033885801683
-0.02950409214464259
-0.0730943603013011
0.0010650948443568671
0.023597175420896923
-0.0024564803451967046
-0.03784892883888131
-0.006599391083196692
0.02741808301859636
-0.020088486135034483
-0.013824097444417906
-0.0013239187727622445
0.02643309106093316
-0.030314764705376147
-0.03388242804349739
-0.07131751196737211
-0.0062928560464965665
-0.03733657909578808
0.009597205873085744
-0.02802836940594957
0.020605474871787155
0.002535208279004734
-0.017721487331914556
0.009711262249107096
-0.08910054503239292
-0.04668546467168683
0.012551828350093462
0.004075058662998509
0.03175321502136452
-0.03278601190261295
0.007830371163064438
0.012449074558355222
0.08280998349664441
0.0008083927705963736
0.029953070455315856
0.04730695649174364
-0.001411666548176366
-0.0004833290450990429
0.026009824155478495
0.03835906545497289
-0.01770850748755962
0.02281451436433244
-0.010392082142667949
0.004841784653207692
0.03586116682921449
-0.01120974991284833
-0.035793285947236284
0.009011070442496846
0.01397849178216128
-0.013839666473665555
0.032462239079961874
0.017374360417520208
-0.042042822162126584
-0.01164855441034068
-0.005921273192274326
-0.016195399820407512
0.019970045754582527
-0.02758508888394736
0.013920118381205474
-0.02177118694737188
-0.02412535540263414
0.0007744813551866632
-0.005668739168674484
-0.02937333469913311
-0.01527230360620103
0.006555085358237779
-0.021091767091305093
0.02928735664405816
0.014024314959374293
0.03565288941980509
-0.023912180678503592
-0.048596038644371994
-0.03269107189304722
0.027351108621986666
-0.008496683092111724
-0.046686564629448424
-0.017375335676586473
-0.015953382862892582
-0.0043366501093622025
0.014536667308748622
-0.020336113645167103
0.001276932983141433
-0.049671022972813235
-0.0026858167208455093
0.008037151654864553
-0.015425600436914065
-0.060202647538906084
-0.035761558610424175
-0.0020016635179862297
0.007832889279606887
0.0057636456929810965
0.0027466760134103644
0.014397087927028844
0.03792332969272833
-0.003957341728932884
-0.016901105910900178
-0.003938644509509975
0.021924470491965165
-0.001607920196120424
0.015176975824961834
-0.022322544054743675
-0.016575578163758282
0.008910488511601583
0.02273089964643574
0.01911307957309681
-0.02214667248749642
0.03044644665210492
0.010219043314212016
-0.02689508866426795
0.006167147292379444
-0.02710860188026167
-0.009263008030723779
-0.010646118953254437
-0.01256289918254057
-0.0051730855321870575
0.006937009584939613
-0.040402395842895955
0.022280104366216105
0.017940814924085335
-0.005288574143604744
-0.04690912229363256
0.028997399100112984
-0.02670508302166022
0.032158952879566494
0.02133730513085
-0.015607394914177663
0.02753044255914778
0.020851964916637305
0.07429075741518194
-0.002008664739704395
0.004579458644376769
-0.0481263829825285
-0.04292472920795066
-0.01008023226501904
-0.022301039492518996
0.003783882074138312
0.0006439798729928972
0.020531253756135924
-0.04263443330160152
-0.0035876285642791766
-0.007590616755289173
-0.03863949122903429
-0.040471619305545735
-0.011779423050107166
0.026433040632366945
0.028786545038948393
0.05132392750917732
0.04862863614985136
0.024214871690347795
-0.012438879915955933
-0.034041290552951846
0.006122075530268437
-0.04860638972937127
-0.008385849717578171
0.035677789674520115
0.0060647691814064006
0.019605956577006856
-0.048884387746727036
-0.02656963642685363
0.005019287463284937
-0.08364225466310642
0.0019182542446545762
0.005737748724729806
0.067606046941694
-0.014649184911522303
-0.04066568685415673
0.025581825406176484
0.01338305040264506
-0.02079242272482592
0.005937934185519362
-0.0009693433687296591
0.0024010807868735263
-0.029160024493170397
-0.027185741898201395
0.021493707226736023
-0.001715979113944787
-0.013736895085386596
-0.022830017904813444
-0.006321318347297714
-0.0019408856857899425
-0.047759108433399054
0.015514533032678787
-0.007921939059569557
-0.0038674658978026166
0.02828691413884163
0.028675369578499553
0.010376034700397585
0.013524886091623209
-0.007169078343354168
0.01513951236214537
-0.004771668415539759
0.00017809000560987256
-0.05735822225543199
-0.03114621915332067
0.03256977996318778
-0.0030112777592265177
-0.08417921893836088
-0.005055251791420001
-0.00415175912848849
0.025813711124410776
-0.0153606022836241
0.025966989306975802
-0.05095889850717124
-0.05017512401039722
-0.05984559700366722
0.02596160381331561
0.0905388050716451
0.028076312941521554
-0.009414478567138094
-0.004833093726177096
0.03511329178564784
-0.005203519638098169
-0.02292619918093493
0.0020030170643976766
0.0014518294166383876
-0.015573358686555981
0.018016181205018283
-0.016001597701224474
-0.03555154755352067
-0.021033004584575042
-0.0036349219711948044
0.0256303025803094
0.04035338268174069
0.012928976955719335
0.026883253190214063
-0.029606612888275895
0.026394101063843958
0.04356681042910687
-0.023768712068716582
-0.0019247338403765308
-0.023925566863825812
-0.015479781238278237
-0.0368135480513599
-0.008353025328514849
-0.004524491508239727
0.026046194431248955
0.020443906598919436
-0.04739290731749899
-0.041771163947076854
0.01981920913721516
-0.03978632381962018
0.014753217003435843
0.039273417331337275
-0.0231724555815031
-0.034393241617772595
-0.02331360185378083
0.03142915518902203
-0.024934726014392578
0.012721946080225933
0.008229646943423218
-0.003398265878538329
-0.000924516460495955
0.028192930677009675
-0.0006402965694861392
-0.005008632110373675
0.0026554234482164154
-0.02426919465333149
0.019579112890569513
-0.017287324107562698
0.0158001495101415
0.024235342894047218
-0.00956907825173269
0.06198205488267952
-0.008255078430597994
-0.014386334774837464
0.05386842190614851
-0.002461723471479404
0.020041874282296
-0.09946774071720774
0.019687599332862866
0.007433802566296196
0.04518470271769815
0.009567408905182444
0.0005921843524125327
-0.04546555486913418
-0.021084470723394217
-0.018142735511690666
0.06919678505491886
-0.017378306227006663
0.005880680089003383
-0.06315458567869087
-0.03817307268136197
0.0022369469024929316
-0.017916907914562217
-0.014859088836243466
-0.033847664618775565
-0.006365917431886486
-0.016498528692002367
0.011815819484775567
-0.018398583586766833
-0.004188168220481212
0.0073536226324573024
-0.023091622728438538
-0.006823591295749501
-0.026153184432639653
0.012196939739016366
0.014687188073199475
-0.06091591296316016
-0.01399971791190783
0.007166952375164901
-0.04906491295339106
-0.03849940104934737
-0.0023519577616177368
-0.006838407531126501
-0.0028514996503553693
0.036952526429621144
0.02563349762105641
0.011197969129786697
-0.024491004391899975
-0.007850140163951202
-0.0766750069125473
-0.009497454487192842
-0.014195209645168247
-0.028937680564341567
-0.022294905645114778
-0.025546942954283728
-0.012090491124833744
-0.016310574254222852
0.020035844867000205
0.04791070181672187
0.014552941158260663
0.010568382329579191
0.017045895721039775
0.01593540435080919
-0.005372792437555564
0.0273560947843117
-0.006898757195270835
0.002068901030171501
-0.03482621280888153
0.027419676235057675
-0.018427569626354355
-0.04373590897266438
-0.01293476867238255
0.03374799932539581
-0.009626852861721815
0.023012722320501146
0.004197219583377034
0.04063194512905682
-0.021414644385302453
0.009146483457796112
0.03608264977598875
-0.07152849721457498
-0.040445594835341304
0.011952494974190863
-0.06181826383177835
4.203568162942726e-05
0.03485259962796853
0.07394944003692691
0.007711973950057986
-0.027283733882867534
0.015951906299149103
0.025352300788638857
-0.049479459828703366
-0.002136631901539813
-0.004648501807825254
-0.01583883475011233
0.024105873038439706
0.01734984089715223
0.016579555809028007
-0.0003043037819016309
0.046757660813202484
0.03260972065598208
-0.06405289465356445
0.030194716357458594
0.0021559092274040436
-0.010174674305859673
0.03618842533787823
0.012358337700354712
0.0335785498962305
-0.041470135188053196
-0.009289506235111404
-0.041882737224739196
-0.0005018206934593566
-0.01327587431639866
0.010179160371894546
0.002676279351735877
-0.03427523791696402
-0.002324295131998484
-0.008120955439314247
0.024121657221870225
0.008758429900102404
0.0019632710835945926
-0.05708269655306693
-0.044828163285194234
0.01756528151900815
-0.017015947282272778
-0.007874963240600977
0.023616623760891325
0.024616075386995596
0.02288718488400047
-0.037809680339335155
-0.03928830119576306
-0.024655928185216395
0.01746772390383375
0.005055964129109641
-0.004321312863355732
-0.0032924076843052837
0.00937228097067494
-0.012459182223007527
-0.04091667448608681
-0.013676588052374974
-0.061180023713012024
0.030101348123903172
-0.0726766037456633
-0.07152146669426174
-0.00980365163396569
-0.001278892136481042
0.009499168838435264
-0.019276689704965284
0.008113628598884577
-0.021339802532931947
-0.010092180988314216
0.04605901610156577
-0.00038461257687052113
0.03608349061607548
0.029466619135460545
-0.007173324689486481
0.0101911144389882
-0.013410311195574889
-0.010051981653357989
-0.015435082174160302
0.01102631748535495
-0.0007404597227058962
-0.04183883354234224
-0.010984832418576217
0.014415006006663176
0.00029582089795438513
0.005374712040779603
-0.020543916175311525
-0.006337359368205614
0.015042761940158599
0.02057642949127741
-0.014488376641537406
0.007647120785219893
0.01080897513411212
0.038553677651870046
-0.008531865116342848
0.03172611143716499
0.019651660273546936
0.009106704407070036
0.09824817002401293
0.026951665186134764
-0.021179879757501015
-0.013825364822027779
0.034163841796403374
0.013980155898636257
0.015852511945266542
-0.06254319650321587
-0.04784470173688326
0.010959623065789894
-0.05882570431963317
-0.0061125451306264286
0.031798430368829136
0.033858356638634235
-0.010069246888488705
0.02749708877650612
-0.01727797574540557
0.028775924375253722
-0.0010277224690369592
-0.06423968201475375
0.011279703638431782
0.008736865908835618
0.05534840010592669
0.04699008882106816
0.014420993597112653
0.037153299050274036
-0.012225042723120942
-0.02868439370390858
-0.030386742943288792
0.024010387045912237
0.12489967877796947
0.010019574293456842
-0.06572131050734482
0.039782115696253735
-0.007286804244870605
0.029577260540329744
-0.019855607093375333
0.009909113996060448
0.040742873664009145
-0.00441308777363063
0.010465316842334347
-0.020312341411969383
-0.07420821467655503
0.00804932206852196
-0.054594832443748485
0.002403924776763616
0.03480075330095668
0.0075377253420114134
-0.0072576901126368025
0.014195009455448139
0.006185197752945843
0.025289643715647216
0.005356344688053384
-0.028365772215992603
-0.007632512110785997
-0.002183087658165586
0.00643285551645736
0.03871162218983714
-0.026646482768340685
0.0005573366036702803
0.023225686030767245
-0.02633381910762171
0.001341205205664736
-0.0019028726850575876
-0.010248345389280792
0.012820336674227995
0.009323073535990269
-0.003267184433181825
-0.04457302207022046
-0.0037011764776281463
0.02117207539664427
0.017334608178937
0.01992913206220313
-0.018401209385741052
-0.044404934700815836
-0.018241882057921176
-0.010869636229966255
0.02506692518355261
0.01917114920247917
-0.0062713361431045896
-0.03163885569835547
0.05003560479992486
0.018087973126109602
-0.028359373717182713
0.10175974766967255
-0.03590635325976902
-0.011342783214700707
-0.008419652571617814
0.0484394518016351
0.01795984138012773
0.001929882926168478
-0.0011060909861598921
0.007346639278622387
0.04768920235016353
-0.06515230984042758
-0.0068218106928087845
-0.001163422304788755
-0.021293640826510026
-0.024270002225066267
0.05716451026163649
0.025861877311958787
-0.04580436706428596
0.020783375500098074
-0.012783998625384919
-0.016221605185966152
-0.0037545022130880228
-0.013590347754231962
-0.02628310508753685
-0.024415927852054414
-0.045790934034792334
0.05397386516795736
-0.022077811859554496
-0.021893210198054076
0.060926815505155836
-0.003612511264524488
0.005450259352527326
-0.1560692785080299
-0.022362992495226688
-0.03162077810292299
-0.00784951964221311
-0.00630180447203701
-0.0009884071284281461
-0.0013804435938018537
-0.022390368952530968
0.005115277906629523
0.0019869597364019337
-0.027164968649860437
-0.0354293344454388
-0.014923545623893716
0.06206595088521039
0.02126802041760411
-0.012094288167464374
-0.01674441184610288
-0.0025742194902369842
0.004030249457080567
0.014514287105362783
0.01851368173981638
0.016338955956735485
-0.03501161767245033
-0.014084577890435837
0.042392070541246545
-0.006700547944161602
-0.04549403174012416
-0.003005999144601628
-0.00043825384282425504
0.0075205227862858055
-0.03927272498914443
-0.040353272698406946
-0.003639619130357204
0.005657392631456227
-0.02390994354477092
-0.00010518543625061657
-0.013197762280161182
-0.05372166464300728
0.004712354903379438
0.009222283935526307
-0.027640733416093872
-0.039693245583515877
0.00791417684949062
-0.026026970560316404
0.024518512766880166
-0.02339961781925553
0.008897836323619913
-0.0678784237424902
0.041053016176135264
0.00628760678413586
0.0036678002829037683
0.029272834434967338
-0.04295374923080501
0.006825733834068038
-0.0069843149458330925
-0.0037111256967381056
-0.007594557769608218
-0.02836344109914262
-0.00017560484829379805
0.02789980354591092
-0.005167503518379445
0.014897965057857147
-0.017218121083048748
-0.03275351492163665
0.0027697117685814296
-0.0018240635530773037
0.020107835603644295
0.008855798340207882
0.0005327957242576948
0.020356469551971255
-0.0006426249594388425
0.009818428109306674
-0.005271829698545761
0.022256056736736456
0.018684024870445636
0.01078652657856519
-0.050779778825014346
0.04239774267143349
0.0007949517810666864
-0.01878696640104533
-0.015897889174844953
-0.019591806712112386
0.013063952018672125
0.034518219564967235
0.006463278628171498
-0.032919183321629054
0.011141329639028958
-0.03742777990606711
-0.0009432814948802609
0.003949716996424453
0.03390776398540025
-0.01620861323755477
-0.020081694637082596
-0.021696259651731862
-0.009162874289855424
-0.0056177941319128545
-0.01516654447401358
-0.02190187142091217
0.030858369237730172
0.005365940833518492
0.05148514267035951
-0.010579822689331553
-0.011091093241232013
0.02540661307253059
-0.009861454984233754
-0.017222315187409902
0.026428933039235013
0.0348306264437499
-0.06339105173647366
0.008844569056111572
-0.0517671956607389
0.005360417866380144
-0.0015902345149173957
0.0012525762044633395
0.018616916411886213
-0.021011304630158007
0.002399999167183299
0.029199752476310775
0.005702826931032351
-0.011835093178033723
0.02017063579306977
-0.014153581095699462
0.003601380923424431
-0.0005948554576052828
-0.03168337079937008
0.06255051967122205
-0.0140978685963072
0.02186403081311445
-0.00020323120535048104
0.0059111506072731775
0.07066809416488323
-0.01204924286931597
-0.08025451025560637
0.009264157547646139
0.016373341179156703
0.014118990979343316
0.016391445810507298
-0.009301527244841476
0.04967242879183126
-0.0051146719963612395
-0.033153126395208496
0.0191305580678259
-0.010697367157206907
-0.021671418303836842
0.025299163648505096
-0.022111750192684045
-0.015112295826734054
