-0.018674484973962454
-0.014023928935199229
0.004127520694737644
0.007941123462840661
-0.028852437008896465
-0.004282055449897282
0.012304506402695651
-0.023197966647288848
-0.04875442555153619
0.03036558271961298
0.008903212341496823
-0.01319998950156517
0.04363845203137659
-0.05349041189798814
0.0059130231289576006
-0.021298249933102777
0.004120977375146018
0.0041159354793839815
0.0025013971212905235
0.005125164361044102
0.028744574693409387
-0.005744339445606279
0.05876653221714263
-0.06515418350261318
0.007690128875438044
-0.008386754482951495
-0.025426363867912537
-0.00153447282273337
-0.02345919357846375
-0.0003296901248386405
0.0423196682520432
0.031285381342150795
0.08278239723368151
-0.028002457631899135
-0.0010893117010454345
0.05115147829858095
-0.011002349236093067
-0.0011687457273368734
-0.01134252532879574
-0.004375819926912747
-0.0129017913959285
-0.01096726730647128
-0.01903306500482552
-0.060642011737768044
-0.017145568462010787
0.04602657009086323
-0.0007650903166452982
-0.016992050784243193
-0.01788457781115324
-0.053824288548802245
-0.013853250290885553
0.003956873007723654
0.04259973653137811
0.007549658285110092
0.04191996877690498
-0.029328156351231007
-0.005956151729549424
0.02765053285021338
0.018572461676434972
0.045104417937249085
-0.01100813211501647
-0.025624327198441287
0.027915315808000496
0.054255640504124535
-0.01942798821605278
-0.0003121780569300934
-0.026994658980364995
-0.027429024662246896
-0.014850684068301288
-0.035807323776249504
0.014889698102241992
0.013298682318305123
0.006978755961623976
0.040409497483064535
0.01000646225736054
0.027708120247483755
0.0016758672370611445
-0.004003853179858504
-0.01659793536410782
-0.013899954638739736
-0.004993258242734631
0.010704080446708512
0.01208297657833373
-0.020266212311970504
-0.04811186832683045
-0.0015581921543178889
-0.04482899503151757
0.0367829409642095
-0.002142932521928378
0.01681725555806845
0.026583823725232932
-0.014977921908992643
0.046717882295734287
0.009688199004724866
-0.014005292475476092
0.010880556447753448
0.01447206902064376
0.015044019527524119
-0.0006584009185136666
0.02346528224456874
0.0020391662052743
-0.008588350589486917
-0.041265659413486325
-0.01728895038770411
-0.022688557890498222
0.0677473274435274
-0.014916344696043894
0.0239951887934671
-0.007364122122739452
0.008296959624278863
-0.0006145760892497752
0.00020858276151750546
-0.020717543530818575
-0.05313449428056227
-0.10193119055672094
-0.012437495173849459
-0.0032601496564711825
0.0561816804361237
0.009459160177387993
-5.180723510048509e-05
-0.004722579819603377
-0.017603244488103693
-0.04299364878231507
-0.011496775957681626
-0.04571318206371335
0.031250751114317375
0.01913345701673081
0.018643387029935374
0.012959154743687322
-0.036580143570067176
0.0056582171794885274
0.012812319386504376
-0.009658705180616888
0.014606042100946242
0.0166809485485798
-0.045732864862740176
0.0056153928528227
-0.015271951837695807
0.0427335141473251
-0.0069161307883910655
-0.004625797339841702
0.014005632149103199
0.01909803340022873
0.04267907997786276
0.006169398173326807
-0.010226392624719891
-0.00892020967788321
-0.015550544203887682
0.015262203949757636
-0.01878749215800731
-0.002173624970810081
-0.013172591622051429
-0.05875278025116675
-0.0014349857225336613
0.025803094343464967
-0.017582780833258045
-0.014743658149003112
0.010483895766173973
0.001853758499999622
0.011713460615447986
-0.005885727666337747
0.01183496849463179
0.09121072904438522
0.00042999579654788035
0.04314992173830571
-0.0029246203288133435
0.037740774041548374
0.03872306879928769
0.05253099493252111
0.016233608544663367
-0.001419864178282259
0.01254069739559092
-0.0299291033937878
0.05325470362063351
-0.0060042939006037825
-0.0045502862141778245
0.0007265064760406812
0.0008821185394815061
-0.000165300534574925
0.010665768685066532
-0.0383015468986312
-0.023380693638025994
-0.010264422877766431
0.008406121159968156
-0.06530934534080746
0.018583813477606657
-0.00694283953294821
0.014535117869261175
0.04428644636437376
0.010272636901419422
0.007243723121597346
0.02137885978092607
0.0037815395259240287
-0.009871453790988506
-0.00779211323596785
-0.004891325162567952
-0.04629170255874492
0.010454554221712889
-0.004569424829519906
0.009388326267471598
-0.051433205277465394
-0.002694073001798257
0.011983706608590937
-0.025505754192894622
0.04059332961939832
-0.016163067739998847
0.026156524900342634
0.029929068860659904
0.002272505660143001
0.0357946092777235
-0.00521761016431552
0.011749607644354546
0.010027130459304104
0.05255873110615461
0.004136790223336128
0.00195620676202401
0.000536827050936847
-0.017515351625630695
-0.031326939475138794
-0.0029858558725579733
0.0016315753390980005
-0.03860348309202016
0.04394249415869887
0.0045716605725978085
0.02076966270399697
0.0026996725949020874
0.00038246750112869225
0.02093906230471678
-0.00173764991773011
-0.06153996981759966
0.09083562672756725
0.041620759270043085
0.05176010416326263
-0.026631958608543237
0.05724242702479816
-0.018312646471765646
-0.016026556438395886
0.06268072869260699
-0.015957449507424684
0.006936602427224773
-0.005077887516851989
-0.008975773764997698
-0.015674222149594175
-0.012245833137184988
0.0010631156891373421
6.778713081120663e-05
0.03804629882998509
0.013772012294051977
-0.03418000800613192
0.016857055341860046
-0.013662141087622209
0.017241438459019424
0.009423710800831231
0.012415788498678885
0.013277316803722237
0.008216494808865023
0.0032225876218768233
0.03169624052398255
0.0697676681968854
0.05051273493463222
-0.03841929746953474
0.05774028057895498
0.0506311456761246
0.020113433283864363
-0.021300699799030064
0.007377930571480644
-0.009167070753773786
-0.002905650866427009
-0.018550170227213853
-0.023085901622389472
-0.033782381932366726
0.0014400193353504118
0.044179933973079615
-0.0012934553912364287
0.10915647979909666
0.06291932180115338
-0.07544009595757403
-2.428668495675129e-05
0.01602363517264041
0.029705066965831393
-0.10037512776908672
0.01651701544668249
0.027168544064214956
0.026359272384556723
-0.0564785217729784
-0.04515064176305379
0.013830597904466236
-0.016114706183183905
-0.003658829163563702
-0.012586601681702803
0.0009040607303204293
0.09535895078124568
0.009462942197186556
-0.04223508720588933
-0.021074121650911527
0.03460602440401483
0.06507581524281315
0.02387295316502438
0.02869121137181869
-0.000912542649466839
-0.01678967721665747
-0.10890361271454906
0.01332769636206147
-0.011184738136232093
0.0016201545115132763
-0.02340781363053711
-0.010186073790048454
0.01641765336286165
-0.023183371707412966
-0.01018589025058131
0.013327071884590253
-0.027378417988818706
-0.04268444103191406
0.08836635107023227
-0.024307245047596487
0.0010291832116919287
-0.0410010018395334
0.012329529703771921
-0.018267846709347193
0.03556480391700677
0.004658929282476978
-0.0017074755688043562
0.0213162056715823
7.165623741129613e-05
-0.011026407795848053
-0.08721863945646843
0.00046943299607247416
0.026512765607425527
-0.08283649811325682
0.011020688217307225
0.03730144224831316
-0.009918221019170332
0.014147005475785191
-0.01869750131791846
-0.015445813708742933
-0.007164259149793759
0.0033858284497529116
-0.02022358292504974
0.01334002077635324
-0.02429431673546197
-0.0005618604957435631
0.023982367637345
0.006885614053890365
0.01963868506173763
-0.004285985617528684
0.007518612905506081
0.006587054523699254
-0.048708523725878305
-0.01365073885349047
-0.021384075998985924
-0.008146718974058614
0.027126588590333685
-0.006093780976821467
0.023377829079847465
-0.009314688153600599
-0.015599545387407685
-0.0411644077018715
0.00915709227400252
-0.02087862210139893
-0.004546156661008224
-0.010439621286878229
0.008646361535181476
0.015812649596258735
-0.05600970780670343
-0.009060705009277241
-0.012973324496602094
0.06478439579457491
-0.03146787965409896
-0.003096498296600863
-0.006328884845435692
-0.00676636596491566
-0.05048198070039731
0.027185977030221506
0.005978363764683097
0.006808846843309995
0.016520780472560958
-0.003746539152018101
-0.02111066743405654
-0.05895958829679964
0.023399641675899998
0.023757395615907763
0.03143102084174835
0.04166881368823473
-0.027625008878627635
-0.014547549153553923
-0.008348305705172247
-0.006513961692874173
-0.0415499767637308
0.020216476688227236
-0.004277868178878778
-0.05318161723440184
0.02805581096738975
-0.015817872746900663
-0.0032064964575017757
-0.018975482257020757
0.06955109143831492
0.00496065749774105
-0.040792742192661116
-0.06158371815001571
0.0037645661404106644
0.03349983618906922
-0.021524324013867606
-0.013534695593376675
0.027426128129084446
0.03150664244727331
-0.02156299823456657
-0.03309108015183989
0.01705682765903943
-0.006524762136544081
-0.011214727998214881
-0.021783533676295812
0.0038141758954407033
0.00013723966077573626
-0.040938973863221
-0.03432253688403572
0.01951683777543315
0.023157777379885103
-0.024711415489519876
0.016061663795620386
-0.02256470514270095
0.049813070404680505
0.012405813811849424
-0.017271995501785736
0.024372206843909217
-0.019917908801577698
-0.01687472497987272
-0.019534741946881706
0.01110877107342844
-0.026741752835723696
-0.012582529973480298
0.0006483440116847102
0.009898914648057493
0.0025298447436865527
-0.009764294409004292
-0.047857702408116855
-0.02179368023533362
-0.025844928984506937
-0.032339984614400304
-0.04990949946354139
-0.017425952600116677
0.012748810303812414
-0.09075172929045017
-0.06886392813964645
-0.031488936843505705
-0.008756031737178533
-0.004566005021105069
-0.029938010739226775
0.016191588422136555
-0.018377232777994912
-0.017555582756354115
-0.0174862375743635
-0.016547000658212022
-0.009567466073737386
-0.02742304205344094
0.0018628381886087219
-0.0112308225978495
-0.012510164408554401
0.019313628846887025
-0.003297156335109446
-0.007183538113482287
0.013332258497898665
-0.023307930160948044
0.011454029825129818
0.05592934456054427
0.019755176551400078
-0.01816679127825073
-0.017117426920502964
0.007411883439434321
-0.052091000189266365
-0.011564689586139579
-0.008117227783716518
-0.005849443659864672
0.03366283521181228
0.013009867984420546
-0.0019381866961876632
-0.014070998127974297
-0.005362864708184864
-0.027745462091941283
0.031085689365515524
-0.005140628538905354
0.0020509163165688964
0.03978776178893955
0.001178787100016422
-0.0247546282090383
0.013946578693213906
-0.020367260328031184
0.012908593015746627
0.0007998505156894785
0.012784457187770588
-0.003919308664915482
0.0017921893087963492
-0.026017305159476232
-0.05396616083234664
-0.014513132833149664
-0.02738753830500129
-0.006803664046735506
0.007957002336501094
-0.016005632869585062
-0.024152506191095574
0.00899482867935337
-0.05892803421494273
0.025965357866795897
0.01567338841601349
-0.0014918528817416167
-3.2849202788862834e-05
-0.010103006230547294
0.0472610231136907
0.02443155404011594
-0.004647286974440397
0.02746091841995265
-0.011763374100763354
0.006884812813348254
0.041394138562704394
0.003417891574844222
-0.07021868558958654
0.042700747648963484
-0.0068688160826605405
0.013927816271467035
0.0027127688610698365
0.01477930909766125
0.001309355362149056
-0.010844247290964778
0.03573890493283393
0.0028115617496266006
0.022469705722358686
0.01290659036245249
-0.012993202244864558
-0.06744782089558231
-0.027635627168745062
0.0014015321235941692
0.0063424870945974375
-0.017763261686904234
-0.011613939616915755
-0.04940961242613029
0.029973771092413715
-0.0021680160596781544
-0.014332490337266744
-0.017416516330350882
0.0001076965136283526
0.0038513717467713086
0.007623971113407851
0.001697613417043799
0.017729153425675225
0.014007460904019798
0.07444549869959913
-0.02451210219970702
0.012872061667135634
-0.0018833628433351866
-0.0190086244649491
-0.008183812713262975
-0.03187909250839443
-0.042013708179935105
0.005458832172245688
-0.01229157071205043
0.012296819913266059
-0.06456224745945126
-0.027655803284176092
0.01888272417010855
0.0018374695720404807
-0.005734808542027802
-0.011519560618835962
-0.05090009150352123
-0.011627485708613085
-0.0054503919673309364
-0.06990258607379453
-0.03059572583728635
0.04603939106033115
-0.03618552876550448
0.00890133233068423
-0.02161357912973308
0.02786953725231287
-0.021816582951041413
0.0033528670909587143
-0.0073277339395550435
-0.05691509180380687
-0.008783318680385031
0.008711347726956049
-0.01281125231942233
0.021300763480133798
-0.020721222744457497
-0.0052926150380265095
0.002410872008634374
-0.01705902742249692
-0.007600344829219329
0.009170174392437579
0.00019995384457620563
0.03352431362431609
-0.0027750196011433544
0.008548964080223634
-0.0538050825775129
-0.015185325919111705
-0.024806567947560414
-0.01265221495164037
-0.009646894310748194
0.011456850867236388
0.00260895001891206
0.07828579998149644
-0.004701184568075446
0.000273544592514449
-0.006604081605870765
-0.050716577895071495
-0.005469786989605116
0.0035881704381236657
-0.002576567623034967
-0.02046754550151399
0.00644947691261246
-0.00047414834303651
0.0012905372607541579
-0.010207988598760227
0.0017066178428700707
0.0395319216517523
-0.035441694920181885
0.03689102731746074
-0.007263413785902192
-0.027012412919724893
-0.007364480632919876
0.0005326501627772762
-0.011702668927292211
-0.0005490127293291289
-0.010008137146829963
0.006265418829804837
-0.03126649051609574
-0.061488563375203364
-0.02431820872112975
-0.031720968919199566
0.013595277997376184
0.025113805652475882
0.012402739936052995
-0.019716631496350983
0.009280764762555543
0.005442473879046447
-0.02036680772469025
0.015672533252970227
0.046430426431100694
-0.02812920222324337
-0.012652530808361996
-0.06402353575153868
-0.005283551125257845
-0.032848453822067775
0.005813706418044368
-0.0007372306415147437
0.0043839594916146125
-0.004720469065155936
0.032648183708858636
0.0018187746960079097
-0.04376123159142153
0.01562365165282085
-0.03283372233715458
0.006639853376466404
0.026179809575636544
0.06520496635416477
-0.012190575155171836
0.041090442922385076
0.0032753174031756164
0.04630712216898985
-0.02025779798211355
-0.012124181796150792
0.0001529988159662688
-0.05963675088796806
0.00931409843979818
-3.298955723776517e-05
0.042368785573962446
-0.037020748710405595
0.05574481690404372
-0.016001557498137534
-0.01032435185251505
-0.004721891687838117
-0.007974624741873841
0.020207451819953346
-0.00677180857977712
0.0034688285069787365
-0.0022092499350182893
-0.001997715477920894
-0.020359996847424035
0.02688388692533254
0.03919968408861769
-0.021839172176645154
0.027717554428618556
0.002560242857938622
-0.0017511445510539165
-0.05660360483091328
0.0038552482337108596
-0.001224192571613381
-9.526281383021642e-05
0.056799316283955986
0.01615267154543728
0.003895051483945842
0.018829008058397913
-0.02204336919835438
-0.02608509286566222
0.056362718565086144
-0.00012077354083923297
0.03665249062095754
0.021772963632455355
-0.0023128264798367554
-0.004989099053248864
-0.011482112336910004
-0.07716887722272173
-0.00013231903211418026
-0.03885424480013704
0.015495294562357355
0.03808668420187412
0.015403972877759976
-0.01938751616839256
-0.005800419864585381
-0.0051188431687268394
0.012526929549627419
0.01621092456670515
-0.014815986727119226
-0.020291013273473473
0.006903913408251546
0.024702861468048596
0.005234930101738454
-0.004335931024053444
-0.03269777570166405
-0.05722239516967728
0.004032398464712809
-0.01564946791616937
-0.03984625021390176
-0.03244625928516463
0.040948103864354525
0.025629852167174214
-0.0186831584648037
-0.04208925741424883
0.036762032996057924
0.02084272541098507
-0.009278206355287697
0.007451600983346369
-0.019335069684172222
-0.004563257657669394
0.0005805272012488579
-0.003819583538310565
0.06962100025882935
0.01674184730316122
-0.07346373453713763
-0.0007280875280047757
0.03618732843761525
0.04848271584384774
0.005991638843870397
0.04845577196487428
-0.010595755598139092
-0.0234860655773396
-0.011153741354789507
-0.01763739840303353
-0.0053753133565796135
0.019161817609468716
0.004626906573535505
0.008846637418417971
0.014503823136683042
-0.0037627326884376215
0.00639210116724242
0.0967487104522153
-0.0073311065644166935
0.030553050485142168
-0.012698812475649471
-0.015937142249548338
0.05031994743537845
0.023102569434470237
0.023631355944959256
-0.001942766896063068
0.009652709141081657
-0.00043891201706161277
-0.032897201128680054
0.010759848271020727
-0.012875955244410575
0.029926010633742565
0.018566130272833135
-0.021094747286334557
0.02832695331247988
-0.01304423975164192
-0.03158081936195965
-0.04984971073967251
-0.023048405836650694
0.00233061439603358
-0.015982628870630986
-0.01538292598089931
0.004894221181066769
0.04295892229235015
-0.0077294477416123206
0.030889682518031956
-0.027540878319697867
-0.001906259797978398
-0.017454684730383096
0.04600872965841443
-0.009779182598345931
-0.025071125886163365
-0.005434750840338701
-0.03401105568813489
0.011313741162230776
-0.006929812093126474
0.012882212213449413
-0.019633825069131073
0.022051604454526596
0.016068995530281825
-0.04447139535893558
-0.025728002245978477
-0.07536869273577412
-0.0016850721605067278
-0.02428984096068774
-0.016850568603855948
0.023395418528921574
-0.009235230143666418
-0.006627338311613436
-0.03522645928939956
0.012186469611377457
0.020725724033904287
0.020752835634205647
-0.027585008563615926
0.033313406278262986
-0.013540578974876228
-0.07378817288519977
-0.008149687524634455
0.03487851901511706
0.004994358508297077
-0.006224150947860673
-0.0305879083008535
0.010424578841635017
0.01909452947951802
0.02363581135881061
-0.06587864586069042
-0.043553632201846715
-0.020793836890297547
0.0005789073656896481
-0.008865758670536603
-0.02488885620907239
-0.009415567773647025
-0.009412921633315178
-0.000981783315933111
-0.047663682508121225
-0.008565066086967357
0.012043214301090911
0.0007728720785879193
0.04685778041630796
0.021155290378540154
-0.022843217549499306
0.006218700106309417
0.029704806826296726
0.030105150026913646
0.02520794144948977
-0.018467889591654175
-0.050947257987357775
0.030373302569992853
-0.01198352105843386
0.0035493527928421656
0.05357461334553833
0.05658132912903505
-0.01030419629152159
-0.016664299745362713
0.006255610381760863
0.06988847992118868
0.04154814385705544
0.024861877196262216
0.012233710979955743
-0.026636653774437594
-0.004270726307377692
-0.015594255714391363
0.006952551310714057
-0.002689719092562717
0.027476832600928095
-0.08048648874314855
0.002220598344926602
-0.06175852733583129
0.0028669837499244416
-0.005688267176835127
0.027335232432521277
0.012028046435716764
0.015463547187438758
0.03440703754197582
0.013459448391720424
0.05887919869118532
-0.010064852036074339
-0.009742709782864123
-0.005893238629463008
-0.008409679681729149
-0.015433196461021877
-0.039516548425811704
-0.03584011256697975
-0.006953271184959825
0.030525905928554448
-0.03498841932102016
-0.007690120846334921
-0.006387217368679559
0.008504486592585599
0.0034621145889444623
0.002538119022151519
0.010059273166135915
-0.019317814289183208
-0.018152298018289825
-0.0009646664511081484
-0.007549055430044971
-0.0019769482554175366
0.025066047095488552
0.03146103431921245
-0.03737790628037716
0.025300319493053128
0.010926825111746814
-0.020210509905808232
0.07492470957820017
0.05465079283112287
-0.036960960232411244
-0.00014613298695681943
0.018228170901553934
0.013031812200624573
-0.0043872549385850085
-0.006254440108078717
0.013747815774341329
0.0067441704246308815
0.03403799439067443
0.044602170528460765
0.031584297563135334
-0.025327801813112213
0.08696779607057174
0.0004104305078141151
-0.024692922357436677
0.016507038815366165
0.00934878706812194
-0.002833316457138348
0.026317416733017625
0.0032541285085572035
-0.007206626307357633
0.002483353209720479
0.0358103100735106
-0.05583330546495379
-0.012121917312652514
0.004788776701845477
0.0059923561679071854
-0.03465659710471631
-0.00387487941465621
0.052405677185462615
0.02989423874177249
0.00037257785795943805
0.05743713558393441
-0.014059723642800632
-0.01336427413608523
0.018545065031626416
0.008646025802009058
0.0003010350667125345
-0.04583129861493396
-0.029290494131018082
-0.06850655557421806
0.011733332164474232
0.010018041712585794
-0.029614023424082443
-0.002613997510109689
0.018384661591606313
-0.01168222836950004
-0.022082655545825718
0.011240488923114487
-0.01210829429055378
-0.006722066934494624
-0.011946148977717211
-0.02512866022094656
0.018768406076851717
-0.06498298504726353
0.02438614454784422
-0.02467582402300287
0.02821028554472852
0.03696813836790907
0.01808666338431054
0.027891789878791467
0.018161103729144003
-0.05336499725229796
-0.015368015953567522
-0.004582816839451941
0.00868190804393632
-0.004810376342167998
-0.019141407907957837
0.015878368191089606
-0.010129350210663768
-0.04295316550350867
0.004913360327449041
-0.0004305950506588277
0.03741779861413738
0.0015333970576833999
-0.010541495226952635
0.03080032673362242
-0.001898445473630607
-0.007472500103966337
0.009750019035980275
-0.009090551365690458
0.04862190828504873
0.01851901202379482
-0.02350852466887407
-0.0018431804847585402
0.034809155141395876
-0.023068456990517603
0.021201508546411497
-0.04026545146130859
0.028427748719884804
-0.06731350147531587
-0.029574859880316568
-0.04165812155492867
0.009653936484294636
-0.007838862715675866
-0.0035858042981474583
0.0005766605551889572
-0.020637326977050965
0.00792080618060644
0.011568960508458875
0.024828848869715866
-0.0047599117378061065
0.009490874889906213
-0.04175470748053452
-0.002072223403970025
0.0008499589958540053
0.030586123147104065
-0.021232222804331163
0.01660010979931688
-0.009059993555128359
0.006157112433947956
-0.015401485835597712
-0.011198781403863612
0.015412203524972965
-0.007379931635373882
-0.06467844168453403
0.005948375215842832
0.013271323461794693
-0.019754511002696658
-0.0032602884464454033
-0.023374834295457822
0.008688317750306354
-0.02738793653927457
-0.007394417432123255
0.003062974941497307
-0.0012223420022716128
0.005257385080303077
0.01140108463275063
-0.05368390716581644
0.008414327666047166
0.026293036454536817
0.012448103384760852
-0.0019523371436645457
0.019864062386139428
0.037947455814297475
0.01684335244095587
0.02407624698533852
-0.0010249294822163595
-0.029000736577867597
0.004919458179742485
-0.03528440280134662
0.08868071206502247
0.00522716836329386
0.004588702070448617
0.0011746239900926702
0.01509301147312626
-0.007534005214474261
0.0008703407601287451
0.003435246026882455
-0.0031843022433813693
0.01979443081445435
0.006735619567731016
-0.005979591808763313
-0.019155139776307242
0.041396775626857216
-0.0362277328507422
0.036245206932284155
-0.02621722263058417
-0.013051902562666234
0.03632777586268973
0.023427119528292094
-0.04926254681981714
-0.002408133237693456
0.019315166107715522
-0.005187074130217241
0.010632836542465007
-0.008030362304244478
-0.008306460569450506
-0.002948587350188109
0.01835714577065523
-0.009261239165862259
0.018240870053616774
0.0016524177963870056
0.016268182477140822
0.06353504206759741
0.018567898810638694
-0.028762347029049652
0.053573342966851865
-0.010267538096295587
0.008952247806488794
0.005469817708624284
0.1311958868885273
-0.005981321523486934
0.0024371558234268786
-0.01810441512802939
-0.07711837844436178
-0.02493087912375591
-0.017157613547896692
-0.07679092255751892
0.0168427596191538
0.010855919908782848
0.023952945128596647
-0.008175635820699972
-0.007498769951677122
-0.025386825219132065
-0.010084512139020372
-0.05014518623838519
0.04325330977133723
-0.002091066302919372
0.010565894894136136
0.0048500004499488205
-0.007879622682322476
0.019672157212598875
0.029360977796384812
0.004096766576588104
-0.03851321433350655
-0.004140680143849632
-0.00480376916003965
0.034924317738496614
-0.017662656523467928
-0.00447288641323826
0.03742248833043355
0.01926261625459146
-0.021389797466971228
0.031154194247882242
0.00529116358236786
0.016282402049212455
0.004381587050345375
-0.0020176452882539188
0.015551142718249523
-0.03287393374596183
0.00729197212880393
-0.0003431729943650758
-0.004872478294333621
-0.0013132989961923836
0.03818086659763248
0.08272144031043449
-0.044981667987952376
0.009892267395983178
0.00928918657123286
0.01696182961344491
0.03249263261588347
0.05775222175488672
0.017728630324595422
-0.014662659052586836
-0.01890629834137928
-0.004268586200187368
-0.006937437790752177
0.05954736184440278
0.004138991649047676
-0.033056407749697356
-0.017519446602191197
0.017347408746792727
-0.029930303348383286
-0.023126360043910863
0.028130312960307872
0.06998996475540704
-0.022243202982851793
-0.007842078702918599
0.005908552399992697
0.008438651248138215
-0.06786396696026337
0.03595525473452105
-0.030796372071725687
-0.017360181383193927
0.015475079848565198
-0.0040197799685998785
0.007096197974096006
0.028003583680434027
0.06695298566332022
-0.05415575800196276
-0.00145603210605505
0.03905197573787905
0.02415166111484013
0.029234538494455328
0.02263539594921081
-0.04784049555014196
-0.004547329952090592
0.013056286354495713
0.0014161863728112708
0.0016761089273827667
-0.03549179755657277
0.014612015215809465
0.050885213763444515
0.011008434672672446
-0.01167287303719609
0.014763955874994373
0.017658047456508428
0.0009243890188349288
-0.0027445228281479097
0.00017628704496637656
-0.052874887852276654
-0.01713476553899243
0.014627191063967112
0.006203749452763753
0.01055339079011719
-0.021831135172250826
-0.00853257792689042
-0.0116235737161654
0.0057364603575502165
-0.055473557351338396
0.06896180474305036
0.021835318167009683
-0.015735240671070478
-0.07402601088380208
-0.013556455380890413
0.016313248362719173
0.028137913279257222
-0.006383771282449864
0.042418416148376645
0.0544040633345054
0.03394978506561791
-0.015433740670649164
0.00487054569958215
-0.004209847416676031
