0.019583543507160062
-0.032796255574740675
-0.03638539691375121
-0.06928268485900749
-0.02171966607371145
0.0075601298558579475
0.01967061993525801
0.030159703011827663
0.035604138981723286
-0.011162189607004212
-0.013715462277428531
0.0658180472164089
-0.07576847885387328
0.06764437087363122
0.009131859462120969
-0.008261480163430075
-0.0034706639502316036
0.005080836815867275
-0.010687154901957622
-0.018094005756993554
-0.015163445336628351
0.01543333188267037
-0.04411080784609292
0.0530308056296465
-0.0038965083157172335
0.00623081118952907
0.003953376080184897
-0.0018713395577193608
-0.025609962964005823
0.0163870623762106
0.02420925578090827
-0.0638080666591282
-0.03958840797420438
-0.007065233850562956
0.01703953264396843
-0.026921817830530066
-0.007819470706072753
-0.01107334215083899
0.00350226046072755
0.007297284474081699
0.0037444955483652053
-0.00041576929714879713
0.062754835329609
-0.029569449728493867
-0.0069751830779939804
-0.03058928837873918
0.0001475152849127608
0.02710154399522751
-0.005470642158227208
0.018753036320765776
-0.023164241511119416
-0.006115515505538887
0.054730988079357654
-0.06059715977152735
-0.009093153934271741
0.07239896810563075
0.00015150242936162297
-0.02521821034729045
0.02110979474111532
-0.00803526621531271
0.0024348745368864525
0.048389104640948935
-0.058182621601194494
-0.023352341172333632
0.010959400735284402
-0.0007279274839528727
0.009876791671172575
-0.06290266800518483
0.021405294712039943
-0.00864674926190709
0.03346506177555541
-0.0177456093108078
-0.010231767644322666
0.029025767655040773
-0.06540326466096436
0.015592760340932117
-0.002241126059542128
-0.010335875221399707
-0.0027194639308512677
-0.004543210372604054
0.11608743715790248
-0.08065861113848549
0.017852803077354505
-0.03268840194607026
-0.009193335658414039
-0.0009226474893161866
-0.04222488647730748
0.023719442331148435
-0.019136878813500218
-0.01588796890271048
0.03244835843168152
0.0706644811682291
-0.10720673069271316
-0.020017520728783964
0.0053584494151657286
-0.02191238865920399
0.004653759314787749
0.013371376729422936
-0.009570810396421343
-0.03484021412615394
0.012754162375769073
-0.014109282629327455
0.0022856380624105025
0.004476438709647828
0.0019501936243857185
-0.006248670428234224
0.04073156643478097
-0.006114812760095434
0.016015072924012465
-0.010396655641638256
0.025341188198407763
-0.004163074357091655
-0.007385100878479662
-0.007087347431992269
0.02764037624592442
-0.00016378565388993136
-0.0038469693856665035
-0.016109727557231064
-0.028785515294927604
0.011382085828501101
0.03246181578212433
0.0026874553954165377
0.024200873881758588
0.0006791061354408485
0.03398923558627459
-0.02609722189788084
-0.04998158706142276
0.00719194698015092
0.0032978887948114893
-0.005618169708411193
0.011885669775331316
0.059419259122441885
-0.0013217644645029773
0.010386999936124264
-0.07367433535419983
-0.044372832180963544
-0.004491551932576808
-0.010325660591433146
0.0022422472181799183
-0.0019017926685484866
-0.00020857795305044644
-0.017487038367201693
-0.02555725783333801
0.005292164689355953
-0.07243703168062389
-0.004368400336697372
0.0013894721280582538
-0.035475583892044395
-0.027551981651512077
0.0003927326424659176
0.03926559558152091
0.01253384502233898
0.021190314682859843
-0.04213724819966823
-0.040370743320005016
-0.014216364945286528
-0.00786430717453883
0.0006486890554148545
0.0007698722133924542
-0.02188070559875217
0.006822037339762475
-0.039014090186216224
0.029718431271707684
-0.004769797264346112
0.04156864346797982
-0.018154738975001198
-0.0015431568485714574
0.03669041044052659
-0.056303796792540425
0.03521349482508818
0.05855871847133568
0.042490548851313606
-0.017639156164666728
-0.04505354834152352
-0.00260471197254674
0.02914280812208937
0.05688257365264125
-0.0022315189950364595
0.008760938847881561
0.017527662907637846
0.03993442131070685
0.020852333018684673
-0.013018704489984953
0.025888003956637862
0.11142001869460248
-0.00682613104581301
0.015843078534740564
0.01808291410192626
0.019486752259607623
0.0004046826778723344
-0.02360446593595468
-0.005452183460946556
0.048181637665078464
0.028826639942295423
-0.017335306575836193
-0.011500069000351307
-0.00920862254105391
-0.015615468631334534
-0.006896484445210404
0.0051860047839998235
-0.06834281583350428
-0.0022682585571449565
0.01932500472770584
0.007764058626247595
-0.013492857315538233
-0.022158863577258818
0.0368181880561931
-0.02610883622458664
0.0054739759440598605
0.0012212577472157315
0.009847279011395295
0.10849191444519665
-0.0006254752266666706
0.006919968119403521
0.008112975370969269
0.009668365129972798
-0.034129368378462005
-0.03903673216976843
-0.003861177388361421
-0.002716000175364273
0.01812384113137057
-0.013496387556820906
0.009886568235158225
-0.0028473111220071626
0.05633669225818774
0.018498007851859472
0.0030661307074076392
-0.05650482235682332
-0.039856920245028724
0.0038479237483983455
0.04354166241114849
-0.006252785677904275
-0.0019693816006188278
0.013208055326289716
-0.06037481884254348
0.010574524371509322
-0.019283073753370048
-0.06884056503442722
-0.001970841476895001
-0.002041738734828799
0.008735416997393603
-0.04389992335957573
0.0006510096116045583
-0.03542403532910288
0.028343972920430307
-0.002231291037024746
0.005385170592179245
-4.127898438538373e-05
0.02928284990640528
0.06554601259314921
0.003055953360526313
-0.014632231162951426
0.001826096169617307
0.018650392876425052
0.014322951069869274
0.0240297485939069
-0.0014266152707990117
-0.0644073633635949
0.013293150120363315
-0.03364760701473589
-0.004467246540065254
0.005233742732112332
0.024627979617797537
0.0020556768021792286
0.009524587211541891
0.017781985565923378
0.034047129087871726
0.0065377560576301615
0.0008643253770658142
0.006080303475012861
-0.015624125249031307
0.03520902098845735
0.042067673535092345
0.022257161441222056
-0.03464404357737595
-0.024332267470516884
-0.08383734607212857
0.024553939558567002
0.008645690960395655
0.014739723019874215
-0.02303586810124292
-0.018463257207310874
0.019571332929146524
0.004736943057615148
0.0986194460507111
-0.003952050902856361
-0.005490896689398004
0.008056721697031683
0.03720472604555773
-0.009596875330985919
-0.004280304238211499
-0.017543667655751875
-0.011825749570554864
0.02173804662608753
-0.010221322236067757
0.01677500524036861
-0.007599982111828825
-0.02091924199328573
0.009819358811727436
-0.014484110795955109
0.014609499277928827
-0.0311230891907256
-0.041556280720626046
0.01563392067658089
0.0278409897980799
-0.014832873238182262
0.03056794587356345
-0.023166245750185215
-0.012017680310120406
0.018197204608217603
-0.0015735114635333904
0.05003658925370177
-0.007833518560626324
0.01150166736330066
-0.029690384100840864
-0.016710218503278633
0.005096848024195941
-0.006087268902942295
0.0495059397168742
-0.02076919711148205
-0.0028866088047725604
-0.004120428541814449
-0.04801086845910105
0.05124805458252969
0.006337414137317345
0.06067090803550084
0.011570781104414838
-0.014100177406474306
-0.00932156012648123
-0.005802955342029198
-0.02109655229226109
-0.005495127785167634
0.0035219522934822603
0.012952254795260349
-0.005318893102450772
0.018953908809581897
-1.1982707154348963e-05
0.007798064375096218
0.009645871969243979
0.008844000060117145
0.010073867944589565
-0.06202480497542261
-0.011997658370280521
0.03680083629714941
0.028373673335273665
0.022633557749391915
-0.001714909173302436
0.02519620107203486
0.02187295670102122
0.026135366768835214
0.0753079034048486
0.03268425504528394
0.01029851029702194
-0.01646046117596984
0.004126260520811285
-0.012725146831298785
-0.011881900569391791
-0.0008166502774397998
0.005754504499090991
-0.02136755818468875
0.015039539581582202
-0.009290641404455726
0.0250724950086554
-0.01163666610544584
-0.015196649353957729
-0.00489023086567201
0.03888802692120293
0.0004579459208231798
-0.0015736546244167443
-0.0036325734907288105
0.02399134393398548
-0.03213878188722342
0.004156795967767673
0.02313162207205531
-0.00023036467367242328
0.007298737655996161
0.0051440843418421875
0.015888984358182534
-0.057214539541873013
-0.0167697632125035
0.06601468014269204
-0.02412433883207872
0.059433330989912936
0.028588222598192027
-0.00284492907678534
-0.008848740975117432
0.020857972900130837
0.037904284882013785
0.029336455003439857
-0.01156420795327798
-0.023983422765934726
0.02480294385904047
-0.0265035763852897
0.04867272796709219
0.014073892461941021
0.014404493337115364
0.01042947443149768
0.031074091487670867
-0.05678735429523984
0.002654156617611882
-0.06715014238924799
0.004413242731297152
-0.04316208003524869
0.04568395773306639
-0.020641893536776645
-0.011177456261070829
-0.004094861391519974
-0.02256900104605435
-0.007174425803829992
0.0033453749084063696
-0.012138053337960421
0.04748685258477602
-0.002967450164544992
3.778457779083656e-05
0.01685216519967
-0.0074443201666802294
0.036052196870726305
-0.020791654371887493
-0.007430125091638629
-0.011100491268063761
-0.029791512498839177
-0.0019280322447563511
-0.019593574544346876
-0.013861137640567027
-0.008527701204885442
0.0026097887635131486
-0.04165178374193113
-0.012950250802644584
-0.012424440344456602
0.002243692780582382
-0.0020885543942410862
0.00422687094199931
-0.08014844455540836
-0.0638115698067076
-0.024983800128186493
0.037599114234544595
0.006131503816426271
0.00986639369616979
-0.06869325934319367
-0.023545290336468672
-0.02608238116049364
0.004019308516068217
0.0204807058316459
0.032214390215852956
0.019245035923687107
-0.014477088670334802
0.026284689724876544
-0.011219885895461823
-0.0536267672863781
0.022194100829234776
0.0017873577520261844
-0.0063864583874892935
0.0034353926381463637
0.029892968983175897
-0.04243194016412563
-0.00387614386103702
0.012141714573692735
-0.04783105921391146
0.006513345783302967
0.0002893192428544366
-0.01675348713791707
0.04792009565276988
0.005029413914111033
0.05909818468689628
-0.009501474307241917
0.010037635320551727
0.013385389468544045
0.03250757330081755
-0.024919831867668628
0.04502967119147082
-0.011966656237477611
-0.041878601932340845
0.0016516076380323117
0.023426125350757377
0.0027622784238716695
-0.003591638640943321
-0.03686657960394132
0.0038133964226481354
-0.03539883604198198
0.011835519610702361
0.02172490505049866
-0.008374180290781972
0.0006691666921847067
0.013702735291269863
0.017576216544246483
0.023180839695873583
0.07183260259494864
-0.0021102174870562228
-0.006613072721942192
0.05018140427604944
-0.0038668592025247195
0.008148019599394015
-0.04362796810389874
-0.010079259154946547
-0.0003797683889153852
-0.027932807462530986
0.036299330161422845
0.0434474673872365
-0.016428773515938397
-0.0024436421182763833
-0.09833881228351653
0.07016821702516081
-0.01889832124091346
0.00044010240985661766
0.002436795421300622
0.009521275052422023
0.010932739357286564
0.004635976532410295
0.011966976397158628
-0.013658637944676876
-0.00034884986498432183
0.001106126126628049
-0.0009594966737571953
0.005735466608868785
-0.02163684295967179
0.031152761599451902
-0.00089778000821277
-0.031425643749258124
-0.007133771038113337
-0.022958659297426354
-0.0037983604608164746
0.024612910169885316
-0.023662994690462583
0.012965655648437345
0.003055508300180875
-0.0040137996200293805
0.015134351210114208
0.003787214774193389
-0.043960235956268356
0.017468893441602656
0.036174033065312125
0.0034132393534917725
0.002475694547085764
-0.007506400195502889
-0.0069692011491301695
0.036036697734708904
0.009391608483500236
-0.009274088867201812
-0.004271746426700489
-0.010229670489042096
0.006274031828143531
-0.003350528496473274
0.0076327007407376
-0.021477296147021898
0.010319814982724702
0.009919744081838393
0.01209624832748994
0.028040554314378012
0.020244546345283988
0.03819816803029045
0.03790470567435099
0.028588284196318137
0.005049889505596998
0.004622463433211578
0.02548312002074473
-0.00018855033642678693
0.0002867410941148512
-0.011820889348386798
0.03325050221367234
-0.025313364104620213
0.013185173316711237
0.05855383347442709
0.010697396167771033
0.035552435968693334
0.04383556996673224
0.004514652356551088
0.011569712318178318
-0.05499350991568758
-0.007867223873938674
-0.01726539274336894
-0.006475254714278275
-0.04308202536162316
-0.001159190813855481
0.011074961455103794
0.0032628912307611333
-0.007311629780966677
-0.014198031542728055
0.01574879765069545
0.045517446005549154
-0.06863500814916082
0.0053980347903015815
-0.0003798985368870279
0.0445554247320083
0.002874909269865007
-0.007341900941716615
-0.004129510739115098
-0.023820311880445394
0.005925801824912768
0.018814054578007524
0.13013791709501518
-0.015951831390312768
-0.0396794616995466
0.00046364860709655943
-0.01732889959220813
0.005561320829940634
0.003474106938256577
-0.03456211360197822
0.004714380077275322
-0.0024410301388571387
0.0041206892990236724
-0.09423059725969088
0.009674578204027773
-0.026100472879544857
-0.009890458321463935
0.10326283140516232
-0.0032977402605019863
0.024601189401849233
-0.008258057627446979
-0.007484873594037494
-0.04735316676002887
0.015569225661736056
0.02371443085082929
0.01418137609336887
0.010918791324759121
-0.004252311141206229
0.022586097330068115
0.012214586156063315
-0.006562824237006083
0.003920781119773518
-0.0005202850939431476
-0.017438343021105744
0.01551010571226002
-0.044026635160138015
0.029282656262570317
0.0006106706599866117
-0.05989926171138516
0.05240485240344849
0.010722630794460111
-0.003210308287252197
0.017729128330913356
0.02658580066305295
0.018980784155151854
-0.007113308480309816
0.009730449185897558
-0.011762635955325848
-0.025972097441105506
-0.03310644639937845
0.05950100258896703
0.01994295881387762
-0.002008255709232369
-0.019472181493067803
-0.0022911631270743898
0.00767043934476838
-0.002575430518851696
-0.040438418889429416
-0.02428021413087273
-0.054105712743839386
-0.01711756842447856
-0.0009672258487718314
1.662380109618778e-05
0.05956886835859032
0.004718181164465897
0.027930661672404173
-0.004433279954601957
0.039356822007660365
0.01841739338648339
0.03285704339377413
-0.0041073554187014685
0.024366636723477362
0.011502102750811228
0.0008985602714003079
0.01626895314572164
0.04394241271901311
-0.002484256043973114
0.014608876272084669
-0.013910530456034865
0.015026501986244495
0.0009690019137332004
0.06784842029413676
0.020811779060378722
-0.024358379483599063
-0.024913290513919658
0.010171883831911597
0.04498307531806313
-0.05048318495020976
0.028067362629550643
-0.06592013307479334
-0.029287935594064982
-0.0076935673075468865
0.012839769506172289
-0.007640033904703511
0.013215929506507337
-0.01393545491791349
0.01577304945558861
-0.03139874790909501
0.014928675113973455
0.008610871132521583
0.04568829653370928
-0.03852525479731856
0.02185543899132059
0.0054785143849665225
0.024756061037580646
-0.06866304355163874
0.006714656186391891
-0.024951344052904306
-0.011112056080282094
0.00020352369676478787
-0.007402672686359512
-0.01258568862826774
-0.02084149463303521
0.026435091322364233
0.05726312354987112
-0.014202255499416552
-0.013226259224368769
0.0053176981584026305
0.002500712681661972
-0.05079838597838743
0.010666009389155637
-0.01184773298513975
0.032093683309561936
0.013249468173778348
0.0018457503379269923
-0.01064941341192255
0.026689081835934127
0.008364949304381294
-0.02907609221821857
-0.04101865593487853
0.0254504471661346
0.0682143572441687
-0.028447550866218495
0.0023924097583835984
0.027033140833200908
-0.040119510900038124
-0.03510119269790922
0.012886187729765236
0.036353260038210815
0.003634514775800179
0.002358196956531988
-0.02049713533970552
0.03567214187784112
0.02060961964457689
-0.007623918098827032
-0.017401131881565935
-0.018678961321920155
-0.002299112631831897
-0.016882556778989793
-0.007270066749944096
-0.04455049199078307
0.05221222268991259
0.02876059414352793
-0.0028828759641510043
0.012219691285807464
-0.015223286527666127
-0.0020540778087326786
0.00515342845562025
-0.010141753330255169
0.007177235460874883
-0.012874340787172853
-0.0012692977504766305
0.036763024597952
-0.023573365708758724
0.08209323663214461
-0.022411139790679154
-0.01683537356218579
-0.00225604123210633
-0.014557578923093997
-0.04177755016067592
0.03409122080801983
0.027579295181237765
0.009435906089809305
-0.052226962681811755
-0.0069402137940074455
-0.04237399330161153
-0.0317414712515529
-0.000806173096947469
-0.03178745702440688
0.04567345464563136
-0.0006729302491762397
0.08491342084546864
0.006651886385819826
0.00016311203246670563
-0.015148287057966501
0.05540191447470616
0.0062195451411367455
0.01071297550363218
-0.005630948986355898
0.009818409906354613
0.019141945883309107
0.03155682029987943
-0.04202330056915134
-0.006956678550655115
0.0021858174519425993
-0.027850261181310187
0.006051631766539495
-0.03608669697478041
0.032669726245570165
-0.001937444174020161
-0.04584438297500422
-0.024326406794280577
0.018087058866793584
0.015245992484895044
-0.0031966020142097087
0.03195688809111289
0.005750848419756503
-0.008894184393863983
-0.012590928599980511
-0.04211792863380322
-0.04370920198695457
0.03290110936836872
-0.017341046451726558
-0.04408227412360001
-0.045129511716391346
-0.015365154554618347
-0.012822866465948405
0.0025738995445390594
-0.0016158060687759025
0.010015781195396086
0.07315999703592786
0.03891958597311779
-0.02224494125621417
0.017443796059802442
0.006615196182920604
-0.013082168045834097
0.0033300198109282443
-0.011438656112459623
0.004308953149176306
-0.02106917017357515
-0.008617974615044934
0.011755059536397779
-0.0804457112353854
0.05043948414720736
0.02300944957616638
-0.007080921453801554
-0.008491355586712185
-0.0017885366825975684
-0.012848720849116538
-0.006303584665487401
0.042842337459935514
0.01202310836184667
0.014971969422601683
0.007560490848548533
0.007444096540453004
-0.056478652957997574
0.052905093798886915
-0.013137573854325525
-0.026190672095869998
0.01829087357316852
0.01732694574548033
0.06414637870661517
-0.040906224926057194
0.007521839573967185
0.02688180676136277
-0.009836539165337773
0.04381326175149116
-0.017929070895326367
-0.03678070038148638
-0.007655178971216198
-0.004419892165898957
-0.019890262162892608
0.06083430616816884
0.00034037808720945506
-0.022805284915622125
-0.027667005650500946
0.05200850459226484
-0.003227419194217424
-0.013500455602780835
-0.0024681408535444185
-0.010312390647168736
0.048851868906073785
-0.044601417043577826
-0.01021003361987986
-0.04435327771777064
-0.014599363748450526
-0.002971969625822344
-0.032287015132078496
-0.0023922123426724545
-0.028077324179787873
0.011037811810522968
0.027761813255287694
0.015165302436087933
-0.02110742601104874
-0.009436210974192784
0.022542598543643252
-0.01672547002428128
0.026864718040420656
0.036318202782456746
-0.025769107934378758
0.007020863994456829
-0.028793405804413367
0.0033906951877889853
-0.0062442783367083554
-0.006286352386143641
0.012852208232441808
0.013010743770317378
0.003371750059135042
0.010992545702896213
0.03129637273464925
0.0604491486054642
0.022728399834959164
-0.004359237024821601
-0.0017183978623029898
0.03563564411621138
-0.025136533189560443
0.06132975288112949
-0.004631506416107814
0.007154023022911779
-0.0055134946720145125
0.00016535452369615165
0.053515889848445616
0.03792654261690803
0.01838538438266975
0.0015726613061144022
0.019975735697028183
-0.007918074278547522
-0.007288885798632941
0.044573294665778425
0.0020055200985800025
-0.00032034835662290154
-0.04628736830903698
-0.0015946042220707048
-0.011558304079183436
0.03386970066112413
-0.009594882753866378
-0.00033102180255473895
0.005944130555033455
-0.006662021191568375
-0.02500091749838771
-0.05620352868518971
0.009872689946008312
0.019681203627334772
0.024253277887582206
-0.005645471516318785
0.01780958896292607
0.001957380758637294
-0.008314607262110738
0.009736931463810432
-0.03039150718098877
-0.005353485845942466
-0.012572639339421194
0.0229370654210458
-0.010129056221902974
0.004532446208475835
-0.03185683476820927
-0.007383743619447592
-0.02786955503572472
0.0027322743741969627
0.0006605908379235353
-0.0774630778975829
-0.03760814948192711
-0.021912617641277905
-0.015640103767313354
0.0027766650101273983
-0.0016730080389736916
-0.009867805810334442
-0.00972005615766853
0.020251941704075824
-0.000518188485585528
0.02909593039706049
0.0016918314884682329
-0.015008900986773831
0.0003200829147944571
0.03102378655370238
0.01636464664638519
0.06775925487886518
-0.01875199502441432
0.02204075192596136
-0.021832363479093005
0.05731884110096057
-0.0031883256471867513
0.006815855343019374
0.030767263645648073
0.009531615940833021
0.004808205034334928
0.013566825666077404
0.017202163035724208
-0.05510836224126456
-0.013856593247506488
0.0014292851849135356
-0.009919325188108345
0.03888369094280233
0.0016187651147688974
0.02065435126098237
-0.056757271093951955
0.007004223989892897
0.040057737816739956
0.02540650789670917
-0.02470033195457895
-0.04336986603789276
-0.008860502871842842
0.005658940071799636
0.021749024578164234
-0.009258964359119302
-0.02519598842955295
0.06282746066169406
-0.023557690678294777
-0.003879917614307406
-0.02132340799960473
-0.0005947226134365039
-0.036846338020571495
-0.03676511595445079
-0.011933592607913844
0.02454753814829583
0.013085107404692794
-0.024098402474466884
0.007521299661044501
-0.01866817734697174
-0.007006895589165088
0.003987918331639023
-0.027434983347797988
0.004672932616439098
-0.0035501588579435256
-0.07659295921365515
-0.09681610706707244
-0.07078805702104833
0.059398151517956695
-0.005593983753101474
0.01284607089618
-0.03774609893606267
0.002032556878248248
0.05119484140032781
-0.001608157880862775
0.03874376435492429
-0.011716534562025796
0.00034412089463131424
-0.028621413343570004
0.03392757317793109
0.006701415804209727
0.020285181269399002
0.0031125115888438787
-0.03226652596909713
0.006300098809510423
-0.013154886948123185
-0.006470063094618916
-0.005114226104265721
-0.02480672209797224
-0.005185493336449073
0.002360127924640991
0.027837534968749928
-0.03008687340612177
0.01904593213135262
-0.017806653357719682
-0.017691993359091728
-0.00840440519417031
-0.020860488409839516
-0.025595704594207194
-0.019682541218528415
0.010734689504735004
-0.0004501896008513238
-0.01287836554988158
-0.047053963598159686
-0.03554215337026875
0.0034659285067575886
0.006541791440068237
-0.0237901761597222
-0.009831576713171176
0.04464670053102964
-0.006362411086780084
0.008263148876344294
0.027858050946812693
-0.015657683562414933
-0.01896275110159833
-0.009562757588516315
-0.007386505857337405
0.028144529005189132
-0.0021391026440635906
-0.04904989042032225
0.0014062791658194173
0.005887542425428684
-0.059336327334478134
-0.03410898204034995
-0.028710534983256465
-0.000261434284527043
-0.014370029709817798
-0.023098578511487628
-0.0069596580771819055
-0.0006200903438509245
-0.022593787913668936
0.04350542500500559
-0.013364364915664874
0.07617981788313706
0.029582823420966402
0.0026211536749401383
0.011251725683705091
0.01031546940155749
-0.014555316558655147
0.030562885929643704
0.09935053762374238
-0.017508782442996237
-0.014754449437708069
-0.013265203072257791
0.029606727174851515
-0.006303306069802668
0.00043523175190532653
-0.022427465717336285
-0.01901898732624244
0.008769422506774429
-0.001468020966716409
0.02009570837512204
0.017644696065021892
-0.04542429472600856
-0.050634021730110654
-0.0007266172724541548
0.011909685663396204
-0.02795057361290752
0.014744697575350268
-0.029852695285385405
0.014122361779978703
0.01498390768103061
-0.0030509678154552766
0.00306990398401794
0.010372190469266953
-0.018360137832116534
0.042482501813126
-0.0006275361580145824
0.005988137815538788
-0.0069598638310791544
-0.049852629582324226
-0.001248891700604777
-0.010521888980372296
-0.023037906526260515
-0.029927896156201887
0.024093093200869876
-0.029353704913558095
-0.0011440023556030276
0.00010667503583384531
-0.02641314070906485
0.050289200014143366
-0.0042219424511486005
0.019848400010303406
-0.03602605359004382
-0.015521756304486104
0.007843888106789036
-0.016510197725037108
0.041162497611128036
-0.013648827860630063
0.028727368862056422
-0.03783177142382962
0.011722079337849627
0.014955760168652889
0.026258738877104188
-0.026416028703445033
-0.05993897314396882
0.03414319543532745
-0.033732295713529536
0.013445758508471416
0.018678468646864614
-0.023591221119974005
0.06345263096914612
-0.013320797268157835
0.024094654930135444
-0.02169788240003784
0.005124171156461783
0.033200946474319044
0.03994609509726582
0.05047776862798248
0.03582406480695635
0.05195637156390335
-0.029250991492486535
-0.001841295209745037
0.04617817120730742
0.019617167616341483
0.006697165966956083
-0.03695417766781336
-0.0024917188632092055
-0.024066388264493283
0.0001701584136682399
0.014971469390219896
0.024971404765940217
-0.029567509721929713
-0.006525063824025007
0.006731620258612316
0.008824376221462862
0.017306500500235626
0.01679401162001495
0.0560059384215026
0.053723870773882534
-0.02725770439390925
0.0061508957059667625
0.013631453956621069
0.0009080700778026203
0.003818162938674795
0.06660920256532357
0.00871206866720914
-0.019224097417551315
-0.019744399614477267
-0.023050207142451564
0.005054525982764074
0.012497678046992877
-0.018868426757787823
0.002400956970803615
0.015263384255551612
-0.03399593706948439
-0.008952438390048102
-0.017238690185698152
-0.012290001316151846
-0.0007287975671444484
-0.009637165258581307
0.018934797387143956
0.018248105356526236
0.028956627693535266
-0.04847596241078595
-0.03154005103799514
0.05057983831501862
0.027949455235569538
-0.016647488877095246
-0.015914466159087943
0.0016755977973484596
-0.03753470735668138
-0.03940373946023914
-0.021455745591799684
0.05801316271000995
-0.002869808903205316
-0.011581178373746776
0.012621743006172822
