0.06480654198836965
-0.020828813356514302
0.00586868980660618
0.028737514014329762
0.02608593410237908
-0.017620788473338412
-0.1082143366787852
-0.05284070096472058
-0.0032747340658584086
0.059518782153362995
-0.007214510099087257
0.04462740592838332
-0.007230472294669793
0.011039019631087145
0.0006677269443158475
-0.019727343309311324
0.0417186625180901
0.004765253895309377
0.00996366628943195
0.014803721983989467
0.03335106635737857
0.041060779488911146
-0.04356528122015944
-0.022443377782184432
-0.005560489633915879
0.0003515091711889073
-0.014858620089658233
-0.001646903601008158
-0.018413858647795416
0.01939371535969599
-0.015730115598499742
0.02419030885795785
-0.03243577789564287
-0.01798156838134664
0.01727834243880128
0.006822963880882575
0.010853446039457516
-0.001620334161685631
0.013753210984670366
-0.007344591604092608
0.007252323993068347
0.019088210564477702
0.01143542401042739
-0.015751734292696884
0.04619729979050184
0.005795010894245647
-0.0020063626970787335
-0.0198682438379337
-0.014580868301151241
0.005849323316310561
0.0030089670027133616
0.004093853806115311
0.019563060968616805
-0.04785440045896897
-0.01451939094329478
-0.005269112326074573
0.006559350450717969
0.024865458482062217
0.04321460434403415
0.016112576624713507
-0.013860226016314819
0.03167480946007827
-0.023903526808403193
-0.053383875819443725
0.06788989940517137
-0.008570160108112432
-0.03160424179350749
0.005115894699493925
0.02492754786951869
-0.017824495550441327
0.03144897490737813
-0.005324640211117151
-0.002567831838728823
0.007880806416521764
0.004324998921732474
0.022652578628001196
0.004179771360410595
-0.014989043985334502
-0.016067440113333338
0.004403841997272447
0.01062988742013903
0.03320944151464524
0.016146241770501963
0.018252769422532428
0.015414134028874028
0.028124623160090595
-0.01797893589083423
-0.01427533129005506
0.0025279764131553527
-0.013085648650234979
0.02207563877637329
-0.003426952452954747
-0.12996789173145457
0.05356362236639579
-0.01256236947045041
-0.012052794021556084
0.03054323283538679
0.02888890322198283
0.027844963845308206
-0.04049162953131253
-0.026311106301836317
0.0012500600928766234
-0.01854037564355428
-0.0004547720077780662
0.014658464179155652
-0.004022992137400385
0.04439979239830701
-0.013539120362617936
-0.0062728873831217145
-0.008946893442289095
-0.041663872045477376
-0.012151754104791284
-0.004692577930878577
0.05358554821107591
0.007966295503459751
-0.005674380960384933
0.019398609960400735
0.05765215824960569
0.012029507090148824
-0.021989368111729968
-0.06148562271429053
0.002287620411166348
-0.03063410496551292
-0.020809538497502895
-0.029749389279239632
0.07732983546958958
0.045898802297109
0.02993578487458615
0.0120089236070472
0.041956586546772416
0.03530304376204909
0.08216623486855737
0.0207665330641097
-0.07600554005343248
0.0036333483002804505
0.01699428369044669
-0.011936299311241296
-0.003838081500749228
0.04284697007175503
0.0012591001533262729
0.0151938134946592
0.029869692945461036
-0.03200570688542828
0.04136855815107338
0.05453713144416453
0.013260814541386548
0.0008471003249023393
-0.004715816004621532
0.045899565031692825
0.012429815659553088
0.0036621046951920834
0.034153217112787765
0.007021357888586946
-0.02431558203642145
0.03476008574130338
-0.03768824941586637
0.023420070589082267
0.027700949625063302
-0.01215481330714946
0.021592623144717205
0.0076072828989120905
0.035576515220765784
0.002414378506887434
0.007206419042256916
-0.016855099898248304
-0.043208526084352716
-0.005262922930709217
0.0338566545281654
0.027965186292695402
-0.07128738493424758
0.010569361799364914
-0.03552773348150626
-0.04595045868706924
0.019244825159059717
0.0757144362331789
-0.005425950680161351
-0.022388385263338494
0.017120232283215294
-0.005566609562778885
0.05329466219308006
0.02584168502232774
0.016225164465644693
0.03659307884603692
-0.021106823693245326
-0.03135509181085153
-0.0059128527307226115
-0.008146889065676413
0.0030879764439336057
-0.03109845991957894
-0.016613293567752006
0.006814697720677872
0.005928237170518876
-0.007155855946293749
0.0030441930945683043
-0.013491680939131308
-0.009200284197701103
0.010271267056122295
0.0006702548262947234
0.0029804125064723623
-0.0012515357271117467
-0.02250298550344826
-0.003264423307649219
-0.002909860367387139
-0.01843804566160646
-0.013987400730615529
-0.015563456780283593
0.021321209279179854
-0.026241284775095235
-0.02387213062307686
0.02633454064663415
-0.011208145432265573
-0.041733722624742155
0.006123639512761014
-0.00897236754405507
-0.00836230051334869
0.029784612241720028
-0.04310111376488572
-0.04740320620926042
-0.040486377171812145
0.00984691810337028
-0.006288301240524964
0.040116121394838375
0.0555270010854879
-0.030904193788628524
-0.015579041055079065
-0.024258885954017918
-0.01266347515889017
0.058693250005676836
-0.007354536290085418
-0.047049632053817486
0.007846995115191076
-0.04798552943891007
0.029675629461399036
0.0029516694801396243
0.01867194570849613
-0.0004680844564436906
0.039665759202082304
-0.037589183526134426
0.02590949882334563
-0.0009188322847100499
0.013112435794168778
-0.003019180504823258
-0.0008345733716966998
-0.007168316608854023
0.01345290615197795
-0.006303464887893447
0.032906817370114104
-0.007477235672603787
-0.014323540338455894
-0.049147383181972905
0.012778729270316034
-0.007938772347001794
0.0036822600238888632
-0.025316944475740254
-0.06053332406356275
-0.05320212204065361
0.007102815840569159
0.01612457050122824
0.09477525161252759
0.0323115121513286
0.04348063998314865
0.009078592199067759
0.024859352499149747
0.0475415773285525
-0.04778627228628154
-0.045293086327689795
-0.0015469557611362923
-0.007769707938738626
0.025052674807580888
0.01886795674012113
-0.042434455457964704
0.00017867361815441298
-0.02187340001426179
-0.038852780865144786
0.00733173089228582
-0.049301613184906855
-0.016446399257358933
-0.0006614823501221112
0.0020152762426692587
-0.004165172151995619
0.05111606741567576
0.03548256482418226
-0.05991025987703653
-0.003445008701875079
-0.029792217941187468
-0.0020926432896314624
-0.003634322782065909
0.0003642379523469224
-0.018914740159377597
0.020230210627347516
0.008131555284345945
0.01311315356132812
-0.047997238132855155
-0.004171433293473344
0.005547899627394177
-0.024650736112844823
0.000532007719138541
-0.037921173617059684
0.06234540609592485
0.010710688034242697
0.015242590220740418
-0.038108163824098276
-0.009557435103226116
-0.006998508539896231
-0.020223662179939143
0.03574381370888951
0.010469559571573602
-0.02162227601478596
0.06962820618458494
0.036272569917569795
-0.006739323416167772
-0.03181371528488353
0.0004854538895155832
0.0071169465911105675
-0.0032896698528562304
0.005943095272142422
-0.005718074715140273
-0.0013940790213890961
-0.013724855387153904
0.008205958573920223
-0.0007940612793230478
-0.016704611728842918
-0.024695988728901087
-0.028689878657747248
-0.004424096240420321
0.029205181957585556
0.018251434542785883
0.01768036603979672
-0.0018403101880525745
-0.015571346210002982
0.0007146648160049879
-0.0095209602898672
-0.03555118315225634
0.023434580487679508
0.0007113074777316461
0.0034000022043038855
-0.0013337043886792
0.03208764951896595
-0.005606923670102001
0.005972091098920418
0.011253516363799777
0.03356850459628838
0.027363732963968566
0.014210326890133742
0.003392000548098396
0.028761381878308526
0.024164701530844917
0.03767753932905943
-0.023004751125676928
-0.009956553731244116
0.06294339722618708
0.012101731165945671
-0.019090438016380436
0.06904328525231523
-0.0012782570547511805
0.02306938043814448
0.012681442995475111
0.011434196637960992
0.00544084245122943
0.009345056134729093
0.02840065520396999
-0.0004144071469939684
-0.026186568690229596
0.048786588089554536
-0.010440219210927068
-0.05512373334495638
0.008950076317834066
0.00966461658247446
-0.031519932504137746
-0.02547272490916584
0.01557434681119352
0.0029907333628481324
0.03462517063308897
0.011822171719294472
0.009249436670520035
0.0011158388716642675
-0.00486243691649518
0.05221542332592841
0.05287846512371958
0.02309405608013972
-0.05977200673712949
-0.016937965862957333
-0.054254085758267276
0.001702901175147974
0.03823845157531428
0.009383861840211411
0.023416191741811518
-0.029496936371267074
0.025454305260705305
-0.016572014998064693
0.022373067715372924
-0.07845105978775464
-0.006323858842187424
-0.013808071904404086
0.02933151934631504
-0.015645639068419398
0.0015322500308156055
-0.024551244802444055
0.03283155375624725
-0.0035613905148037684
0.07377450667808612
0.008050103487652447
-0.034217771818952615
-0.01797782214421974
-0.04877932855518121
-0.00404389597667126
-0.005311942117235237
-0.0370171026778892
0.008473220168229965
0.02058609121858408
0.021264701622708305
0.0017553364304701514
-0.0130138713827843
0.0018519713681661983
-0.04261078691010516
0.006509008804560892
-0.013684935424696447
0.010998522546086215
-0.007229503102041535
-0.057397370907501764
-0.08816643064989943
-0.0018472712777308472
-0.0026796726577909473
0.03530040967096791
-0.0014269306459023846
0.03194735047485486
0.0034270635652097516
-0.0039343109077775275
0.04740543797377862
0.008188384496737436
0.047777762929878585
-0.01087865869371143
-0.03521761908223392
0.059997926737951304
0.030175072935712692
-0.053781415550480306
0.01512025540584925
0.052200184506382544
-2.4615678287517062e-05
-0.02100892644524806
0.046017019795595
-0.06468510818130445
0.022158140363362715
-0.008961244095951532
-0.005523766633697889
0.014358421222289648
0.0011752466328668915
0.0159549209771023
-0.011549404485657248
-0.01671824481588379
-0.015275397665973448
-0.0012134950250527637
0.005328512579100523
-0.0007504533887460653
0.009335786956661735
0.014966720254438784
0.041083132810657404
0.009263529923337418
-0.0008078305497242915
0.011189439186358442
-0.012645994642841206
0.03378217066231031
0.004424858139520034
0.015498038755130832
0.009008410706373078
-0.0010112148807525094
0.002463957734567127
0.03132340132199054
-0.015919864482545884
0.039252638865864505
0.02116603169925737
-0.03539967587907109
-0.027333336768092492
0.008752509207245927
0.02511704793801019
0.0028292500589000296
-0.05420390073388429
0.06936748048659393
0.021133388565952104
-0.0424777416701106
-0.023434124904014163
-0.014617087019464707
-0.010450346303302722
0.039848667677730695
-0.011513011802609132
0.007747420151164942
-0.021839839935060074
0.019201697039702776
-0.010002776804256172
0.02822988264288767
0.0012601827753537039
0.006648521486171811
-0.002082997862005691
0.06501564666882037
-0.007486706682058233
0.03846034483621969
0.04734290082359378
0.009212924526110933
-0.0178237311369129
-0.0015189940306387186
0.07231184526064338
0.0068403847943194354
0.008457812037772803
0.004970434851871629
-0.013068019490684141
0.02639332285580922
0.04315331127636457
0.03247417989542909
0.0019474507769930958
-0.02047798688276558
-0.03276607138959363
0.00979989022809448
0.0009662834755528957
0.011831371007918505
0.03146190028459917
0.05801883790699262
0.005372313585909022
0.020236186647419194
0.03617151543172568
0.003615272647185396
-0.003041153359957854
-0.02490743089806638
0.015407228741694963
-0.0017314119870574579
-0.006795097519120052
0.010783042332302121
-0.019776730489876097
-0.006573628872442566
0.01589765982017631
0.040285507019179385
0.06812546640676102
-0.05462176261197507
0.013562823595402201
0.02156182567451621
-0.04706441344783216
-0.044479220607204044
0.02269409040459146
-0.006875774042143372
-0.015706899079906914
-0.001555267693105284
-0.008351399610842754
-0.02809211469069026
0.02883174494685913
-0.0023061447173371168
-0.03210481311019982
-0.0005723260909179664
-0.018181244556419753
-0.09302687990824936
-0.01891872639767149
-0.02876643899260997
-0.030022403112956852
0.0020394798460871793
0.00044626808818340263
0.03098392000638806
-0.038556551531553664
-0.06635693163164615
-0.03576573390176818
-0.01243860789219592
0.03490713654676322
-0.011282845351548106
0.014628049952901642
-0.007573556949418086
0.022802096534937803
-0.040468617718316606
-0.04953872298603167
0.024152564105374245
0.02033673526819952
-0.03373042575035414
-0.011544812939755966
0.014779869974572887
0.0030620389499571867
-0.0003263255754671678
-0.010362514500347916
0.0011753719015396356
0.029458438192697733
0.005904397103317017
0.00022490019873227146
0.002062600430752076
0.07138226367136381
-0.012833833247417539
0.012394782941885299
-0.027523332849059664
0.008830611872152215
0.00010049204506185435
0.042780093530972424
0.005296157353731441
-0.01539067047765012
-0.03995191225016718
0.005489260485847672
-0.09453030154489694
0.003416289497931812
-0.03768016060467794
0.006753904005144675
-0.00017904960877016405
-0.0015593651548008623
-0.003676881211180224
-0.003855556229930551
0.005125435346762782
0.014103979168910593
-0.002534573170281453
0.050658084893739824
0.004079830666125769
-0.006499203149836405
-0.0013571027395085915
0.04204307192235872
-0.01603903379493522
-0.00046726625020648274
-0.02373929739716558
0.005334867775758623
-0.017481319859229728
-0.033172624568208596
-0.013298887060268091
-0.0043214120399942485
-0.006956363511061434
-0.018266861258574248
-0.0014565266655940832
0.04815961190974446
0.012977970449832867
0.007345312665510695
-0.019168002380199674
0.011281716082398729
0.04956835635249491
-0.037917435565342106
0.0202336671988316
-0.015478137792862265
0.03400914832631661
-0.014422934677553224
0.014107134606202214
-0.010531412445817321
0.060298962965496486
0.004196061934697939
0.05495887860710659
0.033057770889820134
-0.010525274080447336
-0.015434181425243337
0.03203745321026388
-0.002890070615418662
-0.027526942291010777
0.012415301538153586
0.00880194681039335
-0.009716285055155639
-0.013039826227903279
0.012585680488188625
0.0261859049880469
-0.030337827198876094
-0.011497423038622409
0.011717265593041372
0.06752223437331162
-0.00038440958483842926
-0.013722288224763615
-0.031959230982335954
0.04060290986109513
-0.02353264451478052
-0.006279257320655963
-0.025616852548345892
0.02825273221018968
-0.006651789940196802
0.020510968049066436
-0.07738951067443837
-0.011653085681714376
-0.0003369927007716546
-0.054211533780466295
0.030188025569265465
0.004289808568949437
-0.005511617400187574
-0.017133631353979058
0.027544274553782083
0.004321095928179493
-0.005402725871255707
-0.015407990938209649
-0.003493696553858255
-0.0013647958441280134
0.008763546953802843
-0.020386663223152517
-0.039848799173455164
0.0463447301837005
0.035640535165641495
0.021202678294370704
-0.006362231412642862
0.0008921883116262045
-0.04789203625797985
-0.002752172349700247
-0.0031292743186110217
-0.013337401524402654
-0.1308661913714977
-0.01683751000546069
-0.015021258614707452
0.007635401472909264
-0.007752680739808956
-0.0018287135651021136
0.057192830018986056
-0.014880588999497353
0.008704201162192128
0.031666219044855864
-0.0012362372658754506
-0.021915415951158916
0.026710926793733773
-0.049294506315889865
-0.018722082493262324
-0.010097976821554245
-0.0057240292502737
0.027434429735352105
0.030217176034305224
0.015621035783263373
-0.014692960845657358
-0.014167912356425517
-0.0065185897758108
-0.0028572988089161314
0.01816283586245335
0.0025750961115497974
-0.00761922317352346
0.00779753237048165
0.018850822650499633
0.029361556047779507
-0.06398749083239066
0.04491102803216309
0.03539216209563566
-0.051841870706181764
0.07155255163202903
-0.021351439191379794
-0.009707782534868052
-0.016392410684620842
0.04358711394445341
-0.00703382952924628
0.01734608208745469
-0.02757242652393542
0.01912691332765558
-0.007160857510599412
-0.009343559729470095
0.005443797649267764
0.001043794041223598
2.3806499795882258e-05
0.03605956190589445
0.006773896922123597
-0.043402026901874675
0.00015514301689036742
-0.06200050752622234
0.014705716941170833
-0.05622158871118246
-0.008172819610841755
0.010084123067134151
0.017102957045718657
0.004757797658351005
-0.013804912157603454
0.011406760867245591
-0.02264354330610844
-0.005882697842190074
0.006763414294172404
0.03642982335742488
0.017814594855652933
-0.0022266045776764202
0.051041638537545925
-0.0031371031773972527
-0.059944707347639486
0.0038595049665226112
0.025929546652698
0.002738871231555519
0.00694703668581382
-0.026452019732020337
-0.019497385468332525
-0.05222689105549193
-0.01087096396284656
-0.0029646941119207426
-0.005938393741158718
0.0048716852555714335
0.007965901683295735
0.04051682887333733
0.008113527277729685
-0.009345398801117438
-0.006931646007668495
0.04604720044945984
-0.031313146296192536
0.04592436088883434
-0.07211799410694687
-0.01876613399960659
0.025839863417517574
0.010680925419080667
0.0007728046574939606
0.005529426654890767
-0.05013739613462768
-0.015119548941234347
-0.032971135066614324
-0.025265972456512048
-0.051193676676659396
-0.0708521852876624
9.836967136394319e-05
0.0032325192941189745
0.026650834777363536
0.01176794153475619
-0.013077994013499098
-0.0020492625081318565
0.01655677892443338
0.0009955535150880288
0.011519490670700712
-0.00843098417940833
0.00931332381598376
-0.040862733479921205
-0.06173089803860367
0.015858241493816726
-0.001366738183957823
-0.0238138333474771
-0.026822957783266738
-0.0027231280673564854
-0.03123422627346481
-0.03351511060603675
-0.013395014047534974
0.0274087499692226
0.01902581582317774
-0.01701362269156167
-0.026670533810619665
0.021093718649212917
-0.033782268879013005
-0.02795533157264189
0.03242283665080468
-0.002040490712541955
-0.02742688429613754
0.009683427788481044
-0.0203826888887917
0.0001849938507176903
0.01071296431171063
-0.007271977152970249
0.012451170565115362
-0.00842436804059389
0.02066375947997115
0.0019158183119852507
-0.013861940148209819
0.04544066432877906
-0.023903508678262603
-0.05298721604688764
-0.01563419158097222
-0.001143043034020922
0.01243151963439634
-0.07026415456932758
-0.03235417014634876
0.008490159703664301
0.01667511194513318
0.023441236902864798
0.005814559007860487
0.09675655024427138
0.013476048647898364
0.04511226821698734
0.035981438507738876
0.02311699083568132
-0.003936291947666914
-0.010258201246855081
-0.008251775563948382
-0.005887942133021746
-0.024835295432972127
-0.0017877936361749914
0.031549774515540384
0.016025541553666093
-0.018332633829665334
-0.0018731692100235826
0.025201797391037797
-0.005135658904439695
-0.03291701120103368
0.03444072034481874
-0.005986684574721376
0.04558293655078866
0.009825223632653993
0.0014614260051911264
0.01266314137864071
-0.02024579813480278
0.0064012709268664505
-0.015677018526305927
-0.011387416125301659
0.0057109481398182555
-0.059130221390913805
-0.059895009790599946
0.004930670653263129
0.03389295102816148
0.03840717798044691
-0.021757404808907962
0.024948719127782536
-0.018888819954840007
0.0026797107534144923
-0.0077343311546378335
0.02649268605409068
-0.06454171475108271
0.030690515077722323
-0.02619236239156643
-0.009932700601080447
-0.006180139816129464
-0.001179600504757089
0.08998265017536762
0.0008521763028086649
-0.04199660842022484
0.11554965376361921
-0.03222603543622844
0.02281884474016832
-0.004390811316371113
-0.024298585579760463
-0.036066217520227935
-0.020273647020525108
-0.0018513427870246217
-0.006470770044893077
0.04394097157888108
0.006614206985241226
-0.012245126669705
-0.02497403710884027
-0.005054992456056124
-0.01920262812718726
-0.0021201523054110347
0.03250512592411447
-0.06495125307670026
0.008555556181495044
0.00021761272749409305
-0.042136758545610095
0.044208409564549044
0.016417715094339595
0.011940087865418399
-0.0002706673268186174
-0.015103359720812242
0.008127086693404726
0.009285193310251382
-0.008538128096812262
0.0022491479974392744
-0.035205210360083145
-0.018085806032884257
0.03315297281566996
0.02172164457078546
0.009166181860325803
-0.006080563628564949
0.007116815318218239
-0.004032863378844793
0.006174379140652544
-0.034835846093623044
0.013457053937272142
-0.005629702718703866
-0.010250788566446716
-0.0035293922096113726
0.026480880813836732
0.02726457273600064
-0.008758149496924526
0.03002852774842754
-0.0012413931155078224
0.007253923474798929
0.03706309565337067
-0.06438555596699318
0.0030221625949436405
0.01606111908149251
-0.013134370479711069
0.001940944773631701
-0.060606887483478276
0.03746113653236585
-0.014204785585081803
0.006897955152157093
-0.05081422068506813
0.01155758897905721
0.03305901236573538
0.041982333199021185
0.0023880314447772746
-0.02318755868448177
-0.007618142211609816
-0.03789549026082777
-0.0018871031001643935
0.005007979341918203
0.028829520749769282
0.0564692404833141
0.014611318392027105
0.02058313116770265
0.04215829910549433
0.007269994111981613
-0.00963502910052905
-0.009707015744232297
-0.08421004499441935
0.006533485339639426
0.015590862611061863
-0.023210564595026965
-0.009037004138095566
-0.01025740687456763
-0.0014916278071618323
-0.03724891371716074
-0.0015155602984631253
-0.030577743783934512
0.008858205996758118
-0.00349722421319843
0.010902756938276652
-0.033452451630547886
0.0011105450554688657
-0.015547558258876402
-0.0034273662348539187
-0.00751464194967746
-0.0481036757816359
-0.014874448146816491
0.014677034664301302
0.0076257879041537
-0.04007311678452874
0.04133675474216898
0.02830513896606974
0.0172601869642663
0.02581178404938653
-0.007184087859428914
-0.016627414292771498
-0.016728673879187955
-0.02825472140039276
-0.00039207654036549225
-0.0076412178143196174
-0.02716428271225246
0.02432793677261888
0.0013462695419882574
0.028061860974812704
-0.06382503188362604
-0.007164559417450691
0.03835278906274748
0.032936353334815816
0.006195285539053231
-0.0018681008168159796
0.009675833703545193
-0.02460759475387685
-0.0059180207552500955
-0.005451417389463762
-0.014830443311274116
-0.0072044060659555275
0.09308095663062524
0.01685132576460184
0.015642005210614613
-0.01950716919645408
0.01334098574080094
-0.007917986357748263
-0.010437511668283874
-0.023250685916656785
0.015212470983287365
-0.00036428247822184483
-0.028898833781854736
0.0003078555561496648
-0.027980124266151728
-0.027677248366448838
-0.004359166854112038
0.0278673954593695
0.01729918194924589
0.012443548450879631
0.025253177962851172
-0.008474461346439501
0.022742536056945897
0.025752744392075574
0.007495525169864913
0.003413616868462965
0.009095223410129754
-0.017259582521020393
0.033594090550163776
0.008173842215616248
-0.00022258605055725916
0.011587064277477221
-0.009723452477434467
0.01725347697291111
0.004849820382198282
0.015556230427247995
0.003797368571823844
0.00706569542937931
-0.0031015946898426757
-0.017576716655224697
0.00011646578130186728
-0.07770717792626582
-0.025000240382236538
0.018663467342781095
0.015884479388571574
-0.004323331452806037
-0.09504359485319962
-0.010010177746852629
-0.061956705887503224
-0.022432372379934784
-0.024976748737944563
-0.008734651061416429
-0.004068993324246306
0.0008131153440099571
-0.0005343295197096587
-0.010427081178175562
-0.024585132226378887
0.007902844401836438
0.01371299416252819
-0.005502774973948514
0.02021144339206866
0.10261891201049038
0.02130791954488169
-0.015253274369068115
-0.06316300333047464
0.02465588647651043
-0.0013604196354557309
-0.008671454813960125
0.04768821652667794
0.003951162985898565
-0.047964866599275305
0.028572737921376073
-0.0009460575320236404
0.018546425606947095
-0.006423578726699246
0.07416721621651232
0.009287988600036542
0.021646973639598596
0.0036312411429774913
0.004937034694759563
0.0042255687705513864
-0.02118908516158022
0.0862603569965429
0.03500664750565998
-0.039171901309216474
-0.00027804970924371594
-0.005320558016543893
-0.013970988446416083
-0.012604706987018193
0.030039342266121805
0.05325052020224516
0.02176877042149011
0.008059367131779528
0.0037276315702372137
-0.010302298097511048
0.04559929555317661
-0.012848882555189919
-0.01932920831266532
0.053632046783592464
0.029707928866017513
0.030381587817115543
-0.02380176754030266
-0.0134238289345114
0.026070989523581917
-0.01136005809164489
-0.0012600895922321592
0.005687112174761799
-0.018747666125844397
-0.00578876503670616
0.002271133628470946
0.013052330537149853
-0.0072315817058029785
-0.0450559505613974
-0.0033676653594683953
0.024504445401924795
0.02277327914761222
0.010060208532294446
0.003988508509041569
-0.005520907641596525
0.014604224463117927
0.006295995796903245
-0.018410262142305348
-0.007399742338597547
0.00016750513119462133
-0.037183296534406246
-0.010069048896526652
0.023415837482456226
-0.02300043859215325
0.035898687474625594
0.03956520354326823
-0.005586558135303518
-0.002497055988428394
0.006115062202384325
-0.024367591586594774
0.020875444021293134
-0.022524321412237633
-0.006965503157349396
-0.01991275627572411
-0.05688887673147032
-0.045869492936458735
-0.0017038848881463107
-0.0005352417662971301
-0.011558735394211771
-0.005026766983138919
-0.03343857657216454
-0.05630697606420576
0.08421234113933128
0.06006961843654115
-0.016398497118018024
0.050607881678385785
-0.06798713917774644
0.01818860452453576
-0.04080485633812384
0.017629383784502444
-0.04734633866479043
-0.0034087871520969526
0.01071470180362723
-0.01493212692106711
0.0511286409806618
-0.02051783673165024
-0.013203556812869145
-0.004206004641908777
0.007367072168538584
-0.02717307754091402
-0.0062256101703265275
0.012304645795231498
0.03660379986439107
-0.0111322461794652
-0.004027578314923533
0.017864879329963154
-0.015498365900726304
0.008374504702597905
-0.006134870303158724
-0.0008966909489305418
-0.011476168906347008
-0.01804608654099819
0.034925596448258676
-0.04758253532667285
0.006482709258085793
-0.0249519516574192
-0.010965289926386537
0.0033754822682741446
-0.015137027480933646
-0.011275755638295196
-0.03394858146427556
-0.00959128116622023
-0.02496947910450448
0.001539027370647408
0.03440233487404578
0.015315799948918764
-0.009823276436792901
0.015501330825285608
