-0.008153590432704829
0.03457491445667958
0.005380443058910465
0.0059648568343632765
-0.02005291274467402
-0.018955152826518627
-0.06635724138883957
-0.052448450803799875
0.056052348755427035
0.01959167877642885
0.0665623040539563
0.03997677625118723
-0.08445513632025864
-0.03439606626701402
-0.042561813335027544
0.01960634872327299
-0.08534652510903919
0.006536463592296325
0.007016208684442772
0.0015039539134726419
-0.05921969664094892
-0.013685534037596226
0.007381186857820035
-0.024793634832285055
-0.00267206771916249
-0.0007598886585854538
0.03049141181893236
-0.01785660559743956
-0.031236731875893063
0.01041975502426154
-0.011971526068444264
0.04493929561405209
-0.031280778285156165
-0.01763273558281831
0.007680470004461276
0.0057255389097166
0.032608992532744005
-0.0069546616784798695
0.002254072894405667
0.016872274200531803
-0.003197073635714105
-0.008174312134229146
0.12548593729643875
0.0220850249241311
-0.09459488801046446
-0.0037193569916103564
-0.0006705447534428608
-0.015580727015371248
-0.0045608090762837596
-0.039173807486281756
0.02434646347815346
0.005838126970276242
-0.00702444880621601
0.010917481017451398
0.0031010607897138183
0.022711330335107405
0.013733987445649576
-0.005220716922122079
0.0030026951210448236
0.05522505116941259
0.010682488928643706
0.025091869771445487
-0.0018176891129631466
0.004529588763769918
-0.019511787481986044
-0.009228615864212098
-0.0016403775931402218
0.024029204088425783
0.01819793419576685
-0.02240397606169125
0.005691577585178753
-0.010564766577667757
-0.0015572113931117924
-0.012696227420467223
0.005701118454664484
-0.01900653911819453
-0.010979867192962229
-0.007494488659414213
-0.0030571277976340155
-0.00021390884836127946
-0.04625101106134483
-0.006133060291793181
-0.026951362089267492
-0.09829385262035287
-0.03338233855866601
-0.05210373674802338
-0.037544043874537615
-0.027999483000326914
0.03041850674530716
-0.007566990597302043
-0.026494295899127124
0.06266024704634898
0.021270840698657766
0.029316664541781234
0.003997433673113876
-0.02517639997257938
0.007302988001094553
0.003161773949621624
-0.00043690666079406837
-0.006865254877600397
0.004765148382833823
0.01823104682230291
-0.018782913911123147
-0.021640432241623264
-0.018744164738326054
0.01097177765664514
0.05053077322571546
0.005472901377442422
-0.019040783106419903
-0.013652168364200735
-0.0014716830659057603
-0.010717539465689117
0.004762096535352405
0.05066007654891187
0.01999434953864844
0.012957212410300251
0.01581174786211636
0.04549643915857618
-0.03436413352827175
-0.0419270621563969
-0.025707320634257708
-0.001090351116897978
0.044943388084247964
0.07207070430888103
-0.00456415787102481
-0.04415185445419954
0.01589069650759083
0.0411207430793664
0.013820298785545405
-0.02826602211535486
-0.018162053402051404
-0.00725172924136522
0.014628653303164768
0.020357565064057382
0.0269835689933399
0.04092545791744242
-0.012266729995864499
0.021835975011913554
-0.0012200692634891483
-0.00690861852239594
0.002668701136380147
-0.011939899778422712
-0.020024312948249797
-0.01695291323912553
-0.038188775247021876
0.03379467071170434
0.003796605968868676
-0.024878217182625464
0.034719533361648916
-0.012293228482246354
-0.027472865712684702
0.0010168112980074111
-0.04799700530490291
0.011382897235738798
0.08652713885368618
0.004182352721270056
0.0024279020580040165
-0.036941588459905
-0.0025344522822088817
-0.024676171215250634
0.02727884642211386
0.041220423500488
-0.036818823836540296
0.008000672329167298
-0.01400829169874478
0.026249163449082465
-0.012360138168257609
0.03640247497807049
0.03260739502411866
-0.026176401261404823
-0.05665042483557974
-0.03535745766084619
0.0803833688373622
0.02518555835594902
-0.0011248574377288173
-0.011387375756075825
-0.0628770705984128
0.010671765186538678
0.011322647310845608
-0.07879554388396515
0.02665137662603587
-0.03452942597889584
0.03583742335686474
0.024315960149580148
0.022642660411173864
0.0087869699604344
-0.034317730397827324
0.008579547333378025
-0.019652027733216833
0.004667184118476159
0.023537604789320453
0.006448089847180683
-0.021055526926703927
-0.023902517052369676
0.00566250310214218
0.023852300005429605
0.03880881362770122
0.02956445012249602
-0.015958710957482518
0.011778221959516017
0.06726646437666307
-0.005277893110040155
-0.006114948708399097
-0.07935163454330647
0.0019870098822583233
0.016412200189057643
-0.03285099247747496
0.04581212881039445
-0.024504902167976336
0.00832117074422578
0.04768900768734665
0.058352873025489936
0.015983794021234628
-0.02333826588234059
-0.0007926229877757117
0.007946512055116504
-0.028619959581025218
-0.02088949531745378
0.013823406311517407
-0.0033011968029442494
0.013148245947824875
0.00693123504221563
-0.033575738928656174
-0.027659465016221685
-0.05687234515353568
-0.022151424360616442
-0.01979008727988207
-0.04629132108762106
0.031912917923950006
-0.010933546219604177
0.021986322052745425
0.006368601924463148
-0.022794142949500603
0.017519342394217614
0.014283981172730574
0.014976675356324166
-0.0030795923931301
-0.03181623047295737
-0.0017843758520423307
0.036072483609573436
0.005926291867688286
0.0009607473837230715
0.005476727506538032
-0.05990691162166388
0.015190486823514981
-0.006375786756330159
0.01661691979462649
0.0032968042542388084
0.020545582418038437
0.03993919858015819
-8.741652656397874e-05
0.03118198217760421
-0.0031739870671822785
0.012624793740190808
-0.017818217180725134
0.007294874322388293
-0.013793017747519952
0.02480841676972937
-0.01921300183800437
0.04169719957347167
-0.012240199313775747
0.044299587656241916
-0.007278347698208092
0.045125018304451515
-0.03555254070446017
0.00727611033553843
0.0019012668221101414
0.0010816674278711213
0.0002193006151396536
0.020740183618063453
0.021382062131350164
0.006106055161441723
-0.0065185274095885684
0.013108843433093147
0.014190424414290005
0.035759036474809186
0.02406804323449974
0.03911873910182402
0.02951685097640018
-0.009171182823613865
-0.01823994436276489
0.032071511704900336
-0.03884361701256152
-0.001139202105911194
-0.030646061903699333
0.00538199597055216
0.022244345411811667
0.0069991113011267335
-0.016055687669949328
0.020550356922467636
0.003958305045362733
0.01611651704377234
-0.0020742189402137446
0.019792426390221367
-0.012552509708644716
0.040037883343315935
-0.017252903829746855
0.034637669638142035
-0.06381325106585277
0.002910620699079009
0.017788431394711094
0.07100485686123754
-0.001658477643440709
-0.003249222227970438
0.009207494235069655
0.008555898992916085
0.011644952566623913
-0.025039086142205905
-0.0019723028068102688
-0.009822721311770892
0.006533380408596194
0.011257917474525944
0.07046019620021922
-0.04350275819696158
-0.03097949783839018
0.009050142560320005
-0.007834928254050619
0.011061498817158202
0.008673809921640258
-0.018228215012209566
-0.0030256032610672602
-0.02966267186330571
-0.06194567593536494
0.0165511533557993
-0.0033493092349640087
-0.02405131827133451
-0.005086136161070239
0.011682452781665995
-0.02051734645611694
-0.03292121146561648
-0.03891353790092626
-0.002400963614466336
-0.00957466443950154
0.027671927906929062
0.012274464608756842
0.0014887295409280403
0.008305821721291793
-0.05007931219996288
-0.02452702918092111
-0.03455083814563724
0.0011742681259911821
-0.006091927407995292
0.016912051565141403
-0.023396616707181253
-7.08593795877104e-06
-0.013038995604248515
-0.005873282780661467
-0.05958324448050866
-0.03090562137794038
0.006265078866288609
-0.002819940742615117
0.0002617012472770893
0.015581307018549942
0.028896931280863482
-0.009552361185131537
-0.0024052160350715355
-0.00027108512064559964
-0.012668683915871016
-0.012531957059408065
0.004018300470079654
0.018332437463937774
-0.02092886602539733
-0.044074573284045
-0.024157028096554616
0.005638523458850277
-0.03429555451341714
-0.005655562921123351
0.010846427587107353
0.009901779609846404
-0.006831045903167897
-0.017083469346756672
0.013078290357110426
-0.0008757207696665196
-0.008144916651126011
0.011533348246608793
-0.0020563854866705203
0.001614595458362608
0.02012273464664543
0.005690269356449382
0.008607498585893067
-0.007731834407909074
-0.03138043016252825
-0.04934852397136274
-0.02745617940715173
0.0004671510036529536
-0.022404913855297057
0.041748166648180714
-0.005356913241671419
0.04855437897016428
0.039942353050240506
0.04655176992837463
-0.05821194108269905
0.0007152397771890271
-0.018091443348386478
0.0621175612626248
-0.017219922863518648
-0.001745233768299815
0.008222741610856937
0.07878933627043877
-0.03126009969714105
0.016158132465744164
0.014850140478475942
0.021419237200689813
0.006340757660662106
-0.0008607308226850514
0.020782880191493783
-0.045982552824863646
0.026615649120562437
0.0008776400576314199
-0.020747204882312083
0.007413921266400577
0.049667037532919144
-0.050137618396370986
-0.02420518777393994
0.011273584979187514
-0.011686550479194417
-0.049276302722599544
-0.014010555470642479
0.01820965689065779
-0.004853103891095077
-0.024808092931880875
0.0059104825024031415
-0.03211271301356145
-0.010066352376745906
-0.029296833616272683
-0.03234981663662612
-0.05802439625516707
0.022421234796735644
0.04299934655498465
-0.04163607269866615
0.036273127395532276
-0.012185835362915225
-0.015978814851181244
-0.02942864580536413
0.042041951771982534
0.0016358498743233672
-0.007728114422573803
0.014031582157393734
0.007656334445738803
0.009309798317138901
-0.03474621029213142
0.003391239145732094
-0.07175249758539873
0.05408697672142075
0.01440855243441846
0.024659582476560953
0.004944760392719172
-0.0038363939015023446
0.023447193975357678
0.031603330098870445
0.002048211098938085
0.01293713815939855
0.015064032319266809
0.004779570281063317
0.0010388015802868164
0.030482031834480987
-8.684665010256827e-05
0.03604418208437124
0.0020582293878600804
-0.0037438634447458604
0.03955015368829142
-0.041819394832339075
0.0005327104144928495
-0.0351726334684294
0.008217673387229955
-0.036193969168655055
-0.001697658047787967
0.0086241654219145
-0.03543573840732653
0.028883107426428873
-0.05166035557631113
-0.019220346505896876
0.007529274714013538
-0.05131383267038975
0.013551716609782233
-0.0188359891169862
-0.008238832328863016
0.033475237405631714
0.0009517442229589164
-0.03680424356994447
0.013886091482561872
0.014486721407839642
-0.010944056283819822
0.030165883901055544
-0.045496862400965635
0.0025217321439543984
0.1065587517733625
-0.00413175710789394
0.00898843957269864
-0.024548478280562266
-0.0015884681917301543
0.045341902992970834
-0.03993347025261495
-0.06517198558067701
-0.029519434193218754
-0.018194516829766708
0.013747386156802458
-0.0026061514693271216
0.018024603919403276
0.004394698274019037
0.01240842610007592
0.04620628953676346
0.005957767540383191
-0.009698349906596874
-0.007100292296416658
-0.028533009533182663
0.005913353598549843
-0.04546997845894916
0.015541336989553815
-0.026380085512837458
-0.02138131951009592
-0.010527037208105453
-0.04072561155979718
-0.0009940977232014638
-0.055146806557242495
0.021311922591207295
-0.01455234704946582
0.011032797945129982
0.008374233835132493
0.04898915976148807
0.0008988606761106695
0.026558103784956277
-0.0056737373170436005
0.006730870677916618
0.022016044129888772
0.00853978196151129
0.025923860252553936
-0.07446750750880099
-0.02046532529563273
-0.009587365377881846
-0.007232494946458733
-0.0235076021605389
0.016835376243542952
0.024625424090242137
0.03321635956509814
-0.04390747989418684
-0.00032403563490743866
0.006581767431994638
0.09596518436696634
-0.009082266859301273
0.008204361465135973
-0.035590218216216905
0.009004512737950575
-0.008249873639204972
-0.019345989309904166
-0.0034233998682853544
-0.0025762323600750986
-0.0023949956571295296
-0.027980831015584975
-0.01737483409021746
0.004078165462046883
0.0445221660659128
0.006395844701396654
-0.005374957867052957
-0.030878517223311204
-0.04214046873141228
0.04815362110103364
0.03330611162303525
-0.03750274041283792
-0.008187831502648454
-0.00904746196243691
-0.0075450164406909576
-0.04472977533528876
0.027871020389497847
0.03157428007119082
0.026905945319841917
-0.06303061350793841
-0.005856436268559
-0.0050809815049668305
-0.027231079582670546
-0.02203225373258222
-0.01981976610286846
-0.012007791840569614
0.018449875126095933
-0.025238582833699008
-0.011839961521153035
-0.008860910978775857
0.0072572690900815666
-0.04664418743370454
0.021489276131993244
-0.002230825158685791
0.035306035505868215
-0.028977891337502826
0.010811644916537206
0.006196721609336051
0.002830026471434324
-0.014401230062340765
0.017390527824190784
0.027108657418064324
0.051002010587899126
0.000547674179953444
-0.026619041162881593
0.013430122690251664
-0.0006442712060151374
0.011185210223297281
0.001722324271690343
0.05997848718146642
0.014204941988521107
0.008258133921144474
0.003916543916563712
0.0059042957475868635
-0.006198134640483821
0.00449946479777819
0.013340527390101888
0.00815966497518636
0.005908014731626199
-0.01803955942551414
-0.0038726997199482836
-0.006493886463728965
-0.04202796760900168
-0.00025666397999792945
0.049047955704615634
0.0006843312521123266
-0.0024624879827632984
-0.03877713595478385
0.003421231760183594
0.020319079259316527
-0.012055410912343842
-0.02271160968075713
-0.0007261436434665066
0.002839935032373547
-0.012965256707682777
-0.006034769464593018
0.011323296205198142
0.010247515231553359
-0.008892566610796312
0.0710134294512232
-0.01715382945527695
-0.03047638695794405
0.02373759277190905
0.002022047418244442
-0.04577672291039317
0.001301607611479307
0.00731702346389565
-0.05380566708772988
-3.180334312145543e-05
-0.00890387797277329
0.05322299395807847
0.07402685976482795
-0.014223919255925515
0.010352961223749622
7.429445669464139e-05
-0.015349186467623604
-0.04185634012467922
-0.008504115911711631
0.02486997111332192
0.025569606503320873
0.004218786839939506
-0.0023075530235479175
-0.006623927507201572
-0.0046470552579909495
-0.05199563314648737
-0.0527857681953536
0.017143937862085488
0.024284668966110045
0.06196102714960982
0.05550919555873514
0.00013397137341548238
0.040308290313799205
0.025407059105169893
-0.004439007396520711
0.0004262620523599775
0.0669022193473663
-0.016630919931880223
0.00026654647654478306
0.004238840913142324
-0.0037298080081165255
-0.0006446721137541102
-0.026909987486256844
0.022924493344555923
-0.002335870861081727
0.02483459389932136
0.01181816597339581
0.03114939941287699
0.02810978523365562
-0.001594547091036834
0.015232783119935672
0.008358715512020498
0.01820129540395498
-0.015925277208022882
-0.058933618717647976
-0.00174371706146828
0.018845925941074818
-0.0006060329963625723
0.07590376341073914
0.02852875504545728
-0.029622462367723732
0.008643595387093693
0.019976841398795152
0.02579447472849024
-0.007397982962301118
-0.013583830745138038
-0.017029590784974503
-0.011392677571138229
0.029592621589162794
-0.06406173100752678
-0.005238672295790021
0.023657972512232138
0.05428397946748381
-0.010213214739780306
0.017567578524374322
0.012718704000102572
-0.018356785953177388
0.028534087890582625
0.009019936268398707
-0.001666393294469388
0.010221914340326939
0.005167269903808029
-0.009297477773376693
0.012620098609055328
-0.00017675850679146798
-0.0007331539230705191
-0.011112580292113417
0.009138691023643262
0.006721811146764673
-0.01226914869160295
-0.010007927605263468
-0.04235331986753979
-0.00601495263892779
0.018460929434400405
-0.008830644353390016
0.04909701310339894
-0.01867221266231328
0.02392498864559492
0.0015800171771434609
0.010554846686913132
-0.010337020187343369
0.005791666572822684
0.01852906801923777
-0.014772205839059471
-0.02203281636517986
-0.02083528310996914
-0.1000572659788372
0.02355244082085672
-0.05367047956553562
-0.00937016336128069
-0.012054031319035832
0.015197496259790902
-0.022179463460449966
0.08083324790238203
-0.02631720312711915
0.0029415808885871
0.006007036564205475
0.02023532988096561
-0.009275813891187472
0.023971667927941812
0.004037552253315342
0.0031217432282796653
-0.030667882097556602
-0.04080038365927671
0.014614261602657412
-0.01703497594164973
0.027054396735635835
-0.003973842415217961
0.0008028122903348736
0.04443357982010796
0.0012663095412407798
0.0029361099949795047
0.014852475859042796
0.005348819060644876
-0.01224705699552382
-0.0025878298686588925
-0.018632314441608042
0.0012467146000099954
0.0033208304046461246
0.024294068746367678
-0.03095482776749362
0.0002625470397982624
-0.01060084174047657
0.001669398914172719
0.006840276268438949
-0.04479743428059395
-0.01768108644360797
-0.026859604046952524
-0.005022470800796367
0.01607077472114991
0.012689272903384704
0.026974335905011772
-0.018850175624990476
0.00733778907324671
-0.057704497320101154
-0.009551754308087785
0.006020302985586843
0.007510179042213308
0.001473741575255384
-0.029937352412783395
-0.011763965398625433
-0.014324561420633474
-0.04027442457985747
0.01632383013632934
-0.0061281767523151415
-0.05912900493697484
0.008639546827518387
-0.01608408005944538
-0.0022690838439148415
0.0061641690203817125
-0.012386365782875467
0.0005013643978486989
-0.07986433246812459
0.0009453305054648775
0.00831072684066033
0.04118279282583959
0.007305577520838467
-0.030158514382607273
-0.010024013666864447
-0.012052592799994852
-0.0021280433483584615
0.015307727325445795
0.01309984794283947
-0.01827206934810922
-0.06308614245799855
-0.029818605249007753
0.012841901988266105
0.018002671342042195
-0.01823478762487702
-0.009543907104798481
0.009420140896409721
-0.005069011036670037
0.008454504659008388
0.06573176101010698
-0.0232005146181813
-0.11139271839384762
-0.003407936028460108
0.005323156314867948
0.013231153288080352
0.006378275683844567
0.0017990790613855877
0.009982974738632513
-0.012702939950176741
-0.025012450502287165
-0.017081196436876833
-0.01531195350487657
0.013030582671983962
0.0333517146926927
-0.0028823776849890227
0.028858850148183027
0.015373025889956904
-0.00813365908009349
0.024317153512307368
-0.002930270206196863
0.013556617272703901
0.026206483144653347
-0.020223025860273317
-0.02741763299263165
-0.019202004512775758
-0.03500567451317749
-0.011465027729714701
-0.020898555414226347
0.02215308029551974
0.06330101132950709
0.014884298615351505
-0.03244354807126404
0.026700026187046207
0.08135922688628293
-0.012233823436172027
0.02173289222032696
-0.028154142983407206
0.013046136096617072
-0.008898689682426934
0.06155861475395343
-0.008858689987241495
-0.00843610370919459
-0.0004935344760171532
-0.018652359345734212
-0.00722267525601802
-0.01780609218589643
-0.00044693321006073026
-0.029720769814552888
-0.04234018430308487
-0.011544079401589533
0.02585020458896539
-0.024185523988600827
0.03599728120198759
-0.008599367277546182
-0.01246502027261139
-0.014305803263529529
0.0010486423726872038
-0.04407443799125827
-0.006566687568294887
0.03161972242539576
-0.004417279330317206
0.008672468225380276
-0.018526550447769175
-0.022218932466473863
0.011012927199195586
0.01965138878384203
-0.06465857829378385
0.007927383524986252
0.03650561613878797
0.0315712272657253
0.005544205442489943
-0.03641125046509521
-0.004859245910550263
-0.045136273955702494
-0.047010217583066324
0.020753876335483954
0.025229154515277137
-0.030003137925810032
0.11455235903490833
0.017246415420389193
0.01281193632525525
-0.0606760896845934
0.03757075447067569
0.00135007156664954
-0.05040187671684972
-0.024974506586360634
-0.08306762514422082
0.06384238805768035
-0.02180097900843311
-0.04599992690248587
0.02324783943169379
0.014606583024658802
0.0007908479410509851
0.02531681469921471
-0.016334790343852993
-0.04774576053781177
-0.011708277647083844
-0.0024761193009000012
0.04408644781688772
0.02409032194508488
0.004468879792146537
0.0215975629773718
0.055590919614215785
0.006240583179226861
0.013803286702504046
-0.002947231271708796
0.015276266848665987
-0.02286269930259965
-0.01882874158104449
-0.04554270007893183
0.003693500024163473
0.06493621115358507
0.013173083091306171
-0.011617858809400472
-0.034106523335689296
-0.03132314048468482
0.003915859897349482
-0.0036107033959866777
-0.06974831649547071
-0.020248352051151167
-0.0016295524442989202
-0.009008445371169701
-0.03267487067389952
-0.011664784387958262
-0.037894404543517585
-0.059182080605092675
0.019653011007070908
-0.012968843781366025
0.02066850405709735
-0.0017066233973486394
-0.0026846925625339186
-0.007483206517520556
0.017664075383202527
0.00026256332683262504
0.01909922944832158
-0.020815604592552512
0.001999364746852911
0.09112494503971447
-0.026753107742900385
-0.00589996546772524
0.030546301263448154
0.004352187755030865
0.010134031690619763
-0.0010108051206015381
-0.0018076261061792263
-0.01337733394492086
0.005458036524747892
0.024170845994323342
0.00031308993476144214
0.016286975949308044
0.013096305078122122
0.009790491175917211
-0.008765943149363242
-0.014141938740201254
0.012496747410206411
-0.05533428713527022
0.022232669544139657
-0.008067555889330493
0.00013806727037714284
-0.001266211220922756
0.04740029079877668
-0.0002294046174601522
0.011238579424664094
-0.031435724006867914
0.011996705829697363
-0.01518578268417282
0.02087091305407778
-0.04491960970996539
0.02611446801640103
-0.07316283719694655
-0.0009250982456804087
0.006764667387454009
-0.015359379571640708
-0.044457670819598
-0.032913877398548674
-0.029392948665741374
-0.009972451312610126
0.023741649722440025
0.019152740504201918
0.01436524779665282
-0.006562239045759836
-0.04300732879219921
0.05575668682035917
-0.023776039185014457
-0.018664612263838188
0.007681925946266835
0.003679017022240493
0.0003259423981925744
-0.007298509080035372
-0.017437039989581002
-0.009557009468583476
0.027465596749653765
-0.01200387217270235
-0.0009948345857787551
-0.06360585013323089
0.02049577178603011
-0.036392746549474976
0.023786055826069196
-0.016868191594456294
-0.012389419075748342
-0.020160806127942167
-0.0029718845737367883
-0.015110937189576604
-0.0042859488363658355
0.03695830449663376
0.007897888125522112
-0.03392329829683817
-0.052015832201557026
-0.0315834223636183
-0.017695698621381997
-0.018172799264853857
-0.001483434381133487
0.009344288522660284
0.002292191892194616
-0.01009395677932177
0.03694935625154272
0.0315232176936732
-0.0051105476384539555
0.03342250296779612
0.05452606494851627
-0.021943651267464594
0.02023020733419233
0.00903291959914398
0.0192647768287812
0.020267161542943005
0.042849656073977664
0.009928085800646623
-0.05546053653239969
-0.024265590168221732
-0.01001586933585987
0.015297909654184434
-0.006389084210364936
-0.00386229276225743
0.03155204292445223
0.05029759632011187
-0.008086260541359495
-0.053677098422358835
-0.01509200321457179
-0.020638350408393204
0.010946961004793343
-0.0034794338479262246
-0.05268254157375127
0.027316071112618308
0.011179222173964824
0.005771396024077462
0.001497468958726068
0.023855126400789815
0.0068011800872572635
-0.025091527460611534
0.032615738772804506
-0.015994862632130714
0.0001896436354748191
0.003392220642134991
0.024486189169297266
-0.032504637398928324
-0.05678431671946296
0.014481418076510783
0.05086056265062122
-0.006966434943530163
-0.06250250475551049
-0.07631252425443767
0.013942463826846795
0.031768678282891566
0.0828845632421028
-0.025167313436702702
-0.03140920442586913
0.009052372604146229
0.0021378266626471184
0.018703902961852224
-0.022172673511024213
0.025380204702484668
-0.006523476744352934
0.01856819891274044
0.0036432790867592306
-0.03471012226566364
-0.044888774086877616
0.020884245313390004
-0.01662961072230517
-0.012447385472063423
0.004115259446136813
0.032080108017694904
-0.007049308341063245
-0.027518015535608967
-0.006812936492415195
0.012769960599857893
-0.01427749523151602
-0.03140528984510962
-0.01597382453382309
0.019779698053450676
0.06469600015601869
-0.056871798706831504
0.040627739384406406
-0.05268198739874009
0.022631188726368143
0.020973168596267477
-0.00838048791749519
-0.09262982519479931
0.022191989332435953
0.009571562748893548
-0.02232991599289168
0.01023176005185965
0.010822045293067739
0.014346264654865522
-0.01889286989791952
0.008385453612500237
0.04112171209978122
-0.010608524379888599
0.0027477332187636353
-0.02805622686838993
0.07119149982155656
-0.027221380374913107
0.007078263303357448
-0.026308665029053793
-0.017011846370667456
-0.0029998265122469963
0.008387713264034917
-0.031750066636734804
-0.014953263269091455
0.007415354424967899
0.02213407788279392
0.001486952057369549
-0.023974577373381694
-0.02101517107972214
-0.006982713434516518
0.000582476428464321
-0.05698105789886683
-0.008696523591819926
-0.017752597112118233
-0.027791634903146782
-0.026140443045332414
-0.05663039670700567
-0.03554848872803276
0.0369258364178596
-0.017614201973544855
-0.006291032165176358
0.0073488003767231795
0.012088307259856984
-0.03872613268957272
0.021113468386815472
-0.01932300371372573
0.016212305303041453
0.059140610363989515
-0.01308465105581033
0.04337425414532474
0.07811685026103232
-0.017029608339994555
0.005273520173347642
-0.00044448149753410624
-0.000716444158209782
-0.013975257625301924
0.043608938733319266
-0.02494752385969242
-0.03644528059873085
-0.011238508269053399
-0.01452224289181821
0.048409451551810694
-0.02162488784381748
-0.027184922784617618
0.006383962898417505
0.010479886023311309
0.02010677684275085
0.032323273765824626
0.0025951117533386625
-0.019671760453933065
0.0359640271375286
-0.01250966363145241
0.02680935977551862
0.024129406746008025
-0.026047587875626263
0.03290294894508896
-0.023607813323360007
0.008391128335082158
-0.03526995672758231
0.05887967552173433
0.024049080089014692
0.015841451565757315
0.016144979856154977
-0.01842422143937606
-0.021878116491502387
0.007988793044281984
0.06319140620475776
-0.012516675875917066
-0.0029328991069502704
0.019097485054338934
