-0.03520398910632221
-0.03996098520250504
-0.060280995367529705
0.01643938982043703
0.0240352904622166
0.03199598041660442
-0.015024919405743964
0.011563295404109171
-0.006254076621186124
-0.02262441938452799
-0.010822438160377514
-0.02326950900261116
-0.008445974571587266
0.00584292997012444
0.008969172015373766
0.012245714554038509
-0.0035704207723827584
0.010584531406541753
0.02816135557376277
-0.01189772551549351
-0.011009317419699611
0.041731317198149924
-0.007114637246743041
-0.010186313724120523
-0.008435534625979253
0.008521068359480482
0.017431210369558227
-0.01666370811136069
-0.01899730313958133
0.012854793793974046
-0.024449821886606576
-0.04571758952258817
-0.017711464181695225
0.03164734677027926
-0.018512195215332962
-3.712031199591142e-05
-0.026088851469091776
-0.12259621514581243
0.032788725066440705
0.03521186341305585
0.015215559153612472
-0.010637772618316867
0.03412031267390363
-0.04610096287159653
-0.001768872033096264
0.01780235737776599
-0.05402555403418455
-0.024145280526571347
4.623728610194512e-05
-0.004067556982940686
0.01568790910265624
0.0037105755748147074
-0.002259629991971191
-0.03558213602000291
0.003957992483201361
-0.011327379756804363
0.0647173483718458
0.014286560295497401
-0.030687742588821017
-0.05787489971939406
-0.001521434947264481
-0.0077477728599821515
-0.054633849975857
0.035856329850600936
0.0008710880338368967
0.01763350338610666
-0.025063073658825763
-0.004488292509193053
-0.04441675180942984
0.06001467812160108
-0.01929829089559694
0.014628190473207748
0.0022412573770521386
0.016173643415099012
-0.040197925386100695
-0.018281517509395696
-0.002708546167227076
-0.061874755280460256
0.019785057617351838
0.03239664944521412
-0.006655898393977888
0.021740924712424555
0.006889602882562041
-0.006141806373367747
0.0009698966437283679
0.017173185082155085
-0.010526838329160461
0.009557805042287204
0.00604110100787094
0.003263453495949119
-0.010611299602816242
-0.056594127066665244
0.009412765450404221
0.02777282672572834
0.02327238986356911
0.0584522742165736
0.023555194157420394
-0.017238748937706713
0.013928985933142462
0.027903237883778763
-0.02189817069994141
0.06320426295887681
-0.004465166490331217
0.00010293429494248266
0.010910559565089873
-0.003530158691171676
0.03306532717737252
-0.004278666298821661
-0.012831113266485408
0.015181819051588748
0.07711424748097911
0.04643069655969902
-0.04823583644733341
-0.008479880371199185
0.0017814763907665404
0.00604083934718465
0.014968215684106969
-0.002419608868863692
0.003147074373751257
-0.018750596265211406
-0.006028178947054486
0.02790334989981638
-0.02487300865215929
-0.015232177931738445
-0.0048097987556032255
-0.009173349004042586
-0.010121142129739448
0.02056995919106377
0.017767939185096542
-0.005716780815135463
-0.0244417447883461
0.00670663811452324
-0.0516124532951163
-0.010447384517054058
-0.008458847018559566
0.00870677203750825
-0.013508859144232813
-0.010219559072100672
-0.0362849263439542
0.04464638155072093
0.035931812715195695
0.018895786905903017
0.03180463252966284
0.009213689857666378
-0.02038253831552854
0.0330312352415934
0.03702320086020912
0.007798089032905425
0.008312646012768996
0.01575442850972313
0.015022339217342645
-0.01661336052473127
-0.00751551795104588
0.009697090357469981
0.016219348369670865
0.0015377728485382101
-0.028366185681658867
0.0086382511729032
0.014921184354506083
-0.005887469532168723
-0.00442950316862971
-0.020843147888729662
-0.019001684378249145
0.029132401275749814
0.030540812001123973
0.046767408628448644
-0.0012482287826140615
0.0016530092709674358
-0.011246766732209814
0.0001581126615146699
-0.014045459578125852
-0.029140750551246018
0.019633178194815148
-0.002282489127406586
0.014088151326889252
-0.0013970508186425465
-0.03394709478054962
-0.01747064918840206
0.012931900550572608
-0.027695748097881546
0.005784518742630661
-0.007454564687119874
0.013020654848274407
0.008593164828750062
-0.016020712424522632
0.0019130297851328833
-0.0061014644775182585
0.061281651215366495
0.01773966807630095
0.03529274422623185
-0.006885806199646034
-0.047122953236270804
0.01261229257325503
0.018405686980239092
-0.020320105541260434
0.025550284586448122
-0.056728399366313645
-0.0012363983618533837
0.040955227814434655
0.01556262473342358
-0.009161438006461343
-0.00922465822110609
0.0415915821575565
-0.00395185632938487
-0.007157459893330381
0.01726945978632368
-0.002475876255498889
-0.035928636483417375
-0.010154019368185937
0.035485581100421
-0.004083787347396011
0.04193163785343961
0.001531412164389798
0.012080604972025528
-0.014350854025491196
-0.01710496844584371
0.020421524913801725
-0.02443918523034161
0.0522281419190693
-0.03243628535235541
-0.038842688579864275
-0.0262204555519098
0.005153758048982642
-0.012204940439091082
0.016982061734064195
0.0038321669186061336
-0.038906409802819966
-0.006824559098498353
-0.0007578318438586096
0.002593810286942466
0.011315316179698547
-0.03825346600304683
0.008263515748426997
0.0031981652251548086
0.0026369970506990447
0.017494749400311167
-0.04002338198904169
0.021073055498974733
0.006267396609969767
0.005484437508785657
0.1223915266901976
-0.029520253845007303
0.03229418925904266
-0.02552831647133094
0.025117630971252712
0.018779528018027073
-0.027239251088143422
0.04279404075316612
-0.0035798333244787682
-0.014224460191857188
0.005627394379655516
-0.007380512488656204
0.0025018350488410345
0.012759023260819107
-0.015666058246925588
0.015586460134173677
-0.012906191326008709
-0.013995652469580155
0.0027907578849056943
-0.036809869043411644
-0.005868361583847943
-0.019251600823984968
-0.03868855887203267
-0.008014104681797115
0.003151352618696689
0.01729691179844536
0.019312843589954932
0.023137996071116797
-0.014474113869555017
0.0075885778463380795
0.006997695854131267
-0.012400529824965275
-0.013666593642373059
0.017521519088540598
-0.0078851224646162
0.023733850885120013
-0.01320946442999617
-0.04097523126979021
-0.03675195229553209
-0.008047687043293016
-0.007192366944121613
-0.0192493204144866
-0.002916766584643025
0.03030388584114857
-0.0037666350745456305
0.010610047528462726
-0.00229918051025515
0.026123131652568334
-0.005288183235010058
0.02532283971649523
0.02053222884568165
-0.020701498838296552
0.0019163676975671607
0.001626488292240072
-0.030532998251065605
-0.0033294483123462774
-0.0315727289910753
-0.024884631889419116
0.014020231232303235
-0.011314132940581503
-0.08846153645101185
0.012469437825084957
-0.03763758963642606
0.022660063867094852
-0.009968387576207965
0.014169238691255082
-0.016317571583391883
0.005745985138118462
-0.016918471858254302
-0.004512358324134164
-0.0058574447299874054
-0.026717566104012252
0.024987354756062317
-0.02997130360772289
-0.017581838302014412
-0.028412162639564323
-0.03145536367651654
-0.018604386597166605
0.00496607228231602
-0.0007768133247493818
-0.0035326522002872857
-0.033965191333885474
0.029222995203194373
0.01729092809587531
-0.01692881237306044
-0.0024231737075855056
0.01719359895556883
0.04800011728975681
0.019820776933747113
0.02745801804481142
-0.003040024164696464
0.04630570277312814
-0.003222268775905119
0.018062933530274168
0.03267993818112266
-0.0021696088681892943
-0.019885969128145033
0.010207550421459427
-0.007989138560619825
-0.009801992828798737
0.006677169346210029
-0.010438799800329865
-0.002007956409736383
0.06851214833345286
0.008988232742546082
0.028045917153017366
-0.002832762002654968
0.03914401270468944
-0.048485880516839074
-0.027889942368193824
-0.020692514974094977
-0.02169326045331293
-0.014158389627904147
-0.047881678011624115
-0.01127937883094575
0.021472825793577486
0.010684970669557097
0.03765947701934285
-0.004729909215754044
0.0033827172923661664
-0.0018914153023165071
-0.03918458057544327
-0.04115549629775516
0.016362873730257674
-0.03408770183314283
-0.01678923902542436
-0.03314831209107659
0.004966783234345399
0.042200874715083915
-0.015512263106090622
0.0050827557471965976
0.0016938913162015683
0.045451794414250526
-0.05515770112038748
0.03959555179701877
-0.010493522177291995
0.04365895113083
-0.07134123138291229
-0.014981938301659456
0.00557633252916574
-0.020907925199169095
-0.00347580546546067
0.01830495829547953
0.04964295194463403
0.039276949000930705
-0.06965922970332657
-0.016587614268340066
-0.011132739705166326
-0.026594604701783816
-0.002132050649724707
0.04227660389689444
0.0209411372722428
0.04156129046690449
-0.02874062883042464
-0.028254660491729484
-0.016580395414764366
-0.02062606755364614
0.010489650274069328
-0.037747746844313354
0.020250124364218334
0.037733039765963386
-0.002582070354898372
-0.02638096432260755
0.016747347198447622
0.01672506847124526
0.006843414346307465
-0.021552698411269666
-0.016753727436669717
0.0031496093436636256
0.003897211541201965
0.005890035537682772
-0.0009028138895446595
0.020518638523008968
-0.052372512468375
0.01628167382544735
0.00691416918969561
0.0518566208085357
-0.053494956303183974
0.02107721821351991
0.030408406156327453
0.028121407430041087
0.007750469689070974
-0.020754151318019984
0.08685980149716772
0.009202698419836002
0.03182693218296487
-0.04244500598437359
-0.0010801408388069458
0.03192823907483668
0.016320783581178368
0.026587342120661422
-0.006567978643328115
-0.009384233842189412
-0.012046714330584884
0.015753956971426644
-0.013342945034706849
-0.021919221395959976
-0.0008926324656897231
0.03296854372209418
0.015310490495800171
0.005414316031235326
-0.05242092036234878
0.0023185721859007302
0.014365879660658082
0.02110462402264685
0.02686634799580543
0.006386381995910259
0.0010374222348985124
-0.020969076852606263
-0.06658773946924434
0.014581194034340751
-0.001961300410001387
-0.04238680260813065
0.01569730658478834
-0.01951854595431856
0.09516722133068449
0.02215177507157706
-0.02922383105118685
-0.004905615674411797
-0.06082564661524684
0.04116669975976348
-0.017521705302960065
0.03569917233448159
-0.008641403335935983
-0.035606053479744104
0.07893935638380746
-0.0565636928459447
-0.006628755868393323
0.015362775259012178
-0.011655041832353353
0.0037016442725017174
-0.0612850537955014
0.0356041957405649
0.0011237986168531639
0.044279736750186365
0.04757367507048279
-0.04009154388605615
-0.019188388859360504
0.05184533636841296
-0.10113711923989317
-0.013187266222801202
0.016549051023199257
-0.019043448138041756
-0.01666564289671127
0.040593667187873536
-0.06566418856883727
0.042861963579338164
0.0038736542794836548
0.0166590104530468
-0.025409145146355446
-0.0017983940467148746
0.04653901740096503
-0.026554571369499142
0.03933558489138413
0.009992672747896189
-0.02760444230032046
-0.032336658267671486
0.001491118860694536
-0.02364326997695219
0.015366518402769
-0.0011825074060228618
0.035793509659278584
0.047809825146690584
-0.021880757480853906
-0.03246391420841398
-0.023185793226594198
-0.006242900122231325
-0.023071490725771936
-0.006576474084865975
-0.01328106496826082
0.030014118320780523
-0.0021054326084883317
-0.022174497729784526
-0.017975857802730793
-0.025523236387720406
-0.011768183632485229
0.07999044382247185
0.0021863927625217603
0.03135269501319613
0.024134352256291087
0.019590381438792916
-0.014230391076262321
-0.01709347313253143
0.004553814682648535
-0.00571202371658828
-0.02645693761863084
-0.007200684115268833
-0.005274930415977105
0.005750328946043175
0.042676834592111204
-0.04113045926243012
0.004960334016027687
-0.022397504659157477
0.01747562743635828
-0.03858437505432055
-0.025674381213557956
-0.02294101717630791
0.02702586061390271
-0.015175384304358892
-0.013672908985474151
0.0478371267246851
0.030860479856243316
-0.01031876744530598
-0.015099326754457151
0.0017818682391427501
0.04412568185337456
0.014364748760777445
0.010629756127017444
-0.0007575880427050548
-0.04799070264204911
0.008299453687792367
-0.034610410903991244
0.001202999921597339
-0.009981587415899535
0.01219967934954416
0.0020161710266330345
-0.04122150141819544
-0.08892069835946416
-0.01338165785873712
0.029371367674355747
0.011196532466905591
-0.01066082601364659
-0.008585198652806592
0.08037363137469264
0.04953428168817563
0.013324681386552965
0.012461760047808055
-0.017352400944331197
-0.017159488112275023
-0.03916470052857326
0.057944600294703295
-0.003704699644206033
-0.08721669399336278
-0.019793501969575005
-0.04176839788100821
0.03230482487248826
-0.03125283736833473
-0.01688696191916797
-0.005723154442984745
-0.01943383150010878
-0.0002523186239715405
0.02671129594992671
-0.0007481136062082385
0.001307619818882557
0.025691162646744738
0.039343007296724304
0.012692059461996039
0.020285518311835674
0.0679262696227587
0.022982446463886506
-0.017467754782452903
0.01737880606158278
0.06360348430149368
0.0032848577748784964
0.013430237636816602
0.010350409543838212
0.04397830668898313
0.015501450730869708
0.004807157415593309
-0.019926492486047404
0.002521472654075554
-0.09780668368781012
-0.016657769213185538
0.014825892067318745
0.010342796190759196
-0.0021898624961363532
-0.012730474758898304
-0.0008456187974408778
-0.010145606463571342
-0.006333832626851356
0.015114085013804544
0.0033989911336505664
0.008667600129029961
0.008428849206507943
0.03871378782312572
0.011539017027809373
-0.005057005789956852
0.03048560714217416
-0.0007104504821592696
-0.013685765726324895
-0.0014697684252054954
-0.008569561814089745
-0.017433455728464043
0.008539368883327413
-0.01697400908718701
0.012296989732352397
-0.029137422893148714
0.007581935912881778
0.03547070557037756
-0.011029948305485376
-0.04325786255549257
-0.04740619816986243
0.06405416730093548
0.017639349711527325
-0.01599757784238839
0.015445661032308489
-0.022076463520336213
-0.011189443228860594
0.005644737763096976
0.01881517290583775
0.026856957347802263
-0.0042874521867090395
0.03784267470023417
0.0030102675758325267
-0.0005522547345376543
-0.021125505382959677
-0.05046018854149793
-0.006233491788845656
0.011799827781990206
-0.023942127717990893
0.002540597133970211
-0.035208382761807266
0.016390403345232705
-0.01324640479160623
0.04690134989607175
0.03412729209334089
0.015598872408455457
0.028487058400115367
-0.021823218633160422
-0.0381897624388076
-0.00652758430453849
-0.001826012439569143
-0.019518251798506105
-0.005963271740605622
-0.017021252111857274
0.019959460207081833
-0.06969757251659493
-0.0187905951516999
0.02636752682317251
0.0674255568057823
0.004521268881801559
-0.010432679598661905
-0.015766038289437078
0.026812767257644643
0.01162804121325534
0.012878861646213793
-0.051102113276959044
0.04352708391870526
-0.005135326309244125
-0.02039905476022851
-0.008550654474868814
0.00292473771157374
0.05473623637053988
-0.042072063460682804
0.0367526763481493
-0.0450851907036248
0.0015040203058347375
0.01976735588823166
-0.004739482240899985
0.007534440358746317
0.009608095662126172
-0.05825643583599973
0.0654123868713698
0.003603182340028657
-0.0008974199138524632
0.0422559989511111
-0.00149173255057121
-0.0233669897693223
-0.05731225127698404
-0.05581700497123487
0.03724103061149116
0.016672384833429674
-0.016452473296065785
0.002586155258806625
-0.007154388601703526
0.021608502463226247
0.0041113422568226955
-0.06222889473915311
0.012384289493122936
-0.017209159295513497
-0.045032462598550954
0.04275792037250421
-0.005410901993719358
0.005764911111481587
-0.007713140482074087
0.012784827634413742
-0.025198394782980436
0.03265610722898309
0.009830757914491851
-0.009435546450298718
-0.02708685063199159
-0.054365304197802146
0.0044758469411660005
0.07923613782426683
0.02692103036275528
-0.005502504176372349
0.05566682070494215
-0.034837336464315846
0.018785594215850108
0.001469335285745614
-0.01267193999328589
0.012126602593625286
0.008884429472805835
-0.018488314532726195
0.002056320533587818
0.005543267748689161
-0.021301566863048085
0.004435744658856754
-0.03337752797983855
-0.03692361667795176
0.13943463140514786
0.02905704140432489
-0.016250523178750607
0.046290701572620316
-0.010915777933521772
0.01976661978723324
0.03719636110593847
-0.0953873512690807
0.0035375774293599062
-0.00020334987258097245
-0.01227459420240954
-0.013399114570988108
0.011475739813475713
0.015396263561848625
-0.008314843637638986
0.02301909787601626
-0.023669450353367354
-0.036870213072531945
-0.007792359785236932
-0.005739239610664539
-0.005120033306627813
0.0537386365933863
0.0605055363455043
-0.017480668263659713
0.013649783305434909
-0.030323668982686566
-0.022544454076637896
-0.01747237909637742
0.03006849467876125
0.04603872702924272
-0.010932090728714974
0.045478046070651194
-0.008766477364035666
-0.01635748486983258
0.0063711447496281395
0.015598496706802285
-0.03691034666943891
0.00360345341900371
0.043165029294597534
-0.039879949339728785
-0.004819772421056968
-0.05976714008524717
-0.004313086671695411
0.01454526151817657
-0.025600840413846686
0.039380716937183646
0.04071149351567743
0.0406678515243818
-0.019661533307521666
0.02500287735213435
-0.0009905947778221294
-0.019567778109009518
-0.0043850910608188055
0.043776571993556924
-0.010718880606544415
-0.030585552119670213
-0.005681108731551446
-0.012342941390394688
-0.035196340540108714
-0.06801664936660592
-0.025273387739345912
0.002354397369109705
0.03814313534964993
0.025327547932354616
0.036262888413518865
-0.05551016936374549
-0.019952700704369927
-0.01981785526581182
-0.0003942127196267442
-0.007637710318982367
0.042357929661156875
-0.02588132407403584
0.02862733481580007
-0.019604812825186838
0.020724952117652237
0.001256571294110943
0.03084703065341687
0.009234728455743246
-0.004279780696776954
0.01013658690359589
-0.05353273217359844
0.004113319176464646
-0.012093034768574481
-0.037467694596502
-0.044261084335324226
-0.007571827833894188
0.028490345103314472
0.007049141985370887
-0.057450400959541764
0.025657097544564047
0.045938530259805314
0.00954645927427803
0.03431731549948007
-0.0042798028025204165
-0.005656382806064779
0.01976447996546572
-0.011424244926801158
-0.04904393625706709
0.012248056233643117
-0.020577565861025764
-0.006239318731894033
0.031690395275524294
0.01594284369454028
0.06282714088357133
-0.0033426286315455717
-0.04136275419515357
-0.0012690196372821287
-0.026329868192459947
-0.004093559111594738
0.0014240535121248562
0.04418929082755698
-0.02880348429526417
0.01666217327899119
-0.017686322906316897
0.0019302654490656464
0.008949025166185955
0.014655959401750684
0.009103050399520607
0.002776800083151041
0.006440630289638001
-0.014670784013617474
-0.006511097206791077
0.010433087334819301
0.013783480775095154
-0.010792345042522007
-0.00015644870956950635
0.04821024380838509
0.015448914978930889
-0.028634338397006475
0.004153706178304058
-0.01597681666173358
0.007176091524988629
0.025520531336974562
0.03700248980289115
-0.03293947768276395
-0.008795233681696109
0.01640721938837426
0.01397452768463196
0.005414654458090716
0.02515725926934485
0.08028701440111333
0.053430854896006255
0.07157484908359542
0.1146457034828138
0.021798700422497517
0.011051446942234915
-0.03988644538163871
-0.02119728088499798
0.0184307331941328
-0.014217996834878371
0.01697898632029473
-0.00894188846972907
0.01669095268196332
0.02968692881975473
-0.00525650013362282
0.04157187475684603
-0.012887834019520527
-0.02854614518155255
-0.04285884872835491
-0.051569801645677045
0.02328211022390493
0.019930796425962342
-0.02324786368724848
0.016560038386965983
-0.01039720705838022
-0.009555818340255645
-0.02057828311412118
-0.0017105671922411781
-0.02122887674573412
0.02118651534357677
-0.02617065401182743
-0.008439854581960664
0.008393579844174923
-0.05713009571410991
0.0043964810453569385
0.029359648983644106
-0.014505869773593232
-0.06254910402754767
0.020610543601188185
0.001028406821970481
0.03084311678781332
0.059854785888572105
-0.005338775032353739
0.03979161371276006
0.012673861042331277
-0.026243365005969653
-0.034035092274206355
-0.01012334838193958
-0.01744858100723844
0.012968728125988394
-0.010931210674629911
-0.010615340200596865
-0.022126008634381432
0.06026047521371893
-0.03783680158235345
-0.0018002228551466538
-0.0622097050759907
0.0024354288038018527
-0.019727788779877832
0.007302821336621752
0.020608575020847366
0.04215697986230677
-0.04582197788523005
0.011997611060644063
0.011266588165290158
-0.060289037832382444
-0.02399727740556928
0.0107670312839709
-0.00888946458526315
0.037578201626527155
0.04928982094942938
-0.00349288733299898
0.013363635352586377
-0.03554047145560746
0.0657924988936974
0.06514578857942184
0.04164310505377839
-0.033402209966091834
-0.022171242609751562
0.01353323325055591
0.007839851504887304
-0.018134367905491854
-0.025229295995827385
0.007340167746492828
0.005288931930124167
0.022733473138383507
-0.03193294834980299
0.03722549424453609
-0.01681439199164454
-0.0018747471141242792
0.04333411184875347
-0.02384332081123963
-0.013246701387178126
-0.012673110292267671
-0.014748458032133637
-0.03879589375603257
0.009716510549125337
0.03765126124816783
-0.03930675484978726
-0.03464678997489793
-0.009573624432432069
-0.02238534830353446
0.014831560549831632
-0.02431405386270387
-0.025154527261664263
-0.0045037096534296
-0.060370137671979116
-0.010386629218302416
-0.024194752579322593
-0.0099288294798613
0.00943191394256159
-0.009977296233753416
0.01916097866623743
0.012098692706323064
-0.03919928800970799
-0.015193125556768109
-0.019036311782554195
0.023216561480639733
0.05429062741249415
0.02110312305916341
-0.051494699644452996
-0.015446000155831972
0.005917146559648024
0.03672620691141674
-0.0018166536550302532
-0.011293104809442988
-0.03822855261094927
0.0034579266687315515
-0.022977939609437885
-0.0150223704762467
-0.013383126196951605
0.008265252569405376
-0.07452987381865828
0.07198706015108353
0.00026613549397623885
-0.01513426942002154
0.020186073699473842
-0.006168209599113673
0.024280322649095912
-0.06597721650230377
0.029870109375566768
0.01107336719366991
0.021589553188078377
-0.026987978490864695
0.009874039920059722
0.016686807168041242
0.02037523577785014
-0.009458712022314379
-0.023512522278915534
-0.04974148387541526
0.0016163738419901822
0.006549459082050994
0.02204701256811616
0.018067924388791245
0.020581981781997473
-0.08430601275079734
-0.01027125174146485
0.013335026035146282
0.025129274008376487
0.01337230959565838
-0.009133125197701503
0.03359886820371474
0.01290799414028722
-0.009548391934002741
0.012380679511224306
-0.01601896612309048
0.01036910640290376
0.0010310712427630106
-0.009145705162335514
0.022052854279567255
0.014722348966138075
0.013952045933646698
-0.008912916355334876
-0.0012315574366500504
0.030865827523471168
-0.005477797858146917
-0.0003434129621900133
0.015829334561107064
-0.003781505322376599
-0.046244594250372195
-0.027620697973954743
0.01102778090810974
-0.055020059863359345
-0.008655123731972882
-0.004605693194608198
0.03414945799439134
0.011947704396194823
-0.06744198646021209
-0.021375579819626733
0.011804890936458697
-0.01968047701442348
0.015236710870311636
-0.03604770179960621
0.013939346326954304
0.015935798320414554
0.016156933393187606
-0.01495892056675152
-0.029096687673287498
-0.0045109534313038215
-0.008644422675449724
0.002072647951289807
-0.0072616489535113
0.028151277458592302
0.024684512471940947
-0.0043888430691396245
0.012052222765136228
-0.002755116114864157
-0.012781659679321598
0.0018823771558526023
0.016324358456704036
-0.022077348390620574
-0.016270165890447295
0.005845183311022243
0.012237164439046103
-0.03607140770415929
0.021347716765966567
-0.013372938600060847
0.025639788534224883
-0.015331927379063434
0.04310845500347103
0.005930491595788381
0.007582832852869552
0.019987169494683262
-0.03129103576866201
0.008255621947152956
0.019855124697228516
-0.05936000172839904
0.0450488015395647
-0.013813247059186393
-0.00782345278489933
0.03475614526460909
-0.00810519287320563
-0.015124996251329369
-0.015050266351788818
-0.02945480121002452
0.015460967889939494
0.004968860448510037
0.007952290023006394
0.02938066480789864
0.016845774511808034
-0.028030560600551254
-0.009047909462123629
-0.004539817460020487
0.010587605237562962
-0.030398337017416736
0.00599840080429121
0.04257339928475726
0.011348122951328934
-0.010234365215979478
0.03549013361643736
-0.05923706973858678
-0.021455397426018985
0.011086285184149471
-0.02697274974754088
0.025372039566703537
0.026823485269702598
-0.02148436459641859
-0.03880952142867371
0.015415952623056521
-0.016208965918008557
-0.03648175742334301
0.003309460176532337
-0.032294169735033976
-0.0014259976666316616
0.020327850062365677
0.015259312531775435
-0.034172887080952605
-0.003901587581658192
-0.0003179442676501404
-0.02321562155023712
0.03781599365255113
-0.05783712348666684
-0.00484003905885724
-0.005777172575452412
0.005207240007931405
0.04945045502133941
-0.04355229777850296
0.003963327352304524
0.02543296885254849
0.008628313081391278
-0.050676263523323446
-0.0144690518650648
0.005927200793498565
-0.008505502843672332
-0.02634633014823201
-0.010784771922363226
0.04098336075269396
0.04511342410897125
0.013034803745276173
-0.007478733248266995
-0.014229133502496645
-0.021375124787913542
0.02469491318610633
0.01718627428487796
-0.010573841555960325
0.04805152214822212
0.02315088186700408
0.0034776958254754734
-0.0027687502388929032
-0.010234618055491541
0.01995644713762914
0.032928517642218894
-0.07573169438003824
-0.014723457017019903
-0.04255764109640563
-0.038918300926578143
-0.020191114920028175
-0.04651924829219377
-0.028912655337188915
-0.000425531807510343
-0.016381196523685467
-0.027412705866708513
0.01725024219711168
0.004672938349332614
0.012192256746644842
0.02631326638922906
0.01626218389445912
0.007339529509499644
0.01431993935020287
-0.07422314981557215
-0.03536860213301039
-0.0066894088806965
-0.013987081151900187
0.015544635437265147
