-0.010263363647979555
0.022157598949100975
-0.012552288269161264
0.03132433472566687
0.008738987906614303
0.011603399098465339
0.03859848680002205
-0.08826801193139357
-0.036149652569895115
-0.012719539541355653
-0.002933481108915494
0.007389693649358068
0.028558797457215665
-0.012364432837702692
-0.02428845608374253
-0.02635187701958523
0.006867448624515656
0.005315368075427038
0.008188513867091575
0.0027187262504922522
-0.00813409938278233
0.024381385813908106
-0.027901198168468873
0.04074747248209716
0.03506182745855156
-0.004884585261222555
0.007541059079686545
0.008137214324308825
0.038220862444826455
-0.0009256024493077065
-0.0432514747558241
0.02480078595209073
-0.016466832877110232
0.010350824246090731
0.012143725667238611
-0.017153440450866034
-0.003817558356644273
-0.013436158912942791
0.02506453801791408
-0.01584245031274247
0.006760282247202265
-0.0024158439068377173
0.06233798314714315
0.012272767018735968
-0.01972298058570348
-0.007880715482859048
0.004338634137898853
-0.039828528766046555
-0.005818195388119346
0.029407877736494545
-0.025627498204230114
-0.021444229945026785
0.021004028008463172
0.011219999699581009
0.024910976491013814
-0.0069469712338849484
-0.018119680738355647
0.029343690844349495
0.04438672102783016
-0.000373493506222501
-0.020222949296581944
0.06500285998739744
-0.03138634048565349
0.035386910595181426
-0.008350720255967222
-0.0008303154038209479
0.026235239940313685
0.038014934604562546
0.04039400917530369
-0.008253671860819819
-0.0038239156977988445
0.018820096729412664
-0.017930712178771062
-0.03944156970456105
0.046300027311382615
0.012250350106439009
0.011868530216985659
0.015914006550239435
-0.019879003457875764
0.014277046818907766
0.014643555779100398
0.04912316055559272
-0.02243179430748789
-0.020842999717218123
0.002925933917313635
-0.00204533096041073
0.021396556316147276
-0.016201987963674686
-0.012227155959227982
0.007002460666883711
-0.04355545476852382
-0.01878874988144531
0.13445319855081533
0.0005651683074986
0.002959755710524942
-0.026792842954663342
9.750600133497296e-05
0.009993191032333041
0.049813952780598726
-0.034760307376342336
0.015787931448483956
0.0005330363366971503
-0.006578190288055873
0.010434871720353801
0.008456863285610674
-0.07003152247078552
0.004293718364519522
0.010710736965125535
-0.02238377285904588
0.011964050263011816
0.013384457709764179
0.004966639721120561
0.04112208340299528
-0.041163130839030275
-0.0038014335032975333
-0.006021998586410264
-0.005753579517408787
-0.02671935404237614
0.017752211227041348
0.004735883539725686
-0.012032492235235087
0.012688887597043196
-0.04776727051048194
-0.011320464192388495
0.007880995476112353
-0.058885685904348825
0.009864287431505317
0.041489288247471535
-0.010543522408075292
-0.0008116406783566977
0.003924259819003884
0.00712344001714071
0.0026134374108937827
-0.036076052017275304
-0.020967559240634256
0.059551374050941845
-0.003263821591686461
-0.013021845252779232
0.001856474891848802
-0.013344107510340675
-0.013306515144970233
0.023932425990003448
0.0041645126082315315
0.003225465017359627
0.012146894952613296
0.03455079542095342
0.007095492409086704
0.007186284166924309
-0.07118569455110779
-0.0038503205616038203
0.023571062368640292
-0.010930821865175255
-0.011600642621391773
-0.03327190131649283
-0.03597890951418139
-0.0063361579375065535
-0.029321132051485566
0.014217014236671998
-0.005600089356835381
0.001412237055766365
0.009833095994568572
0.008296129941328077
-0.03837249564109589
0.012710425786992852
0.00104655992406402
-0.006553508047834944
-0.02954748369938851
0.033493705132391416
-0.0005575092831470332
-0.07344201131859758
-0.012123445306566644
0.007243504837303939
0.006476258753046371
0.028403967294630676
-0.059309623334646205
0.03975866129084118
0.015069992443325188
0.006450667772437523
0.00461072699809863
0.05342936434187913
0.07073165754516127
0.0034376715151428665
-0.028669789148369908
-0.010123203999895294
0.04543794553923924
-0.014871887720538024
-0.015173139834283287
0.015603405985242602
-0.014332236158639815
0.006699306141196302
0.005328009618576049
-0.02845788916949594
0.016487209833704625
-0.028665411772988855
-0.004853071500338883
-0.002974853471826003
0.0730826961431859
0.07639944878102382
-0.011526773106383876
0.0019487145292346143
-0.05223575696358124
-0.0032317567251765877
0.0004051510322691365
0.012812280550210997
-0.0034915450158112156
-0.006195166393374455
0.05008345873336704
-0.027927994746514886
0.008892452589090919
-0.00542884248811498
0.010881786219778023
0.01851582573272505
0.004920854316934597
0.03442638249481262
-0.0012302454724625745
0.004151183232045067
0.01863549311290551
-0.028574042557838845
-0.01644186318953525
0.02971996351601349
-0.00471819212061541
-0.014238947063473279
0.0201229446730046
0.014845325868191095
-0.005169349734434675
-0.042994482028304845
-0.01972587459167258
-0.015217463112916803
-0.026049079796482733
0.046941029457508325
-0.013770016775217823
0.04593001589922807
-0.020246585023760574
0.017323595463740304
0.018085812412411563
-0.008734366886939009
0.004519678874400515
0.08285146906970678
0.007499376144051377
-0.028537354979260666
0.013415135058172621
-0.012994923881053647
0.012501434658464374
0.019362069219860306
-0.0025884446348381457
-0.0059362812708294715
0.00865821081195669
-0.03359374882971536
-0.0022892875904791474
0.002164749728380557
-0.018975125393977662
-0.012859101349646634
0.007044802038289462
0.00015282330745547954
0.06448055918133073
0.03927854082504535
-0.0020034982327675893
0.02240519550423449
0.014592860441240078
-0.00013514587404605405
0.001289407700928704
-0.013870829379494857
-0.04187676316497359
-0.0005444092558977594
0.01867574983328739
0.02033150055486991
-0.02258946999392008
0.0026997311620189797
-0.033412208921753506
-0.04321137948785377
-0.048162236738702034
-0.03441218462986471
-0.05067214803833155
-0.007672610856117599
-0.02172191138592769
-0.018970313820950567
0.03570464395268316
-0.01984909311860799
0.019048160202767776
0.008242746662395961
-0.05253064177117109
0.012104363403126175
0.02522283248242939
-0.03205667940669206
0.026497842446411467
0.03066644813351664
0.023851320235379902
0.0033135993470923327
-0.03740527541578521
-0.013412033852218449
0.010088638396435033
-0.02057489149410741
-0.00780750882574712
0.01100495772417201
0.03142513434580118
0.020878378465400468
-0.013292572064689177
0.04729029139026388
-0.02482908236365177
0.031079237826150605
-0.008759041683859234
0.03532773580193684
-0.014396487289645135
0.0027295118789273966
-0.06617748261486874
0.03589227273439777
-0.013246822216625908
0.009893452313437592
0.02695721743946323
-0.08087117809682469
0.02530016522713493
0.0007854667852948417
-0.006435960720438679
-0.025196299490005278
-0.038140334428505854
-0.024637998626878644
0.007057132034147978
0.05070280024317733
0.016404452446852322
0.07926671809876926
0.006567035103043213
0.02092964490345236
0.020152096186413178
0.0062523949058249
0.004155088668090682
-0.018255454556520202
-0.025751809397026326
-0.0047239896733651315
0.006763143645623434
0.015833508019538506
0.0025469830322229874
0.006318549933842564
0.006394389916309857
0.041000927106123616
0.020137439062898634
0.021443409338523654
0.012108894355155076
0.014823427240770662
-0.02734434558524309
0.07052745975297792
0.009507436884488015
-0.030736082350065363
-0.02096552709688212
-0.0710447745838306
-0.01743451620277539
0.05695790591834872
-0.04061471280147281
-0.024887803663259284
-0.00738739698957552
0.03856239595714106
-0.04752908625205188
0.018801134327559404
0.026524781459701025
0.0022886009280041627
-0.000730436478835219
-0.011685903046677257
-0.04054500256903235
0.010362830495888879
-0.0028273550439451983
-0.011925003744494287
0.0250452176633078
-0.016590953005546468
0.03537365105034631
-0.033047020807464474
0.001881160915938015
-0.02754009984899052
0.03681667881846046
0.008311511666087958
0.00020215126119685648
0.008100741612266543
0.022726168378672428
0.012221786769498422
0.04105143225496265
0.0005733704285823957
-0.004641332053799205
-0.0064216682012136535
0.003212893838118639
0.00130061030971887
-0.0551321168605456
0.004523738083709881
-0.07689858899268925
0.012640508815537044
0.02547886724473764
-0.009865508927196827
-0.020699970483155937
-0.013183124502507351
-0.004870221125362779
-0.003807338733745752
-0.010270492235772283
0.023037883308658667
0.030345178790862005
0.0289480715028555
-0.02925279997822799
-0.0037138260857595353
0.057945222567127176
0.02297223654140882
0.006011840493768571
-0.031353637191997956
0.06429525709725285
-0.015523392900923173
-0.0022059124690118276
0.024710426265867298
0.010807186833917386
0.009783113035963893
0.010546070040584285
-0.0239996751016914
0.00875308335271967
0.007229384657093392
-0.0004418032884912066
-0.006047139188594955
0.04099722018756559
0.014592776584623672
-0.01818898910360426
0.07315131648049847
0.025262749476853176
-0.0065642293022855755
-0.02421528386106975
-0.01143727935827246
0.011777186337617507
0.04700614024805406
-0.037121172990614675
-0.00553068018097079
-0.019671488194778795
0.003988631474380534
-0.025379169067145674
-0.016952624217912375
-0.017938830752753855
-0.0171268997843955
0.06295748285046654
0.05322523772964194
0.06538712687227385
0.03528758955652892
-0.015161458472583397
0.05951473225683897
-0.032918692434599
-0.018856699715878274
0.03789805531344501
-0.02127198411789161
-0.011637971667423008
0.027834128191324418
0.025847920472908934
-0.007470081706129918
0.03098215131837811
-0.028458541437150233
0.01436123299519186
0.006870070418385549
0.05053007782045467
0.004330724360634336
-0.030696502925798137
-0.041863011703014215
0.014656910907447545
0.01658486733252746
-0.024263579773533727
-0.004572544905952866
-0.02506465935619678
0.04128384193264577
0.03151259602170939
-0.035950118516009044
-0.005589102409338157
0.02345846079673925
-0.014739559949394541
-0.01847817099687719
0.003207902333817671
0.0055395339453915915
-0.02623728092629946
-0.003909324706774898
-0.020614163509979893
0.0022054589064826407
-0.006886979274622351
-0.009391797874555097
-0.06544556743205786
0.019421593078597893
-0.010484628315924303
-0.006484265199949342
0.0005546611667733821
-0.006605570074233184
0.015881404767684026
-0.023709526277945703
-0.032958347560162554
0.05409944310323782
-0.023637391294329447
-0.024316875732873684
-0.019812469168235848
-0.013947759066607704
-0.012083216144835984
-0.06234646396983933
-0.009337592607272136
0.0294465371572299
-0.018099794341270445
0.02793419522094212
-0.010268232875604673
0.03063175021552019
-0.02447847943747917
-0.009255576623946715
0.01589745928359989
0.001894111226072868
0.0716598390654029
0.025223732113364847
0.018144235471367454
-0.027543277374128892
-0.0261017027534794
0.0077959367807529534
0.009356928327741406
0.012677010732647504
0.010975786833204111
-0.026637664835438585
-0.013543122473855513
-0.006385333115703504
0.0005478222880554923
-0.011148904817139768
-0.024752928916431088
0.00023274507508438787
0.004117053486497862
-0.011735481875095065
0.004681840342804467
-0.027517900241603103
-0.01381232894172249
0.001044399228880209
-0.02158734601001507
-0.0014387172043789436
-0.003974241957919224
-0.03641577308769948
-0.014069793505302162
0.0015877597618069045
0.02157880952222267
-0.0005711704035352542
-0.008505949801663032
-0.008183578609776624
-0.047774229878070916
0.031336787015321624
0.0012186253816792838
0.09290495431199795
-0.003238264570895109
0.03789963182943451
-0.04941532455698402
0.022916108826668204
-0.022769160663692035
-0.023596287239291802
0.03524655221641073
0.0021368440515707665
-0.005061831175294422
-0.0024020834364971
0.0005604014334636014
-0.012251144037807192
0.040239844841701226
0.003930520328476646
0.03287841157896864
-0.00586640413107202
0.02102503970079199
-0.02896699470954292
-0.025884372667213704
0.021578327372415617
-0.010864299255786624
-0.0021475611373778943
-0.04483235575775725
0.019579006580253615
-0.0006325058964218863
-0.013323763670422269
0.007630546028604827
-0.003859713346357908
0.003061811107280294
-0.04271212325694201
0.012326176659430439
0.011945018944102988
0.0010783519832661384
0.05675397146825134
0.018214708682428613
-0.023679570959050985
-0.003459304392811681
0.010387866446555111
-0.010591018228682365
0.0013554571299084447
0.0012056525541487098
0.0012741266678198686
-0.013907237003515418
0.01749773035126294
0.008623191899958612
0.01613938087307577
0.023240634142602867
0.017250029652878505
-0.005946026477758395
0.011652631243486406
-0.043709528057205536
-0.008933180581142484
0.017126437508029925
-0.016172681616233715
0.05368801943163401
0.013193865002603188
-0.016548408581663097
-0.026625532165569288
0.0007976560075277836
-0.0479384745399528
-0.005428746276475718
0.02310015476472
0.012255583887292535
-0.0065618858228535205
0.011016173220916926
0.05138161097235933
-0.004237696990403488
0.00541036638079699
-0.03319263794336229
0.005458339041250744
0.012164405370138432
0.017616110416560866
-0.03519629999429187
0.04603135690458679
0.00827899365566899
0.00601795347738037
-0.008975737500948308
0.10781635446616358
-0.05377479321334671
0.013838376980839924
-0.02952369400395216
-0.004880697344188316
-0.011670646771777728
0.016672175391557107
-0.05293931904671235
-0.0063260496303424495
0.0034071957826791177
0.05685145502073128
-0.00849324602922811
-0.024493624701352964
0.04749118903061517
0.013830375328702139
0.006178157770031193
0.03328469314691582
0.03209755933040089
-0.004690296966097339
-0.009863845755031886
0.07860439284143222
0.01141598164414851
-0.011476094029669114
-0.01721438256422512
-0.023539173290329455
0.03031586282730824
0.016761465536322438
0.03345920795027256
0.02735220187722498
0.01747134342256285
0.02055682742836333
-0.013738884654823825
-0.0022904990907378795
0.0009129630029074897
0.02126912759974599
0.017924207876141924
0.02809683977982614
-0.0548811729016457
-0.0006521746217391899
0.009084897737679818
0.0542003739195694
0.04045045993539847
-0.004967013888856894
0.05129013996501308
-0.008402721281283228
-0.03191327549701828
-0.008284313597337745
0.009292829694243113
0.021714759213213183
-0.026762571650943926
0.005026444011904671
0.01852665347860171
-0.03565211362194495
-0.01155383428464554
0.011205927905161343
-0.009127894697727772
0.009218183882532005
-0.038446055608259366
-0.007773052720249909
-0.014034740805122778
0.02598486928289011
0.033051548998538564
-0.035251690152343425
0.002226025429530711
0.052369232169648484
-0.04265340730931543
-0.030514074137028006
0.006109826473236827
-0.010389037701806462
-0.00641817120691053
-0.013088007197114393
-0.036283328593809144
0.005738933437917447
-0.008559072834964997
0.011570084285402437
0.016100156871692008
-0.02349351642487629
-0.007269902684387663
-0.013122964732467934
-0.0032753753343666247
0.003093962190932688
-0.06645484294699902
0.003173766639229176
-0.03889113563894612
0.04603374295711183
-0.01519936772781772
0.06148448056649985
-0.019100233091127877
-0.010058408257522636
0.0031637414992434594
0.007355362682977592
-0.04866385212392252
-0.017924434405681415
0.017228513486341315
0.014974829203478923
-0.005756841237088183
-0.003110287585684943
-0.039820200712744724
0.024704910334307453
-0.03544592510783482
-0.022841388952151785
-0.015604493287765375
-0.02904931305369809
0.0020644339710375725
0.0017901219656599387
-0.030424884179905368
-0.003336953323367997
0.007381984785547908
-0.012895707354194586
-0.02634920241372643
-0.00035547332433915984
-0.019122380781772738
0.020767032246495325
0.005171984762792934
-0.06020714419765911
0.01277425740494005
0.025369223842133224
-0.022799808433609566
0.0008255215420253656
-0.021464678902490132
-0.013143958293627758
-0.001927833150492938
-0.007048623956100022
-0.009072879324882958
-0.005950335193254473
0.03456690208186228
-0.005899426471005442
-0.02106678761446717
0.05494272847512389
-0.03604899239827884
0.05254752158629155
-0.02305554157677825
0.0018265026380166827
-0.01557812477216541
-0.004830669208461903
0.0027465686022407165
0.029050199042011605
-0.001500945607999475
-0.0011319997004077362
-0.029467936347265182
-0.023464456973572426
-0.02141076960410124
-0.01335279260659919
0.04073907025193857
-0.00282814939403505
0.009074198544053103
0.024820408618315373
0.04313909927005265
-0.011521051783944957
0.01714726908449457
0.05352877885883254
0.016640778083424426
0.003910973041884464
-0.0012733877221826504
-0.02149963423977876
0.00037493269704017517
-0.008732132333115698
-0.0159055445287808
-0.014258012660121963
0.034037870084559586
-0.0024458554858662594
0.0059674695938711836
0.050021948126415854
0.06204451523826569
0.015160970773700105
-0.00734773370368155
0.006627122167294426
0.000303773500624133
0.00820471663147338
-0.04649193441196663
-0.09066442920784205
0.00467756213705564
0.04369148003205228
-0.038536554336423584
0.038568754794228964
-0.012678614533045062
0.0017532335063360786
0.01137412973669369
-0.0028314155064953998
0.03855686456269775
0.009729401195351803
0.0318239067506584
-0.02032091392985598
-0.0021938451217283746
0.017798321546486938
-0.05719056509482296
0.013570789121599642
0.023262010112821127
0.027664347194774463
-0.0448108534549608
-0.005105815247166843
-0.060400267575742544
-0.06198809553790346
-0.011316123498356284
0.003821041131016897
0.0605784834104952
-0.0003022280922206352
-0.033830964375071375
-0.019280002179556822
-0.015709244515480367
0.025394476567485388
0.005486365669571295
0.005708617092421538
0.016887749228073637
0.03200090208384282
0.011028636865937073
-0.04111972978034347
0.019972698516818193
-0.01921244900690164
0.005196835110036435
-0.0017339089185452537
-0.05434244211166425
0.06576543413170403
7.501240874267796e-05
-0.0034900641919919256
0.018795521103215272
-0.008138374415645194
-0.012409374106238253
-0.049897138690769664
-0.06564600273156504
-0.014880429847166565
0.010576908279903775
0.0084571442638323
-0.01328597946984401
0.06918292444417103
-0.014587510348378832
-0.012725633612021078
-0.003331709865824594
0.002136403972393481
0.002165397450684613
-0.003574451275152067
0.021359696463830104
-0.03915324986029508
-0.002592908886518234
-0.02110190395114848
-0.031095944661869393
-0.009175182370621022
-0.0027171281924460605
-0.022822220982164024
0.03092892495838785
-0.007316325467279592
-0.019590784594008363
0.04183620672644574
-0.017812165834125693
0.03556613773133181
0.003863646835993242
0.02179066292900354
0.031114938620601548
-0.01225901519319571
-0.03193551700947826
0.010217704134102926
0.018413932923500072
-0.007312019623282914
-0.018328726127980442
0.004373195982256583
0.003528665454717862
0.002533909239396217
-0.00561262502588599
-0.04473964151593371
0.02030481494914467
-0.013573581340166238
-0.029422467747466746
-0.056004176332223946
-0.013202829080509569
0.049589161743703966
0.02003448719215506
0.09237221632257
0.0342974741413675
0.003548112092704843
0.05681495235586424
-0.012679229990547308
0.010841027608703311
-0.02224452097923306
-0.001684529124751
0.018554766214359013
0.030414709681561732
0.023845321991272515
0.0074087761373073
0.007362969377326757
-0.06289554364443943
-0.004297701167555763
0.015181880364089238
-0.02346036610305612
-0.007638093323432824
-0.005338013866190109
-0.017435160192216737
0.010486744682841798
-0.02571137267012268
0.05631176118420098
-0.010197959800076751
-0.0196444943245442
0.02683313634866052
0.01596338612670459
0.0021532124643018316
-0.00848416415511209
-0.02149652833361896
0.04217529780797563
0.01707923230487604
0.0749840066770254
-0.036429852645921044
-0.009984826742491754
-0.05888851795050396
0.0150192001752027
0.009381026679997151
0.044931756845916423
-0.000745719581519839
0.007068146214771528
-0.005714806689068047
-0.037324452030514974
-0.030733335064165646
-0.0070434107848199425
0.009800887255556421
-0.02432774595902223
-0.04806573870284806
0.008467519051838054
0.013003882891765503
0.005132905500488132
-0.046116118544219015
0.03004986406969865
-0.004286726297274253
-0.02955727554284895
-0.007420676869527936
-0.06350939779776696
0.006171634485229177
0.0062520507275152706
-0.002151122181385956
-0.015484310439423143
-0.006911200575703607
-0.06221305094567367
-0.0464479224488456
0.0057748324522054004
-0.018134463123710424
0.0011565611741682046
0.01456436946687504
0.02963073587186154
0.02194533099176292
-0.055316813195478584
0.01422347566540246
0.06462258873736632
-0.02785470010656923
-0.0026752031254856207
0.021769738361002388
0.028804288168470554
-0.009752805181837349
0.025367394454945756
0.006404128204595467
-0.015457350891822954
0.03322738811112506
-0.021661860051698754
0.01801493904728345
0.03016357690114865
0.017299499827115664
0.04451779099629762
-0.0406596885330114
0.0024441285164112326
-0.01196259846264487
-0.032666746427836214
0.03026082438770934
0.012526404510800171
-0.0044090810441141815
-0.016254875769529675
-0.03682165745320099
-0.0013803166421972272
0.013845843345813923
0.00113038635037207
0.004609770362685485
0.013446558840297811
-0.004729538252531831
-0.024412238203863026
0.014339341819348183
0.03613434681436547
0.005275985754505765
0.009692638363466078
0.0012029374941776047
-0.003979325816859834
-0.06194046406488793
0.000714373975120548
0.03880454142180395
0.016550145097158502
0.06177134575002314
-0.03909286730608521
-0.010890179242680986
-0.00537274391069532
-0.014231997509788178
0.036999641887483434
0.0047638585614134185
-0.05106244828739844
0.00025136848857715835
0.019767084110648824
-0.0007953467419417153
0.015301161346876872
0.0028250089307634394
0.07537799337134497
-0.033528159904366854
-0.10138550286186657
0.017212702652214047
-0.004669385993234862
-0.01243575267178763
-0.04833696338286937
-0.01562581161071309
0.0019492714664284554
-0.037739381421124894
-0.05427688611359372
0.035664326686185646
-0.0034849613535810936
0.06928495201959904
0.010147444308511378
-0.004485377966428198
-0.023720013136745946
0.0033380261271460606
0.03716878722695334
0.0018215204399292468
-0.018544946551975385
-0.010164441304888376
-0.005953369538590065
0.030261750844118734
0.014842297667319477
0.028772220596005812
-0.054747834745513875
-0.004104270537957389
-0.009773177121670524
-0.01662599428492517
0.0010358466259802299
0.02113650433895817
0.007462998420321455
0.03463859614625421
0.003950113999128577
-0.00337690129192345
-0.01005319848698735
0.10312297739023137
0.0026193325036630126
-0.03361063922176099
0.019202262287434397
-0.01871590055606724
0.03352104691308504
0.03544001865675603
-0.01106620816490117
-0.006794560682473915
0.044277577421970395
0.04150875108107358
-0.007595993242850311
0.02597546891832538
-0.005032365792376132
-0.016438208255865425
-0.011764373826900671
-0.04974906156672134
0.01280754262690285
0.004943374812764907
0.0009399328321674673
0.02967024062928255
-0.02412463947856082
-0.09913617582717076
0.010259821841946508
-0.05597240454619741
-0.009340165120213531
0.004925568420946872
-0.006295935023628458
0.051930540878588324
0.0432216825431344
-0.03242675207891462
0.05724895271896532
0.012224347021744759
-0.028289224314809118
-0.009012000171352778
-0.05509522640331759
0.008710656885351675
0.0008436685410418659
-0.02131738919143409
-0.027177321072390053
-0.029862717454084906
-0.03723294964574136
0.025044583059737367
0.00842215373671092
-0.03403830950708835
-0.051413754310189956
0.0005221110029753038
0.013771995913315113
-0.005973078132158613
-0.019561628817948866
-0.001971892502320514
0.009542349548354572
0.002427958559238782
0.0008466790489959883
0.00976213268214002
-0.05738927252613435
-0.022918505773566085
0.015911405336668894
0.07877899674885891
0.01595992431455042
-0.005252106529949473
-0.031738342861553887
0.025514950202430213
0.005172040350215504
0.010350812131111286
-0.03536963583031194
-0.03654942926909666
-0.02952511080040036
0.026934877505481555
0.06161622591495983
0.009010600896989492
-0.06120698526718025
-0.04347715694249061
0.028075656253168085
0.010858997323308224
-0.08631942987475742
0.027324198745728202
0.007615974069191279
-0.006795404832127144
-0.0011162612241818759
-0.018617407181628545
-0.0021317148618734787
-0.023638102808898255
0.010761731387532857
0.02713383356664822
-0.003936107474826141
0.039532771679231034
-0.022460344154110023
-0.014440555489555192
0.03013129924636582
-0.019377554598958117
0.036364062939016555
-0.014772494683161962
0.09710053998086579
0.014058117937422723
0.007818384818524694
0.006906600977591761
0.0048812019411011
0.023266221797517812
-0.08047687100936796
0.004722063133671202
-0.02051232605516427
0.025536654654037386
0.0327615271071146
-0.0350548031981506
-0.01829222318401741
-0.03216767158000041
-0.005839292145528266
-0.0701657583725204
0.004840039487485104
0.015819701300551044
0.0223620385045585
0.014526886147110963
-0.0001849882447714714
-0.002617261617846306
0.025618749787898392
-0.007772105070137047
-0.004846648897970623
0.015051280993869147
-0.01572536385890444
-0.03941215029276816
-0.006578890699503846
0.0018735746126436056
0.044631517293899046
-0.05017711131036738
0.07832282128936852
0.04939866715352085
0.03691905636811764
-0.05629874483687113
-0.0001650575758616766
0.004469215844781907
-0.015248879319939587
-0.08811530122280843
0.009671428272737445
0.011402912539417382
-0.004682584993859624
0.008221844944797219
-0.040280773617969404
0.004349815839151675
0.011399334552553438
-0.016178084595121742
0.005864108315109933
0.07270403547959271
-0.052553607960865646
-0.0021438386410420084
0.00919042675680447
0.0008624777561056504
0.014343187136781663
0.026567227109237545
0.003976565785039749
0.018532380501822692
-0.0034742336773046657
-0.002312805687075335
-0.08319112887418705
-0.010271507276789308
0.023106341993394112
0.011189330106518357
-0.012432390399981647
0.030438454621191175
0.09375117282793921
0.008954966978389755
-0.009053758398782101
0.0004285131184943372
-0.032183712853631044
-0.011215805794999935
0.033198701009217554
