0.006538967686475299
-0.007294513431457172
0.01164464035531459
-0.004579345513437244
-0.03106464515635157
0.005919813439688945
0.12284213322290254
0.008793576087164709
-0.018905726505024492
0.003774332907184055
-0.01354578457045373
-0.014945092814971464
0.028579528496628637
0.00539079752698715
0.004206633556223765
-0.016156003153564486
-0.010453631882075798
0.006081247838854732
0.005646783713013762
-0.038511619723968236
0.023861102890607614
-0.007445627907521781
0.04886370254741199
-0.054901676519066654
0.005473547060048553
-0.007113858602026013
0.022362216697697827
0.016094788303301286
0.023983910123982967
-0.01364043419949128
0.019262583650470518
0.018008496635839553
-0.004919296376253904
-0.06186121941985009
-0.004350836271942293
0.01868747273779932
-0.027386627840467248
0.01992614565994272
-0.005672619486568361
0.006266477551726204
-0.01196974285892418
0.007348072593195272
0.04919446693791004
0.0168023078675299
0.05846222396159657
-0.052448055337748066
0.0011469381305702709
-0.007030388719516172
0.01188024221558967
-0.05458771951767106
0.009535883812417531
-0.006094683196460829
0.0008059020322842758
-0.07469257254428302
-0.05882579469126666
0.030819717963740324
0.005776423797827367
0.028776457088312522
-0.04174020029129468
-0.005917060237262243
-0.0015828067957266976
0.0071595612308723655
0.08864243206357829
0.013794098020808082
-0.0380467036449313
-0.026717993364527702
-0.047052110268509625
-0.04268703594468159
0.014177861920057128
-0.016819176224439902
0.0026086046173419376
-0.006804232258316074
-0.01985075794905555
-0.06848199914871006
0.013550154717214064
0.003145172534456458
-0.035480189511615946
0.007772240663798342
-0.010094881468843617
0.00014729752583872262
-0.04547037694065832
0.0010634076264239801
-0.017523820826219484
0.03303429310000736
-0.017603701911462894
-0.00027682288230451973
0.03948124213155393
0.024583927760414907
0.01869112868745688
0.003672152948158141
-0.01995996527936654
-0.005871765950057475
0.01813977141974116
-0.02250280696433455
0.0033650611635739273
0.007037284196094369
-0.008794812656171878
0.04165935310850704
-0.013214563213591032
-0.006136012283817219
-0.004912615393995626
0.01737874129836721
-0.005155484684234513
0.000323811556075252
-0.016883015929071456
-0.03120386635346422
0.03470383313734699
-0.005936503910660619
0.01187460394077367
0.058214788911980626
0.005168545261484141
0.004340286479934566
-0.03277146528660946
-0.02172316696186458
-0.02028079215286985
0.010027358220703619
0.01729503895208914
-0.04746463021524071
-0.008348660137896799
-0.037341296052356684
-0.024920738324467857
-0.0055042720078713825
-0.048732778837229034
-0.005049417947398768
-0.027594968616980766
-0.0006005806076970942
-0.01056432355686644
0.00048194987887020997
-0.016738778661201034
-0.01141401721018017
0.03531297025998042
0.04313790637998577
0.013276935018864039
0.05708226079498028
0.0029425441107793836
-0.036381246855683676
-0.02514031604052504
0.013780611007472923
0.03242587088570972
0.0038418009485298365
-0.004297339418348526
-0.0007750698227448967
0.05208556729814193
-0.06033965174767947
0.029893171228272328
-0.021866395641161503
0.010780180328404868
-0.011588527607073172
0.019520738215361724
-0.02310002678788906
0.02871709370194762
0.013818851092114615
-0.016805309273909226
0.016758304282295966
0.04909319082542747
0.008693392260620892
-0.019139384028870794
-0.028623620519494557
-0.012932190323151948
-0.010672714820018204
-0.0048580333900893405
0.02936607856744474
-0.014083694598396057
-0.008155401563938753
0.03368338608124091
0.015509666642701264
-0.09396111371654017
0.006700470610540538
-0.024317810243215027
-0.010210588829438474
0.0662902396845234
0.01899360069994353
-0.008759966803535399
0.017320114852072126
0.0061703166519283025
0.03626581447251404
0.00636215040311419
-0.009319225732373091
-0.005002411908795281
-0.03993326962169222
-0.03122541007865566
0.017796847579288705
-0.05096891285313903
0.0001466029831161897
-0.014685612668026987
0.010576861575917923
-0.0021159242040147143
-0.019987688349902277
-0.002638996116540501
0.012553816447829836
0.021061891368497898
-0.037324500599934814
-0.023158660956429187
-0.006007138682082662
-0.01628209086279178
-0.0653405779940756
0.029038839298144756
0.05588301680780497
0.008606867924625124
-0.00015655733357131552
-0.010000368508683908
-0.009152963351907349
-0.013092595166400827
0.015169830609422012
0.00745863870164992
0.0028097425432061338
0.07544646826647285
-0.03107939011107605
-0.017832889334042697
0.030747362171899297
0.05518169096107849
0.014691790380770387
-0.006370452529789588
0.01906088719718368
0.01863339118309898
-0.000923930157683668
0.0046157569272881425
-0.04904200690155522
0.04233684465428577
-0.06071554601814218
0.040828187868635214
-0.043595893039595116
-0.012067734128069468
-0.037942549336489134
-0.05834300654420212
-0.01403776039501584
-0.04261676883134157
-0.0023938774841880677
-0.002880539347286231
0.030809058074490348
-0.05842186914246865
-0.05781482762734548
0.05510022116127685
0.05727127007055985
-0.02261643506894603
0.030622801665961152
-0.017292581599129823
-0.012812815918619177
0.033977391344775856
0.015856956381264074
0.0006283520316036122
-0.016202933327575546
0.0001292719437923625
0.03104738776922681
0.006919515593605149
0.000157486682353668
0.045067206752534804
0.001303496979562605
0.022942399612348476
0.03790176676642976
-0.0048979409583093285
0.018878434896024116
-0.0018679656214315586
-0.03227298688176653
-0.04161337753493515
-0.033991079449107765
0.014880977549709191
-0.05285614397209664
-0.00796627469974114
-0.02228093375100102
0.04330015743102971
0.00364434834727416
0.039648366420527686
-0.02380243099287457
0.006579394721288978
0.04092603457258083
0.0267283300921148
-0.021698368204643825
-0.004254195064126622
0.04172896388274485
-0.032475782509363615
-0.002808941298025308
-0.00011984704125493777
-0.037374164388170594
-0.04301451893636847
-0.019084531939043616
-0.0033918787194931427
0.017815683277242318
-0.0021781819573285528
0.0018070872244152335
0.02509432271068301
0.007483643743208032
0.007860154220169033
-0.02257662677548379
-0.06024753848453773
0.0021096131627694344
0.05765973493510913
-0.0014290986952482387
0.007831471515135819
0.02501471716550139
-0.0014393207740884802
0.037278711637032634
-0.05945458617603982
-0.052435836584352594
0.03905398719328188
-0.01303232245220401
0.07751553544130702
0.04459757448611879
0.004729166052749809
-0.008316347056731985
-0.01441595686059033
0.013999847423608153
0.05041647405154698
0.0034900521805880875
-0.027059827131729823
-0.005729440911609626
-0.002785690500659364
-0.025650163448735087
0.03992648981443043
0.054005309712747994
-0.002667001572372294
-0.07453774401029319
0.028184993945957287
0.0007634851435686168
-0.0365713712762438
-0.0046805019614971745
-0.03880935643561022
0.007712175842309994
-0.02379631529293313
0.004629360417782183
0.012749022670246562
0.004101994822660288
0.012230909148309124
-0.021917547802545883
-0.009444820249551766
-0.03353264235646003
-0.04133725732588446
0.026483775191983527
0.017969824111132484
-0.01319319569333359
-0.06387723811010909
-0.013066452374733585
-0.0011688018856587379
0.002839377594500019
0.0062726310709904885
0.00540159938215572
0.0044789766776614035
0.017617902840222834
0.0052028335646602105
-0.015983581637513698
-0.011168132177326751
-0.012948408138923737
-0.022175069928557105
-0.01497592768946476
0.015407071515648274
0.06653994387470413
0.03066403244227502
-0.015485559578902344
-0.04404461648979382
-0.012075571075850947
-0.06028452055053108
-0.045603302871538604
0.007010236518080523
0.05001948499700106
0.05575760990626341
-0.007850598041709183
0.026531237551620374
-0.024929086097273484
-0.0077892186089699765
-0.009522221261660954
0.0193958811183418
0.010395895282377063
0.02862827236917382
0.020735153713026613
0.0009015782290524263
0.037468712774954456
0.04815518418476068
0.028648675242636517
0.00021576723814073628
0.06833919701348876
-0.035197509847675654
-0.01609425579195611
0.05130464726975852
-0.015586479056700457
0.0034271621186628912
-0.019702507234493283
-0.0019676384945170743
-0.1035859293295545
-0.05737541067890276
0.028957085639602764
0.06342806787435896
-0.0066685640860018195
0.027262230282151342
-0.0003478375897135003
-0.010642585262036543
0.00879124266205399
-0.01961097825524009
-0.0044062721539079655
-0.0071811632800581095
-0.010188858257624821
-0.0010905982739971459
-0.04760103887951788
-0.009360977545865906
0.016494084101685486
0.00753099015370954
-0.012272318660960796
-0.00932075642596528
0.029611473467637657
0.03310667487138333
-0.011314793503829568
-0.01758204120487274
0.01547992782449652
-0.02094039639671564
0.014709293374035917
-0.023872557671354214
-0.02227228713018281
0.009478086660357706
0.005906486680977941
-0.00289199519906163
0.009746153688400946
-0.027000833278319168
0.016429249803233906
0.010905476089105526
-0.05614789166509653
0.017301053021262447
-0.022354369151695412
0.05185542884697721
0.007321895310640844
-0.020498707594786964
0.08795819810494047
0.0056886368337420645
0.0034715331980876988
-0.012493337166006578
0.02384034466274504
-0.02056243917760172
-0.017847764699595394
0.04787315053618717
-0.009306675497409192
-0.027053315564555924
0.010893246112839311
0.024107085517675566
0.018301416211838055
-0.06864902531995298
-0.015597072658926053
-0.02906395418265189
0.03673950869197616
-0.042125608050599804
-0.0343343189246959
-0.01742244996172953
-0.01143720817734231
0.013618457285946172
0.05810167734309358
-0.027493051799195905
-0.023417787288755314
0.02749676435516848
0.02266057834324421
-0.02325197164952289
-0.007031499889829942
-0.02518471509449151
0.02532199861940743
-0.017182830326006076
0.013674217967717953
0.01948902481406304
-0.01889603526948923
0.006339695900822508
-0.008447834440971134
-0.021446367252833245
-0.00067305811807588
-0.004790542888338533
0.0011330931254708225
-0.012459888476521803
0.01603170295073302
0.010303273193905204
0.0014440909700463712
-0.03612100216350963
-0.0023080155915246475
-0.028229901880265793
0.03997359572247666
0.050294350684865284
0.0349270111451542
0.05285956528738386
0.004871055738479348
0.01944197968517044
0.03359946412959867
0.0014751831580581585
-0.0028074070893497212
-0.008046773913535112
-0.03419070796392744
0.014561911073325766
0.04777567748979725
0.0018621654179309178
-0.029475333156454394
0.03006891766702064
0.031047645974183136
-0.01810081824700797
-0.003764008041120322
-0.0005840730820908076
0.008954402823143632
-0.04031279039256131
0.031878424886622944
-0.013330913275091198
0.030692155294393068
0.06751048097104403
-0.004683489976556723
-0.014279610460936525
0.07102367052546132
0.01887202301171692
0.02031101601086993
-0.02505986765650192
0.022076997038993216
0.026841374338466645
-0.015127598546663502
0.007147676339108456
0.009523424977858255
0.0019174031646182308
-0.03236748775430007
0.028135407286033483
-0.03938385182228016
-0.014491959204329602
0.033304056988785316
-0.07018214923273577
-0.03805013913611814
0.04930959391461896
-0.008456053244554451
-0.013846528549395679
-0.02806713037679769
0.006092897269886846
0.01624622111324518
-0.007465204162359468
-0.0314601454202379
-0.021235210672337832
0.03677902837391399
0.029388445730801252
0.007743444651709568
-0.002130967025103321
-0.04043608755386108
-0.019564316559721105
-0.030976300826503444
0.02723849845154677
-0.018941556265071297
-0.012724906194676982
0.0063747869286082445
-0.015102305882587293
0.020562922562848557
-0.044650189632428526
0.013088634919182121
-0.013801734929715079
-0.010052599972838236
0.004245362333949527
0.011859015288773072
0.009225641861398173
-0.01063301139327013
0.014492813431233834
-0.00657475733495013
0.0033472084404671055
0.02429392102009202
0.014411638628172668
0.003104392152280774
0.028237816051804598
0.01202187368560337
-0.019006112739744747
-0.03579394919845799
0.009070605524105307
-0.015238924822223884
-0.013543823675274349
0.014476299993839122
0.04265398311711964
0.003010757967143099
-0.017587065685650716
-0.04742286408129892
0.0048767726880025375
0.025888103169135167
-0.019714204173615014
0.0003574569085164027
0.0031179103626308787
0.036694526905344325
-0.029618789384647296
-0.018172105730340213
0.025846072649814582
0.010775740793588414
-0.013235621834031902
-0.017740765920413952
-0.025678420123416337
0.0340536411524521
-0.00594461296105048
-0.019191288116078925
0.015986518640272028
0.004190848608894579
0.019037870201644696
-0.05292395300924028
0.006023124035591655
-0.01779186493434469
0.004400575657769667
0.013104352065877447
-0.056890277392180916
0.012909056045415352
-0.007791410793849785
-0.004437190064719719
0.02369316909871286
-0.013369326978877601
-0.02559012220326485
-0.020618918625447118
-0.022669763234969418
0.041323449600474974
-0.01615010077651276
-0.0008803268126488861
0.04528162014973029
-0.026166038301251412
0.0021935725368987086
0.01957752942345178
0.03257483801018745
0.001616793639821846
0.014547106130086968
-0.0007766410314541613
-0.029259399474514405
-0.01781662161681666
-0.02443093860191534
-0.017374325653551733
-0.005352512977466696
-0.02784784021781753
-0.016994839497373886
-0.025019465943795845
0.002713995554909572
0.010382040335522024
0.011967076354805333
0.008600957581763054
-0.018138394462142462
-0.002418934341615383
0.008495671291563365
0.00814206598168345
-0.005458047502798935
0.03278932638326675
0.048724175276248366
-0.0782223436853249
0.014963692311235741
0.03142445403331348
-0.02893451227437516
-0.018937141305796122
-0.004024890375091534
-0.016793172398923237
0.030539674842192867
0.04905120315691129
0.016803445448540767
0.0027017133365169694
-0.06300967706344837
-0.01546213555622463
-0.03669344982542173
0.008805083379256184
-0.038575199776485
0.013666976385278392
0.01647219660755006
-0.01732088479705152
0.007400300305422112
-0.011163342931779861
-0.044181449541677326
0.03697517398306205
-0.023398995433290076
-0.00576700947691924
0.005035498164262012
0.013698937843992155
0.050164110114404505
0.05568639155261357
0.017143408657176
0.004437763301004583
0.05892867211852951
-0.06632050827590248
-0.056833473611358834
0.0005742315419517521
0.037723158199160715
0.032011302205670694
0.017794775676934743
-0.0016080567606848164
0.07307591805318936
-0.018463526625318392
-0.0010275998273625512
-0.0030163627090770972
0.01731087565036244
0.013536348502198812
0.02306871140818846
-0.010760593064568315
0.0026731935958883867
0.036873072621282914
-0.008490090817616586
-0.00585022005895935
0.05003114276132027
0.0018406954189327234
0.008826078165359174
-0.01789566731969778
0.011071933893161584
0.0095226000896469
-0.017192174601662908
-0.005793367524633077
0.02016267996120151
-0.010593187045384037
-0.05309278421512154
0.004199215676369109
-0.03108631394232852
-0.00932211838157542
0.010973180456861036
0.022059250598129236
0.015937221492188826
0.03647240104240066
0.006463235418889106
0.013341912322712708
0.01686181329233526
-0.06740073750489918
0.021093411610135313
0.010285251636379904
-0.024793744402441406
-0.031531728958830926
-0.05102365149246138
-0.02546355820017127
-0.029667555271018855
-0.005985460508521919
0.014668750159522858
-0.006597262011127855
-0.0450478841615897
-0.002642412586123923
-0.03408006271649679
0.026100946289716622
-0.0038521593995091714
0.019100463253083743
0.0005416449172445217
-0.0015577027363519148
-0.0017153327145137311
-0.020847486089182386
0.04081298280819333
-0.02744537217885273
0.01306444348930054
0.003818840527141703
-0.008080342603084392
0.013954354157420492
0.002574994313584223
0.00275869580268186
-0.004370058950490355
0.0008319006268656407
-0.015295645067458567
-0.011800799994537968
0.002877017764523168
-0.023820528578341264
0.012147417248893917
0.0006652426625855635
0.0639593827977239
-0.02204734109449079
-0.015964949277001587
0.004792259861609942
-0.027451831140860757
-0.03520586092604801
-0.003925360361843149
-0.029392140786295855
-0.006206898201736926
0.04614183720352822
-0.002803251847761943
-0.01623586907293175
0.0009176967003274064
0.021375428528873322
-0.013719900969327242
0.015349129557664161
-0.017924641214022725
-0.0073773823379086455
0.01564082035606193
-0.01105052794768732
0.07571006180777218
0.004269440790747224
0.00034316871892146574
-0.014579236577431286
0.00026176473498728143
-0.024558372894347123
-0.004863052408126299
0.0036323621708388306
0.06914429006457001
0.0004502630743275368
-0.04027144643924109
0.05068009100968248
0.000655502898528065
0.011930284555091783
-0.011746827379299187
-0.08657440557345299
0.01985595728799879
0.0061238045141580695
0.012913501578207122
-0.013057591239811676
-0.02691783717241904
0.01126216517389217
0.0049082019608813945
0.016805801046225057
0.011084835059623297
-6.104642260073621e-05
0.05112519545048871
-0.0833175459692124
0.026813539901434
0.009758398472420713
0.0008024537691954802
0.01146205225506455
-0.05870800526922099
-0.0003855316901359976
-0.004191418995939752
0.011171699977307497
0.012858969773028299
0.048926841267477365
-0.0037617292038929578
-0.04172849795445811
0.026710258113922067
-0.01104455250910866
-0.02400885347209544
0.0037248445904496407
0.03942714518768655
0.019948569589334823
-0.06768360773715941
-0.0005400363629758337
-0.01727004497184061
-0.024101979559785273
0.009883199460638583
-0.08527467719323817
-0.018684113875774382
0.008369438648108265
0.003965362217242282
-0.00016510861855638002
-0.037869376217910984
-0.026506154249789072
0.003277720984680319
0.003959139649039756
-0.007098367639784153
0.010376860638370802
-0.006497044320828892
-0.02143870582320124
0.01898061650639321
-0.0341018975241339
-0.050648185202614604
0.006515417181146953
-0.06927629665726202
-0.009682387680951648
0.027332002391424418
0.014355179866961897
-0.036366697044986934
0.002436801848307835
0.011419039912523219
-0.008202015231991376
-0.01009437054607256
-0.008827925123725176
-0.009879456226362038
0.017271131249304527
0.01871227252766711
0.011700372091049353
-0.004652890742952576
0.02976924072817032
0.014710921106940967
0.019248183127406965
-0.036247347262349815
-0.037444022300610405
-0.038097062721463244
-0.0023449574523157673
-0.026424755601095702
0.0351526607143638
-0.018791886895980017
-0.08464281402995719
0.00304656236988052
-0.004645293885655586
-0.01861289691531686
0.07587686656323535
0.008272235591461756
-0.019952739451900653
0.038546132018783326
-0.056309100014537504
0.002033881383450992
-0.009369335352083223
0.01951701438071471
0.0052317283322435995
-0.02390185231804959
0.08231548414037901
-0.008362903641401333
0.06219319834396776
-0.027294432435385367
0.012228033523685643
-0.0024563339758361265
-0.02237577161881265
-0.010309610394154838
-0.03757205771552098
-0.022533584472368317
-0.013273285497071486
0.038542539055661205
-0.03639328381989402
0.02635801157659735
0.035667397233247564
-0.04590471117262137
0.029566495861395974
0.0036391173637185708
-0.018041265240820295
-0.031756656133542796
0.016360790130098512
0.014990991290369035
0.04369405054869698
0.013954668648124688
0.03192697645867412
0.02251862172978535
-0.026504874396054517
-0.06779707152115066
0.026767723603306728
0.0016460717228669003
-0.01317488956820882
-0.027879014568610208
-0.02048464552821562
-0.0019117034859252905
0.07997548672929629
0.023162447987237773
0.013632658297053582
-0.03215151676689781
-0.02702006083273974
0.022818820867731876
-0.020682440357413432
-0.006472376465799151
0.04018511780713525
0.0032570458841583356
0.020358551405892978
0.013253115810052606
-0.004678805143781166
-0.033130092285471806
-0.00988641855372811
-0.053114395102600895
-0.019546039941449152
0.007536860926918246
0.06857996184492385
0.008656368628573713
0.00903139577485241
-0.014358275994299632
-0.011259418281909664
0.01918470298041898
0.02529605562943178
-0.007727777586174566
-0.03143063709531865
0.002178536364174227
-0.0220825228962024
0.015088794623977901
-0.011456655158805378
-0.028336636723664044
-0.012331653806383252
-0.027904509878920295
-0.013574927481701436
-0.057842374400166686
-0.005527808538288444
0.017058778657702105
-0.028302686367315207
0.06837296851923459
0.009079530571265967
-0.03986007054608574
-0.016116299330412785
0.01868786849787542
0.0597933851459044
-0.05417812104148987
0.03064136189943243
0.006310369338708363
-0.0013948295953506555
0.013408566229059385
0.05180927186148436
-0.000697029738794162
0.0761406586058214
-0.0013835598789441385
0.018154986324789114
0.011655133417231126
-0.016580895202298968
-0.0054561186254938185
-0.016875332168370415
0.0015467150347936837
-0.01059427757200774
-0.009520604100638076
-0.016007559040676706
-0.02331795578003038
0.022098529949634762
0.03814972215476477
0.07861800676924237
0.03946978609665412
-0.02461505369038547
-0.012927694034784661
0.020483120975442713
-0.008517723735143716
0.01301585383623549
0.005105188228276417
-0.019345204856013397
-0.06018890975809017
0.011648284762929874
-0.0024139329580460302
0.003612496546607264
0.021783578439353007
-0.011989311877049364
0.0049375000650530194
0.028440162263393486
0.0015140858249391282
-0.016396838530746288
-0.06908461647116419
-0.007749979348105079
-0.015605295836882176
0.00108788665424426
0.037702697964927534
0.027374908831320884
-0.032825848119579476
0.027632131150136467
0.002068158810019914
0.013319430462196928
0.02247292642119527
0.07293150080112797
-0.00747801147380294
0.03694967549903445
-0.03506085585985807
-0.007177649752396748
0.004292916651550778
-0.0061136645914444876
0.001142099143785228
0.014924470237798505
-0.03701270517639008
0.06880777814478405
-0.017737538347312714
-0.053534654976007456
0.04662105707534229
0.0236749019113141
0.057457255306264256
-0.018870323144518635
0.06794543034538841
0.012286770633784394
0.023999108407244243
-0.021464483353545127
0.04445799261428901
0.010801328785957536
-0.032941581032066396
0.004661839714342655
-0.011858765798264958
-0.049050002023271366
0.017129560890807083
-0.004926170144487175
-0.017537822655434996
0.013786654477148774
0.033652889066930154
0.01485879062359468
0.017539413515766614
-0.004428664428053079
0.029364449255736398
0.008982735725089022
-0.021172641690301457
0.03590837313315615
0.004620306339117212
0.0017144652616075998
0.051675736371226126
0.005682577042757356
-0.026286672629526765
0.02802653063382527
0.013542306617151941
0.025767214342693075
-0.00521939825499107
-0.0266327215061378
0.007286152318185527
-0.023917735143940765
0.018790716039476706
-0.015917249600966656
-0.00954279038453192
0.05107442559344109
-0.01939692410679658
-0.031200876053710233
-0.020471518585028763
-0.006431200228217502
0.011343504417777348
-0.02033358953379635
-0.021108940833442915
-0.022527134801176907
-0.00026658784112178907
0.04105023481629355
-0.011079544951361507
0.052965081394295746
0.027435043155939552
0.01689189202761615
0.07006437235599915
-0.0156386493316059
0.01634434099674098
-0.043793421497406025
0.03881416200984702
0.006843677962771872
0.0030105290254488297
-0.008147085406813087
-0.027745030601692724
-0.00035008660905646053
-0.023663563237410666
0.01275248755537473
0.006616123899589484
-0.014850844123587021
-0.005887162171895782
-0.00957971614606295
-0.0020336092867584577
0.03255617410377333
0.017548133943830074
0.055640922636187966
0.008776266276110197
0.014723917340405089
0.05002500745317353
0.017159696404198316
0.04743513132558382
0.038946455285476266
0.008512313015490864
-0.024437609260137553
-0.0009040035015781295
0.017976890513529024
0.010816454083372139
0.04070841254951256
-0.031451142092216944
0.00632746205998589
0.04101125608045667
0.03155330624786736
0.03563697326834095
-0.009196713030243121
0.00969038560160446
-0.03509032395282184
0.025039905297705445
0.002996295215006844
0.0037354045695563933
0.02511474281496076
0.02835754576321541
-0.01547529893770328
-0.009281360920535045
0.004133316295845572
-0.003879897585329327
-0.03962086841741462
-0.002377013048007058
-0.03139774858824355
0.0017769481592763744
-0.04938272206175414
0.002954735197610943
0.005691668126159097
-0.007628149311115257
-0.012375201729123505
0.034245022257976675
0.0009133944769362687
0.004799733455004809
-0.0026381866106048846
0.002204171071750235
-0.0023099845426046363
-0.017149717608687377
0.02670732770775984
0.034436508500927804
-0.041531762732261196
-0.09837697107665445
0.009660250043317728
0.011228870339821671
-0.013574351126020885
-0.027199258652782245
-0.10225287705349512
0.025214854615325622
0.01667174225593739
0.014589597788955976
-0.003497424768604044
0.02671500708873474
-0.021937497529139857
0.011372941345405228
-0.01967495753308832
-0.02979060288711005
-0.0308997019168534
-0.032001165660663654
-0.032522973724403756
-0.01845146545843227
0.022680851838643504
0.023608208730020945
-0.0022261739200852824
-0.03289737411253561
-0.010658265806869207
0.027218094182031482
0.013797521200998033
0.013488026739581188
0.019246306544701667
-0.003670780744870276
-0.016402470503382265
0.03198936495010615
-0.04589170681445369
-0.019898596058039293
0.017892006632598406
0.04522773768641542
0.04776474938136808
0.0056961235340234895
-0.029929549324663463
0.013205904969929688
-0.012437176044363594
-0.0010023501865139828
-0.0019101591364862297
0.006192090771023953
0.023077044537479344
0.031126022662908946
0.023518050447079216
-0.012613095753502413
-0.00899049913316215
0.02146042245763755
0.030529924882764136
0.014426708212057342
-0.03183933146899864
0.0007788923580427129
-0.008952321151815476
0.07839942822662775
-0.02717761230241959
-0.010986236314203616
0.030590450283112896
-0.02873338341899858
0.027232511134871542
0.009405752644377163
-0.010615693700729723
-0.021655396506799592
-0.0444356680884038
0.012608405205329158
0.09229245877377208
0.03819760181723881
0.0074039597062954205
0.009334716887380495
0.001225426592502941
-0.01581358173575909
-0.011341233683038621
0.027131079432295452
-0.009817403678451485
0.014069355852702796
0.03295408124072348
-0.0365702711453937
-0.006544865677721227
