-0.05924436199530142
0.012276728935523572
0.004461060718551613
-0.06097763572459722
-0.04279870048750512
0.01780254780067121
-0.03590597127578066
0.0006301636962297656
0.01517964635462747
-0.029769810746692354
0.011234066161746836
0.01678537127607792
0.03299673373376921
0.026885984552823743
-0.018646334053763744
-0.00011435533326738198
-0.052538927782898766
0.006023906076860874
0.0012172137130966793
-0.000526958377606044
0.11671720884157179
0.02676451751883581
0.04373288117563843
-0.002215559547952771
-0.026748091019530885
-0.0017171885478320435
-0.08202382249672951
-0.023084901521256387
0.014029545406395528
-0.019534240861325748
-0.024540569876855964
0.03036733368639286
-0.0017320292605830484
-0.009668612263000321
0.02004819500735032
-0.006926738865141135
-0.03579652785894984
0.004406353821393379
0.002311579016867552
-0.001770923782973819
-0.0012605210072799983
0.009996062281390043
0.06367230110544046
6.610679681670641e-05
-0.013477850457828552
-0.030127786051930897
-0.00808053894354763
0.0547218228581153
-0.007509200774626515
0.03665951369086835
-0.01896204439252652
-0.0061678154764522935
0.016488181482334097
0.027089762735530105
-0.003120680025671939
0.022371119597475213
-0.022009894518809518
-0.006906538170803314
0.004245313845957822
-0.03324576432645006
0.00239931524843862
-0.03747437447477079
-0.014014863754757302
0.009803830855663161
-0.0027426668148538683
-0.015432137429658231
-0.01914980695059605
0.014603196442534456
-0.02647172461355776
0.02265927953671046
0.010529104515740866
0.008749408130187285
0.04459838075220579
-0.009770168369943098
0.04332311082642179
-0.04220634492735483
0.01675529538664475
-0.023268069459392488
-0.015292487519901045
-0.026771660069613873
-0.01681069856449824
0.0035880583696314035
-0.0014050397240415223
0.02666293293689366
-0.012666882135230883
0.01589796420431988
-0.04326652519004689
0.01701442857666544
0.004085844056206189
0.020906648045081154
-0.03783888765274038
-0.06922947618976676
-0.023413610864305805
-0.02906561729427714
0.010456292440950572
-0.023516257221614396
0.03064572230683765
-0.004787947458660539
0.029892582821374147
0.02266373978271578
-0.019649423079847794
-0.010639486721808344
-0.010277854325135376
-0.0052979448015088694
0.009833265573527292
-0.014687831581904676
-0.05378719975277276
-0.022013473343585156
-0.02854398808815262
-0.062211761822668465
-0.003916983461751156
0.014222890310454829
-0.011766256187602549
0.01506820852111476
-0.023946036016734038
0.00209674021722446
0.04972755515750567
-0.042407539429085664
0.005650449569468245
-0.0014505099529223229
0.0535228119871841
0.005590589240472959
0.09865909435062427
0.04955838561256084
-0.05750056124222008
0.023577077617005112
-0.009546799909290849
-0.02045046513976894
-0.012597490442369859
-0.10468280779792923
0.02523529705340677
0.05279252428537216
0.012834183885606745
-0.005551493622579538
0.007271317365388608
-0.022668178135102142
-0.005662580424496927
-0.027310003076395386
0.021522349501713084
0.012916173479028771
-0.008251427431984724
-0.004642630935284169
0.07558113728183545
0.020017663791062852
-0.02930740513957303
0.011346023148145838
0.019525107949507223
0.004913437871790922
0.026173752348693246
0.028580530500494986
0.041489236061972974
-0.020961699886216077
-0.07980800496714657
0.057269521733876366
-0.002944897849855097
0.00410103905362555
-0.030764156926877374
0.008134446399257405
0.0024846706160665645
0.019460466677995662
-0.00388341088680954
0.03528721036068891
-0.03875550450232076
0.005192889670454859
-0.04869070298782675
0.014979360795766634
0.02974087439863389
-0.015279026852319678
0.00024525373638482293
-0.02279922812520562
0.03426572930500308
0.01598659349708072
0.003984147343868749
0.021370437742620502
-0.0002804464613737415
0.013776988981697246
0.02727908820107729
-0.009578707918122436
-0.02031826754669478
0.041198403681155425
-0.0156861208891057
0.010118270915350534
0.06059293851378255
0.05752882586231034
0.020718998040641545
-0.04639702221186798
-0.006987396116629642
-0.005795044228565673
0.06186403876518667
-0.0004153736097144142
-0.0223889835601148
0.03802230377196783
-0.028330183273311646
-0.006350690135424847
-0.017310542438570196
0.009087491787879633
-0.03825315056742069
-0.02094768928432649
-0.006940914203460101
0.0024090206095691248
-0.045186072156783934
0.0003797980779149723
-0.015700169570280177
0.017577145936661716
0.014715109301147073
0.021514113218193336
0.039860089869148026
-0.013973382289012409
0.018061948624170862
0.00255531333569375
0.012015523732095062
0.024997600718446353
0.02863432701965972
-0.015256107377252193
0.00012155006784645578
-0.011570646196502336
0.014789040674937423
0.0052685772867187355
0.002003074104253411
0.008789720583500391
-0.02104469481207086
-0.001151203632195916
0.060118734043186836
-0.04212016376537901
0.0107486093282074
0.013583096160929549
0.000895192672826835
-0.034449570729134606
-0.0787392478799272
-0.06831756984913462
-0.050429752120957225
0.00668942983332933
0.03014201801404777
0.02906176804699319
-0.04461124053517764
-0.028788281637805484
0.012524171751651545
-0.022404803595561993
-0.026861121930083318
-0.0001323662924918585
0.0015228027219457278
-0.00346740875931213
-0.0008209591452161746
-0.001993237206799958
-0.04017073902677126
0.004817664807141554
0.02416246931508017
-0.012031920120889317
0.040708253365680486
0.04091408014488301
-0.005740021656505756
-0.0035020816022866717
0.018016840483511265
-0.03250078993095665
-0.012145715697246193
0.0027761567210772666
-0.003657203382050612
0.014312810786770705
-0.03840595819610056
-0.038183904221045374
0.03567370888338205
-0.03810755108108595
0.0351982203402069
0.032288412972804874
0.05569124177671224
-0.07570157430337987
0.03486586585671813
0.0006616197933878683
0.020356079024924242
-0.0032744924985680835
0.036953787435005554
-0.008300496116905826
0.0735817272037836
-0.0015022146763156385
0.010622608037662068
0.006250539012172049
0.027048746868872948
-0.002671074825743437
0.004313344409895084
-0.0015180158692950224
0.02878962737722199
0.0324857241026258
0.0022137789371042245
0.00975516894137484
-0.003928520657735566
-0.04302899157383413
-0.02957859320931589
-0.016966748763133144
-0.02909899291966051
-0.0011298600539832978
0.002129996056655322
0.03321113510084709
0.015104396464594915
-0.010891406161114605
0.03275178995746491
0.00027103200741289174
0.0455953041554228
-0.006757416905252452
0.003132094847768883
0.00857863196011046
0.01667426482138484
0.0008962377640745091
0.016522563798471723
-0.000451406324758506
0.03753460857215258
0.007966120438568713
-0.0021940921080085417
-0.005144561533580212
0.00470961083072097
-0.004062295873686955
0.001217952188607875
-0.01912342579108634
0.020912115925651516
-0.06872945959815639
-0.015650978549442276
0.007064764869550201
0.03855818348477226
0.00853240210138709
-0.01552311600688179
0.010000229410545576
0.011798758999009283
-0.027667922959774043
-0.02010898853852998
-0.021363277451632575
-0.002118851202632267
0.07739794146135433
0.005386329019821512
0.018060617210089395
0.014099120060239662
0.024561118456296126
-0.016785572248476228
0.0010072656613444879
-0.0012769489138104901
-0.04675466671285702
0.00420002389898202
-0.011592104729069559
0.0016848439949588906
-0.008158659964631982
0.013290999097897395
0.03992526921859798
-0.0038825575587293467
0.04249978608702301
0.022174747321533645
-0.04257664437384798
-0.0037101208484045284
0.04180313506835163
-0.010823733219642365
0.018723473033839255
0.03160407791816929
-0.02508240152465374
-0.052616232294893
0.005130634885067809
0.005728544148232076
-0.02626274624069264
0.08767203728651989
0.010598879849518896
0.011607333953559918
0.00988727650015154
0.0021886976602438495
0.002424320446512659
0.004778493349598396
-0.008048957715351948
0.01078694572400526
0.013828392226903158
0.0017374021432117902
0.040097789401868526
-0.02331944868463121
-3.898151086377165e-05
0.035922185251500316
0.0214514953522449
-0.01434391151184495
0.0113395175606219
0.048945818893923625
-0.007754006682916325
-0.0023259833401699705
-0.010875347192215569
0.007094445518859429
0.033685738965211855
0.02575327840883085
0.028295263698149182
-0.0214588397898767
-0.05047306094218565
-0.1059895764758361
0.007635674233844978
0.008168573550875743
0.010141621163635189
0.023021864608855663
-0.03658068725524682
0.06081838454384892
-0.01440308378096172
-0.06626303747174184
-0.07565812622549892
-0.02185283644339393
-0.0029694526682243053
-0.024538617226866198
0.03631423381281886
-0.01696719247082191
0.02897253538310905
-0.052387442152504925
-0.00816506615877019
-0.01148334888251229
0.027649433350192747
-0.006848079790323229
-0.03927354010901468
0.0286219616722033
-0.02218489497779738
0.020920760478309958
-0.03442292558787724
-0.013799934210062417
-0.026204836357906536
0.05660044701426643
0.02257405357945505
0.007168354481169945
-0.021661330136430058
-0.013197963090768504
-0.021256918339456587
0.03223724427543281
-0.013325148264305689
-0.006327386793836198
0.015266528072740548
0.004126075443656
-0.010289732121518028
-0.003700143453162878
-0.02285804736087188
-0.009727062253820383
0.012802335838049088
-0.006902166623562093
-0.00887156041119364
0.008419450966206396
-0.013690336907464186
-0.04560294121917175
0.015122349801188945
0.055651780168143185
0.05610666631491896
-0.03583858395322648
0.008083165667223304
-0.03507955081932348
-0.03174496084162663
-0.009664110884803904
0.01809425232457727
-0.05635896472520653
-0.009971186391416996
-0.01271070212950671
-0.022020298572430933
0.014953253250395432
-0.018329505595185123
0.00865507589281325
-0.014636853051275074
0.006298774940882392
0.005572494885738198
-0.0011918211056536315
-0.03163601472145412
0.024885433930291686
0.014995374076286575
-0.03348324880539385
-0.06854102982778312
0.03735577715139729
-0.024343216554763153
0.007333338691922514
0.0180862166915413
-0.0003384941531295058
0.04255084849390815
-0.013566321048475114
-0.02864815658173772
0.018210523883243016
-0.0057164860245458365
-0.02077495156991906
-0.056597080703912
-0.026464650626703282
0.021075548409168567
0.05806140390504071
-0.009836111760591064
-0.024539633928144552
0.025410228183697352
0.03630760716445044
-0.014481998457384682
0.027797997883442296
0.00044437081799043773
0.022654751895445156
0.016083616149128187
0.006782482802143018
0.04947403216434515
0.006877405851588565
-0.025697859092508577
0.0262933369711811
0.0004244310471154365
0.012379890666019164
0.034970486676958595
0.04155479954730475
0.02040956720938429
-0.01502975570111047
0.02373101368002784
-0.019625637638243692
-0.028718717779004775
-0.012011825482929067
0.0015137778655224254
-0.021513634111396646
0.03395424889166684
0.012614057902251634
0.017853542773522364
0.0034958652108185305
0.03730953905390745
0.030702945433194358
0.008643971872618478
0.024841351363799013
-0.011738238284897309
0.04365496419922879
0.017980235737419924
0.018425748144110177
-0.0027265873067984473
-0.025659422687275946
-0.008234563024760153
-0.00048237737497721766
-0.005388209010400572
-0.04206558317461915
-0.016093980575774526
0.015742636263924154
-0.04196682196459816
-0.03232107434732789
0.004592305219923099
-0.004866295039367092
0.03905100366981468
-0.02978700780129356
0.01566990946273992
-0.02623914587221026
0.006127014682261618
0.0028707990636517022
0.038664312460599974
-0.018472418764966816
-0.023546413718206018
-0.028848785106185063
-0.04532208876555508
0.0018443867957815387
0.027184304312480846
-0.020614897606826114
-0.0009513431006921138
-0.008771140056186056
0.00034639024500963126
-0.027069959812288328
-0.004981648222152883
-0.006954694061833091
-0.009964486545647496
-0.014850187815549204
0.001975085406173102
-0.02004153072271456
-0.008323115857609899
-0.03972900282048925
-0.021596933310174864
0.026158206894407468
0.01628710519764967
-0.021184698427864076
0.07066810295854509
0.001427646681497096
-0.03771351910904611
-0.047122281813064354
0.017582467533075026
0.01825606730720543
-0.0205128660670164
-0.008918737807105755
-0.015354741445857741
-0.009561793719362445
0.05775337849047485
0.03517844124813427
0.005854672143431633
-0.020652129120168845
0.05949710227691885
-0.051464105863300406
-0.016229956207750276
-0.002487489254418647
-0.049324696137476844
-0.008755094369232249
0.05922043803874552
0.004997688809822136
0.01144972132373387
-0.02287157931426048
-0.0069297497050636505
0.011253053628254454
0.024924532418909563
-0.02467249712859232
-0.0012437233630646716
-0.013561500891299458
0.031068918033085504
-0.006528796256603479
-0.005174547879621026
-0.0019593888166034045
0.019739124285647
0.005005575548784268
0.004703731856919396
0.016262635341962598
0.004266020620648917
-0.012305438611821793
-0.009323472653924407
0.007848135282031198
0.0098216167355354
0.006583211390151351
-0.005924665934834559
0.032397595092921776
-0.0021882798042382177
0.008697932650417708
-0.007584273966969733
-0.004924049167006779
0.0012305149289287345
0.003374156270685519
0.01263423547408413
0.06427652563535186
0.025455424946699855
-0.027535297999193527
-0.01259766628920579
-0.002494514931071426
-0.06428397853063134
0.01117398333007966
-0.0040082674027892805
0.029683713273098624
0.010474009407754824
-0.026370126701206434
-0.011189627469957029
0.00683672164667455
0.0012237773218158594
0.010808542365955751
-0.018300919750209817
-0.0096405908666151
0.007111105525404481
0.04270244018968379
0.0035971372020387393
0.06568204478253019
0.013528118837927714
-0.05772587348243668
0.01566876207688049
-0.017427518705750954
0.041737872819009224
-0.0066923680759860965
-0.003407382213467327
0.015454761662750697
0.055908328332523766
-0.02446993546062104
-0.002851247826691757
0.022940736603411175
-0.02817403724349607
-0.01835653042890461
0.013715086712209425
-0.014669406899700694
-0.007988743925031393
0.006138942727795214
-0.005112540684474103
0.041513398912569756
-0.02332633521118014
-0.028499289570810608
-0.002117338795586293
0.010074416075239687
-0.03005567554140427
-0.01648861826392452
-0.014034050776548755
-0.0033936796764391006
-0.0053212722571917255
0.015922180772957494
0.046799060802636065
0.06070820531081765
0.00045295236319838696
-0.012470849125132449
0.008252085116929314
0.010447702802442362
0.03817413158455082
-0.04183223255583049
-0.037243937096412306
1.8246941942391027e-05
0.007901913634069661
0.021368070689410778
-0.0010268779883383318
0.002820899336132765
0.025914592635790035
0.03488978304465565
0.033922312637307994
-5.580415149403093e-05
-0.03672706059178477
-0.02424469070482314
-0.048191307005451024
0.03512265025283185
0.006735172909129246
-0.005173568160492061
0.007092081509217924
-0.009918082013880938
-0.011339742917927467
0.01240359949814364
0.011019100558716698
-0.045959946576748484
-0.013825491234615786
-0.0006179154210918673
0.04457476307470608
-0.01485506514203412
0.010080327618215748
0.027245057886559808
0.005112497405737309
-0.003908587419115343
-0.07656040686431181
-0.0531500136976882
-0.003278634542428816
0.012833640892839424
0.004411279943671226
-4.00204976170049e-05
0.011478769218785323
-0.000489275558512373
0.001292010067032192
-0.0016079388043050726
0.02698238059649529
0.003635879890325144
0.0013138817579031934
0.04080123669424224
-0.013821084332256008
0.018936519281694496
-0.052479225666707145
-0.007053823141976607
-0.004873797531051603
-0.009097527482705078
-0.008976804896977124
0.03924958112789644
0.030667043264052774
-0.009879192207721533
0.013524536616254449
0.04510111464655755
0.004009955872994687
-0.036516627740564196
-0.023718192859066137
0.005169291634328617
0.0066660449612337734
-0.02421999772398184
0.020622360449601064
0.04528516364709206
-0.024367943860440257
-0.022748375688628274
0.083871822758552
0.008675321523815527
0.008669586254248598
0.0039865029719938876
-0.033182630077591015
0.007360328075264236
0.003029235858147364
-0.024524760813316917
0.013083186855472247
0.022462512540846077
-0.015722729325506463
0.007006696243668692
-0.009424037087498695
0.015026346523581776
0.01604313940869728
0.01127617052150083
0.013089106981423222
-0.004017837926620483
0.012980513145915116
-0.02751455452642961
-0.006504993297111384
-0.001778204839326751
-0.06257698018062298
0.007885706111259045
0.05200761366399509
0.004322635945634221
0.014982879099101374
-0.03948579316953265
0.012542417490821231
0.0038402596864207973
0.014048972125674733
-0.03298800146895361
0.00047543850109251347
0.0031223668975464258
-0.03707221864374809
-0.006389506692149551
-0.003725598784001115
-0.004764370813351793
0.030086601167626143
0.0003216236570749596
-0.000532213344395101
-0.009694782968789667
-0.010417847256183164
-0.0500340892884484
-0.03957205885155086
0.0027160592758399215
0.029662841496807448
0.015222293283503982
-0.025347362361221263
0.028626415324794575
0.08306937137261193
0.003413364843887814
0.034810103025900964
-0.013525365500207871
-0.0034421409531082358
0.04205229149736673
-0.04166027991525103
0.006637595977671903
-0.028712546255155506
0.040313702660310896
-0.01250690948473441
0.010460942272549144
-0.007421661965341291
0.0058470499485281215
-0.016268306391672288
-0.03058673776359059
-0.04240956835618671
0.001048746215562402
-0.020917169398612136
-0.0259540799042791
-0.0746662857360872
-0.07887416331468404
-0.031624564649561045
-0.015577138537561142
-0.014245927892225368
0.03892700499539495
-0.014037540031214154
-0.013804985266450121
0.04025463235486025
-0.0011028547026284503
0.018411860879601408
0.016844091047148537
-0.0016144786242899022
-0.004102466738104974
0.01850657743461
-0.005409772141638362
0.001583368314865523
-0.020073596356047226
0.009721447342997281
0.0033858751850494727
0.0010216945984125058
-0.06042981717383414
0.025187921312508046
-0.015029229500279023
0.021877492452839434
0.04843734757160033
0.020153589508624913
0.047169757596048544
-0.02552266851533184
-0.03310604144771165
-0.024563798657899236
0.007212233120491577
-0.014330488785860178
0.022543786808066492
-0.07561936508105667
-0.01116622030227943
0.014401486627550553
-0.058510938024214525
-0.05783600665928794
-0.04380413513420716
-0.026827763016670867
-0.01675759261922456
-0.05526976054037861
0.008184257121098281
0.028834515198575963
0.0009741627129709258
0.03846303995545629
-0.005538921136344478
-0.012959024108505475
-0.011716215892253343
0.042009966774012565
0.007723179833263403
0.03924367921082245
-0.024142516212215876
-0.01243267899963101
0.03435098037488219
0.009525920589442034
-0.01952661194780566
0.0027649291548854306
-0.030491540795488485
-0.02854130765937001
0.013965134250008523
-0.008013662746100797
0.0014597841409744081
0.00725087476598028
0.025988289786564058
-0.0030256510798503293
0.007620860106030219
0.005329582378157078
0.044072016841550064
-0.023123404124636
0.024232349789464674
-0.032314156734913294
-0.002363966933812162
-0.006175998838993224
-0.012059102680292266
0.05575674765915937
-0.016167956728891195
-0.018130792562254583
-0.0015375954229554696
-0.011856076314051157
0.011897944704742864
-0.017355780715066875
-0.005482505521746632
-0.022685274286013534
-0.008701551237594609
0.01898395464570187
-0.0009175576626733772
-0.014077930791703904
0.019471370995523415
0.012022341073952985
0.0027414788592325556
-0.018758913128794942
0.023867121383337044
-0.00605078009434618
0.01323915119122916
0.010942184922998319
0.018297217397912915
0.009540037151335747
-0.0013815803352791006
-0.014513220239580819
0.06525932482088402
-0.06267583276725561
0.08187563394231094
0.013138482807690623
-0.04412669297865525
0.012605706812414302
0.010499766437365455
0.03927323445250485
0.026242245000264227
0.04120351016911045
0.0006376861034537134
0.010918226909950706
-0.02271192650943395
-0.03951137644576275
-0.0018993893249431351
0.0014037613154990315
-0.002559925712889135
0.037754111467665136
0.02618372581056897
0.0024768470935616245
0.010897140070258564
-0.0068912428867631235
-0.03851340521090163
0.04310123671380018
-0.004947874506459141
-0.0041777105613011924
0.03471749556717128
-0.006710194369936592
0.032118362805063715
-0.010874880968306294
-0.004219565954519931
-0.01607160974342135
0.007700659233129488
0.015493165458814039
0.016716170456226913
0.006912649311145907
0.0015072118695065874
0.041054505759611316
-0.029672008416677456
-0.01613997016459678
0.008010005708274481
-0.011435648549166628
0.0053204932350823875
0.007143739974563754
-0.0015323785156736954
-0.027862251246186298
0.019095146192803756
0.0506335761030782
0.01969177835989015
-0.014065802899500554
-0.04771893509695135
-0.012741299739837855
-0.06141621554197942
0.003322034632557792
-0.015310984744479726
0.004755300433193312
0.03727418544920343
-0.00044075599383424806
0.025344965476038393
-0.01868151363275711
0.008002324541690932
0.012280989285594773
-0.02827986243786045
0.018636202875536415
0.029636523697221924
-0.016126411047417438
0.054786032005010844
0.0026750498748739074
0.047738249979025184
-0.06516671216805321
-0.020247962960652052
0.00897622686578646
0.004358776182782083
-0.02949881828381472
-0.024060626795453854
0.003355155454561475
0.010304317902047647
-0.030747620755311254
-0.011968718133224972
0.008146950308702676
-0.02527325435838824
-0.01899958012653699
0.010639728994252388
0.031231598423631313
-0.04817560894436229
0.00992083307205316
-0.024093207902297454
0.03099207152289736
0.025991558906047277
0.007726415084866844
-0.01133009354601889
0.004883928815433155
0.015701132319585778
-0.03898179976632853
-0.020442946514579924
-0.008627906114713061
0.010721174795384317
-0.0010179291152655637
-0.0049801355853039886
-0.018655415080207384
-0.015168202848092319
0.04812919689621187
-0.005738652840115406
-0.014851071730010906
0.08987543087421483
0.039814529669688965
0.011833519071652412
-0.01320182937443638
0.006761646523641152
0.059212176669449376
-0.027585182985518045
0.0005415240097179663
-0.04928704797129537
0.011952576471793633
-0.010133665387407115
-0.02497617700684989
0.037868453526826315
0.004375758292702993
-0.001389404367384054
-0.03452496030482485
-0.04177291604250083
-0.009974884984697929
0.0020232061300491854
0.0014451989415111834
0.013977604904653945
-0.004064268353028257
-0.043326172166403984
0.03816314920165938
0.025314769926488765
-0.026612734736031794
-0.0881762207083637
0.018456181790732443
0.03380378738340405
-0.039323277503640286
0.06780467254458653
0.002178007863003561
0.038353446847286636
-0.012869683071318725
-0.018388315186600456
0.010377329472062293
-0.031042358715217603
0.005403743777208298
0.0013061001198008107
-0.0653291175320135
0.0022808603405980316
-0.014313216850105996
-0.012188694979556264
-0.007374714257185285
0.019190246751032817
0.00019005083117723293
-0.021649118428244858
-0.035214551165564996
-0.009712034120967642
-0.05811337711358009
0.011362246784961203
0.09085241633716709
-0.011361391275227065
-0.026777369994442368
0.08127177756412218
0.06527180599454266
0.012748360218636836
-0.09502719360413357
0.04475747516429373
-0.01573340505508142
-0.0019269854306425262
0.0017997931214106698
-0.006131047916226591
0.013633502124730985
-0.0255536059878323
-0.08114923184965206
-4.0938704756543746e-05
0.005116257619919933
-0.008476780283851031
-0.05216492813662037
-0.029515522937126868
-0.03146890843527912
0.07118092419572848
0.03252774035929338
0.01803411791482635
0.0322802236453872
0.10334897477123865
0.0005805067558804037
-0.009730165568082351
-0.037504369166950415
-0.00914220716422737
-0.036254252511503285
-0.02136982383634858
-0.029867473662098035
-0.006080708508133045
0.010059579642319036
0.04435350145786552
0.013881131723450556
-0.0063426671099392614
-0.007662441427725295
-0.028036204957682928
0.05944679473131051
0.07109133720629918
0.05434842701026628
-0.005976096590533487
0.023593411854853672
-0.03172162408752134
-0.030429448584556148
0.015331038583870336
0.03252462092333205
-0.01826123587127233
0.012625437173004335
-0.04679110462168775
0.05374042985054673
-0.036505605972242734
-0.05185916042752792
-0.045731100055533255
0.06659964777537064
-0.010988224793835003
0.015139218286180669
0.00515210649183978
0.002462008940964637
-0.0212138841922142
0.0056701601100703275
0.026526583241147907
-0.06323665212715184
-0.001162611845315238
-0.007465979167703955
0.0062298755229558975
-0.007810402019247758
-0.016464185805331925
-0.026219853615243767
0.0578893399436328
-0.0030276791953413613
-0.035327977563684956
-0.017917557057182298
0.03389065455633897
0.04744999013559942
0.01585106456621328
0.04485078674165154
-0.008546224430670926
-0.006127027693646834
-0.03557782205170835
-0.006955498435612167
0.0033680720459744753
-0.018011634668862835
0.056232341399002614
-0.03535463908292556
-0.016774913060966644
0.001395083256683108
-0.002229489544701326
0.004853975832636272
0.013334968228543352
-0.0035392162474231163
-0.0005431199727874899
-0.023731583702628282
-0.0030658580005059975
0.002899589677642189
0.09927842091500788
-0.03450506832570754
0.015943209891226637
-0.008547736005080214
0.033918609130623195
0.008957450009861884
-0.01573820374933568
-0.06795097137189918
-0.021540224547040025
0.011028688053439458
-0.003320150035396561
-0.01702227562910226
-0.034757404438466
0.04156066345823764
-0.053973277471296835
-0.003054996548432087
0.013897004907124075
0.02908821422806779
-0.009386683725835683
-0.002151950658709331
0.005192022607091838
-0.036575966236799116
0.024164880846622497
-0.0243020877539291
-0.002538574667177744
-0.003995868376562515
0.020569275205514166
0.0018170901284132875
-0.032318499461742596
0.0023292992671200483
-0.023855713034889075
0.010248162624746577
0.017145716169870553
-0.026836334914063932
0.004843323515149605
0.006245194369097348
-0.0068258505364999405
0.0064679243937281255
-0.046446143173341885
-0.011376697368674247
0.012656564106671738
0.09655553969084489
-0.029011088921891366
0.0006536214845345266
0.014314346809922324
0.0011145438282350994
0.0009679880028095692
-0.008876346742172882
0.010932176857321799
-0.015666515106701518
-0.03929187725035145
-0.011691637789769725
