-0.03514086151761283
-0.00995173519881384
0.02950842583894326
0.023238785281674064
0.024142285295244564
-0.012265776682418336
-0.051544365037397635
-0.05432880783868408
-0.016023820907485976
-0.0687257560737915
0.017796575109231074
-0.019681675599923315
-0.0057274416689370704
0.022717411438054787
-0.008118414870040978
-0.02651222752869248
-0.02759592874402024
-0.003215947088232953
-0.05951464324719797
-0.012272272512374338
0.04650501283436638
-0.008585605845468849
-0.005997983238421287
0.07306504223205285
0.028624052648080142
0.0155728378426996
0.02577125743313508
-0.005441947906682924
0.02398909147122842
0.010740908346075873
0.022671163569722732
0.02106044529261999
-0.04343893514541347
-0.009114535683156658
0.02778381314871091
-0.015221774939337589
0.00334351817156783
0.002367519490812352
0.005262250715665934
0.022233499582300684
0.004920358823194594
0.07604294868693814
-0.011239898191546244
-0.024425823598544644
0.01596448349890431
0.027943465873341487
-0.012831345110862003
0.0006009885875084666
0.05260284033149745
-0.038872329542645946
-0.01060723967623702
-0.020887930984322883
-0.023278421257967034
0.038559301304829666
0.024097748799533143
0.011533893401471637
-0.012288103657340812
-0.0021120571272180634
0.012407100544484604
-0.023804202556148485
-0.011926683509731237
-0.007955522493114214
-0.041229162106576955
0.024718407701261512
0.01700676714612657
-0.00404881577768454
-0.03151125069552377
0.008799562642211932
-0.0038716598167795654
0.0013468549938938188
-0.010069100630722567
0.028204993262124254
0.05196460612099754
-0.08212171044102284
0.02252273819946973
-0.002683811055246748
-0.05256790554467938
0.015297170645896902
-0.018632028445311928
0.010131360788717559
0.05459590674264071
-0.028845607622135616
0.04808284292088097
0.020835277237167986
-0.04012164770985527
-0.034495411816885556
-0.01479161949902629
0.0138826021137361
-0.0059840553536436554
-0.03845216177638796
0.0031792768928585393
-0.037621634691255054
0.06057563310295717
0.046010612841112776
-0.03005914636534225
0.03237587848583909
0.026998447094867834
0.002044324133388978
-0.008892901986423684
-0.10643599401991867
-0.014449808578793036
-0.001170106037816865
0.009402020525650938
-0.014136736109573634
-0.033317865275865007
-0.014634837432647126
-0.024227406627283888
-0.0026528125187684675
-0.008434116344025362
0.014736923823782623
0.03124977947027328
-0.044904502821964565
-0.006908076903575448
-0.007698267331992092
0.034464802393734714
-0.06931160727465453
-0.02008120610148697
-0.020432573671505305
-0.036385437710136366
0.005834110919256239
0.029092068336124384
0.07031315828382707
0.01955784343816685
-0.020249092713605456
0.07824549883759176
0.012683953831170422
0.013585691257017233
0.016627439465956358
0.007164272898952848
0.002838137399628741
0.015446303097695095
-0.041947768922598654
-0.007577907138930262
0.029446809516359713
0.014059571127341217
-0.007821093773495226
-0.08835436850775483
0.024436566230058743
0.029033126085885
0.015390628251266957
-0.04195004171098829
0.004381151944168843
-0.0747617458092893
-0.021976272232015415
-0.04023605973877661
0.0157269457558468
0.0036358201682041244
-0.0008881841509759204
-0.030783563633138444
-0.03172499497989356
0.0005003582264046805
0.005957984895826388
-0.013083207143965806
-0.011877981621103637
0.037814109287160114
0.013886003403973573
-0.027135673220888588
0.04587980501976405
0.010709609799568509
0.0025562285571002464
-0.0493308827043338
0.05378456061609178
0.018758736821489104
-0.03862555302762732
-0.0017989191003549587
0.023002592814382175
-0.04284201174467499
0.016696877575381464
-0.042370024102187015
-0.0027439068035922613
-0.012141872282266097
-0.007165558315923636
-0.0005901455355937543
0.03044959875779477
-0.011853750855771105
-0.040912609271015685
-0.021003298682055024
0.013910164997721816
0.015766649704769032
-0.01650330156037127
0.029889436291448444
-0.018062318890571107
0.010937492232483742
0.021922298850566145
0.019762911929418998
0.006062489613873311
0.05846037937680317
-0.01699868742085867
0.059504307590632056
0.01332831515118882
0.005390318841529817
-0.021432188196877856
0.03371841788999985
-0.013431818911810148
-0.0023974991293419486
-0.015193421438437993
-0.02534116389904268
0.005749653405529308
-0.0030437667752968665
0.018406178058878238
0.021767931894400044
-0.05009661366856533
0.004609699715100984
-0.006677352720910626
0.004195405041825032
-0.012181115799629147
-0.004486109363459125
-0.011490871459884342
0.0642483602302822
0.009539621130663433
0.02223748721828695
-0.051316060913369696
0.05134590937142414
-0.001514067943657274
0.006126828001989248
0.02477674733863032
-0.02230369678778221
-0.021511751995738307
-0.0455598038569616
-0.01953497439696831
0.0012151448161687752
-0.07699939278574885
0.002051259701404496
0.010688144704267257
0.005172356349997168
-0.0060719123608580245
0.013326132463235264
0.021674927425301
0.051297788227228996
0.000396721773540333
0.07481795041037977
-0.05052917455814893
0.043228795091187426
0.022959619909294335
0.02474959668748107
0.037159496249225564
0.02095858282273369
-0.04729285482304083
-0.0808043319412613
0.03593869019474697
-0.003402536260807096
0.058694157888833955
-0.012179348743773102
0.04588794011273738
0.009294618460515847
-0.009335074601429315
-0.004646524799226556
-0.042778887432546195
0.0134787910421414
-0.020636692495965957
-0.018732660937335565
0.02520179867240124
0.02085521196305269
-0.004335411659761863
0.0013994073803771947
-0.0029983400541107423
-0.002311604713889086
-0.016749022243659633
0.03810964209607749
0.03161590391627736
0.016681496341036352
-0.002891163439772876
0.02004830702867189
-0.0019208086978782166
-0.0062105378566086715
0.021365358462598325
0.029535404691987753
-0.013941919278914769
0.027338454435181694
0.02553464418708854
0.014869107781005364
-0.02696544071377921
-0.033214883131156614
-0.0011253484025408715
0.08509319317603431
0.0053290931420926875
-0.01512178198266041
-0.0024891055050442405
-3.124265336857036e-05
0.07094810864232219
-0.022281691994049342
-0.03541779047105446
-0.06450191400498255
-0.014976892891604974
-0.03453392015071683
-0.05191690658303689
0.011294591214450752
-0.03422629864110531
-0.002171414643048742
-0.03734343427327299
0.029138988783186395
-0.03449071448278929
0.049462558631400935
0.013014478909956807
0.018465333554844993
-0.029245311600400004
0.0038367744157969405
-0.0064190486835609345
0.0006645620121842577
0.002286167731139311
-0.009349723043675777
0.058077586323190274
-0.015418496737088434
-0.010172164005634138
0.04093520287452802
0.0045116833742640545
0.010115695641003333
-0.016264568105127383
-5.313765678229037e-05
-0.009200748153848089
0.003849314921090447
0.043940827588036864
0.002452032199261862
-0.009766287703122604
0.02912812789768556
0.024867883393419332
0.026082155035121058
0.007764576885026167
-0.0015063149064143166
0.001981026865296298
-0.02746372601814291
-0.00545289551656531
-0.013177930492561697
0.02468838269884783
-0.04571912407887123
0.009512423958111289
-0.03780379378072553
0.05328361850858274
0.02347722632351114
0.0058874716520566925
0.031238356577789304
-0.01302917757743893
-0.01580935094562129
-0.010355987343895026
0.0017254433048695685
0.007780793752032919
-0.0015469266192868376
-0.0013987188603884952
-0.007626678466300071
0.0019477080202684308
-0.005302867274833764
0.09566452560371669
0.010304752130174486
-0.005297665619105146
-0.019961279140501168
0.008568597711036382
-0.014215803915139495
-0.019032366652265143
-0.00551944926981332
0.03286581635523297
0.06290869036065151
-0.03355143564543323
-0.003526566428939574
0.015888634927096534
-0.054395422426807054
-0.039975638459722435
0.013846735592477894
-0.00846673958309684
-0.047401634391672054
-0.04428016391906794
0.04017146686993884
0.013703380826790323
-0.005517491362665912
-0.038858906944960185
-0.030301317821367822
-0.004005493336592588
0.02964719785751274
0.010379105111898735
-0.003465976326361268
0.03778517698606847
0.010555055313038663
-0.005547863942095863
-0.03592616700042564
-0.06326628902204727
-0.03550160828934578
0.02827888365360763
-0.03174306962569804
0.026548187500334584
-0.04543919473553057
-0.004822846217590169
-0.040410418806144204
0.001354653802038043
-0.013463428871729721
0.00392105074441973
-0.022643102268434082
-0.00823331962790609
0.06757140083603677
-0.025709650186914644
0.029163365629416942
-0.016549808119817908
-0.006314679435783221
0.0370315500758528
-0.03123499199476683
-0.012613224327138316
0.025883116573237074
-0.040037812362382165
-0.025742543359706778
0.044167337157806914
-0.023291235411908404
0.015698459865228644
-0.003520725977108085
0.019365855876109866
0.030100939036080143
0.025287323708394063
-0.028882655766301227
0.02580972730746022
-0.01141872593748699
0.036012308186292995
0.03025462780398887
0.0065797615586811005
0.021164426794135476
0.015177866916912676
0.023235705574449532
0.0024442371543654863
0.04366562561724929
-0.045178386718195074
-0.04922673469426647
-0.016166127992542717
0.02101187564076275
0.008937621429762144
-0.03506553926149996
-0.004134170151128094
0.02288778228043562
-0.010808511473428779
0.03314774483712334
0.015050960661485582
0.016993594151681234
0.020617463691962514
0.03129282833859602
-0.028070901197052606
-0.016071276728933773
0.050096187600193444
-0.004434292597284845
0.04058152601175751
0.006722455537737757
0.0936482712223098
-0.017602320276861705
-0.0267945175437005
0.03810658076229414
0.0242543218832169
0.005831700198123097
0.03053468359281805
0.020950281365017927
0.04989596731348457
-0.02585083834422497
-0.018432120761753337
-0.04432964822050148
0.057878722964195405
0.05666021679367583
-0.015422285822868446
0.0177896164505698
0.051554247599867244
-0.012668913539666385
-0.014745873864905262
-0.005102145124302228
0.0004547622660965651
-0.004808820885059674
-0.01023855800872312
0.019120028200069628
0.011511253795233885
0.020311304185812284
0.006663716611997963
-0.0470351749200919
-0.016316468770642783
-0.002990958840682217
0.01998781570636258
0.00890069981972085
-0.029942995531271152
-0.012597035871256147
0.015212512921603036
0.020186397170031987
0.007361133698970983
0.006713361311973113
0.0034918583027689315
-0.000491557760426837
-0.025598858632043597
0.04911985538264716
-0.011862555173094546
-0.011440417920446927
-0.01716709903133565
0.08471754407073254
0.041365748211209315
0.0002799928191341049
0.015644454282771905
-0.008767485523726618
0.0134993900242376
0.023631891255677672
-0.017709986569817537
-0.05126200754468811
0.038670976482108585
-0.0016542712008731238
-0.017173189398301196
-0.027761992813625208
-0.005416068728119398
0.003658000702170647
0.02020405082529761
0.03490542268767979
0.02370834212072455
-0.0036167797078546964
0.06557393611724843
-0.020144752402690976
-0.004882374521434121
0.00326834020574689
0.018215495861923735
-0.016270936170109374
0.07448977096945757
0.02739738586935361
0.0061139446835701125
-0.01838722872199051
0.00028685495441253253
0.024078389330348376
0.04463609579875391
0.042448106371777775
0.01287468883057104
-0.033947513547444734
-0.014770291006901078
-0.015271551696469016
0.0014148443238105124
0.0009878266328064071
-0.05296033898359674
-0.016995658277728448
0.0064229456958032624
-0.02064888845592867
-0.043585211836759785
0.005144592000959063
-0.005634322228010493
0.002781469271325597
0.013209901907722728
-0.003080590170246286
-0.029581683877670573
-0.059270680895281154
-0.0010816571527708968
0.015655368915116607
-0.020180410135737077
-0.024907937061214438
-0.04919671532611101
0.04870563109304438
-0.025252634136204398
-0.04052166964524702
0.017946823422967766
0.00901420847382997
0.020660516153931798
-0.019650344708424763
0.017447450335970307
-0.0063290768293450365
-0.0008958212339305599
0.007802174489444262
-0.00011818308992969576
-0.00597776531730043
0.004788479559882601
0.030642725531003907
0.0014700464286628843
-0.03033479004051281
0.004728083277376916
0.03174066885437733
0.03867519282926418
-0.034195948878572545
0.01900918501748859
-0.026179707300781542
-0.023163838224683705
-0.0021962363767590453
-0.03558973775417861
0.061399352731873046
0.023693788276157125
0.014527729110111824
-0.032904522924756416
0.01124482374347476
0.0007484684664439631
0.04168316143396481
-0.003730079511928955
-0.031460417963225615
0.01979661165381262
-0.0022189259793826536
-0.02466299851334634
-0.040320681969610965
0.008232655106232965
-0.00972898391525592
-0.05608899493684238
-0.03164207759962554
0.04383657066806117
-0.0017501144042585109
-0.013829730215772771
0.004145283982996946
-0.005707161736401727
0.017445212259354716
0.08712565885594914
-0.028939232958663248
-0.011267830000380081
-0.025517624018079558
0.014479433611054702
-0.036470635687101696
0.006844667153660012
-0.014511265689413225
0.07047418665674043
0.007503184127179151
-0.03197875866748785
-0.011519476923294162
0.0013033717980811305
0.009573300477303131
-0.04532796678988895
0.050465478201428014
-0.004629920614220974
0.021820281553859986
0.05532176712908674
0.007552763350149281
-0.02333894347228951
0.02415043176497843
-0.028446024772209585
0.04521946413821762
-0.0157652965362031
-0.012998745269261017
-0.015358367437257983
-0.05772622345544824
0.0069688507678767175
0.015262703079376357
-0.05201866506222646
-0.024520827593170213
0.03856784900221147
0.014015845869498608
0.0030320584905552815
0.027034965267177018
0.000918229472103645
-0.0474606732308188
0.015885956166999043
0.0049957449074643535
-0.002886912713763724
0.0163217403155411
-0.006921822155383787
-0.012761770720759872
0.004631305785175468
0.013371088475855412
-0.0399737258420885
-0.026077601306962375
0.002800219406347106
-0.034754244016980115
-0.003908980610688363
0.021171520966009594
-0.04733600874894212
0.029960752470418076
-0.013125520459631588
-0.001871546929737974
-0.04308536057973634
-0.002979489234710946
0.026306895480884912
-0.01056870581947537
0.016257084117035567
0.003241601286653286
0.010385566887798575
0.052714700432525914
-0.001838940889290234
-0.034372570725837076
0.04863482970966175
0.02664804873675643
-0.05470032703659232
0.009046620137221042
0.02802438330434904
0.0007698783540872531
-0.015272630210654085
0.005329613941408477
-0.008928650414161786
0.011464562582125271
-0.050852904017302795
0.036460856694407316
-0.01599397868248134
-0.0053753779923211426
0.0006121804993804674
-0.0194949027388608
0.016747865497649294
0.0035341087215565925
0.000286136256552369
0.04527121685742685
-0.008504845276968837
0.010117194237291146
-0.014090836967031601
-0.00951333683961357
-0.047457416221384933
-0.04361191558331207
0.041677105460548765
-0.016408061405765385
-0.05423855576343252
-0.06133843816644763
-0.012471759516478985
0.02798892659294264
-0.0003656798327255737
0.024576866527121953
0.0037159348437191984
-0.0364841000687163
0.05269681874323689
-0.0019013978351342046
-0.006056730405794785
0.007459221960005319
0.0035211005970543934
-0.010266639448140958
0.06455475441745123
0.02888923755672098
0.010572457252933255
-0.009793315141015982
0.02525718977518722
-0.0010768851677024815
0.0038860755457731247
-0.03935035118177042
0.025806093207330634
0.002030703805234514
-0.01524191212171315
-0.0007847549015701716
0.008575166453519573
-0.019003096732204995
0.027696536044388945
-0.06842800904997154
-0.00272959273238865
-0.017596073614475655
0.006285336248937971
-0.006789388517770017
0.024772490112581418
-0.06015535792357679
-0.01654875273524974
0.051517359574410476
0.013128123958603374
0.026694253756978484
0.04173341242655258
0.02496115759778921
0.005202754346047672
-0.021282094687183055
0.003993325244491869
-0.02351348655539806
-0.00807366793675464
0.016610749322120855
0.00012281156231799334
0.00786210628858969
-0.08230398476318625
-0.062273982196836816
-0.05776210919630798
0.0485018063791779
-0.02696039531157695
-0.025256456624463963
0.00341904443416551
0.021619685068471336
0.04937623173542741
-0.011282546285385735
0.011537340511572736
-0.0046357317268653515
0.027637159704055312
0.007792049167115579
0.011448227600384043
-0.0011854036628112085
-0.020531221237777553
-0.004698857737918358
0.011834160347159735
-0.006220704037736137
0.021274738288377153
0.012928893029355546
-0.026322751731790984
-0.03765417783264091
-0.034611395346191204
-0.014632843180116775
-0.05089073779973783
0.009272963493108462
-0.023756043246792573
0.00825458621312987
0.02108347618812001
-0.04022217730888863
0.010965973584021052
0.041239936341398054
-0.0125889469965596
0.005098713794530533
-0.008961389305930333
0.04500702702570792
0.05299717047083435
0.057090058878581436
0.0028318558533679487
-0.0019977472254248257
0.03289786803258167
-0.05667801038906766
-0.0032237319539605534
-0.0371367509103305
-0.003250550839790288
0.01795522142205015
0.02324015315972569
0.00045146694720390166
-0.01136162491786275
-0.024254866800997463
-0.004565024476991447
0.03687151276985761
-0.020436504062166825
-0.03862380832553811
-0.010952951026003981
0.02949939465138944
0.005419875594097498
-0.04398866839198551
0.004863777852205156
-0.007343441521929114
0.0294100958626837
9.74572644013611e-07
0.019868593468552728
0.005806302521760434
0.02181451142723628
0.022170511906274226
0.020425392890131053
0.00503982226812772
0.03719917432615055
0.01158963852917856
0.02479543258714475
0.01898468988439501
0.024304834926187287
-0.017216407289937525
-0.004636761749321264
-0.03439674587661819
0.0171558973226781
0.026437641556988915
0.02526079304843628
-0.006245468619676212
-0.010150323445120808
0.022401852486067006
-0.07319366557798178
-0.006054907057479402
-0.010962129091605002
0.010759890296538527
0.018037237398227678
-0.025576692968484676
-0.009890020207533058
-0.0396500452052439
0.007497334531414155
-0.026533911090655067
-0.010518995184279192
0.018427955144113786
0.073893648785007
-0.016755446266990482
-0.04133861021981603
-0.03228439801992382
0.02906406324979117
0.00939465005254804
0.00035837479621382123
-0.03385039577762017
0.04288620464031941
0.015042311945765541
-0.02495923164236096
-0.01188443103346568
0.032356747196716294
-0.008773751383474073
-0.04312509686734222
-0.021867443321127836
-0.017292833388377567
0.017363165586130845
0.01302619594255204
-0.024796126144083754
-0.016270022787733974
-0.01924440378462901
0.03918497130456275
0.010618189117047547
0.1040653476993863
-0.005472149041502151
0.013804032081325327
-0.028671174785116126
-0.03099159188907414
0.03708902457838801
0.013943288437669725
0.042686985832704936
0.007621598608725231
-0.016877568974497152
0.047710937256820615
-0.008895326415404607
0.004752252821676983
0.016634791657950836
-0.0037261034230021135
0.0077972766903844585
-0.0049252420876225115
-0.01910742338382948
0.015383709912355643
-0.006056875399864556
0.008329046459067355
0.00027308760133362415
0.0157198106851626
-0.02604217942040486
0.0164119653373913
0.002597260542258641
0.021534818564440946
-0.00011244303528781638
-0.006049074556029232
-0.005921800289249194
0.011216825616278766
0.0020277480405385124
0.009392352076647325
0.015225460032592723
-0.016479180520352486
-0.01557174566095006
-0.0012992219303763221
0.02727277074871678
-0.0037550626251265005
0.03525497825527794
-0.004123610752553198
0.01068865334005408
0.0238192396097921
0.012960570577014961
-0.022129363402186106
0.06496879473483806
0.022547469554415354
-0.08654344387536832
0.022513936190834846
0.0067390377965878415
-0.0069353059281498835
-0.002026530125363792
0.020700583170937942
0.006571894335841758
-0.008969422926362252
0.02253270103867868
-0.030316073879720348
0.056121914310315914
-0.0048516146588039434
0.03221396061666765
-0.025045883664678817
0.026945957704147237
-0.04344917647112612
-0.013733167079643229
-0.04307202473525803
0.015510495909143282
0.008208494432402581
-0.011129610133165607
0.04744003307341523
0.03477197274835735
-0.03342702828849047
0.037593633032658405
0.0009962608247833413
0.010296032887484685
-0.019357562333530087
0.014514739223987272
0.03461556383668575
-0.008276729718766368
0.03290392348737157
0.027477311648814028
-0.004906981592842037
0.0037222422475649444
-0.0004945075461116836
0.016658608967969366
-0.015078027600586623
0.017313065098919774
0.021772961731262575
-0.01500939368791368
-0.02790169917088312
0.040964468774466294
0.05220942638870326
0.0057551009616699815
0.009516483015384642
0.0016481446273600411
-0.004203431573283555
0.004952081920010592
0.006966988031230869
-0.036366658996799806
-0.015917284508019817
-0.06426404447718251
0.008273591092514554
0.005902123687084127
0.008969145377728518
-0.0017685269918246717
-0.00813461831172139
0.011363917927957374
-0.006764707737001208
-0.0209802872052968
-0.012591655828304654
-0.0005059133174436934
0.006071415178237621
-0.009597995638899163
0.0023737398028512292
0.000797981540610116
0.0003395276872688188
-0.02746643129550502
-0.00968060439933572
-0.013162550254547283
-0.014621773365792316
-0.012099927294502611
0.002436227284569729
0.014959496265544447
-0.008172652981710651
0.07011288445169885
-0.013266108537373651
0.0010382405092070582
-0.012016008674261964
-0.016825640714783027
0.025894914333640516
0.03806111138806672
-0.022459340261408393
0.010144415517207335
0.010042032432028345
-0.011466394817783361
-0.0009571731398331231
-0.021769768358092984
0.020592706275774364
-0.005486951290405003
-0.03957490812202783
0.002974949984898747
0.02105082875271744
0.04426643821058097
-0.026579660171049076
0.011211692098986604
0.02088424841604594
-0.010682909442593128
-0.007118343109128503
0.048453663319672206
0.04106459641097005
-0.022703684748119925
-0.0249533040722067
-0.0016191350355944433
-0.02712425765457637
0.04009098176937652
-0.05346652025918977
0.035608684199222654
-0.020099819233936656
0.053943968930953275
-0.04580603576468977
-0.06553083775718668
-0.039939544693830896
0.05694401211311344
0.02104567418733238
0.02288277446966026
0.00015403211206460623
0.07182928794657505
-0.01410653754216098
-0.019478941810265077
-0.008112142746621039
-0.01667226069297149
-0.0011246159050208198
0.004854495166452195
-0.016487618738031656
0.024963632287182035
0.012162618451329947
0.017642970759651676
-0.015954789413731935
-0.016184916058718905
-0.01781144781954499
0.014395587397013231
-0.019331190671965568
-0.022235467343914243
0.0024605134955176505
0.026418153177751598
-0.046091600470672796
-0.014920854959673035
0.001854030594948703
-0.000373719283614413
0.03851404114919341
0.016448978491800114
0.018411502451151203
0.030707470879085142
0.01037066947944081
-0.05239592703132875
0.059208014437304425
-0.006265866130976716
-0.03469126426705471
-0.014145565351884782
0.006407600674559566
-0.00945170504769232
-0.06930598542973597
-0.0035074389092265494
-0.01001958256662611
-0.07472294099709818
-0.07911648229653769
-0.016161999552688745
0.0064425524418727865
-0.02624755364754186
-0.001127516643550735
-0.05326874110817659
0.03234620741887803
-0.011058050633699891
0.04761116256670302
-0.007904566372411732
-0.012051958202968099
0.00889146292296087
-0.0011182978623201431
-0.021112785650079364
0.020968703909817112
-0.0025002372145640547
0.056775962793071504
0.018288276629129893
0.01127199386357589
-0.009202891529520434
-0.003481303751472439
-0.046085955734417185
0.04106983626721679
0.01894089153766784
-0.012763577219180651
0.012665456875544514
0.030104963000772245
0.0562701746521938
-0.0543696245185367
0.02627153320624575
0.0052498898663121425
-0.012916103858440863
-0.005531108541290092
-0.014541476216306394
0.021185768642018665
0.012838244749181701
-0.02629336062662129
-0.012395921130298604
0.01254220263983812
-0.008502609729048035
-0.07105212272264048
-0.012397194996006231
-0.047779458421588136
-0.01288722407980332
0.024289751109580055
-0.043124745391050906
0.045584044801025375
-0.07234770267397034
0.021670804578026868
0.003612556094806468
-0.026467866650181915
-0.03964123061450314
-0.018082391946957207
-0.030346086793253426
0.04922226483757016
-0.008468917951104589
-0.013787698928114376
-0.01202470893231167
0.027277824801621983
0.011701903251411322
0.033432630318358796
-0.0324337376651098
0.010283289654121713
-0.003577405041917159
-0.019347769700180213
-0.006673532877325274
-0.01022113944962056
-0.007228898219340557
0.009922000277554563
0.032683901934217184
0.020287978549110897
0.04252005547206837
-0.018769883631572934
-0.04821483382590362
-0.00304908262121855
-0.0409976391009071
0.030003772355353356
-0.010620193787312899
0.003688265708457082
0.020796490752746578
0.007235717615551275
0.01578242978049295
-0.011487063174011427
-0.08343307256252903
-0.03291202984180078
0.054032772912156905
-0.030685238916135896
-0.002443090228153302
0.04494601279563941
0.0062965715129180665
0.0321391674752222
-0.024389870114476624
-0.05203441820361416
-3.6559591133680254e-05
-0.0008951953747289164
0.004659598627031837
0.01067491149281962
-0.016305588854182786
-0.017162135876702102
-0.0012158963809744078
-0.007072748249423271
0.010697853866817836
0.002318127168505599
-0.021168497362103914
0.007152404047454429
0.0006158259842011979
-0.003147862724372729
-0.08833181245803615
0.01219370771314193
0.0013946427884860759
-0.025062232572583096
-0.025068307523770553
-0.006738934726046645
0.012539001578061322
0.002855783290136674
-0.0031083120445028092
-0.025872878995732155
-0.03276311028657169
-0.0031703934640562015
-0.036434321222113424
-0.02738752642841545
-0.006414696382808241
-0.045534418500760294
-0.0031077445446487735
-0.058624130927696104
-0.010795969853577324
-0.006941941107934319
0.002655916199222244
0.011834890229068374
0.03295201867563966
0.023154680423217805
-0.008915990734206743
0.03213167131650486
0.009897126505132761
-0.03975419566640729
0.0026585866815544714
-0.0006857247340274263
-0.007713349233869822
-0.003008303115352878
0.02010120737746193
0.008598060330574636
-0.000865585382776072
-0.017265330442809586
-0.035577748169918696
0.03256021337390416
-0.042086539954292415
-0.03424615569980638
-0.022624368832140224
0.013800156477850576
-0.035185903508879776
0.03489247675687649
