-0.018641875528393383
0.013264527504033344
-0.008825191861979833
0.013390114953101941
0.030980647085477233
-0.004428599587719835
0.01162337413270646
0.03388563645085288
0.03378858573121434
0.04374285967754319
0.001051224094613185
-0.04950611705320064
-0.019135170301624378
0.02191586033017828
0.022179040105936108
-0.033697501485476664
-0.03895038775286845
-0.00639012374880274
0.024595590972386505
0.00014431382433703827
-0.00748343669870858
0.051330254067096605
-0.0459258696963767
0.027202068319741667
0.007965644627676134
-0.0337589436584936
0.020019582618734457
0.006064598311952496
0.005319484846546835
-0.00992521171773856
-0.0014605511576745536
0.008533000410320865
0.024960735847527966
-0.00503198387194898
0.02367533600954441
-0.00026704730532045665
-0.002769167522752265
0.018050013521785473
0.04357181783747633
-0.01313254359797397
0.010003132145480532
0.016122183859559314
-0.01995894184417764
-0.01080116817400655
-0.0487502889785594
0.026931873114112062
-0.0022385257356902118
-0.014917389291342096
-0.0037394616714467098
0.028277669161713915
-0.027249814459595404
0.008569310274511919
-0.004538566520102485
0.021176954084175387
-0.05576108248313427
0.001585495959003865
-0.0224706897140386
-0.03626276936921229
-0.059122012352649876
-0.004763072943532787
0.018656544678317417
0.026385726944908414
0.012605517660117615
0.022523020163339087
-0.03953596416274895
0.04221836546553783
6.099601624178628e-06
-0.027080556426201132
0.05110417263650787
0.017469822764360834
-0.03088375053153031
-0.029033113665813785
-0.08812613663710091
-0.0012801842988887627
0.020432363739190093
0.01897044599268717
0.010779282262340754
-0.0009548675007351285
0.04205471953824703
-0.019659350913595584
0.05865545706968649
-0.0033420994172871244
-0.007656639125861168
-0.10534318800015048
0.017702090849318414
0.053902430659262444
0.021658861534983448
-0.009180672813343727
-0.013554559837008576
-0.03294496924921535
0.03524275451713862
0.03036153258752157
-0.00046024155431720196
0.028579748748730177
-0.03618937592205433
0.005944130297819873
-0.029917376603548713
0.0021126889472919607
-0.026898151659884965
0.058381458638989525
0.015052058743426992
-0.007537973922518101
-0.022343510326335216
0.010904467683525682
0.008837893729699533
-0.0011753065386047902
-0.014210850427292
0.09566732681769739
-0.07701644309807686
-0.004992209784981963
-0.0210180493481513
-0.006939850252751734
-0.025214552775767382
0.006273440698949977
0.04375126890610179
0.029255375129214525
-0.03046789752282839
0.02279136655261421
0.025562233683139066
0.013390249524944053
-0.02667915868102768
0.011172371688293428
-0.047040814174839185
0.02619623736775809
0.014229519509644661
-0.027172027779886043
-0.022495782027350482
-0.0005100785912360355
0.015776649366847816
-0.009470854035770061
0.01697915978288075
-0.025089680342097676
-0.002619961308596973
-0.004995374220217982
0.013157878230995894
0.01012497255070971
0.0105066118384527
0.005978823462993286
-0.01244022740459711
-0.0048159199247147086
0.004870321858065498
0.020027454012099155
-0.005104368280861614
-0.00855062179986062
-0.003068863847966139
-0.02279737137927102
0.025317600064019653
-0.003104529484013406
0.02843788488838072
0.011317042189092217
-0.0014610190616176591
0.014913420383147418
0.019883752833154376
-0.070877383533424
-0.0070478920382790735
0.008003479004927918
-0.0011895045812913012
-0.0013467201149187705
0.00284473836668277
0.014284355392083357
-0.025798718717144002
0.0023725291252787947
-0.0007077086432980137
-0.00713667236472631
-0.007267393014756707
0.017563217415237944
0.008695191258825102
-0.0010942573353460482
-0.00748090254767128
-0.00011023472129483555
0.020013638093853137
-0.003988514515818249
0.0027490106785068133
-0.01347870396305908
-0.11870482054467416
0.040248789465093034
0.014975116884202487
-0.05156946879935777
-0.0036853866169071652
-0.00926481874653496
0.004848043095922734
-0.027001373418574656
-0.008447073912284955
0.00015634428219849062
-0.009274444062655682
0.03396699126913114
0.01854967209848831
0.013433882952642556
-0.004284353989368129
0.012850032352528042
-0.001249265534512938
0.013492973911528162
-0.021047247910136766
-0.041315793147532885
-0.03295127693672169
-0.002789466625405527
-0.004993598177566103
0.004055441149298221
-0.005622773076163436
0.014484059798418028
-0.023308370584239655
-0.006836761711989066
0.01406576301654869
0.11474369186234684
0.012196672352557314
-0.03138545503536262
-0.02512150565689816
-0.0234930551258948
-0.02531570591252843
0.0033330118394615704
0.05755338949342375
-0.03464904245772587
0.06421380645005824
0.004380934908870732
-0.028913227944059816
-0.015404172346433733
0.0020901584472480202
-0.016414467704803978
-0.03246784429736571
-0.01608435243591253
-0.006967966056635803
-0.03469744563345225
-0.054613990407822145
-0.00048305565186594445
0.008577248199938145
-0.011829210363985897
-0.06374437047243346
-0.01016151522718361
-0.01786800398796606
-0.023672769054843504
0.032232680165168025
0.00646511302377067
-0.0068108477065774555
-0.07001242464206796
-0.06068661853670033
0.035323120111111626
-0.015170805418321737
0.0010970799824008002
0.09225937023198849
-0.030790508133167277
0.009600269449342837
-0.0042597893329437584
-0.017000943792752507
0.01898851382541029
-0.045405393298335706
-0.01287141315925313
-0.021625900473159453
0.016775948368633598
-0.027337850856230837
-0.04613998051946771
-0.05081062359467735
-0.005227297139694951
0.003997539104195861
0.018381782492726866
-0.01873014941674666
-0.026917815356910783
-0.017613898004035122
0.01540799590587834
0.030306171182140677
-0.009077985629814066
-0.017732851922120065
-0.005689068133622783
-0.005589127913838262
0.006020280154570599
0.008059160165524598
0.01981520443635353
0.015478755799143512
-0.0499377524956877
-0.020442327560585952
-0.0028587506416101146
-0.004377428981863499
-0.00579459121563112
-0.00609978125645698
0.0020312972207637767
0.01755021548860475
0.05591087151004323
-0.003674998699504002
-0.0038255688024712684
0.01373868194305828
0.0007432011457543365
-0.03234436853379606
-0.021668576576757262
-0.013954341507397472
0.014426163589833816
0.012295307323734872
0.015230566523658045
0.02739099201623674
-0.03246558178688846
-0.023486124897538655
-0.022013922067273855
0.03619772774572937
0.010340541466879145
0.0330387161689568
-0.0162992032802875
-0.006931859068176847
0.03772776437213128
-0.03068131157334191
-0.009078602738917276
-0.034790145316819954
-0.006310344706345359
0.017700047776270093
0.06452834479667727
-0.016226174822891473
0.010444942585729346
0.07015210845615431
0.013269809858674717
-0.00311280767926506
-0.007959559574620462
0.008691325211856882
-0.03099575237443272
0.005695980176772295
0.035801508081732894
0.008348279151107646
0.02512621773373265
0.015267775859274677
-0.0370128557590826
-0.005567493186366029
0.03976918821503326
0.018471155856994884
-0.0059159686119671095
-0.03026326814269932
-0.016444718287110607
0.011562937605890783
0.009813595341766884
0.004522864833214869
-0.018039837478881222
-0.022672959891569304
0.026434917598427456
0.0093251507897195
-0.0016524310485337222
-0.016342445511752027
-0.01652887135977019
-0.04915966714859119
-0.001128493115426271
-0.012644587414947285
-0.0259003420097276
0.05037346579924756
0.0006591838002390676
0.007750556645029881
-0.03929199148517191
0.0071125565240195586
0.03539407489812121
-0.06857739999326368
0.020909423688326573
-0.014660373552699366
0.001413395422878212
0.031644673959602514
0.02127672427098978
-0.02223755287056112
-0.013622815267830634
-0.06260677179059827
-0.018982136452261676
0.019529070183825395
0.010889002582159265
-0.034043107308221
-0.025395929712495355
0.0114714804832729
0.01313858441497149
0.018597040958905
0.039351368430811905
0.05867136608603851
0.08490577710172827
-0.09806626136142473
0.0013213086853554722
0.0706887455813357
0.005817336860425367
-0.007047617738792396
0.006897880463047202
0.012088779128262386
0.0022491720961874337
0.06555418512559759
-0.002209764166911192
0.009437723672861347
-0.05256036508115487
-0.027985373539656726
0.010553245669743581
-0.019584917564891034
0.03936161572308071
0.03589428477045567
-0.010125560725639823
-0.06289551574295116
0.021125606264019124
0.05162285792488697
0.0011044543429513632
0.026972734696935563
-0.002732616405849599
0.03155418601285775
0.015778554476222895
-0.054602583420495114
-0.031194797109680948
-0.023114050155542222
-0.002715920214389434
0.003269360227614928
-0.011083915892271274
0.01312735829417574
-0.032833508750928386
0.007899222567550953
0.0026472921873634393
-0.02243603148777873
0.04911722898117971
0.016772338190497796
-0.018437431131490833
0.006473810274723487
-0.054453326310800215
0.00031771437855895217
-0.00454447286573929
0.030716826319416517
0.04679900415097478
0.04401922747492054
0.006663152787956774
-0.0168715727840404
0.01945123579771233
-0.038759847864204194
0.014504658389632375
0.0018280044234042924
0.011308456629005006
-0.05513983219155556
0.014067306883725325
-0.029485352664569815
-0.0030883036450457496
-0.003979492317464095
0.028391728671826013
0.00927912678346243
-0.006733850211344268
0.0052134577752580005
-0.005618216281096877
-0.025057234150117312
0.006086578941635086
-0.018543773791658977
0.007944347748210843
-0.014863647074440232
0.04631178687704104
0.0032858295770947185
0.018116827565206675
0.03402464613899201
-0.04786426696187047
0.019045763851504423
-0.03179289028691973
0.028416044317449134
0.01622107563578039
0.053126259390914254
-0.017887559047088036
0.040837964083633986
0.017527711414170952
0.015128210596145664
0.017405847972941858
-0.03482494013323808
-0.04103006533168581
0.047122392335036595
-0.019639264139225447
-0.04974201424310761
-0.015436420402476267
-0.021867979805448717
0.022155510368016818
-0.0035360841349709117
-0.012253345250032247
-0.0037734435761021708
0.036994577377611255
0.0058345681907435686
0.024665720624705637
-0.03219109895506689
0.015949275097469243
-0.03541627450709244
0.0064420320328041755
0.004150710944995671
-0.0014981448274167684
-0.003762582653709723
0.0011678902037034668
0.012553397528333137
0.01165591958271831
0.001161067080518385
-0.030117361543328006
-0.0182638027340262
0.03314965427044055
-0.0026601910050413164
0.031935373466859186
-0.011393511596597837
-0.024367486589270525
-0.014924662953557105
0.012919658266122252
-0.055606838721164564
0.009727769457992525
-0.013776300275229811
-0.023045972060307354
-0.020373046626398723
0.0549051849832405
0.04835774511025896
-0.01590606544166803
0.020445949797918434
0.005528431204780186
0.000276145959665602
-0.024940040131134964
-0.01282535690890253
0.025307261469121396
-0.045292666569123015
-0.012158801514273778
0.08913573421493397
0.04042064769263741
0.0241740264268901
-0.04602612711319001
-0.03837108984142715
0.006130515808089964
-0.008328333983564687
0.0125038720571293
-0.020555773523717555
0.033388784317271124
-0.005991976560832788
0.029897978937354373
0.05463021662513004
-0.021956318228602462
0.024854862193013586
0.04877148981936612
0.0015585417670497875
0.0006645800432908263
-0.019029599503175496
0.0030228881013259342
0.004515325702915068
0.006652666509998163
-0.010679620456950114
-0.0009061161208667553
0.014328370349948449
-0.003161650750229048
-0.013912533365788187
-0.03560268146255113
0.07171844406343973
-0.002454249094312567
0.017379677224406122
0.024263399272623092
0.013928762889152707
0.003961217892724112
-0.07150959174842311
-0.05922027202119386
0.038188400198045126
0.002337309413677124
0.04385263077441806
0.017263310708721114
-0.013168818315558526
0.04875642575326216
0.003998679874785884
0.012688858852973108
0.004282490237530711
0.01314667057280251
0.03249704167398823
-0.014881270483080892
-0.04722129347584953
0.01022650216578033
-0.0012330420956196111
0.016157115518849168
-0.030904116964794545
0.03158368453557603
-0.012030042836753253
0.019570034337021515
-0.002249346257201229
-0.02446496577910478
0.013132793725394231
0.0013070126769595199
-0.025737289009230654
-0.02236697004891367
0.02229576822557505
-0.04656902008326512
-0.012308071307943062
0.0005101214354998137
-0.00047604154089724086
0.007636415475897539
-0.03229569714164223
-0.005257826986391098
0.007326070355090488
-0.05808304222268039
-0.016897317841170486
0.018824748044669364
0.006095623296026251
0.026900176148744293
-0.003954874292799613
0.00048262167304102046
0.0016727501029975078
0.0265887768254565
0.001442939285393608
-0.04076929029385353
-0.0061034763258055996
-0.062176319552916096
0.010044307343591085
0.007525351694086866
-0.02656993039900706
0.0016001265440634465
-0.05321080280458663
0.0567106618700907
0.016583706810072204
0.012322222156387504
0.00681839160607568
0.01532026912353389
-0.04278361486299336
-0.0003060417661858096
0.039689216091494915
-0.028426084248401432
0.005168301091397944
0.013028146502682176
0.05559326396250066
0.015665441957060374
0.028689007352974725
-0.06329375676934566
-0.00475495133819343
0.000272186621229402
-0.029119967977520585
-0.05163433033933231
0.011079065320801837
-0.0011202575944443513
-0.02102689955343287
-0.0019109027120775017
-0.008832109367783295
-0.021533060427847767
-0.01803112810031126
-0.020428003325643998
-0.05152444297884366
-0.0022335348266269497
0.0317096795600477
0.03596223663697545
0.04048745550846184
-0.012678589144196853
-0.011370137744723846
-0.018215858817884897
0.02983357768179424
0.01880884863182297
-0.013962171988745763
0.024010264454848728
0.041960306888176854
0.012145114521924075
0.015334151202790443
-0.02931424996332099
0.0072682518741463255
-0.010374132031318772
0.017897276903908164
-0.0310639937999388
-0.019295909932039924
0.02257847377882619
0.04100551760382398
0.04465373276119824
-0.06325751401052798
-0.004906087604962931
0.008416864183856738
0.0043215982407919145
0.029590145196825658
-0.026445241365921465
-0.005913409972087115
0.003588231045471296
0.009004097902846887
0.003374708116677362
-0.0106126219704195
-0.01013894953263546
-0.02993625088118531
0.004179127375212553
0.011963927792505479
-0.013532721634646343
0.017867826086048536
0.05447869606987435
-0.023442382029633363
0.06261153131438717
0.03597326146366697
-0.011386607169533497
-0.013788405366391938
-0.014483639526985339
-0.008851899743530988
0.011973522973884218
0.0046039897047732235
0.04172347436371247
0.004139120037728338
0.02263564594053151
0.017627155220008496
0.056744176977042746
0.024414890919712304
0.010716031761601076
-0.03678947953198475
0.017956682505396452
0.014823161019437614
-0.011883777229724406
0.0034091986989702996
0.025922356022123217
0.008064404221389397
-0.053786569290896306
-0.023633867242509404
0.0470622766986549
0.007288537085469294
0.007901199757785957
0.019268613038109283
0.010241236485281488
-0.007769359430176256
0.00028209601135727175
-0.03987571674977111
0.01445819036036864
0.05038495924767866
0.012637657033658933
0.005043721970061284
0.0017998121033393432
-0.019547456446995362
-0.03233293886896042
0.031467797649434096
-0.01818724250705306
0.05277508491110135
0.024706278447888856
-0.0014579200974730786
-0.010161786718890871
-0.006263279928434846
-0.020675310693299826
-0.0007305140330383362
-0.004217464318242737
-0.009639760686975493
-0.007638476527898417
-0.0032970339021299346
0.023188069582840566
0.021986367472577997
0.026446094511586207
-0.019066390939149296
-0.0312181751666133
0.04467132177543207
0.030151650476520058
0.058347230734543606
-0.004882695204015499
0.005961314024665114
-0.031551216312704355
0.0013396242055867397
-0.0630815139262327
-0.03819647676849922
-0.0011891348332956264
0.021145341503592364
0.009397522194237494
-0.0031395638344905758
-0.017185314795925607
-0.017014565481844244
0.025214270321054406
0.007623542147862446
-0.006085312093699541
-0.011700820780024546
0.05178643444226363
-0.03113438491219222
0.10536321646248925
-0.013568204262036565
-0.06924292044520984
0.01981514049972724
0.008527799502596708
-0.03525630585762343
0.020702329851417383
0.00499688093532271
-0.0007893737989336402
-0.012264980395249626
-0.023606617821742275
-0.0015177028920262457
-0.02742492534742754
-0.011509913863559257
-0.005729969202862684
-0.012318261845400255
-0.004992394634215818
-0.02889923615936676
-0.049346740817507666
0.008643765986124721
0.010080232394836701
-0.039465436757240395
-0.07182780049010158
0.027778687612023376
0.003249377947823134
0.04355995687286339
0.022415041392800063
0.04247123686170932
0.007623120543508449
-0.01886813126910718
-0.02443991955887108
-0.015040997773591257
-0.022222408661393828
0.016901365036826425
-0.045440233009506635
-0.019959184842413435
0.003920698380774201
-0.0032563790223950266
0.006349367532840958
-0.0309493102833909
0.02902565387903433
0.017539398215814545
-0.0017718198007923838
-0.02586220124958171
-0.007506994225782056
-0.024072031266254745
0.020225375209837814
0.005058835004545997
0.016628201497898686
-0.017109428094156366
-0.025820549105764364
-0.05763609649481928
0.002674316747524847
-0.04173768727360448
-0.0206698422208375
0.021461492532684447
0.026750600743068773
0.03702771354667836
0.014332708543608165
0.03707105952192315
0.07638801632163258
0.005640906664885917
-0.022373368596360483
-0.05125827458384008
-0.02887004197182053
-0.025293567939602725
-0.03747176687291803
0.030607087346373858
0.0411894133294417
0.008759219896645682
0.010607866585810522
0.027665608052562886
-0.004657361149087929
0.02658180526535688
-0.02097833243708098
0.005095076448363261
-0.009169121510074109
-0.07033322246081075
0.019444852087725527
-0.06348258238064093
-0.07469572788364182
0.01738781888909721
-0.009095233932727497
-0.010527515414853951
-0.0054240428340511055
-0.008177565269210475
0.058665891792985675
0.0009510282656249856
-0.012028284330515879
-0.01091370217787409
0.01733989245448324
0.009055998621112912
-0.03044203314914153
0.003987326495430366
0.019404647300053375
0.00014305037758877083
-0.06175266096347905
0.020714508867417204
-0.03302485997872302
0.025547590953227443
-0.10325053199795585
-0.026209711547701357
-0.044011663190697305
-0.011758929772268717
-0.005435669431318376
-0.016827670417832605
0.029733521284738253
-0.03248136828540285
0.034702859211942584
-0.006895252027575742
0.01549457577443983
0.011349727902044865
0.008738536555222519
-0.03803806893574163
-0.017160778208248913
0.000270266905259159
0.023686467077264822
0.008362265282569054
0.020680861997689128
0.003951764768346948
0.04828726000536567
-0.032771720925712226
0.016114027730078882
0.02991661371094058
-0.08177246824227496
-0.014876540351159923
-0.017302662670176702
-0.010555885903572313
-0.015110806782582285
0.014177190638523837
-0.021740954702506674
-0.03758887003795323
-0.0073695574606093385
0.0007868078646131139
0.0007906451033187416
-0.015281740703416627
-0.0024816532529306845
0.005361494909848441
0.010473930749307603
0.008040795231210625
-0.01535076924437762
0.011593308833721274
-0.0047070509707975855
0.020674005708360192
0.019482189407980768
0.01874691848039199
0.015515643623275253
0.005509279873990491
-0.0005086295624843367
-0.011267964167797176
-1.78282571615239e-05
0.014196825119500569
-0.015343627661520849
0.012849742257432552
-0.0024662884457044777
0.016512748883318773
-0.0006028492106479683
-0.008652965807549894
0.016211590517704624
-0.006659952140040423
0.008084201118576393
-0.018919231262177875
0.0003613622702835877
0.026337708538249852
-0.002333491136392616
0.03504965638921243
0.025057141427157308
0.00698393114486602
-0.016978678436184325
0.0037085711625393794
-0.004505049463963776
0.001107451836648563
0.007601148137138755
-0.0026041431362967857
0.003780567739239783
0.03644442979218194
-0.03856574636536411
-0.005955481704343001
0.03584659573107529
-0.04109711031335297
0.007918806351825467
0.024668366781803307
0.05990218398245056
0.008308356208670905
0.022353092530181688
-0.017654826951164604
0.022898056365944643
0.05538902585474566
-0.024279944356625695
0.019478290638074484
0.0010990939333445553
-0.003549403160504878
0.0029917097038783605
0.010484350269344848
-0.017063920690829258
0.030700521696557157
-0.006750524364958172
0.009186880756606165
-0.034524444867969885
0.03235835537623045
-0.013242360245018604
-0.014389566145718806
0.029513670946176247
-0.013165899724375568
-0.04853997615792415
0.011695347140670446
0.0002492085684055213
-0.006739325618532053
-0.019955030437461177
-0.01435118815592437
-0.02623624602883442
0.026417132608466027
0.024490046011418583
0.010552396369111762
0.02490661593263649
-0.0014594297794246632
-0.002282576522527865
0.007873054884387255
-0.01056231436533842
0.030257538036057394
0.015543215193746887
-0.002345979603823998
-0.0411363806928497
0.00982209126026943
-0.03201802515720287
0.07528633638449403
0.014608048036497505
0.006669753380808409
-0.001828862405587626
0.02172384958469995
-0.007980978786815425
-0.0028846381640948403
0.006574699129306549
0.025212570270713854
-0.012390035494771827
0.01548975876583574
-0.008510771069941199
-0.004288680885320671
-0.014078174816540575
0.0035401088951010095
0.004412677020919491
0.0751228699502769
-0.020359872021490803
0.03270616156617076
-0.019307441156562754
-0.012569272759546111
0.008055056678194379
-0.03242509567194462
0.0767063626496688
-0.019005135306408284
-0.036728859653037536
-0.05144589284640406
-0.01144281302934395
-0.012394630228638967
-0.06286764925353573
0.04220048877401677
0.028592170677391844
0.06826874591623151
0.014764042992052325
9.392037669500494e-05
-0.022918622433529198
0.03186357848225949
-0.042917994001592984
0.027977240305402187
-0.06169236759049601
-0.003957106746495671
0.026618417399440732
0.003637491469696458
-0.014063052781170749
0.0024485704009248365
0.01645906350416446
-0.009594572430470485
-0.036764115718784574
0.0010846696447310662
-0.02185393995656689
-0.00029593862636477167
-0.06790270400794114
0.036934515429510935
-0.004350679027653165
-0.025500120291857217
0.015602449901267216
0.02547985596549684
0.036887392914935334
0.0075690398156340105
0.05579138144907413
-0.020958888250292206
-0.000673384515747659
0.008046274171323078
-0.0054633459056782395
0.0032227034374931705
0.0018290351535495755
0.012524338871604927
0.008093731371812752
0.07472403095564566
-0.015720967056676246
-0.057646123838683484
-0.02060021424800083
-0.06531619596013966
-0.07715558346676862
-0.06790988306086704
-0.002323396352171053
-0.002751183488004262
0.010975456890857648
-0.027285325292058734
-0.03673830359599758
0.03302420627583516
-0.008828767273338124
-0.010368658666962084
0.0022270592021844064
0.08172166441620059
0.017835340529407672
-0.003092769828831545
0.0205528229487217
0.023558424984426587
0.03773121764840802
-0.0005487221740785275
-0.07137067437862687
0.04200847221125547
0.0004335183439113279
0.05612698915577201
0.05206612451682118
0.00029154800639980634
-0.05987542424476102
0.036621356714754257
0.022853412880563678
-0.028405757795759132
-0.00461612597330102
0.010693517545523196
0.018816097474598552
-0.008017879078684077
0.020885901691383237
0.009687292551748956
0.02016884326780499
0.01471026081612987
-0.03021212123361893
0.0004588493989781135
-0.009612363177447058
-0.013014440420780026
0.017911887052334482
0.0008042435741542251
0.05513722550061975
0.015782686160709873
0.029812464424029135
0.013332087606842312
-0.015343516558041918
-0.02311808474161417
0.012061742415913252
0.0005360116827372037
0.023621979530811583
-0.03584345491077057
0.01480450908482181
-0.021546340904774655
0.02578429114148477
0.07832167008096264
0.014840890816758046
-0.008879360926206534
0.0034536859476041164
0.02456659897061185
-0.00428225507980004
0.010074182011850657
-0.04672010131514188
0.009412151328457909
-0.037760180673391534
0.062452560303087254
0.011780718204108764
0.003017536401717232
0.011718737467636702
0.009770551567866362
-0.008022488776318863
0.006499206890361079
-0.006322852940849484
0.02578563683167158
0.017811178359847687
-0.038399014339251775
0.005521884393682735
0.03177716302605031
-0.0013366604759699858
-0.011256520838520892
-0.06772893652231118
-0.0035073463404313794
0.01939379436625536
0.00035735171501880057
0.019470867326759827
0.027195031632879833
-0.027470207100341554
-0.018829654095524062
-0.006509353977426451
-0.024441142469976695
0.014698760368844176
-0.03389570828497729
-0.005896221528327549
-0.111857426964306
-0.02612753849315161
-0.031231812241667715
-0.002511186112174985
-0.007690691458644823
0.04777977342394429
0.008397176176363319
0.028762672541337
0.05226983249129848
0.011989064322250588
0.0007659632861590721
-0.016097442366654134
-0.02853600878767842
-0.006485085958887399
-0.03661564715648639
-0.018330733940835366
-0.008852938182659118
0.03820502945995678
0.05140785189979427
-0.02142198847746321
0.025589929393862537
-0.010011916794191599
-0.0053758741059551805
-0.08876140934459824
-0.011347847277214228
-0.01986034350940145
-0.020310665626743284
0.0032495360652210195
0.0412922715511197
0.015293047580056186
-0.02996330847987165
-0.0059383638119491974
-0.0004986559582584679
-0.008473713812673684
-0.05948527893919403
-0.026677244728162092
0.017689584280715296
0.005147174847827705
-0.01945691550338001
0.020716793222432053
-0.018124295123438695
0.020392062086293947
-0.019242297907459835
0.005799059074419914
0.02992102552101549
0.0065147427797501494
-0.024817335101136994
0.03030185973365989
0.025726830904209567
0.013587348364368868
-0.008463792280524936
-0.0064325811094341784
0.0037438523615880882
0.040629938854630135
-0.016712102246969875
-0.02533881465157059
-0.08638206431728379
-0.005206906616135176
0.04106748644197928
0.05384100729067014
-0.04170900541080863
-0.06063690751936935
-0.004437984201071102
-0.026346201775248178
0.02172180477890192
0.012000200085618556
0.014358912265222972
0.010574006850162902
-0.009431246202372196
0.024922310800888938
0.044064127831225375
0.02514005563073297
-0.03662436881656116
0.031398285168385116
-0.019272052092167504
0.03304223233505061
-0.0409647501801327
-0.018767654514862432
-0.004999666138159213
0.03663306156360284
