0.03545700564826991
0.025167370950298338
0.026174694831971202
-0.009887698065940224
-0.02739450018882911
0.013239829809451799
-0.03788649418953898
-0.07329598590709667
-0.013623520119423947
0.037708433599595984
0.012930406200037457
0.010318761567398851
0.04208954455909632
0.0019023810840173177
-0.027823073026410995
0.010819253923074843
0.0005786459689739503
0.007502863459004817
-0.02993741643796591
0.014645830299681516
0.01658370928701746
0.009273094926041463
0.07606253204723731
0.07541685746692696
-0.016486807555408513
0.10021012678189668
0.007106611519072182
0.015818151006291414
0.06575042348524875
0.0034955820848260027
-0.018089605983362386
0.014524667954970488
-0.0059099936957584835
-0.008815014869541121
0.029266477681006434
0.011704378643852327
-0.04218906951156679
-0.004650573491717327
-0.0378542384776969
0.006076468146922542
0.0013676939723654081
0.018389645737282096
-0.03644457199368201
-0.0014374674630648347
-0.018272442960894655
0.02001783006333504
0.009003799654827085
0.003432160537599995
0.004090629846101557
-0.024221371822163516
0.009511410520875983
0.024031552774623956
-0.00043268669482565133
0.017077282853120764
-0.07379688170199866
0.0047132483101980285
-0.015305812422093869
0.027671014638047758
0.02387258841639357
0.02373878053121883
-0.05893156704397539
-0.024760175493869125
0.03908233354765399
0.03766533897684929
-0.08421884591514897
0.011254381115744073
-0.0049405034570949476
0.05691647946080529
-0.024709549067155532
0.008300542066933599
-0.057135195227589024
-0.031672023379308106
0.057384320750884024
-0.009931552407388128
0.040783252004382764
-0.05171520933162055
0.002580531300055013
-0.0050801115176217606
0.02054072790392547
-0.013429937823909608
-0.05461561187770325
0.00419595186087235
0.008433422598949612
-0.02732358290262837
-0.005812878217209407
-0.01453087403484652
0.002515334218907716
-0.017974108542519563
-0.03430887120384628
0.012056772825547644
-0.029464433555659055
-0.025760744696931827
-0.03937756846214451
0.006927255473121826
-0.044362243560465954
0.012655549702416453
-0.06850493784431408
-0.001257394012438473
0.00897519105806426
0.09798738596757373
-0.006639786127357258
0.008114760595529107
-0.03619479869062909
0.022811166079523732
0.015434357653113042
0.12160250283848187
-0.014624016078141585
0.001314659298018208
0.03447323373976383
-0.0008844856328379992
0.000862391037851516
0.01506149570959851
0.00821355952811653
-0.0183196925960112
0.030196498105162596
-0.020130153866311083
0.06707092453740418
-0.018456767865713816
-0.016310047328430936
-0.059110715858374414
0.021319345071767408
0.005489053742740813
-0.03847861431284105
0.01090567699575421
0.021400455738981732
-0.05825008613434478
-0.061391503494641605
-0.031158392663100984
0.016477953070674355
-0.04300166717157257
-0.032003604496515965
0.03257738160836319
0.015701434687977005
-0.008668042237873229
0.030019120174396136
0.007404947434309967
0.016560023067052076
0.00974750370574476
0.004269544030601232
-0.025093801912779126
0.009984354753306982
0.015136814081692526
0.034705956290700696
-0.0037172403315553076
-0.06360000236731254
-0.028044269744142068
0.005710784801778124
0.01046523392541351
0.0024458055049739937
-0.003290270672845239
0.009893979676296705
-0.013775559376406826
-0.06955020815446186
0.061519979116670356
-0.015208360753723017
0.008138710680571572
0.0032789663855520156
-0.011751039217194031
0.010045616869809332
0.02181361123588398
-0.020402726824981048
0.0076824825229350364
0.0023258860593355747
-0.006952166295945731
0.005379815362444776
0.00033770770190811407
0.02380112104057328
0.0005648782232456418
-0.01396456776657602
0.02468190727215885
-0.03430930033013842
0.0039623644043747675
0.04955759943126248
-0.0022634366168577517
0.09786847659155042
-0.04289272767335151
0.020555697011293388
-0.038961515757951724
0.013934965307103891
-0.003794183815979887
-0.02805535353875189
0.017635669105787836
-0.020203136899565717
0.009655063811092799
0.046586117808350036
-0.01968332893115571
-0.007788370076659473
0.01352725934708337
0.00336724661727722
-0.03173344284903917
-0.043696874762523104
0.011825823027582815
0.018462159789086274
0.006285630096876649
0.006786964113897
-0.005934035156091882
0.01908927049973849
0.0134320115951946
-0.024628138175772023
0.039473486453967976
-0.028796722285568056
0.04644004601282972
0.020761023705774338
0.056913458746223236
-0.019601285343582107
-0.00862633563340109
-0.03763925877565465
-0.019245884556944013
0.013425741657066104
-0.07139296454792529
0.040871424385508406
0.002091086440349398
0.04886984832711705
-0.010316315315985218
-0.019985019391474516
-0.0038702873698578514
0.015802636201910893
0.004132226806774325
-0.014461496067925668
0.0025593679577078365
0.005349765566511885
0.0009625764058769416
0.026635957673159974
0.006663388887821869
0.018685693404031672
-0.006500150428049459
0.029952340884658177
-0.01981598613848852
0.008791974522473068
-0.03160884023601885
0.039768291615910806
-0.022173679583514974
0.08778481760189845
-0.045621160335797946
0.02884645838052141
-0.040753451733448166
-0.049080708257583976
0.02652361458232377
-0.038834768709393584
0.0014421162974193177
0.003267603054197513
-0.010735594133618605
-0.003248702795490691
-0.0038202132428130173
0.009030313297365925
0.009379813025703697
0.006310297253400576
0.002778536023124009
0.00407635335319553
0.04225207938550703
-0.010003928410718678
-0.016821644230143675
-0.010177752245085504
-0.0054950633031000205
0.00382253843683554
-0.0017971495445976559
0.029899465408724124
-0.008286368089757717
0.032941703134963925
-0.015608127371525338
-0.017420505902940222
-0.0038904326436851053
0.0057212221295850196
0.022517201132082776
-0.03950752106471342
-0.020541515673808766
-0.04453359329611346
0.052314596849048656
0.019093614505125697
0.042083773235807496
-0.030677995620077374
-0.01744512975153566
0.01731015029642012
0.0051914751864853585
-0.013104441646461552
0.07727087276277017
0.036680708346285985
0.003654723796809452
-0.007138639355513608
-0.03692541498601835
-0.004006336699760556
-0.005219285739091294
-0.004904585076457765
0.03534822226845251
-0.03458528292351446
-0.047253517357756764
-0.004653764926455481
0.0010290273987478323
-0.05616934800465695
-0.023778493855674456
-0.03741187079049362
-0.020873783569529965
-0.034628372619053396
-0.0008038021787203547
0.012573383987853315
-0.055670795293094634
-0.01703849803811644
-0.018411914893248865
0.008839737123710655
-0.035709876754379165
0.017544917684635983
0.023725783539135084
-0.0071377906706517
-0.03157213432624787
-0.048780152251176434
-0.01690044384927859
0.00030570297574259234
-0.007672640282375259
0.016005915990816515
0.03368284850365752
-0.01493664588230113
-0.04255877419606943
-0.001070346525627192
-0.022396637269936955
0.005913325431464587
-0.06066957268856667
-0.02063151549889581
0.00611586056736904
0.014662305830406628
-0.03734639515203764
0.05178544515624454
0.027404663256722486
0.0031416972382761993
0.005287622314977137
-0.012018647548815433
0.018334030815860717
0.004318446268894286
0.004280085739229644
-0.031359522019165316
0.011089694779757762
0.008418080382373773
-0.030208234374200896
-0.010195202049107815
-0.007837834645964822
-0.00024769628208543405
-0.026299409133267674
0.03443848588057459
0.003040347829785933
0.015524029500823723
-0.04871791025352755
-0.00478742011493052
0.013384521442325568
-0.009297431691614072
-0.0069280358522476534
-0.005613926167221432
0.002464378364305124
-0.043272755898446195
-0.010444340908755482
-0.02198795653391851
0.012739098625072125
0.003312410033517054
-0.015512070511689494
-0.015585643781685686
-0.03656850292160434
0.005726941201040776
-0.007928861331861974
0.013523113104444751
0.0029604428459716046
-0.008337971677848619
0.03498785142196149
-0.016898915235584223
0.07389665354288728
-0.06696881055331443
0.00841291435053879
4.4194998083369336e-08
0.02536754010234108
0.0024992588099403863
0.044733524607011466
-0.0025467099645110573
-0.006384565643323115
0.02368372471141907
0.00416656382151523
0.00795533537095392
-0.024415222517563458
-0.022331797257335778
0.009316170256692699
0.008190845349430709
-0.02753027107035971
0.010692584701818136
-0.04159611866179992
0.06709331022066421
0.005728160603165649
0.010231176648334736
0.009723829790862165
-0.020497546508204956
-0.002857710505424094
-0.03884237861730275
-0.013512147401466649
-0.0231037976515416
0.011678394006478488
0.005630650569183775
0.003168829397681563
0.02066028098790513
-0.003220286644707413
-0.03548110458412837
-0.026774027139651754
-0.026901200938351227
0.05128394832529341
-0.035843211613232485
0.041303861993701604
0.03778225766697035
0.007575547776982875
0.0009677913422799707
0.0555348983611707
-0.05248181855347659
-0.004588216645837272
0.02108676762783401
-0.012131136971057398
0.01604670464930169
0.0011632452325744918
0.059081722869398
-0.020930615841060388
-0.01794711941053863
-0.030509815045617637
0.020123151824421953
-0.007489403756055254
-0.0015153127277058112
-0.021013733047761076
0.04482969564690083
0.0853914799700625
-0.05964019026731992
0.014050679512155332
-0.04484491988061623
-0.0009097489153495255
-0.014731030846290872
-0.001077104133408457
-0.01382791189678651
0.0006656879096265032
0.05834546138775846
-0.033030834152956455
-0.033626482924402255
-0.04002520226567518
-0.034805711937489596
0.007079048371450909
0.03235778901532792
0.005190452609811304
-0.019940231500606847
-0.06406568901870183
-0.02806115421479403
-0.07828649570861143
-0.010483447652150743
-0.01482982082756209
-0.007301930477840299
-0.03291983888065516
-0.04322452286638504
0.005540951721468787
-0.06105792389791483
-0.00679916011061729
-0.02757628485914555
0.028008610500838114
0.001198059430960349
0.005811962328849257
0.023011349642971697
-0.004577849903261271
0.010338042095357033
-0.002406141448589286
-0.012142071145468216
0.061576267862200156
0.019635624766170257
0.00033374967285014273
-0.01985023561496366
0.007566228760265921
0.028955837346109445
-0.0005302502395738486
0.002263950985640391
-0.009748699557258503
-0.007651941823243483
-0.044318764226970266
0.01253673550421196
0.017927829876128797
-0.021188910546715352
-0.02495975574151371
-0.004396730105350461
0.028812524399611822
-0.008254650991529054
-0.03951095228751756
0.03351984805068549
0.03305953180183246
-0.03254628905588591
0.007881546874004556
-0.0265645966064054
0.02632868077181551
-0.01973660480981417
-0.0318214975057136
0.02200096936883855
0.013029949225091191
0.03608954674466815
-0.021081529861742155
0.00582876962679495
-0.008649049688142845
0.01521727806716653
0.038212889343226225
0.01099671888885481
-0.06489398214279242
-0.039552045130159315
-0.011720953744044625
0.012195540129960354
-0.06866709705523316
-0.014716540361114031
-0.040322010254724934
0.012516796474011002
0.004507766375083584
-0.010040346654888123
-0.02719935001581985
0.017936071074397708
-0.002595870142959992
-0.011999451746944811
-0.025225884606215557
-0.0034463382029200685
-0.025861803956751507
0.026340701924280785
0.08952327779465717
-0.009971216780633669
-0.008418881491478803
0.007892756801343565
-0.02923712683446319
-0.007288410387980032
0.005998731161492866
-0.006962598314101794
-0.018975966493216624
0.009926537751480417
-0.006375945588713531
0.003612467049554728
-0.022289810802306353
0.054896092372352455
-0.005520098339591862
-0.008673212564781492
0.02779659526479237
-0.005316493064117706
-0.008482468091420241
0.007283790778648893
0.04198071993982941
-0.004812877039163785
0.007956334430027754
-0.031067890222818913
-0.029409499523197335
0.03724369338938379
0.009916518900762885
0.011618704935749884
0.021033845586157108
0.0005346555849912834
-0.07578581578526908
-0.024097470550325278
-0.01827149269670606
0.048514810237396955
-0.019134697379269247
0.023340322986758033
0.008452681628099224
0.04854192398519589
0.025260032213610603
-0.013340143037582252
-0.013577041481307376
-0.010672277878653368
-0.017622228663100852
0.021386194705301058
0.029077103902034735
0.0035875314112008435
0.00505174743631655
0.029386685710263077
-0.026467874728396654
-0.025179856856096052
0.04703349988800295
0.022506545029689448
-0.010233121807045685
-0.0014818630923307623
0.008260069370748246
0.018584565378025983
0.011157855017772987
0.0011832355193503957
0.017925391939931732
-0.032148763783030845
-6.214501252064467e-05
0.012479756837653599
-0.014407271770315299
-0.012193796248415129
-0.015305049906939849
0.008800301996438348
0.04961773535382229
0.06322111467584432
0.009019575801525827
-0.005392494430207404
0.005210444072203973
0.012162731310212015
0.003285328343864223
0.037870627370723095
-0.01814261980841017
0.0026689947597706497
-0.05693635936006983
0.003282470480895613
0.024550565458863347
0.012590618456116245
-0.0022346661108582954
0.0070196443269692115
-0.05464035434056325
0.012701560116528999
-0.016577602669117494
0.017090105514175724
-0.008232355562694669
0.05065359372338236
-0.04768433609912461
-0.08541377943643934
0.0016672039205270328
-0.04448514548237034
-0.006582049262999716
0.03489726260990202
-0.015059830209558452
-0.052096814424742094
-0.01944444635191419
-0.025646065912045022
0.004461101953129634
-0.056312370553761995
-0.005322761203577141
0.00579752216783061
-0.014271392359175631
-0.027690556744053522
-0.0010799523613417327
0.000542550826744501
0.012233608014570532
0.052276985545937654
-0.01779432503790083
-0.016592653949436004
0.010354116815108177
-0.0030006198294108438
0.01574404260267084
-0.011394572118242546
-0.012866541610843135
-0.0222827275989319
-0.016570003798832524
0.03144152533293963
0.007164423141177527
-0.015585553088416495
-0.01670221727018041
0.008362471932838095
-0.005228841626063043
-0.06033891550988643
0.027748367532709733
0.030429178752203707
0.05242730642367021
-0.013297634217103536
-0.029733444122580353
-0.02613682378379056
0.008575849434418836
0.004969726312640682
-0.011673748636017714
0.00435103572244179
-0.011960697842893345
-0.0020097838807365456
-0.0358049605331939
0.014298714932989353
-0.014896673340439941
-0.0009877931979445228
0.004387467556202778
-0.020509052318666832
0.0076969133807014666
0.01804559225298483
-0.031521774808862923
0.008737016950300039
-0.023735138286686976
-0.013605479453129943
-0.035792459843428916
0.013503083257460895
-0.0022990517994361417
0.0286512311131188
0.03660749242192889
-0.006127663931437888
0.02074527209202308
-0.00765836960871662
-0.008479248695327042
0.00934028694338427
0.013121198953905034
-0.0015449287308033498
-0.04476543187926463
0.0076146319110917396
0.005129617616933252
0.024434464077022877
-0.011613638757847058
-0.03471003343975476
-0.012145799223390997
-0.022768556682321108
-0.048854826004477145
0.029990640286021757
0.03345233381210045
-0.09530936890128248
-0.02293513658053198
0.04192386211878171
0.03276528436723132
0.026407115093122067
-0.07008699997729859
0.05941511622243886
0.013338128373883698
-0.01738770693341292
-0.004594216951863084
-0.005129920246148641
-0.032281857376033465
0.024373720604020533
-0.002942116854366728
-0.060087058996598136
-0.04713290974573704
0.0041067363063120085
-0.0027445244296280635
-0.028039666342344248
-0.04319172059605745
-0.009642707006995389
-0.004544984029428385
-0.004923516698503337
0.007048766240053043
0.051727694542687476
0.022741408791191787
-0.016852708104983245
0.039263945113970904
-0.03399763628162093
-0.01845201325258685
0.012430410694952359
-0.03547834501390418
0.01783070090876615
-0.013070732111345663
-0.06442030605651333
0.051268399141551645
0.02526056523066856
0.022159492817137055
0.007993896766722958
0.004645504517728486
-0.007418613681194998
-0.01059096452931243
0.013083076038678334
0.003595836679026899
-0.015487103630246428
-0.022869786401130677
0.0004628460403474897
0.010089871522041185
0.026485892476070923
-8.63899322650377e-05
-0.004744647631980438
0.08245035782099541
-0.06276031738206224
-0.03696926359403345
-0.015794479811059935
0.02292924435788533
0.015162019805541613
-0.022944784514248757
0.008036238976234709
0.02660645205353783
-0.025686489070122755
-0.00014745899127270454
0.017888757115261986
-0.001445126577556874
-0.006569893402986129
-0.012907389677507989
-0.025655489931900095
0.018837471115091386
0.07224831627445114
0.060073646459979035
-0.03628011136516006
0.015743335113599915
-0.0005961454226154601
0.005260623643114724
-0.0051298334691661585
0.01942859202428157
0.028176394914065612
0.013596027406621032
-0.047083771526731086
0.0033420419547489054
-0.018546257396267782
-0.005885068466525367
-0.0005611531600933277
0.010733342135383683
0.002872035760361376
0.016555580673442937
7.349912442661458e-05
0.0053751703608763916
-0.04391845570426369
0.006713624113039816
-0.01564759046524937
0.014183173605780837
0.01828499290957799
0.006592891858442366
-0.0072700583537858195
0.025739585515529875
-0.00041483594804464117
-0.004721496544455826
-0.05295065768546675
0.023260940368950697
-0.028641418226088042
0.044219828422751135
-0.03808486195174356
0.006303848480340523
0.034142175956928394
0.03456883744596809
0.03490949972211906
0.016224754471180294
-0.038105834026042854
-0.01500083946715832
0.043623383728070196
-0.007309857602329972
0.0392685109355845
0.013873642484142225
-0.005812183074863926
0.03520752962457189
0.010887196232448245
0.045122183291919506
0.003137471805664692
-0.019096543997644603
-0.009768006558425666
0.03119094882327673
-0.03261315348354387
0.027686623242761815
0.022445241543783113
-0.03303940178779293
-0.004454391298565672
0.0020101374979645064
0.0751139636064442
0.018733061033631464
0.01927660394777639
-0.03345969840415908
0.03583506786622766
0.017309738723038384
0.0092915750349929
0.014723272404366853
-0.03920066713486938
-0.09511511493278121
-0.03525455791041556
0.024197254058318848
-0.009286583560150885
0.012323692389990768
-0.022016911153418063
0.005119506564153277
0.017461171516666638
0.05552012576356725
0.02620312918473159
0.008018148173037629
0.016836636420356668
0.0050280331625729875
-0.037934205240074625
-0.0017877730375015048
-0.012591793449919184
0.06308678136121053
0.01957879502755862
-0.007299569043994249
-0.008579117121106193
-0.02239884844203363
-0.04098874122441578
-0.01920045317568528
0.03615315931454058
-0.0020697753983888218
-0.0361709980698066
0.03505034859277433
0.0635270742958285
9.614126126775023e-05
0.018627678947264303
0.0449416874724173
-0.0063773551889932945
0.045412526998934166
0.08628407325028234
-0.017632799105323248
-0.007860599321514906
-0.011799768492862515
0.0073808304276930334
-0.03436966671116311
0.023190896325532284
0.003302067885387364
-0.01168855288700952
-0.000933381096098281
-0.019855099552104138
0.004707318776862695
-0.004020480204271974
0.020457326316248296
-0.02327383174398129
-0.03093403869826901
-0.02201565253459324
-0.024501609586212367
-0.010267217081790743
0.02125481153479453
0.02042346440905408
-0.015430321457375376
-0.01916343657226454
0.02502786335748497
0.017744657265404536
-0.014107921693473972
-0.010530033906142223
-0.0025841529614197825
-0.010510346844953078
0.00960880676744347
-0.02729870514830662
-0.022053745750755086
-0.006269899651651916
0.020459737631656278
-0.03008725953498479
-0.027232160948810327
0.030184383944608473
0.0053860894444126015
-0.011628858840179647
-0.0049432310652209755
-0.021032374628463447
-0.011337007190286694
-0.03433574024688493
0.004304001206720552
-0.00900709588470491
0.06770191208154284
-0.017196548031744918
-0.0014102787639470068
-0.00371851188597637
-0.01162187400209857
-0.011244873856933001
-0.003674196615582449
0.009856953522249303
0.023922924187535992
0.010899514355983035
-0.008876408330551392
-0.061966033817142205
-0.00814625761623276
0.045968482791102605
0.010887794931155019
0.03617735388903914
0.03612401281379541
0.013298010470129686
0.001048942079518747
0.0033038318874460014
0.03782771274908185
0.02529099512617076
0.03183662058620228
-0.015803380990187323
-0.009536923593507544
-0.037734329593007244
0.008076044447656427
-0.002662887685357974
-0.02153928362399848
0.003692001808892334
-0.03603261800208372
-0.05109291730465028
0.0006350428674485536
0.009478593794337822
-0.022514448921869032
0.026591122885429933
0.029086545796194366
0.008060763525263482
-0.00750447559073809
-0.014867449884406313
-0.02086918078646232
0.0127779700459939
-0.005677812202001847
-0.0003309932857236962
0.0029860885607575125
-0.01583149253579184
0.01404651616079872
0.0595342213873764
-0.0017877264194043907
0.010267967601061958
0.07143819060357416
0.014190275729930969
0.0035755232844390506
-0.011525470182340606
0.001100812496655622
-0.010098540494907464
0.003304750839902804
-0.021185893864161573
0.01833301024936957
-0.032124705663897586
-0.022617291607832365
-0.06754614874595072
0.025082552913423088
-0.012447300105037935
0.03958738213049768
-0.007053595388775916
0.02471484945569506
0.02971044119933569
0.023944987250565698
-0.05075357964994882
0.04366077442090782
0.03473975768464447
0.017273360164701542
0.012046208043082908
0.005327052168091682
-0.0066654825964078505
-0.018533693720607435
-0.03073080069614732
0.0452453956292757
0.015752238823881666
-0.05921902597572311
-0.04090657452453582
-0.0001864575796125416
-0.05803446772523103
-0.018102546139512773
0.029076708967513774
0.0023777536120669677
-0.008729736813194297
-0.019464532540072597
-0.02010498157279091
-0.006462771230279637
0.024248633212630297
0.018132437126458824
0.007535225981988308
-0.056697245237388706
0.02247087599921117
0.034958838443691825
0.040405396840496176
0.07094396343518784
-0.008252777089694458
0.053314532295051294
-0.01777409590966907
0.03848119422168172
-0.01857607756270484
-0.0029881596367487802
0.005311510385550982
0.011439706519528296
0.05047477815043323
-0.02271399101481776
0.009105622979557675
-0.006111021600595011
0.0012855067285279563
0.006726871593092064
0.012442603291135562
0.00643950025659346
-0.03877954720180155
-0.00024324349871571928
-0.013034106367586373
0.013904817983157673
0.008376453589976936
0.039444676736483684
-0.033310855162534264
0.008399427130158378
0.008048782712844961
0.028314691985914114
0.013039299210114513
0.00029162738451537584
0.05944190470146596
0.01428841617954409
0.010352355226540363
0.0009361940670928514
0.01615750852175451
0.014354221145711749
-0.06713559552306826
0.03643353912195357
-0.08558643471012124
0.024629532047923532
0.02764836840712149
0.003426503441602035
0.009820979395449597
0.04490747591719131
0.0021461655085752134
-0.030774987915316084
0.009277418419472293
0.0017937563083181606
-0.00644872200742982
0.00538552513095442
0.0022156548865025177
-0.04299199826622676
0.007499058161622085
0.002278303825091798
0.008973680572360811
-0.04239246067474541
-0.009590064650480588
0.0005894057765092297
-0.006509703645751641
-0.0002889074907283958
-0.008997251103341016
-0.02077150026191182
0.0025110884319299834
0.019616901664041213
0.07238334275678678
-0.004557516733810165
0.020643853758709
0.07102581956888238
-0.05058115012708419
-0.006843373090456277
0.012377320882230482
0.0016529470707264868
-0.07393308081660445
0.018998814034081966
-0.015138306280482978
0.002538579768341861
0.027653489891732913
-0.028533839248871557
0.004569146125118047
-0.020082567054965417
-0.006985997549858292
-0.0008659600104142278
-0.021227021377582575
-0.017038570867070293
0.03510659886171766
-0.007121860215639187
-0.001281817389246359
0.010140930630107231
-0.0465650005975401
-0.01099730543623997
0.0038729146123193353
0.0921577407658154
0.004274134641558021
-0.06666481855316829
0.017965230490208196
-0.019555483366410782
0.014539153435461787
-0.03597318671917008
-0.007625752411861208
-0.03955451974824748
0.054697177954044614
0.047699982419785465
0.017485892205320454
0.016501247567262393
0.0027191918018693896
-0.019818429716729886
0.00770211565095486
-0.022994221751195743
-0.01964792437959396
-0.004372032208259689
-0.017420137955485412
0.011876098968842664
-0.02096181406773481
0.034347537682498964
-0.021038773065074057
0.02719231916254558
-0.003537038989512338
0.058941947108575476
0.040327236038374174
-0.03626351882291095
0.010318885390397539
0.000766371952933798
0.015931104809709887
0.040060207598580595
0.014285868528122404
0.0027126636133473466
0.005391699544832961
0.021633862963870983
0.018848654739845417
-0.017593148635160698
0.023115698544649052
0.029663777171127198
0.0037685899262807233
-0.008405101174774688
-0.08038984830857022
0.03035563922488463
0.030181616371364524
0.004465639872599496
0.03956678905918597
0.024067412309582363
-0.012614619542145626
-0.0033480039728286206
0.019586801908826897
0.04768697645408924
-0.025223852771617206
0.0014810438696601033
0.0009879503431166638
-0.044916446388790755
-0.019309108460721397
0.0065666191567277914
0.02309611879771618
-0.01244059789457431
-0.011748687595720385
0.013572927034406875
0.0002271924096483189
0.04548325635864106
-0.03835569583797306
-9.518624700878472e-05
0.041093940809184604
0.03527719676818656
-0.024359448486821162
0.012408077459853315
-0.023085468274963966
-0.047039931082477525
-0.03137336629515395
-0.0056898156833421224
-0.040876548736467455
0.023897994094316012
0.0005589608359150099
0.006206707515533366
-0.0068593993875115285
0.012036925013309906
-0.033495124563926865
0.014567775780556872
0.029895496523411176
0.022489173212732035
-0.022341006497334424
-0.04220261929777885
-0.043339625415663066
0.006660132898642421
0.0075125131487735535
-0.02192049926144263
0.034470458301364824
-0.005887374590430446
-0.0012531928671340692
0.013520962616250713
-0.04115799858451997
-0.00016486533997301723
-0.021428022754368337
0.070916873193615
-0.017456351399624676
-0.04083434783529404
0.020960863168874105
0.015395370468475262
0.029453288312630558
-0.010760564054275593
0.00535386840447362
-0.008246022097024467
0.026082619846983485
-0.015759148188199734
0.0032939453925801424
0.02308829892870868
-0.024902083928054215
-0.0007335132640796643
0.01356368094559828
0.01492268542311632
-0.03968333439788293
-0.012206941623637536
-0.003173965532607019
-0.05667758018033024
