-0.05392950720153765
0.02872644875475124
0.004232230111158185
0.02566901146586055
-0.0012633618116101712
0.013272229760036813
0.017071905980728688
0.009274909876768414
0.013537180652445177
-0.023656944995424836
-0.0011495598286296964
-0.0012450635328554746
0.0462841360097874
0.005968825192727841
0.017986559115917258
-0.012792200973794358
0.024564668956101623
0.001146575446106898
0.02665482811461134
-0.0058655849649132865
-0.014040828334234522
0.0018827900261351512
0.04829258802029149
-0.028716739317855768
0.013170169079115524
-0.021366615490883725
-0.003731904104164396
0.00902856964810377
0.05866369200610129
0.008837968818906174
0.03763677857743401
-0.0021027085213061567
0.0037423064897919643
-0.0035539670885156617
0.0044221790595234
-0.009287049164675446
-0.00977818785729979
0.001386990738634197
-0.006829414769837266
-0.010827991030876425
0.0067969652863760655
0.09260671204484183
0.00620991211831726
0.02335571131546935
0.009571259708853103
-0.017522302766903718
0.001313211234289498
-0.0106987437788385
0.017389797519246866
0.015386101845229703
-0.006136531870036827
-0.024485411433671157
-0.00829909206370126
0.008746613544883234
0.028686055291614224
0.005170888221020244
-0.025109772978850666
-0.014992241038746398
0.021038423363087963
0.002982682950888996
-0.05226581414851713
-0.034149663795391735
-0.03530509317766103
0.013885564505042133
0.0423944256042303
-0.03032832701799097
-0.009124843629436106
0.0020411929267539347
0.00397530045521578
-0.031879699724701296
0.028836319843481638
0.0061859607641779595
0.03331250905787943
0.016247120889014786
0.020124940028107573
-0.07590198258122607
-0.013395518504620488
-0.011550977505146613
0.0015291932646102765
0.01763961949206195
-0.03815221746411346
-0.01997244955220526
-0.07341958905862875
-0.017629053788449374
0.02434907185513713
0.011888444488792805
0.04140099325244792
-0.011237345071091105
-0.008941181771863444
-0.03367431702718028
0.014443405549488362
-0.030629415843549133
0.06529738724263452
0.004880071964304341
0.008277200739468056
0.03997422838567319
-0.00037362956321617904
-0.00876930470122973
0.005502419320476546
-0.01880812443998709
0.006261905057856415
-0.01825067727657798
-0.007673078044282857
0.022497469525569528
0.02511949773016781
0.08977294043475367
-0.016415344319319628
0.0277333982347803
-0.07180987194288166
-0.009950759591955289
0.0036708137494836017
-0.011065059840971987
-0.004797858738209742
-0.025078867777659896
0.007950369061891423
-0.0010281547252153104
-0.029349495048001654
-0.036240619827228246
0.0394858416313142
-0.0093110593044977
0.015744472246076908
-0.0004163834971611871
-0.10002596781423856
0.03773990571394186
0.09481277275497044
-0.009056109682556232
0.005294511900508651
-0.02161393730335278
0.013089602339864293
0.018940319176784168
-0.002917682436360202
0.024279412338970543
-0.007795965857202812
0.03537015596036408
-0.017299363373067412
-0.0009019311155915422
0.06197392945197707
-0.007176999124966961
-0.0073886275624129695
-0.010730555651127035
0.028495011159929046
-0.02158798261247963
-0.013835737464987475
-0.006252728838852008
0.0677015357460332
-0.003085195887969047
-0.01521191581226283
-0.006938049090099434
-0.01280110913014023
0.014591412481352192
0.006545510577089362
-0.04057139535323427
-0.05878184249705447
0.027908650943519856
0.01640392813294087
-0.009236538589484995
0.008998532454161441
0.028717052602611343
0.004267423043844034
-0.017550934015518126
0.025934911880236052
-0.028040880682158077
0.004576029663324082
-0.02160556174064439
-0.0030107947192600007
0.003229441262438
0.006716912847713324
-0.016778269898080806
0.03899455391110042
-0.02065357846606596
-0.00812082649427244
-0.006672664727769243
0.006804459020415243
-0.015106837961240278
-0.05228545948050268
-0.05119138991616482
0.007794015627977487
-0.02801182280950426
0.03169728407969566
-0.005123424987859095
0.003540518228974326
-0.01857190107395229
0.02501695582630469
0.002129208346451334
-0.03655575081000877
-0.0018659944127721255
0.05458449478606906
0.029956519482960627
0.019808594643838922
-0.02752988890126933
-0.0032157250339619257
-0.014570040855275246
0.026142941814640462
0.02662523474475586
-0.01872142678352096
-0.013124178635134678
-1.2951364614598598e-05
0.021749290319919016
0.009422601241103518
0.11368205579557127
-0.008148186147290558
-0.001541027749591076
-0.030180493150389103
-0.04750899134418761
0.03603101204294181
0.010136122763302537
-0.09120656418907228
-0.027109474819921462
-0.019660716247098014
0.0013536888526154136
0.004940920149711256
0.003439936883189218
0.030931877277785798
0.00047612222109336117
-0.039355971576708795
0.030678855031666126
0.03332906926216696
0.05013896463973302
0.01301543063591031
-0.0026767287356443906
0.0036081105225647665
0.03644125206020168
-0.002203979211049244
-0.024462901236461308
0.015559952825590067
0.004773880845167903
-0.040601277342855985
-0.00564808132393578
-0.006426295234970829
0.0031591604350801276
0.006283763420378145
-0.007705448854930495
0.03759825956048438
-0.015192306617943251
-0.04044969441565272
0.007056408428106669
0.053353290600977786
-0.011461061441439914
-0.06418643840372426
-0.021526916590235385
0.005971080149592884
-0.005649703966893845
-0.012784277397779997
0.0035793650749433915
0.0248082630800798
-0.0027540933808207976
0.023119138793994826
0.028652045137341167
0.02996493506925874
-0.018235154064872073
0.01617991897137048
0.013190252663818255
0.05002355779851462
-0.013801208200130838
-0.011376474395665732
-0.044968761716864945
-0.016600554243956296
0.023307071921322007
-0.025136436591820483
-0.0025096613931688263
0.01732450903377044
0.0004132382972200623
-0.023653443060428138
-0.013263857891653987
0.09770400305675585
-0.02255746507490883
0.05855691199518635
0.02183383332623311
0.008763636015627302
0.004652493427037496
-0.011456488113865638
-0.005451086964594439
-0.00819153932420921
-0.0063821323660421085
0.02272392968777716
-0.023336603421861828
-0.0262379964397406
-0.012075956270959304
0.0074618615368171335
-0.008342685139140216
-0.033045624213981634
0.0059503979275370685
-0.015794178539113572
-0.02209749324387853
-0.000202628062942192
-0.03033524575417511
-0.022278684789250415
-0.05748206628788177
0.08347984047794475
0.014372470142997845
-0.013515510332419305
0.015107788713176189
-0.01697996641794689
-0.04473522470222532
-0.006960824989939543
-0.017072408767635393
0.00012008017785105574
-0.00015592993877021867
0.027327455563370146
0.00510277829222423
-0.025553186334906847
-0.09212633724477325
-0.013329692518106463
-0.00983934533236149
0.013548655267105868
-0.009227195395040872
-0.02465722246002538
-0.0036333375534330697
-0.014547214769060879
0.06325556433409067
0.01030717492218672
0.022999440627406487
0.01911692100471128
0.014376317635655805
0.023495112632368847
0.07422602214576
0.0598529175639696
-0.014742665060424261
0.12244278719138783
-0.043629592733385195
-0.024710126069748248
-0.003362019620686351
-0.008127255252821689
-1.1170685892392073e-05
-0.028152873858617176
-0.007056513703599724
0.010735990849614746
0.0028681907812047637
-0.04543079580965911
-0.0012080731059901783
-0.0010449774177914452
0.001315420100351586
0.03392166660779621
0.013640348252787971
0.010592982746515694
0.008842634216073975
-0.044295964510915685
0.0017752280623615888
-0.0024709134794963805
0.0006010785036007096
-0.002622637990994566
0.005701401634145423
0.02780045665282075
-0.0025972256257483957
0.02373863201562863
-0.013459031012267858
0.01424980197149643
0.01570348863380604
-0.0013821992440770188
0.01731161638545046
-0.05877684630878057
0.00571861883165755
0.008791120918733799
0.024051126777417876
0.1357102203001786
0.030627663195600372
0.002215072731515871
0.0013554714778304478
-0.032726053668122396
0.04459282192826571
-0.04582951458283668
-0.0076366308439271184
-0.0020665129278077073
0.008717311673096846
0.0005749873779285939
0.03678438983468871
-0.021660345826337638
0.023580147823325882
0.007294444987897483
0.04424393190973039
0.03141501977529409
-0.0057043644829105275
0.004277640221985659
0.024399574207309236
0.015032584916260902
0.0008356537600455241
0.008358112326516566
0.0019848860294423495
-0.08923374023366963
-0.009450768513872628
-0.011239025545604655
-0.0044670162622466175
-0.04419432527977003
0.005004463152100261
-0.003276872137469883
-0.006427441625683986
0.03850921712056876
0.0053401944555231465
0.05581407030447753
-0.03193776819912891
0.0025362713310084434
0.048952250802058034
0.021072755692418125
0.011193596891460178
-0.0333614007702404
0.027710917281711805
0.006101589222275217
-0.05061036113510081
0.04231676623899921
0.017147823675540033
0.03233850925905689
0.012884673121335326
-0.0006209684112544911
-0.006332758906461705
0.0627125701566932
-0.02150065140239067
0.0062022706189950915
-0.024276451464034465
0.055602602582591955
0.013725317977042975
-0.011840799014054187
0.032989736496726915
-0.015597205450154661
0.009289301705484539
-0.024723144788536197
-0.009715523263196465
-0.022937590020525055
0.008755431054065056
-0.024346092252694795
0.015016632441203288
-0.049297767532832555
0.05823632886943506
-0.08768307567005695
0.0016996914164191445
0.014689810857329483
0.011881212337834401
-0.00871197994151089
0.04885181348446449
0.010879771629848158
0.020739650622436354
0.014234559589126929
-0.015601609642106828
0.034001984928277294
-0.002884148806371212
-0.05765260511623589
-0.03696861953988589
0.010532743566630998
0.006325737420985804
-0.022300104741840895
-0.053222033281522606
-0.02140096035296025
0.006134886563580179
-0.00342267428737435
-0.011538319970074993
-0.0006226373231652589
-0.017468775389941408
-0.005904799034305872
-0.07235908796729616
-0.02837322375514974
-0.005641805480628097
0.030079566928939865
0.023662221701838272
-0.008890936572037838
-0.026421157822967806
-0.00801337624137108
0.0022892911996990244
0.0013254114888760391
-0.019432633227104083
-2.3998824296422284e-05
0.0022651441817617933
0.015553446139314059
0.026587544355429697
0.007532353232917888
-0.038320507295432966
-0.003024009986629325
-0.017255970031659768
0.008222687677524822
-0.04503493377133957
-0.021171213965178202
0.01658293241209499
0.03701436494899573
0.004955209993876862
-0.010557759556971604
0.05580024619181602
-0.0032035541058323823
0.01949464228412844
0.008390174902373248
0.029818076293630424
-0.010465882723826446
-0.008568684421931734
-0.021944538234746732
-0.012612307250422767
-0.00395803933054802
-0.008880628463041794
-0.0005696599675172635
0.021974818043601765
-0.01371218853387647
0.01193648819218828
0.012297631984898095
-0.000840564013490441
0.03406884490590514
-0.01218462240455789
0.001006629005605889
0.004426641802089944
-0.0057092876081715
0.007288817046276808
-0.03165542125614699
0.09313393783988717
0.0007192433291354767
-0.03920277997983296
0.011812673834733643
0.02063166642841363
0.010387055926551368
-0.005887355316194069
0.00308360851090607
-0.0070540347965364425
-0.005787197599386627
-0.036005214142886995
0.021135132224961956
0.010243166029760234
0.03305562450721848
-0.06955928299301786
-0.02588499157061023
0.006211660862182481
0.018213573345860937
-0.057898278555979045
-0.0018155848951540215
-0.05681501726823543
0.006294433613821888
0.02157444172855138
0.01950723617105353
0.005582858547995445
0.0029797086401814085
-0.017757059758152446
0.00031812417573206424
-0.010680407503545888
0.009377317217811444
0.0457080069283493
-0.009420425365810935
-0.007620951745977451
0.06267866149906472
-0.03002276707896466
0.014316295482158724
-0.0030446364213411654
0.0004424259857175556
0.02012103918928005
-0.0043510383028134755
-0.02319880738446835
0.00913908885871973
-0.025320334452287943
0.022452888437641753
-0.01779192442537633
0.042771426210316044
0.024088465724825307
0.003976022621316455
0.012735523104442318
-0.003062919412241904
-0.003706809965687681
-0.02736681164077876
0.028997128079440666
-0.0030029035886861913
0.006551578707617845
-0.08610891159383723
0.0065279842748020385
0.018349187622813557
-0.025753301408257528
0.05633233346979169
0.006753553060963552
-0.01650991078781068
-0.009126105901939323
-0.012416873437593368
-0.010412867525509304
-0.007684819936157128
-0.00910255118751227
-0.048260501042893145
0.006115934473420027
-0.0395659482840584
0.028391758433040395
-0.03335656793733756
-0.028185641757085576
0.015496184447562716
0.01093157510143186
-0.0022415823954285378
-0.011908432789769628
0.007453661554676894
0.011060140151418915
-0.003663015256451388
0.028947461981059616
-0.04675656158855974
-0.0071143907287395105
0.018942363314448697
-0.010197138119416008
-0.010756055619217173
-0.014564257085681764
-0.013651425305338088
0.04806953689028518
0.030758359160603006
-0.01336005358019965
-0.0011512017212819267
0.024259782346134635
0.027969352670003042
-0.013079117938832568
0.029617540556940745
-0.017940888958084985
-0.01838752058510083
-0.003343392795882075
-0.02141093411468505
-0.06644965179166926
-0.0013509686574498434
0.0019950449917695017
0.020615298171156152
0.002205803831590327
0.02487886975444457
-0.017476192519325882
0.06471414931059148
-0.02157747646832498
-0.06792431256736436
0.01673259238778705
0.05866274187038812
-0.010208073636117773
-0.05298530620700921
-0.04853241381756923
-0.0037573507191857813
0.009196338393470649
-0.012951779588387245
0.01710374288084357
-0.05720847183397147
0.015135559128588733
0.1017517729174308
0.020402326599894053
-0.04684669788452874
0.005963913655825475
0.0086896034351217
0.0124300646218276
0.005991312343069197
-0.09910734923218277
0.03951416947893307
0.018757224957787495
0.017838725468336765
0.02829244591676111
0.02017746762977285
0.027336275174008558
-0.007727437130608194
-0.004039425714291454
-0.0017480486391496333
-0.005964527536307373
0.022735398520360824
-0.02309999881065856
-0.02458353647460171
-0.022168270780602954
-0.020233146769818133
-0.05131620008798617
-8.715404418691887e-05
0.012870502668041697
0.00498945216786455
0.0313536896872506
0.004055262836608709
0.02473784034889633
-0.035714215931104125
0.002120170218122576
-0.0027762481352661297
0.012522741932297908
-0.030439244933806626
-0.03264486607783145
-0.013828364918135777
0.010344790215572192
0.009943373909557893
0.01666370904119606
0.02017541253994698
-0.024494692367372697
-0.006726340789401559
-0.0035660684405011745
-0.059738579011869984
-0.002445444451161837
-0.008880745273487409
0.009875670153080442
-0.018875808161943976
0.020876378210654974
0.008879209380007979
-0.0007953181954047471
0.025626149608491786
-0.02086607713504751
-0.01145599153544843
0.022166494884294088
-0.00446323449721906
-0.014163603244009011
-0.01882880251619177
-0.021135739475130123
0.0013329307366925641
-0.06995533422152041
-0.011355632266849125
0.0010267707637331312
0.012281693247044806
0.0020296275488655446
0.07292323774936804
-0.007453602352881691
-0.05104833702199449
0.033628377918778735
0.013976711067919808
0.003953773808128627
0.010218117434574585
-9.320552750478238e-05
-0.00944172713490758
-0.019320878849124763
-0.02823192935899536
0.006247513986771983
-0.04680488283086374
-0.009338136484295101
-0.00039942119073597997
0.002661082428519142
0.020709779260062657
-0.04953672342422411
0.0076992734572034665
0.004990176733530231
-0.006387692049424943
-0.004972197015489158
-0.00019118411903018713
-0.04317110497550726
0.0671076878235062
-0.00012429180865949864
-0.005152222814774072
-0.0031460129175697525
-0.026921705314492835
0.03285710744356945
-0.02142092916421884
0.0005127022198343753
0.006260938880145415
0.004074611426930429
0.02337985402609229
0.03667474769713622
0.001887021751636255
0.010466401351242893
-0.003591619045235169
0.009241492480761466
-0.03642678112240503
-0.010564448028658807
-0.032190521624456306
-0.008541628019780262
-0.0010923903589055302
-0.03151470267339071
0.040786593765691055
-0.06537752570002194
-0.017664028627116374
0.005823608556482348
0.07683951981930341
-0.0519207961366561
-0.013340436431832721
0.002115444957806596
-0.007885876641296972
-0.021302425459743354
0.005013449446000822
-0.007866356202920088
-0.019622035796065966
-0.002289092792671977
-0.007376562070979065
-0.013563520546617067
0.04024836644742337
0.003023763981833009
-4.0859711841958754e-05
0.019298939036728552
0.02919989431070195
0.003100106880967007
-0.017363951468936392
0.05895023170177473
-0.010924862833715621
-0.04482568809311489
0.004318516936569892
-0.00043781807252516207
-0.0024028110929236357
-0.018198808827044086
0.026861967236907765
0.028188562415955753
-0.04283773206242185
-0.015002059460620965
0.024960920524442154
0.01380885102365152
-0.07261176773100944
-0.03081985228273694
-0.016255459380544575
-0.008138539499376709
-0.006089621107117008
-0.0052948946302794975
0.0526715993497171
-0.015827021084508827
0.016665124991630646
-0.001068723894383514
0.01782571912047301
-0.07453673770241298
0.02165701821588684
-0.019912428418310254
-0.06180409327975945
-0.02414273970920626
0.00014912705116508558
-0.00014029618469052921
0.004412814909875749
-0.002781793144466929
0.022717133577822447
-0.0301951324330624
-0.08162090324826972
0.0014521462110396726
0.011369232168206027
0.00674068144529806
0.10567420057546961
0.03893087775459812
-0.0018438919054635072
0.0031257866804853714
0.04992354141277007
0.007540320465718624
-0.007402240622590077
-0.010058518041327316
0.008022473647804583
-0.016592759623052476
-0.012425975708203812
0.011239052563349257
-0.021798061866103592
0.021610558535407526
-0.014762874588652277
-0.004691485182064125
-0.04971965856185557
0.00657861814962051
-0.033955724344443064
0.017865229886549185
-0.002399644415332758
0.03524432407279243
-0.01905340379056342
-0.005921098382098337
-0.018990760866011782
0.022264040248517084
-0.013550266371842125
0.046812614630568954
0.0530974260599665
-0.023616997328732195
0.01648663164708799
-0.01128125012750564
0.009806132248409542
-0.03684711320341683
0.003457976210372804
0.01202600034951662
-0.0018868213861326965
0.002167542785127378
-0.008242346123228536
-0.026047943435417626
-0.005878476201101161
-0.05829840565786121
-0.04121923127590596
0.010945784310376728
0.07106353889194494
0.009992978153421832
-0.005709131780171273
-0.014103527982943039
0.026315937886447423
0.005081280317394909
0.008180691254540014
0.02069060865379046
-0.030224845287549502
-0.012755708709342435
-0.007721707552076691
0.009320752089777595
-0.006609808571959617
0.016271630149740996
0.008440240687303379
-0.012358415837267638
-0.0032281424048376194
0.006095693959350224
-0.06660478954932778
-0.01773783078848565
0.018630360233273607
-0.0048677431913671295
-0.04778006236449035
0.0253975494273612
0.01509318493168221
-0.00657552179747152
-0.0022000351285706714
-0.004273595805221278
-0.0007503417137041334
-0.010009909562641398
0.006222038583191436
0.02302313750923799
0.007879840372130877
0.027029642041272624
0.008193496321186097
0.05274146507734483
-0.024636447382745313
0.02055556407733453
0.026858515959911244
-0.010791710080332972
0.0151139966763386
0.014070580172142397
-0.003411004229213822
0.024171728155011667
-0.001255420602525236
0.006780810226261399
0.0162606703118822
0.016934010747884146
-0.01463765219767108
0.0019154630047092587
0.03343709492037126
-0.0006800513096162971
-0.021047109061603196
-0.00888529496653194
0.009769869033523
0.0032517010609675063
-0.005365444901674951
0.006233365452643858
-0.021058641330612023
-0.010120737008895347
-0.013490460113238768
0.0030270233437037
0.020611502412189404
-0.001930581703162376
-0.005501604902338234
0.010510797712695906
0.0017637461472819747
-0.020570791923096705
0.015857128759332085
0.00594305044667986
0.01202151529886443
-0.024538882590444244
0.0045657337068256525
0.010098708397465043
-0.021059582295973062
0.013197856668123016
-0.05250640611197197
-0.018599600065156062
0.010379844694694914
-0.0013623623999118228
0.018987228540968185
-0.01020354421701843
-0.025327630675583756
0.04087257505586114
-0.01985301542079394
0.0012197583739526597
-0.0009899489238386762
-0.008178468470282254
-0.00031052163496257695
0.006833049040793411
-0.03664469973041439
0.07642018887799769
0.08837131054094427
-0.019733180636205657
0.004234427691320374
0.004385175668038837
-0.00829425946684358
-0.0015470308208996354
0.012314053837007793
0.02374113918786543
-0.011547915998979313
0.00261368664467737
-0.022557495059608385
-0.01080965402613886
-0.0023028143213091115
-0.003236939226696437
0.006964227386528703
-0.016196511044302756
0.006070916573198951
-0.012937113216922048
0.011169398401749108
-0.03359676080512687
-0.00905388607700049
-0.013147263215893453
-0.0022094900697434707
-0.009239227586060746
0.023253537410554016
0.01971814734340087
-0.04656736092770989
0.008425688095386063
0.014594779829018798
0.009086285100150068
-0.010126921903068756
0.006809104110727496
-0.00557927929376766
0.03847491506225736
-0.0007740600217616522
0.004655993252707796
0.004080756286212682
-0.03470459449124702
-0.012234749097597837
-0.02395281390778733
-0.026018534450226238
-0.015970885107289123
-0.007376448853277352
0.010993146623259255
0.05490615206278358
0.0009034964458202755
-0.010114665493255933
-0.009385926154845698
0.030072927673790103
0.0037842313993947966
-0.10677612242782049
0.03050621356226532
0.05293247363041909
-0.07173996409434696
-0.01682669635806264
-0.004973078084875384
-0.13657013116698644
0.002145436889492854
0.003663104045587561
0.019075277323205325
0.018700474055577617
0.07261345649811424
-0.007482103297885299
0.032857348208882434
0.014852246028122327
-0.04947847462717889
-0.004981375730264605
0.005739467346395508
0.001504046917472725
0.005088789693256368
-0.012931704580079861
0.0022133181999487352
-0.0033154256236557237
-0.023022841334623543
0.02608537862809629
-0.029290011962667402
0.010530867407070892
-0.061246464901320304
0.01965306115971731
0.0030882294015067814
-0.013939034076302662
0.0008284880655847079
0.012586499510828011
0.049196713736589945
-0.015019110200142363
0.006739057224231929
-0.05123860527806315
-0.01345206424624974
0.03097000613857368
0.07160623179451117
-0.015144064787845104
0.00948777024778349
0.0022762591648872424
-0.03445943070288958
-0.007155607983667033
0.0043536058416688015
0.01388093376869804
0.013762945073760547
-0.027220383028706458
-0.0024085504410738413
-0.029520813740868915
-0.01573408750944759
0.03544453346372356
0.004559717972005821
0.02458357869447064
-0.0032898696673933307
-0.00774426691461647
0.0038776124393180337
0.0004803073358713751
0.051558428680252955
0.014177573213293458
0.00729119715024394
-0.009656387438217683
-0.0032301067838990064
-0.02488228029254706
-0.025770219535162734
-0.005939857037090505
0.07100437080745359
0.023953014174841015
-0.018497397973946915
0.009267109206029713
0.0004980357392392165
0.005739534038023347
-0.013311068325935723
0.08684114034467193
0.01783741802571747
-0.017488826517664775
-0.030990311953375344
-0.04975902008600641
0.007080363785728126
-0.08869968176112407
-0.021345893389942937
-0.017997942914546407
0.05632103352779353
0.005427771259886663
-0.021369928279577583
-0.002783591094575754
-0.004527346530026261
0.015622442964036075
0.04189306527763072
0.0016446912178820822
-0.020475481530876603
0.016694443390166635
-0.04482787063982113
0.027099141579237263
-0.011014806401637265
-0.016034586233792534
-0.012995774871570833
-0.013342269447462139
0.015361609789871567
-0.017582618104107474
0.002568852508040743
-0.01334875231647417
-0.006046375529224274
0.004492868543462425
0.028392050615507317
0.02030734375949636
0.027013714083661326
0.009951733140267508
0.007671578260435249
-0.012450259931730259
-0.04885915084920505
0.01070463710015282
-0.005458259633956362
-0.03644894065394211
0.04343414986456036
-0.009882339443300059
0.08165495522007585
0.0135826861700153
-0.01897984170243466
0.012181359461118967
-0.013735681803192538
0.0315012653275459
-0.03730904716648661
-0.0009913715698934664
0.016648013335530072
0.009574298424138088
-0.009586985664598919
0.014340853725096272
0.011137753149063482
-0.041583518718394046
0.0039725139878330085
0.010562802747222306
0.0394007653100883
0.014246549252565093
-0.018378112265819667
0.01083673695130666
0.001221401078722717
-0.005166315528522009
0.041838994733464925
-9.54133135945596e-05
0.012086239299911814
-0.021764277962409043
-0.10494000313056313
0.016693008969138185
0.0018853630505423391
0.0176657099193565
0.013213781482714545
0.0701552879055264
0.0027443901442353287
-0.07328298851981568
-0.013289143631045153
-0.005885723946369155
0.04167062153974721
0.1136206074637626
-0.005921184327212353
0.004669423137146782
-0.0013061076650791646
-0.05090988828929711
-0.04246474163278922
-0.0064155440860115594
0.013330710595236309
0.015025504534940493
0.004668480511896338
-0.02082681443696934
0.002430405998463502
0.034097482414765796
-0.0782630457524005
0.005032771046089238
-0.09777980414995419
0.010876764880174217
0.013277081489024664
0.031218669524759365
0.008677955651892852
-0.021033359670859796
0.005184991670141218
-0.018758311395789887
0.004317095315705396
0.01918615431568732
-0.0014274386298642795
-0.020921442280984304
-0.011478112338900118
-0.014055949297213391
0.011138738667821203
0.01036725296420932
-0.0057285459315398095
-0.002638918302791126
-0.0036409143925186264
0.014254886857962055
-0.006123051576853095
-0.053592081080473614
-0.024131024192463373
0.016186985170151314
0.020194585722081132
0.0028897019474438705
-0.0009456653500677754
-0.0030706633958446643
-0.014249279841951821
0.008380256667557416
-0.03767978850127307
0.0028551367208735755
-0.0016431759055468597
0.024849242313928536
0.0041812882097114834
-0.012239149197151158
-0.04923806848060176
-0.0006472348289074274
0.0376020536921552
0.011406790626309157
-0.007598272965098957
0.004672313638343366
0.014345033191550755
-0.011740905611100286
0.034665142269041466
-0.019610741190913546
0.045218805286583855
0.022074311080959173
-0.0002609941603883889
-0.012730155561807045
-0.06698698591746809
0.011851821475831886
0.003781600232950636
0.0044401429158317275
0.018472585068832953
0.04104475967089933
-0.010744325629294773
