0.01691143130760167
-0.0016584410034230462
-0.0026141372319931594
0.0338690812271342
0.00852343391386889
0.0050495308167255795
0.04237647799896797
-0.007977575500822452
0.007327745270308982
-0.005031804201375539
0.018351390195806384
0.02004905706867091
0.041412684951452006
-0.0050870367938381225
-0.0006315105169940683
-0.021482307019265744
0.013710491475899724
0.019495296802158918
-0.021441429353246506
-0.0025537535751968196
-0.0002126570576786899
0.01010269587799224
0.042031869932334445
0.04436510091797525
0.004403648927121334
0.06235967648578885
-0.004856399092850097
-0.004479589848350419
-0.005359115779561403
0.012211852922853858
-0.033906503598948576
0.010311622214257169
0.010331864061578672
-0.0009178281258566993
0.008024866710297063
0.03483960882991035
0.019561576706751432
0.006954432142233711
-0.03629023628461763
0.011966545337506474
-0.017975436880456414
0.016918045292180692
0.004861465725082899
0.03144231244395277
-0.008371200230175334
-0.0189777611848839
-0.0006859487878251595
0.0024197009610162634
0.007755044940821641
-0.019158891159483358
-0.0028463327876369635
0.0037637074758161172
0.0009083714902511063
0.005998638378676598
-0.05244144350606823
0.014407137020160466
0.009853927766295813
-0.04939471069002357
0.019546051235228627
-0.03839455155610451
-0.059250658401042655
-0.026417352371329767
-0.016405108824427382
-0.01764513726859989
-0.040918526640851646
0.026758902339466244
0.003729831786821619
0.002170521527375382
0.008721985960101472
0.02589516188645287
-0.003896265198992974
0.005892912687087592
-0.045903130927244226
-0.007956822752370765
0.02596830528676423
-0.00802566028185936
0.00038203065173196776
-0.007051403044897301
-0.05564408855087616
-0.0030742669561212325
0.029880293318837903
-0.05475687526701725
-0.020033386131417683
0.036712156925400266
0.02585676474887169
-0.0021047352072068874
0.040757826332314256
-0.0015606835798143716
-0.002865062234341981
0.004868048892361959
-0.0028910979504200994
-0.029409272330811895
0.020628582158121196
0.06687535385424094
-0.0034124619741368665
-0.005980413006392791
0.04281542222330988
0.00225052948761578
0.021675876154222822
-0.05941104625343749
0.02095008111680901
-0.02523977108712499
0.013108037501223978
0.007872403243973015
-0.00779893161294057
0.0021504409486768935
-0.005852749301830041
-0.08825166685693528
-0.010128914292366715
0.024028721713175754
0.014370586291030298
0.008465603353262395
-0.0019905343858191474
0.038614816886721776
-0.0064979483076233364
-0.10338625805664213
-0.00552673985568308
-0.015939142560177286
-5.2040623844361284e-05
0.01071480056704849
0.03283166651417485
0.0101144327964815
0.04935199038203826
0.032141166821529475
-0.0017236155885992407
-0.04107567815284266
-0.029633849847611877
0.04139484738720689
0.010032221950085513
0.04266505655288278
0.002015843822076202
0.009486686464427345
-0.0008426831669658279
0.06866473739856668
-0.01927547419311612
0.04036439001237161
0.030916519206843636
0.015206283030431408
-0.011492853328115503
0.0026094207657148217
-0.017146109294720786
0.025531611440055883
0.08444408108950445
-0.03484960445934218
0.11954971141202567
-0.012604515446165076
-0.001172019191914915
0.0065907448893408
-0.023257264530158007
-0.017491741918048875
0.005275976405562509
-0.024060233672654138
-0.08175817434105945
0.02832708993315784
0.04147934542327859
0.00680002935738433
0.007062005878238842
6.271785454902264e-05
0.018714905408819364
0.024918031911037187
0.012010487405795718
0.0005371965213329657
-0.00273216238672502
-0.003373526804116993
0.009739569606035437
-0.013071515268334572
-0.0017182126610429023
0.0018488475857527027
0.013358715512689353
0.07983629035401382
0.013025249208863719
0.0085312323458644
-0.018339648784838035
-0.020570622811436498
-0.018601233387830148
0.010510548814581895
-0.010631525614160661
0.04112834693774022
-0.007569498584719576
-0.01068967929556281
0.003969919550073999
-0.007535254473875261
0.006782151988553616
-0.012341403230287627
0.011739591679257443
-0.008361186042018779
0.10222019216312934
0.014037508019930962
0.009093245087810592
-0.004102128158687269
-0.014871929713547512
-0.027525530918148498
-0.026032085721912054
0.0023586133860756873
-0.008312225002765414
-0.004210723489644288
-0.03469358739679596
0.022635210647044813
0.0038401935736712524
-0.04168836482448881
-0.01845713254379773
0.0019382670903499545
-0.02125103671319128
-0.004463320705505759
0.021549723540357894
0.0017876226917726936
-0.045594069517409706
0.02164798371047728
-0.00457190519844772
-0.01960211732167174
-0.015018897418627053
0.021031399383888223
-0.019195491710922018
-0.01135958598313609
0.01927829493846295
-0.008229472325155281
0.005118328456548876
-0.019712758140356505
0.016323707709975373
-0.0019328827020284264
0.008034589935791226
0.019772975629717415
0.007050875585569009
-0.006850429322898047
-0.026538411387676968
-0.006408519336410509
0.021419443910259774
-0.005127675625933597
-0.009907711366826848
-0.017832594136939228
-0.02843073288843028
0.008759540357736172
-0.028579706140478726
-0.003042600454710432
-0.08582382373794999
0.04711376248110057
-0.004621759636034332
0.0003215194925994843
-0.019148376591653873
-0.02560143154229867
-0.012542341976770626
-0.0447329126628668
0.024568867236593354
0.01889767801745695
-0.03366182983879104
-0.006069302441436671
0.008818324563892857
0.03162267735426844
-0.0354124819070641
-0.10133062293346073
0.055618334880295286
-0.0024485376646104532
0.0011881354723453257
-0.012603714217850262
0.009549510166649625
-0.028557823113200504
-0.006798082824352939
0.002944530280335376
-0.0004655138233468769
-0.005589988974964369
0.005753250077972446
-0.01651645771920255
0.01931421819501223
0.008228201305533414
-0.06864185570844158
0.01594266797273491
0.03501653277074356
-0.060650861556038646
0.014890242821363996
0.030738522381892175
0.0032843144172764877
0.0008021567060823745
-0.025703810173412327
-0.00997263963967346
-0.009447134671566937
0.006514669259509001
-0.019591781788316602
0.01105238425049551
-0.006429352043277057
0.018019864169933994
0.008924432647428232
-0.00713633646669097
0.013795062966326134
-0.010863808843700348
-0.02110126520625839
0.016516667845121562
0.024862639270779297
-0.027003336282549497
-0.0029019825671030798
0.04437878536950964
0.03450289503627856
-0.010555635291671459
-0.014004906075579039
-0.05568434579674866
-0.004069185686700238
0.01601520868791708
-0.004440035551104127
0.004168686385117784
-0.02558732661717694
0.012849906411237483
0.004315199784312894
0.012365710648880812
0.03178808885090213
-0.013421022080139549
0.019532406610427974
-0.008008885936136577
0.02029059278914629
-0.01750073789089031
0.006317413678941324
0.0658207051555331
-0.012646435600185553
0.019718661885613338
-0.016908608530363755
0.024337957857098677
-0.008793067229612681
-0.04340156967279277
0.02330846060699177
-0.0378740404378657
-0.011428848266819686
-0.019723896946897045
-0.01568866967209206
0.014264316597825582
0.004769578139477716
0.004769982000013478
-0.0006876316996899289
0.0035373410812207617
-0.0171545579389045
0.06938136812709193
0.016347358902474848
-0.010960026748212233
-0.02603361965717914
0.0061786945732634985
-0.061843147345040275
-0.004475140362383056
0.009076276656183543
-0.008204319921646382
-0.058746236835584296
-0.0004387614216703636
0.017817438489557455
-0.03151003357695295
-0.0016512341053912867
0.003445769719630232
-0.02353206050006509
0.004428020162589609
-0.0207745458420324
-0.0012328983952211452
-0.0009554260694372322
-0.02028701935910782
0.013797846990585345
0.005463069993829528
0.02271088112622584
0.004992079145127036
0.004829586915997805
-0.015970965428988182
-0.004999683523317983
-0.04261931971166428
0.014632168720742212
0.0015073776087499114
0.08606368577719488
0.13062024564132949
0.004453135396898228
0.013360465600607368
0.010657598409324879
-0.016620608350949653
0.004837759806856795
-0.011102713609802261
-0.0167147921157628
-0.005761583242938357
-0.007517602037755695
-0.012187909577190938
-0.02335472580202719
-0.010269873242863178
0.01787484618611393
-0.009253101125146938
-0.024415534098716656
0.01869005172370331
-0.005209600512151398
-0.01706090637405071
-0.027326148155577882
0.012300007485489128
-0.030984810238367917
0.01908756479022198
0.08813485162783789
0.005720532458679489
0.012097980449571229
-0.0014399060316832282
-0.004793047014185846
-0.0062285206280991495
-0.03380011830521419
-0.007987027321924954
0.020127829222193954
-0.016618841005633805
0.002405890650594981
-0.02150128675234841
-0.04410056411310086
-0.019555762291593313
-0.014060209591511922
-0.027878350747163327
-0.024236654543725467
0.010944714537054966
-0.010898828509953605
0.013443520827565008
0.024647817376170004
0.00018052200671040658
0.034493567193142026
-0.024118983845051838
0.0014509785800856365
0.007069321482935348
-0.020726312266485154
-0.008661397082640711
-0.017506508536730588
-0.0038020347519578386
-0.016181502752447577
-0.026346611655656587
-0.015635937266592084
0.039599105408913295
-0.016984094118650546
0.02137662096313146
0.012637494589183633
-0.008571299113603407
0.01731888834330838
0.02819425937493364
-0.21235167420465462
0.007240910761844238
0.02757573951289177
-0.003615960112976077
0.023442748394770303
0.007481344762855408
-0.0024546921753623697
0.002822724428427419
0.029142309729595625
-0.008599032725199254
-0.020122879770358187
-0.030233125694183266
-0.056457977111460965
0.007189392553940763
-0.018314193581396992
0.030489610061350807
-0.015619561791472945
-0.028900226028451232
0.019595387422710463
-0.003237010176678485
0.038544527758143717
-0.008240366170103113
0.005236450850677487
-0.008959479921255347
-0.01477725593865093
-0.10405707682636965
0.02946058016662899
-0.002148450357918158
0.01541276800461651
-0.05345888427487359
-0.008318045947036662
0.0006441997212475619
0.01091544242939151
0.017036200717366213
0.004104550138790174
-0.009469736309515952
0.00042109346089436894
-0.03154846396358992
-0.0058736659782211735
0.014732599006409143
0.004777495996252892
0.021595598562611222
0.0067344591497941145
0.0023794450571459477
0.0073098186259385675
0.008819499082150233
-0.03387899270931111
-0.006327193888979296
0.023605634551417284
-0.02621147342953803
-0.008160984928028837
-0.0051137385931366445
-0.0064179078876971845
0.0023154779643024745
0.023454876952027772
-0.027838867659045134
0.002907587243586675
0.006173485712508322
0.01694064319678202
-0.0062711322868597725
-0.017808123153819928
0.005902125797764713
0.007465231130140161
0.01682230781932602
0.04130100384684625
-0.008650690611123875
-0.02848367711466355
-0.05673669194908042
0.01972247951437078
-0.0013028708661104555
-0.0383743320092281
-0.03537791924765554
-0.007442258294041274
0.0032345523808483567
0.005527648983240394
0.015304293179587366
-0.021252364962462213
-0.1025435102275281
0.01815103426660138
-0.0255595237614919
-0.014734637179377322
0.005505203387935075
0.019623709168643203
0.007040903750893837
0.0039570984059936485
-0.03063660067384471
-0.033178363522275156
0.014146831467050399
0.022306073825908775
-0.005679983850439314
-0.04557277975810058
0.003693422627019533
0.0008265690173033172
-0.06240458494721008
0.004300110735352287
0.023120305314861176
0.000877476003533427
-0.02441577386109415
0.030652511155748758
0.0014333269883169083
-0.014135792719087452
-0.005289210717409271
0.08914315044188317
0.00305173324979377
-0.006452540051795567
-0.0017064382023449043
0.008325739485717765
-0.0004476450176977392
-0.04444343270906314
-0.05892954867697514
0.03521218248099067
0.0057756199638610405
0.03857081747516367
-0.013778645565849477
0.0110469357505891
0.05423652551850883
-0.06834408783308081
0.01691565774645645
-0.029002895215742983
0.024017592271750165
0.031969427992038287
0.012771650778071937
-0.027682896034125763
-0.010915156645591262
0.00766888470881812
0.01893379615063581
0.04619798089111816
-0.005136557179221528
0.01662021791055607
-0.0009003255236504237
0.0026325441159170556
-0.006023638827741474
0.01847090789847075
0.0371206681778728
-0.026743391428862045
0.0004532301750851789
0.02678692378856872
-0.004074332659993819
-0.03729790108923559
-0.04793915542037611
-0.06031294951752776
0.0015565662244970012
-0.05140433538317861
0.018464640816071215
0.00609120251455345
0.02455026017742347
0.0072399087072656885
-0.00844505542794187
-0.0018956999427129694
-0.0089702469026546
-0.0026227577518810326
-0.017821581421531858
-0.001982114103389977
-0.009477823233591602
0.023701178753663593
0.015247817687030523
0.0026016573764129284
0.026173307646637847
-0.018538250513877724
0.0007717837303821724
0.007783538383865254
0.0027435437896186367
-0.0510939206481931
-0.015272709218278311
0.015676444915562835
0.004346542454049675
-0.009079880194529773
0.010423768871096778
0.08528073145895476
0.01890816465256966
-0.00859350182700905
-0.02996800182732302
-0.0007868398787482017
-0.004498049383957426
0.01165321200067205
-0.022330180465477648
0.02085798722252309
0.057392429431943164
0.11040032011498908
0.005297849685514832
-0.045533200509083264
-0.016055276058055064
0.01755413875642202
0.0343952005001622
-0.011084232509840955
-0.019422455640459576
0.05503190055487969
0.06695052730024399
0.090340529678474
-0.013376069596737488
-0.010051541854972874
0.017325373418513507
-0.0026065821664019127
0.030975161285918786
0.017300067549182282
0.001745203397605696
0.04634903400891997
-0.008168468749691973
0.04892634821206717
-0.011635429798532783
0.027247732230172832
0.008938493959296426
0.022026577738384324
-0.0042498175744513835
-0.004340679769776423
0.00721614019483818
0.014918877729719497
0.017997290189611638
0.012419019591322827
-0.03774568876951375
0.022274527283921642
0.007329830438650792
-0.01787234115950648
0.01108340942296444
0.02019333224116574
0.018096485649195505
0.004937721927862796
0.009103313320938002
0.0029854448684673643
-0.024169414715406654
-0.00423303859892621
0.004519356271182735
0.0033315351976681232
-0.011646766655645208
-0.027012139554796404
-0.00905737482050333
-0.023111966792213383
-0.0016212104653832993
0.005075973551701079
0.06418483442944939
0.004769428176178789
0.05683768208260211
0.004645614917650555
-0.016495601434017695
0.0035891882587486645
-0.045832606192539996
2.069449401682194e-05
0.008195887932518261
-0.002719814995721669
-0.05180576564727033
0.010293453580454307
-0.03282558785129867
-0.009614280703521615
-0.021382324042088962
-0.006968130679119587
-0.026667450381061608
0.004226908688469896
0.023392059121949554
0.0017665107534550791
-0.08685235698585927
-0.010119524883340152
-0.0006842447456623163
0.005738300338952534
0.0031718964239042576
0.023746650427098726
-0.029302061021269168
0.01886479167160892
-0.05226873563557037
0.012607474997861521
-0.019025296987402095
0.03475945120636777
0.010814224655511571
-0.06563312559232343
0.002497231890253693
-0.00814021645218325
0.0479361362847753
-0.013408329620381947
0.020193795796578817
-0.02187614799340971
-0.008251461970369358
-0.011213895025592063
0.004671774720859293
0.026434367819154102
0.003262174317057527
-0.033717357181571976
-0.011222232054864185
0.016653296455938073
-0.0028707480003115327
-0.005985626524748041
-0.01596754773850574
-0.001952962269642346
0.004506675529836622
-0.02074825349031272
0.000929015016239855
0.00970203683567792
0.010211885485030752
0.0655569545941109
-0.0013599140243368986
0.022712766582360003
0.010222792458426338
-0.016071735063590345
-0.006105193389928677
0.0071391894662925
0.018867807097309765
-0.020051585318565917
-0.009506677771051394
-0.04625251766268199
-0.024938619898169125
-0.026653464525061725
-0.0072720666726765115
0.024997621382721293
-0.0016629401227031266
0.0038326314088484646
0.0538625270649994
0.009654000601813269
0.015359680211589876
-0.005913712225242619
0.03521514294807923
0.06155499917570116
-0.05782252722360123
2.7100369550638654e-05
-0.04045374423889806
-0.00772070968378587
0.021285355004383857
0.010908942695094691
0.08098381148652085
0.009485275965482895
0.03038890194426243
0.0016050457929991312
0.006646628819267226
0.01696276759704459
-0.008044744844537172
-0.008861045726046797
0.0034335603112627647
-0.004064929866352345
0.010274950452865484
0.00654345960184249
0.0026613304965847624
0.0655704127792741
-0.11006707564476727
-0.015516852159702506
-0.06638338950678348
-0.01600405654042847
0.006422258854943451
0.017417146516140396
0.007225876184165808
0.004456870305849186
0.005051393333741426
0.04708839674973932
0.012416000144084248
0.02226352884061829
-0.012132684446837336
0.014224480440256582
-0.015504852194455628
0.019005238558224755
-0.02003361288361537
-0.0012296104632560513
0.0022331227524041847
-0.00018523876801545273
-0.01364446552655246
-0.008560070859823868
0.011959907095991758
-0.013081613309422573
-0.0062322962416481885
0.024881958974014143
0.009710124519395695
-0.0075713920338080325
0.013989685481709027
0.0017310848295972324
0.0022706757773429203
0.0008705647459260475
-0.01363157351955007
-0.013487486483113697
0.01247812691929732
0.008847824150504072
-0.018565119251122083
-0.050469371849071014
0.004806119858761162
0.03890727366427941
0.006482129222121801
-0.0259519931290821
-0.011222212248490997
-0.01673982737940002
-0.00959826037389301
0.09282543732970899
0.008871990528475626
-0.010118124891351742
0.012454311208197141
0.02140746639125848
0.051722170886377636
0.020458253775543188
0.0013741751263091598
0.018061394082658357
-0.01197499866531617
0.023786306452332418
0.02076628820416588
-0.16783065966475788
-0.002642743250515517
0.026418834163608938
-0.012837357532972427
-0.011967622057310966
0.03722204689918487
0.010472972161416787
0.003283203858524036
-0.03328654731284644
0.0063567417710833855
-0.0010049316013148693
0.07614179514522032
0.015961942513701994
0.0010675905703219075
-0.01672413261840125
0.005923622874967547
0.02010271799969604
0.05091460712470739
0.002032727886712841
-0.035864183250849245
0.012944589285224059
-0.01244245059937018
0.012819939994109063
0.05621280771263973
0.05095729963882189
0.02681650848163486
0.016828414383276657
0.024434065660682177
-0.033738192024266395
-0.030699101230747337
0.00174333356443267
0.046914906481204784
0.012738070177151053
0.03439701830553164
-0.011266677409397055
-0.0031488628939066164
-0.014683890174440734
-0.01382981306368436
0.009568731941207453
-0.007133587082821004
-0.000631095558567991
0.0627419188204821
0.0014473365533432734
0.007105563448695881
0.0065843251724095235
-0.021248372246298237
0.045369468965678575
-0.09344151709800992
-0.018873722079623817
-0.01582295515542868
-0.030279426393105068
-0.02153014192872533
-0.005543772888146543
-0.01672245196283361
-0.006086243568589404
0.008080765148807572
-0.004868245848835434
-0.0028776930938861013
0.005636910255546359
-0.032887933225505935
-0.004222735628256239
-0.00344982605551649
-0.0027004949118310732
0.02065080618176527
0.00364296247456353
0.0146711780973533
-0.013807485403051028
-0.04133139414163529
-0.031421842117767974
0.0038474234501253237
0.00636195353832189
-0.027793956094943537
-0.013131615176100907
0.0084575806730211
-0.004873778552326714
-0.002896452452334847
-0.02389133966882198
-0.02468960793820478
0.020503012266054815
0.026848753884311093
-0.04576378383711711
0.0013410213105217307
-0.004825743262986907
0.0038317118155589648
-0.042057948868722994
0.031104347214850038
0.020197316985288594
-0.02059660513270439
-0.01743117299218429
-0.024495949634820692
-0.007763201289440591
-0.01690509201683244
-0.0020848067783928274
0.0173465468928366
0.007468851873267627
0.012169539593112157
-0.012297652744658936
-0.017374601577053436
-0.013265725074360106
0.00321693557180775
-0.013646418056039764
0.005746498188071743
0.0035162794082640165
-0.04554645187710499
0.028992942242752614
-0.006907837652591868
-0.005621694880359043
0.03738068915651778
0.013535043107701348
0.02803844611110754
-0.006025110909201355
-0.011377240744559966
-0.036004843065620025
0.008253861896081922
-0.022376646271547163
-0.007658597310672122
0.008749176833701001
0.028622901081853787
-0.005604478743367384
-0.01577595678419929
0.00851838213742234
0.012905553601930821
-0.0040569166025735985
-0.022274080008963297
0.008722190610534314
0.01522792409530811
-0.020795543127537834
-0.06515218788250314
0.0074844763039739635
0.035338290641071454
0.0006250325615989157
0.053068537059609254
0.00831123518965707
0.008541022909355905
-0.021058542379490473
-0.0013334356150635875
0.018214388856841367
0.019632677098433884
-0.014771580060657544
-0.02287354045536865
0.0007798069832043113
-0.006800683666695078
0.008831501124424625
-0.018009310023627663
0.013868062316738398
-0.0051453499541195815
0.004878321151398106
0.01884358107627689
-0.0003820664467340626
-0.023365822217836084
-0.05359917527285295
-0.01867723682177981
-0.0010468586127695937
0.014220899454820636
-0.013680741412904089
-0.022969973108598586
0.02055494894473121
0.014890536970040433
0.017902514473174272
0.007518622449212454
0.01983956353718595
0.014040492800503207
-0.016909416929210528
0.0014009061462824065
-0.013267861852482838
-0.009121663676071888
0.016323923761020976
0.009719928779153147
-0.01697516962228161
-0.016350747372747505
0.050683037989683835
-0.03966895718335886
-0.026312145234590873
-0.005533769600702434
-0.020098899128021572
-0.005990899941961095
0.11802689698918675
-0.004009831991641867
-0.000896116044661659
-0.000881724423738661
-0.024621483050979963
0.0021876561060839867
-0.07664376285457979
-0.03643664633193096
0.029375702407522252
0.062474412807117165
0.0039061813084684096
-0.012301753669887635
-0.014567044318739177
-0.04803229828727308
-0.018561931739688755
0.016552770671439204
-0.000897348485043588
0.0012957809693280046
-0.014468601004357255
0.010909247315777611
0.0209575674507341
0.07227324423752045
0.01692580456243451
-0.035309222593626406
0.010292163234121056
2.1413254036119966e-05
0.0533547604369208
0.004170819970948133
0.012815384226976088
-0.013966825783859526
0.07454829078725829
0.02049845078570901
-0.013515869232125197
-0.011219614386894007
-0.02822041416223155
0.009621007447230701
-0.04331750409267472
0.008373134282768016
-0.004339516209020232
-0.0037039370499273687
-0.024525246859181442
-0.001470732144658413
-0.006485289426872655
0.007314881285488222
0.00416009018178763
0.006744625978201079
0.08079276012632625
0.16826369736602406
-0.026415319713175546
0.01624584971440161
-0.0048307857253428186
-0.0025892259997399047
0.004535114713476583
-0.013670537152624127
-0.04782503256639617
0.00364535728572183
-0.022246567891059617
-0.009434511769244194
-0.02127092306605741
0.006165705185823415
-0.031749419848078324
-0.018925660280603343
-0.021403059251107363
0.017516104236692056
0.011230470213593465
-0.0025221438923202044
-0.002064249436990979
-0.014422088298038321
-0.05450162855815522
0.06112383228984451
0.010949678269646023
0.02509888742848032
-0.0617023611529357
0.0032923839433092856
0.0275250916130649
-0.007756704142490936
0.01314132223272136
-0.01678915330192479
-0.08616994010535933
0.007918539693468356
0.014933041041979327
0.001749181281166829
-0.01243796792450615
-0.016790955231895815
0.0012593859206704353
-0.007232685574835338
0.02648062273883261
0.033190913336216626
0.049457500387347766
-0.001606276033768938
-0.016454528606880615
-0.014025310539216
-0.01826628225109947
-0.026958135745055123
0.01803022018890634
-0.007737460576666118
0.005935268254203523
-0.0245886675841232
0.011243868954827325
-0.010523267519262327
0.024374959787317383
0.068147971387877
-0.0032003587054391454
0.009471571894780888
-0.005770814878476096
0.017057340869589082
0.005511017862139743
0.0026875462465134545
0.014519471488844821
0.01319672243128683
0.02482000333728059
-0.055247877607030656
-0.012142328287881777
0.01781269150821866
-0.01080590706094136
-0.012967791544557397
0.0074822898630087014
0.02224036422267064
-0.03503205228605233
0.01651009742500035
-0.011216568495019598
0.00016610997231988355
-0.01931551558669945
-0.01190662721155121
-0.022122736182895526
-0.003932597427261032
-0.0030335219587057185
-0.06374200604172145
-0.021818760638883508
0.017438635592684423
-0.02352345843364768
-0.005668400467515133
0.011573962065533567
0.00020681174447476167
-0.011604774331263437
0.009807532567621555
0.008853388581216797
0.027956676590420632
-0.010365921407434801
-0.04421992452089973
-0.03516604179108688
-0.08345640046635093
-0.040686792017344396
-0.02989682842805437
0.007296505685223112
-0.045244224078651946
0.015261423018400213
-0.008284401199745686
0.033439464966840866
-0.004275627158004999
0.0050639917539280635
0.001122660562193182
0.015979485909301573
0.07561113614100155
-0.027324463334308796
0.0029254107239958488
-0.016968447488061752
0.0006076225200282373
0.002164805401807505
0.009222420118189448
-0.01627415747069746
0.07893772665674287
0.003003816708873205
0.008093438473034974
-0.0009117811627438951
-0.00954683559247964
0.02601889743799751
-0.0010619563886192544
0.003309052209826834
-0.0026694826464089888
0.02815121367835789
-0.04185983541407841
0.01578208881695046
0.00543844838813347
0.050858982042570534
-0.0005910558382579534
-0.01995960267767961
-0.03601036006744677
-0.007109326908796796
-0.000741608408942834
-0.037808020809492526
0.011310351156817267
0.01135769714047197
0.006714957252027128
0.016737502314334175
0.03347446921602088
-0.02769777663087946
0.028571380561173722
0.015879855562227728
0.006359028045784704
0.004649047326456706
0.03249878443801257
0.006265302448999214
-0.04423479250472599
0.017214646416254257
0.002664986301606851
0.010017093411504136
-0.02240667203658643
0.027680318062675187
0.03491679304705366
0.028017471748729206
-0.05517051906688006
-0.007389586578504329
-0.03750790273896174
-0.004566116653876732
-0.0014399059515899906
-0.042898466103686694
0.0069534382119368545
-0.004427620209707059
-0.08678486629566495
0.010527570243269602
0.036740202947613806
0.018259166416043925
0.023749406585256923
-0.0004037243609516892
-0.00786146606046782
-0.01017620738381243
0.000722402130138746
0.07128779160755866
-0.005194594816775135
