0.008318807840845502
-0.007366373065458237
0.003597961436231282
0.023200721924940007
-0.0008343612941080251
0.010430723675943847
0.04150847591088425
-0.03413646064687661
-0.019951423575944753
-0.008396631495108563
0.011401388228992513
0.01835082449863617
0.029004312640758728
0.001539379995908109
-0.0017800399455654013
0.0012244814701219296
-0.04435849108302203
-0.04758129421737735
0.025666746244339064
-0.00047917938281760275
0.0027155982567145633
0.020225292386820803
-0.02299137613338792
0.004267053443843116
0.112916231338418
0.023740981003918523
-0.004265523138091179
0.0005644756393244123
0.01261146214966132
-0.001847074317375325
0.020106437896497298
0.00036067693039276016
-0.0038242060070018875
0.015873802568074455
-0.008973617178654246
0.023056231631970608
-0.030264797745176705
0.006005528359794915
0.007527664268052433
0.014786680224523252
0.0005052751167446342
-0.0017504829137005348
0.01920384513347906
0.01176887220971537
0.08842287089686932
-0.029194119833490493
-0.01557632917841671
0.010982301660836597
-0.0058236572977174925
-0.018737154201952815
0.02466842672519475
0.016641960127508064
0.02719843900956558
-0.014540777397899319
0.042444201749176236
-0.004495941049592467
-0.0194582419648439
-0.010229314586375935
-0.00666915122950187
0.023415839284292146
-0.008850767466797995
0.031999733662124594
-0.014197985539596933
-0.004413775817937746
0.06855336728969394
0.021199308698385235
0.008268463674129641
0.011734629171959707
-0.0011126739532710112
0.0020609153420350613
-0.025491153604774587
0.0014773982998313446
0.0752796099339233
0.02504736276998123
-0.007810582641627526
-0.10592537791061914
0.011847398687361869
-0.0022808077900386362
-0.005213665486386751
-0.0007797904506772254
-0.08625665646821004
0.030411290444843756
0.013496940732033665
-0.012077005931173014
-0.013336212923550137
-0.005503417442738616
0.017232221487935857
4.104036357120022e-05
0.005976184292039222
0.008131306222928012
-0.003571990122652618
-0.001455769927528809
-0.0008599606367246762
0.004342757834532415
0.00808061708514657
-0.028823608310627098
-0.020904894297269196
0.00789636260414308
0.033486365070668656
0.012345252534399892
0.003999452216928306
0.019177225632551177
0.0016068940117020506
0.009916309348608864
-0.015136544073192072
-0.013887968470324178
0.019203984529597255
0.016953544348181308
0.02932529155872909
-0.010557436355963398
0.0012614276684281348
0.023384945682497847
-0.006545090907178981
-0.012713245199079714
0.018596850223980877
0.026765396584076426
-0.0619412567548077
0.012709649496174634
-0.019999344605713527
0.0030578388581582678
-0.015974739130869508
0.029496797735994094
-0.0578184683826761
-0.008970628970718143
0.04652638402154679
-0.0023962990788540975
0.002001066586823623
-0.020375904285643443
9.436561839020074e-05
0.039184480526108914
-0.011633482117276956
-0.020285359077627695
0.010043540995528224
0.07907302847572265
0.02652637293678364
0.009738511422796066
-0.05476450802184948
-0.00979022320055625
-0.007867309604524152
0.039015224007974705
0.030915830703483367
-0.024918693857986444
-0.007941446325371743
-0.013070162251439229
0.007581491830544632
0.011659498548861152
0.0068896608913830565
-0.016926477987524568
0.01659775651905024
-0.06663423596536475
-0.01050118324917523
-0.01735193240189906
-0.03500903228094605
-0.004135535369674417
0.047416804669780425
-0.014037618865173969
0.005969692524960151
-0.011110439959851684
0.014286483467158209
-0.005967035288715067
-0.0010736786615715224
0.007757578487578898
0.003465665558575503
0.06719776552170272
-0.005495614539190356
0.0065569287619828545
-0.026947586553943012
0.003562793772036255
-0.013843583230040188
0.1278098249766276
0.011197200510568904
0.0005430543423219833
0.007929675157046111
0.0020992441857552043
0.05873165214540766
0.04311789563232517
0.00019424114105308867
-0.015092776896922446
-0.034285213019820994
-0.025106266465368576
0.026363973335873044
0.011953375042941018
-0.002610180850164212
-0.006761586633815334
0.022110879368840555
0.0044249513217323195
0.033728403621688
0.0030324388654768427
-0.002988721407353646
0.0038215006277840372
-0.011606766899664046
-0.004051881058292082
-0.025439349403176367
0.02664411568996461
-0.03364172839135067
0.0008611088881687948
0.024698558351762778
0.02491120156508061
-0.013091149050681995
0.016267465675787345
-0.0025930404030545763
-0.007013149161437376
-0.0047300431319101085
0.079953258038476
-0.027448876530356214
0.005754198987048029
0.0463335251205306
-0.01782626490906283
0.0159873095855302
0.04236019260832181
0.028523910791203387
0.005211560047977882
0.000638500532677053
0.00013942719632210887
0.05491419668266731
0.0025059114772154186
0.00788040127290428
-0.00965129228100696
-0.00825284737826848
0.012245992935614515
-0.012270454384979014
-0.007238193559581235
-0.006394940278270058
-0.011603574768752475
0.008818717976318162
0.011711841584522112
0.0077478414119335785
0.01802761089202323
0.039565521220403965
0.014727697111245365
-0.031859037166832437
-0.0018495563650205251
0.006390860020909964
0.02506710883651756
-0.025604589128563362
-0.03893602131510968
0.02998933075478078
0.023512188333228018
-0.026896392109106666
-0.02308878236315852
-0.007905011150883556
-0.03276314577859911
-0.0074644704420396965
-0.0016974608707120435
0.012293521315107506
-0.0015265518340212936
-0.0189167328650196
-0.009307318896175172
0.013271210781821842
-0.011945657815391248
0.0033006732961138323
-0.002308585917340486
0.019638516769915147
0.0034356687527004807
-0.014371180795589958
-0.025296929097679045
-0.005791030306835271
0.007349540546978883
-0.02743973051463549
0.013287098987093517
0.05297747588702325
-0.011175590055474053
-0.03334414147054589
-0.012186739594168718
-0.02870845043563664
-0.019826046968847343
-0.048282967627093984
-0.09948494894506914
-0.006736381574158106
0.01141669299877695
0.008035548417640858
-0.010903697977351409
-0.010652272588232377
0.001929125606010357
-0.003187807450542306
0.02040445662125982
0.009327693136487585
-0.008239730250726806
0.023816171847649708
0.016522368288206052
-0.02730674052383925
-0.020962764229352657
-0.002551783135877372
-0.011525812326980474
-0.007946358509206837
-0.02057324737454845
0.026544602928296475
0.033985987937654574
-0.014213845802692237
0.01525671737225247
0.02711862462820614
-0.014332772414859628
0.0206798901684245
-0.027145965416380154
-0.0319648103635995
0.0302477094703176
0.00023771793036649164
0.005715429437282223
0.02118070902390127
0.035960847411848525
0.011634383113408921
-0.061426593048410506
-0.0004981736176317216
0.0159566880117521
-0.040327354901484945
-0.004097999757682701
-0.008556705007307408
-0.00974199344459226
-0.011134016780322172
0.032092322383708835
-0.012421479507156549
-0.0018349736121312926
-0.008593048515180075
-0.024131947881313006
-0.007671052658018578
0.10132682443621437
-0.037690189038914884
-0.009188928312773686
-0.05960328622635118
-0.009112867926843708
0.045918427813713164
0.01975246506571956
-0.0035984908358996245
0.007916288037437297
-0.004651755208120663
0.016135723898488205
-0.017930725575331413
0.026203549738493623
0.007743783923485618
0.004407042994250749
0.012370393509865319
-0.029096665423994035
-0.0042942128822812545
-0.016957305997415767
0.010392756332238413
-0.009315846062861443
0.03767734370770059
-0.009878746054753458
-0.00038366112475267584
-0.023547582356372637
-0.004938916941715536
0.00932864864240783
0.04076480139994715
0.010004045007819146
0.02760259538123017
-0.008542796634354552
0.006671273045495504
0.03272016266488254
-0.020021281496168743
-0.008963798832642618
0.047233342406025454
-0.01350853497421357
0.006817998871975212
0.020724104078499343
0.003803481896615342
-0.01915387616027092
-0.015347036187195776
-0.0037178479002256373
0.13112431614287978
-0.09460204030778277
0.01662125425655239
-0.08125981924063634
-0.0508819125404699
-0.009081147931023445
0.007914984805154728
0.009714443597199484
-0.0014198097506108902
-0.015061370643159986
-0.0031334140946833924
-0.031078668470781994
0.015568112397844766
0.024949265791704048
-0.009989594177498364
-0.026898647167799026
0.014640368420752472
0.028399994814323225
-0.032142681695105195
0.028645485147254485
-0.025675821299391593
0.04287963871483789
-0.044595126314296255
-0.0026908003585837475
-0.09209208784816407
-0.0008315871967862327
-0.00582021925606378
-0.0009846389256756754
0.00888358230056865
-0.02359892776281453
0.02001716074679334
0.031928454271746336
0.02373690787570665
-0.014188613448888082
0.022312718296196757
0.0005590047994120325
0.028217867708300287
-0.00839468928572929
-0.0004164947054662656
-0.004362010242738643
-0.01509290636457811
-0.02313253992022895
0.011302247788456394
0.0005603113889744226
0.019156039014453598
0.006835911946231491
0.02577652985748852
0.0028887714178644714
0.019910367659116045
0.06546393023762434
0.004295235946399476
0.022728665305206577
0.01682816846901713
-0.01029364912927436
-0.020816873488658672
0.04030845904524916
-0.004534726647194867
-0.01699360233321607
0.007184923246630834
-0.019667490075300595
0.03355998949989995
0.0036793456221011715
0.0073354624754596075
-0.01899548566552564
-0.056339819188968035
-0.005640030074567033
0.007211765076634757
-0.007760985770109306
0.014024852809541218
-0.0816909772121079
-0.014197976864955053
-0.008505512350962589
-0.05857478541934277
-0.017684058927141044
-0.019316947134096426
-0.001307753745444122
0.006468706076846321
-0.0423131712570107
-0.020759418913213017
0.002826331114307959
-0.03696546078805065
0.0491487559728803
-0.00461229433318076
0.005870584206370619
-0.056364735456384214
0.007571934600214622
0.009308223091203018
0.022673251448946708
0.0270588514838672
0.04179036307171382
-0.03498244003791603
-0.006623455418736118
0.0254462494708518
-0.01775207735372882
-0.01850850908213387
0.0043416929410492145
-0.012335415894960173
0.02052273590023028
-0.016224039236826915
0.019294879738955568
0.003910787212754951
0.0009709527076279314
0.0028737793321750023
-0.012807903300189143
-0.013499766087031918
-0.009033522858750531
-0.008116500511358156
-0.0003060486705590681
-0.0002108127039981741
-0.015215266937279594
0.001104478899985628
-0.00965433711002093
-0.008703560677144971
-0.006959212412707241
-0.0016694197984862319
0.005458733817932662
-0.0025023028859669115
0.03492148925301506
-0.008487135364456538
-0.008914568618606669
-0.004236069279895003
-0.005963401595175166
0.012273286544287705
-0.027192801123641978
-0.00420587014943926
0.007948028310828734
-0.010443082846838049
0.014399036265041172
0.012166802598277337
-0.02487111912680552
-0.006865223496616746
0.01095146818859567
0.005820795737909332
0.014526749562246036
0.03408504089719723
0.04083102857943957
-0.0015828469539466193
0.004711427331490456
-0.02431827733318208
0.036712253837411335
-0.00897439181457446
-0.08814573922235723
-0.013958825238413734
-0.012916554929261805
-0.012611211517329062
0.006420210538508058
-0.011327700300623168
-0.012222138797674116
-0.00287109146132433
0.03708912388575809
0.02402878673723377
0.0027108014801253814
-0.09007230217297801
-0.022167734113528997
0.01875731894332195
-0.003015325779404751
-0.015262913376388224
-0.07146372063074576
-0.0022306273800887628
0.008450526204999007
-0.01752029735833431
-0.04551096864697654
0.018934373636486083
0.051875802130422546
-0.007033253029175925
0.0022591754403727187
0.08829516045744651
0.00739295580333517
0.0190412793789316
0.02763280448982942
-0.006303080555168252
0.004557495754227396
-0.0471055096736572
0.06405234656889182
0.004837829196487801
-0.0009430734330792162
0.06799250573006842
-0.009310112333171139
-0.030318291737966074
-0.0028415479418761264
-0.03901995333346025
-0.002675660869646845
-0.012833354128386128
-0.0036724801665781633
0.0015466968268204597
-0.008595597946917995
0.1494165249701429
-0.0003520362066986673
-0.011091934079074684
0.0020103524286002603
-0.06973908274355001
-0.005463541738366705
-0.004734281149510026
-0.00411423127860571
-0.05232129248072231
-0.014763642731642528
-0.06190106143628468
-0.04311721537870826
0.02393838111266292
-0.01678121468369896
0.007135792824417042
-0.0006560004885020564
0.055593770161188154
-0.003890913963373567
-0.003852861846238347
-0.003719429553074187
-0.0023845472977309856
0.0080613445251036
0.0368389550415884
-0.04382875188712175
-0.007170899553088593
0.013005424853729842
-0.0017757807957797637
-0.014854573962412855
0.0004806604887607426
-0.007103757078146271
0.0021496587731571815
-0.0065134996859623085
-0.02149204594166334
0.027184583147804236
-0.0014508204687879484
-0.06903149707188352
-0.011289386376995806
0.031077201774463173
-0.0037562232865464445
0.0073664629230452945
0.03311288280544085
0.0327040339667722
0.03419780060991271
-0.007054089749194649
-0.00847434266163933
-0.024149509268474166
0.023891960268891458
-0.011249938073387424
0.0024082330471723924
-0.009672741653155435
-0.020943205825532066
0.0067404342882853375
0.012671986323292354
-0.037019872948830614
-0.05388534345972316
-0.0014406717754370283
0.03152732093588019
-0.009625815313151475
-0.008253257091550639
-0.0040041872404887905
-0.09496917960379525
0.024681498085975154
-0.032923239771306595
-0.01837671427962443
0.052018168143736825
0.014642196379857274
-0.044337374212192256
0.027526515936299747
0.02487476414980714
0.008350915139137986
-0.008131189933665628
-0.004134271343100865
0.03039660023999578
-0.009593754262507958
0.17212233686435188
-0.027019615211255503
-0.07846907295971726
-0.02140083445267371
0.023528405148242674
-0.010530570967704336
0.007092038435423369
-0.00708232149049641
-0.02574994774844186
-0.011180109695368451
0.0069688275179710275
0.02056143512546764
0.020533427671669137
-0.01635091589956546
0.0052590114485435765
0.012248337487465595
-0.002935321079069016
0.0190709558815482
-0.06567868367489194
0.0010441091271158418
-0.03094843992903633
-0.02130185086360164
-0.015976241899195952
0.022534217373746508
0.00543679176068
0.002461501415482559
-0.0012212046899468482
0.004801812531367614
0.0023959950282748587
-0.02394157067038286
0.02439425722334592
-0.009324174972868684
-0.002115644595280918
0.0038874762029583675
0.016907952460098397
-0.010193031025344475
-0.02613514270309711
-0.025389142631612203
-0.03213949995232545
0.0013481102347955604
0.010505951225397084
-0.0018197532030514397
0.0028067540495875995
-0.0003677148250556768
0.03439832146335545
0.02132726700044652
0.015577350579097938
0.01844289251146697
-0.005845322486576862
0.00045353524183488087
-0.02201765800382032
-0.005694660883237485
0.030880716725226146
0.029810462607631365
0.014371140737006561
-0.02144323528126033
0.011738288610172835
0.018871298422139193
0.028785783582272705
0.059547544594272625
0.01690043648397499
0.0582376198139083
-0.014178937448324868
-0.015450947926271098
-0.004320889344551687
-0.00804801534794236
0.0022003144765976776
0.004356526134438613
0.021719675571022053
0.037721293628776804
-0.020256369745214938
-0.02489567773922009
0.007914049133895285
0.05976469957673193
-0.0008714917879751729
-0.0183237224031323
0.011534179116495574
0.000518306151844203
0.05125839240348744
-0.016796330692817194
-0.005145073731980852
0.011070514414763293
0.014742738670899843
-0.04010061953391772
0.02217571431579855
-0.011339405077557024
0.01288689857870705
-0.0026917547897009645
0.018657078231873
0.022533737816293007
-0.007366117359833349
-0.007554941993557409
0.001964341486639099
0.006080391791449812
-0.014797766939150555
0.021707996235799245
-0.03752924147714963
0.012363736645316852
-0.011154131316806645
0.028099174656342908
-0.17001807260129315
0.031148783667415195
-0.04229008039814777
-0.0102663630551885
-0.006343820582828538
0.010125404546888962
0.021058907126346033
-0.0381376042655611
0.00148784006953343
-0.01467390330950387
0.0036853277510195195
-0.015130431585013288
-0.02688140829138945
0.06503714183435302
-0.04013594484948759
0.009448782869410527
0.09902920354383996
-0.008778985076477248
-0.009818193814420124
0.03482836914853512
0.030836753670157927
0.01045356344497976
-0.00568294283139717
0.0012026606172398052
0.058737879173090916
0.01800761640001673
0.006851361576397623
0.012523782557769519
-0.01703222150733007
0.01884044436828489
-0.0019524876659567489
0.016848553223289736
-0.0143200103865318
-0.04051399063879417
-0.01620554129659125
0.05630052350785788
-0.006127949137973732
-0.013403903653441789
0.029657711437401504
-0.014920192262165939
0.029199645264565074
0.00871557927172567
-0.03270771784522342
0.011206082032808748
0.010038238976224108
-0.00791727206761929
-0.016344749991790017
-0.0004600218377294922
0.14300076978450751
-0.030177507845686086
-0.006404247188014433
0.0024958161107432463
0.010997786478440444
-0.023684573379209244
0.007927345239690183
-0.01723393112929429
0.0029957721774616338
-0.0019742338561579164
0.007053250545458199
0.007348716246811629
-0.01173216655022248
0.028771431954306394
-0.011315638005992534
-0.008853328816266036
-0.0002730083879593492
0.014210273033693991
0.012658293780778675
0.0011400701978026286
0.011283545325704301
-0.005038485268222762
0.0049307069437846416
0.012723004081765387
-0.01995045541760684
0.007757995744188622
0.032464665117444245
-0.005701747000522508
-0.008333174006767698
0.013665004731963788
-0.0015269167205202027
0.010093613521081434
0.01602373818440502
-0.0021558486660922345
0.011276657511555191
-0.024429103951087692
-0.010120464140351247
0.009219778558255771
0.030975310679463772
-0.014084743634443399
0.09044077820593407
0.014582934938284367
-0.00047814552161583356
0.005174187932441179
-0.01394002746260871
0.028443771144751235
0.00403096811618024
0.03200611956327797
-0.0106247415957669
0.01722682730022507
-0.0019878540954163595
-0.0007021823331756098
-0.002512468549290361
-0.06871554184368407
-0.03939950624120134
0.02138963493913191
-0.025480947648650106
-0.010765078422847945
0.007937185908762126
0.04636196084196263
-0.0016810371121020753
0.008880788835258984
0.03846184856983228
-0.020000741382628993
-0.026840847378203164
-0.024500950410533084
-0.031033205060100537
-0.034231930677488524
-0.010204334312808117
0.007933737851989225
-0.062276549724441826
-0.007873644221159652
-0.028909035175365864
-0.008930451776735059
-0.04819527338403386
-0.009125674873916481
0.025045557008562043
0.014849037005550082
-0.03351866862665477
0.008907183108310224
-0.013022571667885603
-0.00715814180738221
-0.012096105218142214
0.025974907687658682
0.003893037698635523
-0.003434441365455351
0.07333096182695589
0.0028752798486714175
0.05577829373739731
0.019633605930439335
-0.013697304777650382
-0.04935269513579989
0.03134051349392175
-0.009673798190932842
-0.008669723140327167
0.008829856626806323
0.0014776746451104518
-0.016202378002758214
-0.004573353700563655
-0.0022633084745763746
0.012147173177103402
0.00203373593296356
-0.00781688316247228
-0.02390306534466697
-0.01887583133271065
0.005461619755998331
0.009356614446363262
-0.018428653225905724
-0.015040491915405177
-0.00928065069031112
-0.005136581796869224
-0.009132533583602722
0.006608169818676315
-0.02378623332047978
-0.017469919607982932
0.007022873912435009
-0.0307640542616226
-0.004425575720604513
-0.02249272180304551
0.008254833093843022
-0.13452653452913965
0.00407333683235253
0.012840845916720226
0.002402378250057676
-0.01598312647138707
-0.014039747521450386
0.018338725130681955
-0.017510906643233046
0.003346865184204738
0.013906458043768744
0.02339749005761075
0.029084082834454326
-0.027783920997558956
-0.007998780890644248
0.0008181930806017784
0.010595805439417703
-0.006558597749955032
0.005919984450940154
0.002063083818112958
-0.01050740924570522
-0.004305546590117619
0.009398489146333433
0.00648508971825725
6.0903776022584255e-05
-0.00364048510991706
0.03172459581316231
-0.04660451527303665
0.018368492932701683
-0.00012144657984080066
0.0009632791066359913
-0.0023740404051887194
0.020516206382269017
-0.004842776871864451
0.04592865764391044
0.009733873419498613
0.005572881375532239
-0.00498764025147639
0.01419650149619046
-0.016763301992481244
0.00940501888402732
-0.006368963661169711
-0.007070542629942219
-0.07348363670167662
-0.00445099591685969
0.005821253264073888
0.0073892347935831364
0.030266439367056207
0.012717672823862217
0.04235983535401244
-0.01209788334272789
0.011696116202346667
0.0006658465067190681
0.005846013027814809
-0.07007881353076709
-0.010100718153783614
0.0012066932654292359
0.008112435038412401
0.0011766815203447857
0.03798308587968412
0.025405423278113827
0.011719780868207628
0.0072741413113573475
-0.01380030714733725
0.018612839777890033
-0.0024366898429043662
-0.0033542908874039596
0.01918308083438676
-0.01592551524322066
0.024406744467159545
-0.04138799607352016
-0.01921872522915083
0.018723492955096642
-0.01352979142405839
0.0015232063627786973
0.00027310559008738666
-0.08292406281524232
0.009630838590934495
-0.024149490333943882
-0.019335278279320002
0.03384130194115753
0.0010159359115278416
-0.01066591723699057
0.03734209021087161
-0.017049135702554813
0.0030298141306459294
0.002594463804275357
-0.017006252698710395
-0.0037231533221711312
-0.011083712468052682
-0.05743188629516517
-0.03794114284425391
-0.019052406885125807
0.04160828114879171
0.002431078431979697
-0.0013956974051817315
-0.07099472199570736
-0.026822585006355582
-0.009838173266932685
-0.039468800216208084
0.011859379742075514
-0.00684316486243616
0.027412965730896275
-0.01796941447681343
0.01003033929151153
0.07348457464245717
-0.009145311346875917
-0.012135815722477426
-0.0025103142175930252
-0.00990172092051801
0.02399490218124127
0.022100154918690978
-0.06370216556891455
-0.007081307402147874
0.02023532592252033
-0.0035629192985492083
-0.03169698005215003
-0.0090432702463792
-0.0007018903869013549
-0.009110203015395373
0.04306953155278864
0.01710580333686229
0.06472119235118898
-0.030216038765105757
-0.041125771304904114
0.0007174432442939845
-0.0129151032805082
0.007076944006385163
0.012505301909449092
-0.09085945952924845
0.005353737918983967
-0.003581260453377478
-0.046014187873257874
0.010398955524731142
-0.004146795381056989
-0.0004303336163171459
0.007085003511790495
-0.011280743546511323
-0.005760482897065567
-0.0058675977615439134
0.0007921011485137059
0.0014601645560716435
-0.020816142562435046
-0.00322023236485246
0.003642508067058682
0.06391867424824076
-0.06666653132889933
0.0027783019762321454
0.021861758369266866
0.03458299413609653
0.0038305906994414544
-0.013359349904891134
0.03143964207182842
0.015481825926756511
-0.014420585908636912
-0.008468847833524645
-0.007098514746097825
-0.017474850188056338
0.046320559848322326
-0.0033114722075975435
-0.018933816127846018
0.016126619825871553
-0.010255546594681485
0.01980438131665215
0.021869470223454843
-0.0017101983459109902
0.002589586492038436
0.020339551012390693
0.03620384480122288
0.01698144014797293
0.1833277451681787
-0.04865258871283264
-0.0012376275047989256
-0.0026221481459177
0.0112620592671294
-0.021739165528494305
-0.019453231537988537
-0.00547343383800499
-0.0013943885578264882
0.012657036771516065
-0.0009837592708673078
0.05235723941484067
-0.010854036325831982
0.014755882399057108
0.00041479377256863396
-0.024577583088111067
-0.014832917122580886
0.015235904747372258
-0.0320273137360997
-0.014705029666587233
0.02403814038696556
0.0016315216816187525
0.00040058534400765555
-0.0027836220667787205
0.0026663202186832024
0.006435276046227909
0.04205900412296316
-0.040079060592350224
0.0060180892277184005
-0.02372311884597175
-0.10540486459074916
0.018114645702337628
-0.006231627348302615
-0.025105058238217036
-0.0032369897996283392
-2.0697256968208244e-06
0.0036601322410518417
9.206875716106391e-05
-0.04002271360502604
0.0026027383934308173
-0.005753074594273094
0.03558256021587804
-0.008913516482513963
0.008703339798266005
0.031776790945970024
-0.019552383329966432
-0.018620343127711922
-0.0005665980111029667
0.008185161506953422
-0.0065360671651086485
-0.022535880721755767
-0.03414593260047857
-0.021947473447561944
-0.025385417982818407
-0.004653742950070101
0.0017631410453567294
-0.09332498861798287
0.02786350040466439
0.006963043032821098
-0.010291133667643455
0.011152554203001085
-0.0005503275700618046
-0.012990725472860828
-0.0008582076241398698
0.003935506987707563
0.02828463137148583
-0.09586599575893573
0.0079203581524092
-0.013077439790981976
-0.07781932995917469
-0.019985689402664705
0.045564366576125136
-0.027369277845895237
-0.05280655990223395
-0.061540364545103685
0.0063409191563280586
0.016637498688951095
-0.036504214734135086
-0.003417839263637554
0.002867371845561688
0.0050264003468253795
-0.005009419802944909
0.02023808792298964
0.04162098905119937
-0.013520634448273434
0.0008701148115801735
-0.00808987128160264
0.003526967987564423
0.038412861878904275
0.014239015764221822
-0.01880698945963754
0.0014601332639298458
-0.02996498571857736
0.01015672731666231
-0.006000559644405629
-0.024294593621270354
0.015895085011451433
-0.01651766630865949
0.02662781339861066
0.030803243110614623
0.014497349639326392
0.01215413868093633
-0.031089528290321123
-0.0201291259908942
0.012978440315072207
-0.0804287067539072
0.010819344867103722
-0.04885843597275045
-0.010572103679331918
0.002285820663596203
0.010024545213353482
0.008589342431334095
0.010452116120165531
0.009197434260391687
-0.006655369920063865
-0.034030666051257506
0.012405416223679676
0.03552356617075145
-0.008413645160674887
-0.030993289134226436
-0.026282176816469948
-0.004888107845540104
-0.03491803499001918
-0.011166840803620806
-0.006253722595779533
0.0023252535274483617
-0.019162748064033647
0.019319662511458533
0.01746213020993098
0.00298628214144887
0.030224209474543486
-0.006754008140337152
-0.0017896131802624794
0.011010821461890438
-0.004765718985971244
0.005787953411906511
0.011051920747796729
-0.02859694006663435
-0.008201787343105775
-0.004124915520002657
0.0513915140574185
-0.006007362853443762
0.055353217231879095
0.0009240734378213982
-0.007052218161122016
0.017209547983189206
-0.005984617975910967
0.028964549933611344
-0.0011103129536527575
