0.008829846164301169
0.008062620863137363
-0.00809471478121303
-0.01489554869188629
0.03130083959993482
-0.014732310987103519
-0.03653814237836699
0.01692267874720498
0.004443242560012549
0.012846347401081147
-0.021693833068617052
-0.011348377596831837
-0.03520512220746905
0.018430236376625237
0.0037724750105418725
-0.029308382396170226
-0.03096432366446861
-0.007533530175150262
0.025049955767241377
-0.007721949709314773
-0.02191559363975606
-0.012260154787433643
0.04987859201012467
-0.05812242568290868
-0.012058595589773423
0.007045026020820003
0.0066666882478403225
-0.0038252039772221015
-0.0023074595856894154
-0.008653999813862
-0.020035181605129918
-0.011656739669245915
0.009351385143978156
-0.003996807921758108
0.012920344876698454
-0.023998608565500023
-0.024835219742788454
0.002299636404311147
0.02176785245819496
-0.009579711353513848
-0.005215506821124042
-0.024807779176247973
0.009256496846975678
0.00713050415738175
-0.09675588142007499
0.004290060990115415
-0.005934315464776866
-0.012341234035042758
-0.016501976949986983
0.01815031808319887
-0.000547624875129597
0.016248855223942343
-0.035021855483866375
-0.021267210656736202
0.06524975886735059
-0.021346172585827057
0.009620574339023705
-0.01920703906515131
-0.012491390100059072
-0.031195826132931297
-0.08739369531324653
-0.021770273502500884
-0.035122496719695286
-0.008866710511616055
-0.023672294812985505
-0.01977874465768805
-0.01873040509573052
-0.004228139784554914
-0.015966813716227313
0.00019560195701629515
-0.004902987486975558
-0.011131998062406692
-0.0858309526266684
0.008332186514239866
0.003337532145199077
0.04724883276521715
-0.023451120417410036
0.009716679439625932
0.016976315535832086
0.006523972091251604
-0.011538043115311649
0.035217624191605096
0.011613071573288912
-0.00429449146858723
0.03139633902967859
-0.01566934088736847
-0.005728652542656006
0.006404570469466731
0.016523211330600623
-0.003662000549859049
-0.023129182737436253
0.004902012028431651
0.026378071420728136
0.03395694814332699
0.02645360396371329
0.0387768583755653
-0.020258885515176423
-0.013054578342201214
-0.023817322773962944
0.04101488208849264
-0.008003445386851687
-0.010381445050275046
0.03997838530580804
-0.008045274954539022
-0.027413415913204012
-0.030929943033701175
-0.031423205610011294
0.03743211281996755
-0.019714607536753796
0.0019063097125923583
0.004346546522696752
0.005011609556259439
0.0011829533055821996
0.01566861989797705
-0.029425901911125533
-0.010455764933093017
-0.04268605342177873
0.011451093788161082
0.015992030735333375
0.003928654209668432
0.00284758856949315
-0.049052521854932044
-0.0777239553638694
0.010548911059002818
-0.014895445799733786
-0.014536304741892148
0.01968401067593996
-0.014202774661097498
0.01403511483481971
0.04707003354865105
0.0011777640482838055
0.012282187244034305
-0.01948500238038996
0.03999175907274034
0.04604900450721674
0.05583594339359438
0.11538955162067312
-0.012537252373532249
-0.010495892646934584
0.018461155164489866
-0.015789564237886647
-0.02536040889175814
0.01456537691529266
-0.056816215355866714
-0.020015254525487733
0.006994822674850327
0.010527237337281854
0.0008989983816308641
0.027843886673360373
0.0033706691355826434
-0.00431939693067716
0.010363066482612723
0.03525872073727382
-0.009165457520482144
-0.05748793646657602
-0.009925797524501175
-0.010003532340777489
-0.014123692908901248
-0.007270681883710421
0.009841615711970397
-0.011055219650533476
-0.008252868640637507
0.0017107551816909054
0.07178371377437896
-0.004956909711230617
0.000795081511902539
0.017007705803588753
0.006315392304715893
0.0018253705020534557
0.0015488726148911408
0.010583337378648068
0.0020843303254569926
-0.013464430988227373
-0.018422186632120446
-0.011800303505562522
0.038963305816609874
0.028096685167083545
0.018400840483763024
-0.017898286178956224
-0.007912800454756133
0.027620521931401347
-0.0068424441122722285
0.0142968465761327
0.02638255650556804
-0.019590993272554535
-0.05275675128711577
-0.014116123426293824
-0.004901686258444483
0.012330625067984937
0.012419137462170105
0.0040207945208320635
0.017759010640426974
-0.01953615992634958
-0.003577533513665777
0.014510008587398232
0.008324434868314665
0.019813546625638206
-0.011078003595963186
-0.019425776464587274
0.0492877697368488
-0.0008869671155277841
0.04400393789292674
-0.0331624431045145
0.1051289265404455
0.018667203128661193
0.0021915789476588993
0.0554268126083467
0.018422177094310797
-0.01806650401059182
-0.0012143101490711516
0.005580590723900914
0.006180502034423527
-0.05174627554918307
0.006555205092155175
0.02654220970155903
-0.009906897619291867
0.029340448179733684
-0.021145380780914276
0.000697701709130686
-0.003963120506055443
-9.7796623236466e-06
0.01526788959993263
0.009586240779539717
-0.011344198614859177
-0.01689938051517965
0.025205307827499437
-0.017112051973787002
-0.011116442322404482
-0.0014869587520616838
0.0011491920342702607
0.0010381013558559853
-0.011212235526308307
0.04564162129002611
-0.022922375706357412
0.011554830384890333
-0.05046575379419882
-0.0031156761190599975
-0.004522089051150163
0.02532144612393734
0.03336053958214579
-0.0056413258356661665
0.01885214171783148
0.018938104195015446
0.035890037272551044
0.017131127362548394
0.0064305819402614706
-0.011207975592712404
0.0019253999086763578
-0.0010260346435949778
-0.07742886051682422
0.00020059992883069758
-0.012985671139160547
0.05530026875195181
0.0033147166016369895
0.019834716790725015
-0.008991092913029455
0.0108864927880624
-0.009365083373237949
-0.014386913445019927
0.017911221295894945
-0.018022331907029204
-0.023576416239158172
-0.04200321887115815
-0.005128738076688428
0.01245551031030822
0.003636855819471153
0.06805219310660783
-0.07623136308801663
0.004530120976661804
0.006489302523726522
-0.008301370497646555
0.004439958668074363
0.00669985957463817
-0.0009191682611812069
0.004036469361950346
0.02947189132426627
-0.019101681346975236
0.013502361103122307
-0.004135834948042017
-0.007829661718541301
0.034741845340965624
-0.03686469537957827
-0.013038379650605468
-0.005992634964006977
0.005639953960513039
0.06846457782584349
0.0005747102230459208
0.03596886652781029
-0.042837516257376876
0.005184109413466839
0.01990637456775268
-0.006809934979412886
0.014380852317491515
0.0051921094742961825
0.004787222618638611
-0.01746862744156654
0.017700681459139965
0.00739900162871554
-0.01991166389642758
-0.035445808421982965
0.012849398522412616
0.0033254721823331138
-0.009477861789498214
-0.006925639322861259
-0.031286922601774424
-0.006728448889424936
-0.011193088833182211
-0.018245297793018315
-0.011064671493770129
-0.05095674637173088
-0.0023223713365745175
0.00037153999183446134
0.0044007899962927935
0.01506814774886179
0.012617676612844032
0.11420578747996236
0.01879750326361136
0.0006374497183129987
-0.04296638125507174
-0.009069986331232478
-0.0037585134101299498
0.008715506694242784
-0.009860817302551068
0.011250054274594926
-0.020759458544138992
-0.012209614098553397
-0.032484706736318876
0.008448520950533188
0.051691215079128015
0.007364266418469408
0.03351762236881298
0.040324512276673524
0.23299668291946526
0.011122111496890609
-0.013156969244926184
-0.0025838509641533
0.07234247926969417
0.0012096227816887138
0.00691077662423663
-0.01579246747611855
0.000772754648016463
0.012417082674410693
0.0026680074542561123
0.011799916098963073
0.0009185838729323131
-0.006321654566068497
-0.0036823838820148527
0.005389503397106211
-0.00224856271151528
0.0077217861811093155
-0.04692933392762234
-0.001637981511644242
0.005086796658034669
-0.004835416897203238
-0.03125547971124643
-0.034479732518260905
0.004457067991993668
0.0040049783312224654
-0.14217826770058495
0.0575933742087248
-0.0005849066510716496
-0.01008589437601706
0.011595426787824357
-0.04890859197389648
0.015172044252055903
-0.010657092149386878
0.00506819272297362
-0.035889869954589745
-0.0019326142658221764
0.007175933511966416
-0.055087546438454975
-2.0469718155494623e-05
0.0023741292669942834
-0.005973716654768998
-0.008399816445586466
-0.024561511783137834
0.004681591746890005
-0.030472096631073805
-0.05166787031379306
-0.0018278669143541168
0.020471950356022832
-0.0037697316452049963
0.03909811973083953
-0.0031383785916731656
0.018467534411596563
-0.005495451815931235
-0.020435064534661408
-0.005212482897464174
-0.05885257893259232
-0.04817243036601396
0.010439065319731199
-0.00272222075499679
-0.005832276018865467
0.001376057731411295
-0.02801450324246741
-0.006865048507824627
-0.0028106684916388357
0.012568463845848555
-0.02944797218996072
0.010964996693282917
-0.01860442289819093
0.003990747475592018
0.008774407580886852
0.005629997785968135
-0.014871050955486943
0.005377105962553908
0.0020557286374632794
0.02728846339086506
0.024749610441591432
-0.039770331290738634
0.018641432328010427
-0.008999991800602748
-0.021104271340211075
0.03272697166225909
-0.023104604362371668
0.005839015486614621
-0.02812844305026486
0.0009810161363277834
-0.004784730397948755
-0.003101215422781214
-0.02292679215720654
-0.016789859697845456
-0.1375005914691204
0.003559599250289077
0.0006997880621091173
0.0044359465197965275
-0.0018685104556668518
0.05118442883118855
0.012056011131878293
0.014096557866054916
-0.05644765515161797
0.035888768910855136
-0.010406702954374751
-0.0017228719382893424
-0.017716520599207537
0.03088251938090192
0.013762023304358887
0.033324800624099926
-0.03148819770009765
-0.023437356979975094
0.014492134319106212
-0.005203730169898242
0.011298395996614712
0.0037439341817151
-0.04516291575075533
0.007748971490249793
-0.020506375137718198
-0.030200954964944328
0.002038231840285701
0.013660910272607825
0.022309794243143107
-0.005237594315410797
0.016018342470721078
0.012833873906704622
-0.009622470931882593
-0.01221367759341845
-0.0018945218799191774
0.006568892430799499
0.0005301711975200235
-0.02831959214758412
0.015693982273336043
-0.015294350525160481
-0.049277708512185686
-0.017610759486142696
-0.00370437307504517
-0.008523993591021317
0.0031025218771131057
-0.020004627669342512
-0.02110075670921172
0.0008636900892076949
0.03586906864782778
0.0138909927486534
-0.023870228150336105
-0.003240006806962634
0.0039667191142269504
0.00012106662447240704
0.021986259586552447
0.020998248434721565
0.014252272140627601
0.0034305132231569235
-0.0400570433542506
0.005150705923363989
-0.008343457680732054
-0.0048397375126197515
-0.006806738711576073
0.012304391840709198
-0.020727334350291775
-0.006543980206803488
-0.020528153586424052
0.01195048940827854
-0.00922776822014088
0.00817611989209793
-0.002213494277182478
0.02423139476870243
-0.007785649611588034
-0.005749544736076957
0.018407183438482983
-0.06118718851684435
0.0007411717065805524
0.06375763646116708
-0.023661652378745637
-0.011851620080036793
-0.019137791524164824
0.015245349448645775
0.015566430207679642
0.006141864829622782
0.003268363761161381
-0.03306928036151764
0.01980684274337782
0.019104825241785917
0.05449232456945882
0.009479892455243546
0.05005715254632586
-0.006226130783717362
-0.018939602285473672
0.1126453533261312
0.004565654224972225
-0.004199487242924866
-0.007698956043970079
-0.014943435017707337
-0.002677934296768681
0.02657598695590781
0.020963403922854378
-0.02974371062143252
-0.06456622848142614
0.016641481593733954
-0.0290768952514592
-0.01970301243616631
0.013427199930469343
-0.0011041936523932972
-0.026583349937056012
0.07397368111434029
0.0078036806929900155
0.002454640066426827
-0.04580321630186409
-0.017501888350181453
-0.018228938457574315
0.0541927006072785
0.006308903624344284
-0.017549581244930657
0.004679531892697537
-0.012347227632347028
0.001692421930605227
-0.0006284145009567754
0.09986063963142193
0.007196320364328931
0.006266231587028203
-0.0038454129991906155
-0.026592785397655676
-0.00625667590021913
0.017868057940166073
0.012199318230214853
0.018421661207971788
0.00027886447642323347
0.047184978423369654
0.00039524720438603614
-0.025452424689597238
0.0009368290046543272
0.010799701360410937
0.005226701683710374
0.013758095085367841
-0.016857731149200993
0.03338872585419446
-0.0022222190944718835
0.0258922386063216
-0.0003096270355919884
-0.054208771349747054
-0.014735153899563848
0.06237108524087472
0.008933776578236683
-0.0008202721081768663
0.007593765783211682
0.0025149219709917777
0.010695277810653018
0.02046377953538248
0.0006337020283735055
0.004392748383502554
0.024974383662435616
0.031588682178355296
-0.00772488810024257
0.01818473948569946
-0.0012420588212418147
0.01058417613451785
0.009329735619269409
0.008698981533098414
-0.04775924262390158
-0.04335820331150178
0.017386143205858812
0.01173164014341719
-0.06226308099860117
-0.054505127836275855
0.007966284952618597
-0.007018204966940655
-0.08872237263275204
0.008270705794652547
-0.01350928425387925
0.008871877533326498
-0.03214994528997643
-0.10500025765643804
-0.043517544776322824
0.03753921943499563
0.0016277663841227582
-0.009001988774837748
0.006543607084882469
-0.04142378794693206
0.06254649184640364
0.054614159705336666
-0.003362304735358794
0.030828013720810867
-0.005656980288189431
-0.002626065004975381
0.052147329323439524
-0.0027029742431303847
-0.008723812838164082
0.011410455685118968
0.01713465809852006
0.0009015140019458397
0.02133523771682921
0.06489507716708816
0.0005776843904088013
0.020304446480374567
0.0006606208657862439
0.0020211977033011146
-0.012992266353791698
-0.0012119880737658068
0.12747754088828264
-0.0008587134057269852
-0.030716080620468614
-0.0008576492888244964
-0.018959638068921644
0.025480416578062322
-0.026575827224366324
-0.0015755234490367643
-0.019555722064081352
-0.03970048198759522
-0.008012930276454066
0.0412802347569183
0.026337595006519637
-0.036616752979893835
-0.005910433676270694
-0.022817021438549166
-0.007466673130729312
0.01114375206050082
0.004163765258319357
0.0020586810493796706
0.01120712373596452
-0.007291148443311135
-0.008238577220537273
-0.02265292241905657
-0.020102976354459567
0.006232666558290497
0.001850591419842651
0.0010080782961600539
-0.04019213526566669
0.0012307269012203379
0.0022487178452868036
0.007722831251913608
0.0037462387346173702
0.004895178048232835
0.028980435378248483
0.009399308496006786
0.0018879714578193
0.01064622348164942
0.01629197290479566
-0.000994812870594762
0.009473925441677312
0.008276039605360101
0.0709846756885695
-0.018729018348942267
0.01165728878199526
0.0008135195728000669
0.0498191152994869
0.005240601310554411
0.010294154218865455
0.01653178968880077
-0.001206894648153986
0.019873815380333018
-0.03491488981533709
-0.009490400788673626
-0.07624984731540033
0.001591471212892311
-0.008396778363308911
0.01685891558027544
0.019033636845466516
-0.01280627817047226
0.006525393308172792
-0.0029134827307081175
-0.007079249849740482
-0.002431049819677189
-0.0053041617605605
-0.0009958160626587415
-0.0008540494658847516
0.0022456714946499498
0.024886695884440774
-0.015227214915520471
0.006015137176549316
-0.006122781196689775
-0.005262045165482628
0.003943053828203715
-0.002967722327721451
-0.0032095816331688012
-0.07934914438477406
-0.008279584824844519
0.016776799027957836
0.006743188030920047
0.00023779261558216778
-0.01902592289936039
0.03217210139810732
0.041969481919287635
0.02390912023929819
-0.0044047533962010355
0.03604521619652113
0.025613837032118263
0.009378950241006549
-0.023076634989062914
0.006116027953672273
-0.002440855027162473
-0.022333828195419052
-0.09845566005713671
0.03691061115159826
0.010430746025153623
0.0002210450009276493
-0.01414634353243637
-0.010711691974365396
0.00010581392976546584
-0.04470621739977844
-0.00955832402575544
0.0015734226316434239
-0.0026844816216482817
0.030517953593349176
-0.050902686318485456
-0.04262060689069102
-0.008505017814833553
-0.04169093804604093
0.03319995740415401
-0.002597551317867126
-0.0005344698204552239
-0.015574153116811934
-0.016797964830866298
-0.006032102406852835
0.01596326394690522
-0.010005688963806552
0.1786706358985307
-0.0023266873792537916
0.002895802874618913
-0.006462367337717951
0.006796158845940992
0.015695454088785324
0.02914773364674752
-0.0021440442590211204
0.011033893118668293
-0.0393130763631535
0.042411232263365406
0.011996652309712814
0.005160428631843993
-0.012766898260119506
-0.01646298071238629
-0.0016607609561701776
0.005656815636767179
0.0018976054720409139
0.00955009947197804
0.0034463471658917554
0.020501709340978433
0.005736152624638021
0.026800168117541778
-0.004701760575274541
-0.023071361522188496
0.016597361794469065
0.035665622158200065
0.0012054497188170221
-0.014085412841160747
-0.016217193069007985
-0.06720467476207119
0.0045269190964939724
0.02394164553359835
0.004112659554717138
0.02016969705298127
-0.013353360655945013
-0.005710728603724243
-0.007939715799579115
0.0020309817231965446
0.01087932224246096
-0.016503936818076787
0.04359209539973846
0.011585562960671035
0.02663244480568982
0.011512039825793866
0.0047331465160494616
0.011374732531445619
0.01784120268515302
-0.026402498388835835
-0.01030194969079382
0.014044161693359694
-0.02529457629861512
-0.013214644566440207
0.012764637074311946
0.057790663716159596
-0.023806121558303514
0.010522895977957707
0.017991398166777948
-0.016985047660775177
0.009722321971517985
0.009816819938451082
-0.005018864939152913
-0.029682893482416425
-0.0005042340214221223
0.049392445650077256
0.002839819212084157
-0.03197032511381457
-0.011197188655111498
0.02104342112545471
0.00018470265342249663
0.00042542295006454435
-0.01652764694980228
-0.0023430801801738823
0.010403473022537354
0.022667860575657017
-0.005018343700713945
0.024686808343838233
-0.06644141315998746
-0.01959025254434889
0.04927645612045619
-0.0026413095699424397
0.016820186542204206
0.002853426751605558
0.015381963603084687
-0.0051474451163567025
0.005033023223133322
-0.014906512136997768
0.01299580509882192
-0.017272995299358187
-0.08531915191222328
0.013604394515062472
0.043268214622107004
0.017006834751835717
-0.0399137179682331
0.04745945900972511
0.007889120551331175
0.0008444678342133031
-0.01468872273218411
-0.0017921839747134774
0.0013541489488841795
-0.010323910911703217
-0.006974540211873057
0.08210752845841701
0.007290013709695559
-0.023751683022890494
0.008610181650009444
0.011482844738199853
-0.04006505943425866
-0.007006835728439867
0.011083735684573553
0.09874308201113793
8.338573262577254e-05
0.00835539656537303
0.007419750089792487
-0.012381427340968445
-0.008974913673413274
-0.019020777996722273
0.023670103800718007
-0.010521608284824725
-0.004955586133200168
-0.03178180144235924
0.003969397456747916
-0.007437233209075482
-0.00593796577225177
-0.0017308205102302225
0.004006038878390967
-0.020800286317963462
0.002330353967472502
-0.004179771410850249
0.007259299058820137
0.007512922563343191
0.031656640514829304
-0.03939229187362274
-0.014720859675934376
-0.0486805114870657
0.009424504131676255
0.0012106998729209963
0.015602405524388246
0.012794919603271957
-0.006711517746599185
-0.04520213840135789
0.0068029082797802
0.017454592313672513
0.010259649335765382
-0.01779173863254936
-0.02477401515923379
-0.027130670262073456
-0.0118576107026061
-0.0014885772811824743
-0.0030198007591028583
0.021729524820309928
-0.013712221814349676
0.03158896090541236
0.00045432053875509547
0.0024252400569988804
0.0028956915027553067
0.0054571475679913465
0.0044097026558527295
-0.0005533775671713687
0.0041666461802838855
-0.008570164133710279
0.004044388450438745
0.018707398831873105
-0.023493019118441538
-0.011006191472068208
-0.011256722683619564
0.009252651285768677
0.00697618196884858
0.02561547823321091
-0.009302399568360572
-0.015277407705557267
-0.011600114950308459
-0.0264496535348429
-0.048565905131997586
0.008469053571335781
-0.019822594033917885
0.04839802390512568
0.015702630778063994
0.011413226479127429
-0.003717936292255945
0.0012858145622360003
-0.016452706997218316
-0.018091500956218594
0.00910025993388116
0.0076504281909193115
0.026562813834855703
-0.033469508643316416
0.011088650677273555
0.002904944122991749
-0.0318759884954478
-0.010279147862848864
0.018261740635663767
-0.00038852078019573576
-0.005105478490481719
0.03182450257303809
-0.025884285992063962
0.021586299721079113
0.0271206004104293
-0.001782447536764039
0.0025966653331516896
0.0008129520669505598
0.017812586318348055
0.0077290417157585565
0.007365162939243579
0.002554179870254805
-0.023542795445734278
0.0035829499757755417
0.020988337294512348
-0.006842625572466824
-0.018961203054011826
-0.01241749740745871
-0.00869564374318217
0.022900432302782856
0.02382139317788169
0.0017802925989638986
0.022940864501325185
-0.0046863611604197756
0.0026906272690661944
0.007768397089909519
0.011467926876545036
-0.0021534477989573046
0.003876215947396881
0.013199493285684339
-0.004716678944889354
-0.037061375803587746
-0.011616615676517134
-0.0058035463575578615
-0.009749977381150235
0.018168846515562276
-0.0033290448242775635
0.011104080942100837
-0.01476427303477669
0.005082420785882818
0.009175714725411963
0.022970109802238788
0.002023240190772355
0.05024345610639832
-0.04107255182152786
0.02380723597243813
0.10027910680138571
0.006821328953760706
-0.005270372606147572
0.06559465665697581
-0.0044608530866833565
0.0074391134032777
-0.004139551184227559
-0.03619023139098234
0.0017469051704093472
0.00448656367637482
0.053185440003703115
-0.020986853472429717
-0.06436734345378067
0.0022226807511594258
-0.004695565292454622
0.007567505269971036
0.011331136477523478
-0.005482628702508426
-0.027242914777903773
-0.006589692211043324
0.00966751564345925
0.015286299064531125
-0.0028273709789377968
-0.0023786642727574806
0.06449202949935358
0.009001345603087423
-0.02000934656952171
0.015360919505173265
0.046867193283636255
-0.044080550234841226
-0.016979810150747805
0.02335715965309346
0.008734786560179135
-0.06659342263851752
-0.023254751524578936
0.012454655999125165
-0.007960298697900277
-0.031596629598389
-0.017443659833784864
0.008861738650004534
-0.004139406203299923
0.003247033608009821
-0.006621569706057853
0.015683491286500033
0.017715789416434508
-0.000690011647225199
-0.00259017002468869
-0.01755067306332516
0.0006783496058022175
0.05058272464459957
0.00166282435601569
0.016352666063870633
-0.03991965802183585
0.020117924342329622
-0.00010758652784364895
0.014962723588603103
0.02064226574864597
-0.008305835822201516
-0.017824059713572992
0.008250966479772082
-0.004299961809309524
-0.02469217422427714
-0.01181547151141916
0.03144109183402005
0.10027943971514959
0.019936808046299978
0.011109042379757548
0.015390503003244328
0.008316370675290003
0.005546857718867317
-0.002990387045618762
0.027190803712238167
-0.03317894800248377
0.008364976656797612
-0.10815988113068352
0.003867101738801724
0.005793098170182786
-0.017556163207834517
0.023163706011395824
-0.01276905735616875
-0.030288947375947183
0.0036114150083780827
-0.015571915429581277
-0.007317619497053788
-0.0037087065646657902
-0.02502673170264147
0.0008533499091730439
-0.00924841150400156
0.016722868534121364
-0.00018189432810384028
0.028126728788538585
-0.05217855817049409
-0.012318640062418477
-0.00975245753524409
-0.007077148399605628
0.05437340413950607
-0.026349224484469153
0.004795520412220364
0.02381052243444421
0.00630793297689048
-0.0014640469180943368
-0.007077194065824926
0.019283467199390704
-0.007285468158773276
0.15833643019318808
0.02094169859884367
-0.002282713396371479
-0.002705493593027824
-0.011629317989337865
-0.022944973267949923
-0.010141843784298778
-0.014810447397931418
0.021619897045601334
-0.0035787982435933636
0.046574565243378586
-0.07023323762223711
-0.009496133761949683
-0.036472858992756464
-0.013047574341853958
-0.01834165196998448
-0.014776999807902803
0.01715346698339706
-0.010153668657285507
0.004119491998888907
0.00437379178891112
-0.013186534339496197
-0.006026202025451367
0.03615523968695633
0.0010282972559607637
0.001965831630433103
0.038648424615256735
0.02523379737246823
0.0020659792714822394
0.003570399798123407
0.0023921376765070283
0.00939023239215476
0.01890043042647856
0.0029831019882657628
0.0028913570009690185
-0.005107943013382746
-0.15829676968034956
-0.03590780255379625
0.03137763517744984
-0.003425090390027151
-0.020800157769646783
-0.09917649983778884
-0.029643508184359176
-0.04247946310538395
0.0011596788329521753
0.03118999281244611
-0.022619800238488776
0.04406022855023467
0.021048131775085164
-0.006640292283720781
0.005039719304510482
-0.001388027783059622
-0.0043372330728942985
0.01571735472332283
-0.018434747401443227
-0.0010999023990743595
0.007282950344685061
0.010704064592548895
-0.00217498947258824
0.0025279078807390705
-0.10412560121995817
-0.003128116743056619
0.04636253833617197
-0.016299471637434976
-0.005081280504803389
-0.032867540794150864
-0.0035559403849819136
0.04398936794746894
0.015073021758344823
-0.0015458385929713405
0.02900203770011342
0.04046631847319872
0.0193956747551755
0.04803597255822068
0.012457013971953007
0.006943119755462206
0.010808346208079127
-0.00777142626010062
0.00680289530581396
-0.05329908902332649
0.005643211631864895
0.007907728978456267
0.003195050355480896
-0.08066088976654126
0.04628899987171809
0.0279444725522112
-0.010126105845737655
-0.007881729884199702
0.018065214941062654
-0.013363533501180715
-0.027203395224845345
-0.01724862571196514
0.07355766210867307
0.01148457702547726
-0.0038154858584283175
-0.0025319608570545846
0.015016736341333888
0.003732177425388411
0.004356180169419689
-0.0029168275995671553
-0.020094156521030502
-0.0029231790199953623
-0.017875953714823513
-0.005908510042428692
-0.0004154126698635602
-0.0018745108489650083
-0.004732688231027821
0.0011064878241439382
-0.08932019424313227
0.02581875464551205
0.007641397983766538
-0.012964798320844035
0.008446384154146173
0.008861372586029011
0.006030692831490279
-0.0036242451390233756
0.0017908137467884794
-0.04738597062681677
0.0064401149291416744
