-0.011806491078132213
0.03137132284618537
0.03570596262622321
0.012547765119973634
0.016432675682428594
-0.008861700984578795
-0.023433904719362512
0.021246751241484854
0.01840785380860356
0.026250227996169804
0.009139993120276196
-0.02640958958290545
-0.009234806448543261
0.02260660160552776
-0.01298851827722725
0.03243113995826789
0.03665881570610802
0.00021884816450566452
0.015554858218716149
-0.012254243246623768
-0.014965306858605329
0.011011148498708148
-0.008179158931160287
-0.028033284869355073
0.0008783458673666652
-0.01852488815234476
0.01978061434049503
0.00868356614825196
-0.010543137775336704
0.014489180200334894
-0.026627048437254292
-0.01290246496109739
0.0037495683153331203
-0.05026744954346057
-0.02707883888054309
-0.0363836411263653
0.024925734435619736
0.08929023163999575
-0.013365809099738743
0.024545750357686247
0.020902508437788535
-0.02539910858397631
-0.022859223686862683
0.001248011169405768
0.008671485428173904
0.009628570318205314
0.011905866289717399
0.0014138644038513056
-0.0019740613601943353
0.034924701193464316
-0.011967318984404503
-0.023818881561055653
-0.01525149310109522
0.000911623301099189
-0.022305925709875784
0.004828654082433396
0.030005132099939817
-0.013537636772689233
-0.017148823525886675
-0.004551394370238328
0.0042472048427009725
0.016802968932347437
0.026573964697622344
0.02003627117235625
-0.009763182094239806
-0.03605966514575939
-0.030644523540288075
-0.020817852340520138
0.05830969303498142
0.03887457002404875
-0.010189159082837794
0.054633805062260704
0.018513321523085394
-0.0008090047097798036
-0.024340756889213937
0.025308338800679085
-0.03712633915790356
-0.09908051326025702
-0.022558179666517315
-0.0014009939098203951
-0.017423798977998443
-0.012976609822247093
0.007360054358574397
-0.000490640600259963
-0.002307080723463102
0.048702718688431595
0.033721650578268154
0.023036424248297577
0.01257551851953609
0.01850074891121338
0.011916317146282995
0.06009038076084568
-0.02389862142352425
0.026625278507600776
-0.05378679097779105
-0.018984342957492524
0.025103687901217323
-0.008191495277497322
-0.024454957290902385
0.013402754633046741
0.03149235929455388
-0.03486046056643495
0.0136813277625194
-0.02569387809615648
0.005594947278755595
-0.013400112646842028
-0.008563334639724765
-0.0005510558341147795
-0.0027227661265919042
-8.695714938220142e-05
-0.001751017507884836
0.07028011567337238
0.05579007702638255
-0.005057407764314623
-0.05288202710360877
-0.003989296257008081
0.004237680508727352
-0.033560078167270226
-0.02804234617686244
0.009538331949365523
0.0009435161693778904
0.007091772143173373
0.022195756857398722
-0.004632993651818378
0.0453139593972946
-0.008687713078409239
0.0062515548837396755
0.0088505011474224
0.041756243328807834
0.0025671626637218197
-0.04913469728088227
0.008822137796848468
0.011151644738800736
0.006480913629401482
0.021570405650774185
-0.015729056847410855
-0.019199341775359605
0.012221164069514557
-0.06804902033617513
0.011049215694658372
-0.023567271772006636
-0.05642482861994332
-0.030521556008905087
-0.01015889217944089
0.0038813730137981202
0.04550031143481543
0.04593675201523696
-7.173268871780169e-06
0.035510811624989286
0.025822552430564697
-0.06451093543327087
-0.00031816180816739826
-0.001816113178809289
-0.010167482523924798
0.0002538004838118565
-0.04753529124991995
-0.05287152193750066
-0.031806160224428726
0.008882598548945507
0.010346197576552044
-0.05099825469520417
-0.03130946083497838
0.032497080093421414
-0.02920602517517959
-0.04718092345414856
0.030928700800333032
0.022732337235719276
0.07154995305532857
-0.0501090227677626
0.012520939860481459
0.017203382442585374
0.06344408081525944
-0.00969575806460496
-0.040833406701422464
-0.021690412189030447
0.05562007569932198
-0.013279721830622204
-0.016732480890779996
0.04004858684019517
0.022431694981575
0.02478110341917896
0.02359255626418475
-0.026308497505412958
0.01935600133237208
0.02670728155099049
-0.008342908382130483
-0.013027862559566923
-0.0027231349936934377
0.030073463519399858
-0.011925091489404321
0.006276989795264215
-0.02207158392240471
0.008419397918644055
-0.023930651215970433
-0.009509126889753392
0.07901954761614288
0.07143481702746131
-0.016241786634121763
-0.02670230278146916
0.013053184162422385
0.00736242645534736
-0.027400809334996667
0.023658298327300282
-0.004513807222553003
-0.03369058682612331
0.031757247138862826
-0.00999531925326915
0.0010501136195003688
-0.0005888937443439105
-0.027934458166638348
0.02070207681371605
0.020395751013793113
-0.05144977216612105
0.013920306224720921
0.016191241833465504
0.007979851869673532
-0.025143233923368986
-0.01375254560861997
-0.010463554758655305
0.012764313646264146
0.01705051780102149
-0.008518607892573877
0.013895633170740862
0.03838436232275099
-0.014053354728670175
-0.0440050766505829
0.00048814127924130216
0.019230145064788522
0.03327332541237148
-0.02371088677726247
0.007263448855188249
-0.0032159334317031964
-0.017090240359625197
-0.040866709098446495
0.01013657833428167
-0.001144398859067654
-0.013406639499364374
0.017595766037928527
-0.007976387365484516
-0.009707608785378068
-0.024776234323897476
-0.0019935974535793886
-0.021871934512098366
0.018633294043321504
0.02625447062505147
-0.05358236064431938
0.03905011675654656
0.021031041947600988
0.03033452328828919
-0.006298303926151896
0.017359162762594693
0.02192342060861537
-0.030405557698465816
0.011451894862783946
-0.0011424385987797393
-0.024476566821025898
-0.025359214295740416
-0.002741537042383829
-0.007840324791555596
0.01784223108186183
-0.025799164569845472
-0.052167783149787386
-0.007488738646889786
0.011139427245901012
0.006756124020668401
-0.010829520275772825
0.003129094886122711
0.037254905628890285
0.005971576105457422
-0.011527342409786902
-0.010383328181287718
0.03224393589030331
0.06048724576110149
-0.020634630579466337
-0.020271929269847704
0.026911647108418882
0.01742941397072628
0.003511171360006654
-0.031002516525623382
0.002792070728211588
0.01464552832387995
0.0013174472334028795
0.012988637092409763
0.006671445745354058
0.02132012251783041
-0.016722332068809277
0.0006280247560205969
0.0017925158874086305
-0.004357361092287968
0.0010273458075993405
-0.01649037775850712
-0.006579255415109585
-0.004382313122960955
0.00925304445810678
-0.02139294942195822
0.048921687561117304
0.0371600164657424
-0.06359006200378141
-0.01929086056577825
-0.014927280494382234
0.05978696817682729
0.008914365585405514
0.034830295811366395
-0.007907753610965717
-0.00881141842093733
-0.03546509926232322
0.0012417779852440677
0.061052413592210024
0.025820477464613918
0.024445308855306186
0.05290598442598812
0.0034473917330168913
0.006900281350677848
0.03866942255773581
-0.025394075308853202
0.000802704811116491
-0.016205674483427242
-0.0546408548096958
-0.00435410345434819
-0.017410471385555206
-0.018777320473344874
-0.014375114379512074
-0.0029060116779339356
-0.03302888615258178
-0.015559330053709165
0.01589456139732625
0.0076288101426510895
-0.0051633712152242125
0.03620725786823051
0.02907111707805173
-0.010195542567650293
-0.014690053650139246
0.013812378523635569
0.012322330480595292
0.03569889336118615
-0.011097140053789771
0.01616831034249151
0.019136592487427398
-0.07323520991845653
-0.041928835930377016
-0.112192173454004
-0.012855654116219166
-0.0007676336862269261
-0.017252197161010747
0.013128010085985943
-0.0009363537490738801
0.04410964662364074
-0.006945624773810885
0.06513444457328499
0.015887702677447022
0.02507025446871718
0.02252230430994695
0.009866717792423351
-0.018251882893844332
0.025221629139550075
0.005037752152496967
0.004252549251684702
-0.027811553264039564
0.002855059743621279
0.010526620618634273
0.029740904387864857
-0.0033812536742495202
-0.03361976751676917
0.03470442028078198
0.007538751048712864
0.07534345997251855
-0.008351050203971484
-0.02288286743733528
0.0011240230776932577
-0.016540171382168702
0.01746303132380673
0.0017965538785622407
-0.002428138025754566
0.034669340557365966
-0.036486493889530396
0.012595713840994175
-0.021302151529470077
-0.008616699450256593
-0.02096819800873241
0.001822912263380386
0.016134780824468162
-0.03829033420893735
-0.023548554138137907
0.06626242823276976
0.020287065326551362
-0.02445643696909323
0.015138963829986822
0.011911467167185974
0.019354205325696063
-0.014702611442430848
-0.02636950534522656
-0.020572965910725296
-0.0008247154382716113
-0.07092495193945643
0.02479672408223082
-0.06856801162264785
-0.0016732136492601057
0.0011392729975301234
0.012055370328799941
-0.005503542400930507
-0.003435386260727783
0.04278587387010585
-0.06424465394602658
-0.00969757958947589
-0.013151814835686844
0.005422184407711944
-0.035323978183137365
-0.0333054033064927
0.028540898384091296
-0.031207455428779667
-0.018905371874146197
0.007613579089310426
-0.001220533602750959
0.047991709987052565
-0.027224054575727165
-0.009198784566794772
-0.02681549984099368
-0.002166105881878668
-0.045549809423105575
0.004394252761614783
-0.012281630358202211
0.024738020516656474
-0.008300085389730545
0.022593312421433812
0.03591625755238548
-0.041954503955468674
0.029904791119246203
-0.0011579729290001515
0.02062420055435855
-0.014976226948593569
-0.035479478430793285
0.0017922767553066727
0.019343643051303663
-0.015266018449435466
-0.015730076992570504
-0.01862779285057433
-0.005399442013158706
-0.015337085745540227
-0.0013075127455438843
0.007519321351179893
-0.04943214619768099
0.0008997030868904932
-0.01809263495524179
-0.0819403470934862
0.003225246774592464
0.022573253518379317
0.03177702031823684
-0.02510226593977188
-0.014411359705456393
-0.02506768359828261
0.01332968719546242
-0.024581900419943056
-0.019238230905261323
-0.018767220275653588
-0.013938619466398126
-0.082991009357018
0.019604935288743637
-0.0031970924351691085
-0.05054016214277403
0.04841773857767465
0.035313560945902205
-0.000488005299127226
-0.0010937187802713933
0.015585826096031867
0.0033404475977158914
-0.002949227939624727
-0.004630448464789378
-0.005908759487746491
0.016345428415150607
-0.006452982407725365
0.026447286102784448
-0.005459071367925287
-0.05156527674756172
0.019238602330844633
-0.02732236800149593
-0.030926714879186353
-0.014375923531155731
-0.007996051157147051
0.09403331780371998
0.007174597239574005
0.005275609737615174
-0.015115171770922597
-0.0008773155709949363
-0.046496565871557954
0.01307895423238705
-0.0014248398929722372
-0.00035916663039414927
-0.043570342520972125
-0.03173592990456643
-0.05524225788957313
-0.03933900474125733
0.01815049474575361
0.059016599631935215
0.000765022613806258
-0.03474619970281746
0.037283302448322446
0.023543757745558603
0.026755784494470233
-0.05917281230295618
0.028025934695914842
0.023574767711404043
0.025065483098214516
-0.033938718198909534
0.0483270418430857
0.02585600832697094
0.02247631336562175
-0.00795895705968479
-0.007375310348157582
0.010587480175120912
0.012882547275577482
0.00032812279604783776
-0.004130530963977155
0.047251589929951404
-0.00550785433022714
0.006457454936826664
-0.005996626540118393
-0.10047931047273742
0.022373632674384268
0.07589301826961448
-0.005392497035830011
0.04037324708832487
-0.041656282453355106
-0.0006878411073998024
0.006759035506595599
-0.029019058949504097
0.049156320320891206
-0.016098683643057155
0.021346504073131448
-0.004095947630184094
0.009989944699207744
0.025518602356452043
0.007111406034122674
-0.05629978674291339
0.026755730934233987
0.020729737461981854
0.026948292162177912
0.014086423635288035
0.004541027194104407
0.004170938122934651
-0.047570913322082485
0.11897184788363463
0.012243474183049932
0.008833766102010754
-0.03297182647145275
0.011184188264064657
-0.01794836736533413
-0.04655984971812927
-0.014984533331764778
-0.0033396360455732335
0.012129821786461189
-0.04627650283731374
-0.013081171750312428
-0.008380348239669022
0.05711429713190547
-0.003928372833329667
-0.010767489350425962
0.022845462064993268
-0.014271792747523262
-0.01079017395213535
0.018972304670352075
0.009359702178678354
-0.059442708065064076
0.028589101751966096
0.0023306913010179317
0.04015176440644795
-0.07517371078298661
0.041453933823142684
0.025816243690013622
0.0025828793580269654
-0.07026313104989458
-0.020632298892530754
0.0031338423374484017
0.06707123882195261
-0.0032439803106137327
-0.025557008901799565
-0.0483703565722084
0.0028826728001463075
-0.0009140236804356194
-0.031042643147898466
-0.02066622431509707
0.006739815308204435
0.011611913340374336
-0.020324382950207855
0.03238256892551861
0.008898915917468875
0.013240183117578432
0.0186252390149193
0.004566841031371763
0.03086234621157939
0.028786405699732787
0.021719818124845816
-0.013024455684755265
-0.04840946106806006
-0.008912227824786862
-0.022047953173302604
-0.014675677328758413
0.024317993430996523
-0.024021074637244823
0.01878138119250418
-0.030432061543386926
0.016960725362830803
0.019862114253988126
-0.019644988830487695
0.04501002051917448
0.029958354122353793
0.018778035199090642
0.0007500153897733859
-0.030643950984904023
0.007741873038000371
-0.008629967411830947
-0.02332280928013915
-0.00035799530237340453
0.019263741640089236
0.028986805454997613
0.00013309212388340345
-0.011553936603339393
0.020633770460561487
0.0010629620045999476
0.008075952203585535
0.0044993874078161425
-0.012459867171430277
0.02105102319998072
0.010875780967290322
0.007892863159351936
-0.026457974740333887
0.014794038369601966
-0.009765735206327111
0.022351427874794102
0.032911495706344246
-0.06232866332619436
-0.03929871976704528
-0.024358381856716474
0.02843473547541333
-0.005533409975039923
0.011005250645483005
-0.006103237385930026
-0.015322179405326566
-0.016922229973940977
-0.0048951133745099495
0.00020368131052141966
0.009258348914353086
0.00033180557640297983
-0.055965386772857416
-0.02045058732781475
0.032311779449411875
0.026406339558536714
-0.009572380952672257
0.0037333188805411407
0.04612990724746597
-0.01148684653028715
-0.08224938590330255
-0.017300986385413577
0.03247602769972907
0.01535320873508807
-0.03678392595665292
0.007195606267070833
-0.04352286862062533
0.0274205691866793
0.019485840286234728
-0.039333933915763564
-0.02888380821812193
-0.03266032636878438
0.007964593106028994
0.02959055777528979
-0.0165004566488096
0.016493801580625
-0.011959105261672253
-0.006517762794244347
-0.017550630656609993
0.004636216042380353
-0.02055077982961687
-0.023238033631703885
-0.0018367599861152178
0.009087784251090757
-0.002561031956830019
-0.008883892492425681
-0.024486495668302317
0.033807722108820576
-0.050068882687728265
0.020076475838137854
-0.06631124918219264
-0.03470973186263801
0.02933823373271207
0.04589277826224979
0.018366173888722
0.0062790261300848076
-0.0016380140237750652
-0.011689022602756019
0.02463619671925998
0.03175146459501475
0.02642798936959232
0.03582623906831189
-0.07860023786946252
-0.04224351671037724
-0.06540193846549536
0.02964384896095954
-0.023906246641871708
-0.0036193162009620972
-0.0010305643227367259
-0.033379717763970376
-0.012576641641972433
-0.011792321716043672
0.001433452299206191
-0.06705212127177138
0.007087860351927607
-0.032676135143825114
-0.0008986423677306585
-0.0030278042918468044
-0.06059197206947353
0.05009360222444745
0.019256471170871904
-0.005767253062807752
-0.020196288379919557
-0.047388532671965265
0.013165556587056131
0.025255213123900614
-0.007108530314786557
-0.045150736152365346
0.0015797712879828047
-0.017411789976031378
-0.012774328946937776
0.01621253905849973
-0.03253496006179032
-0.062195474348457326
-0.02359152652279649
0.044270318017549486
-0.02500383732932806
0.014369406962610338
-0.04362931516175257
0.004611251979724357
-0.030473475760880834
-0.013164281585802065
0.003416569383154402
-0.00023802914611926212
0.033863781480614
0.017773784672553573
-0.0456771609882202
0.020262386365657425
0.024876412214455145
-0.018150781811763914
0.0228379408324845
0.01863237570704401
-0.0014465821640311676
0.018580867346168553
0.013574175300632116
-0.0423778705646988
0.04361254698188497
0.03699886540139066
0.029567636192749058
-0.013747931133640957
-0.0051086701180149486
0.009338754710085372
0.01479916709274383
-0.020508795643635398
0.041988708398331576
0.01775521403471136
0.014309194004989482
0.09479349866493526
0.029780754530162688
0.02851106096054759
0.0020427060210942575
0.005400277446590164
0.004575311909161395
-0.06815020651012997
-0.031718760732103016
-0.04632819899834267
0.0010578046595074607
-0.04785587379971463
-0.010113224228803456
0.032631185007979485
-0.026074006074147792
-0.001997018091372691
0.007836889489991944
-0.03198772785831488
0.017059268344794282
0.13923749010649827
0.02725714349105092
0.022818519503228926
0.00995510507290357
0.016462372775212907
-0.03770236682846797
-0.022630906949560676
0.007028453466588892
-0.029009221314933102
0.01122017186391205
-0.013845725866997428
0.020749634549137225
0.027000324207948387
0.016840714440744597
-0.004127635106359552
-0.0041871355613964855
-0.012842413955541573
-0.00978658215905364
0.004796627502110958
0.020509786751241776
-0.009208789410801653
0.0021161471700977662
-0.027960332077961406
-0.0394701112211113
-0.003959714778414971
0.03473582742045769
0.009605410389256419
0.030708047623879825
0.05900971436902701
0.028493057392567057
0.003230040028852256
0.005463245695533201
0.017255054061533607
0.022733111093586368
-0.0035736300038542797
-0.016451241108573503
-0.02712085717111542
-0.0055818634509435285
0.009053509650241424
0.011415127645257293
0.06790243536529751
0.03653157077732607
-0.001113280383113329
0.003482979764920434
-0.0034098521975303936
-0.003713792840413843
0.01188184698633481
-0.008360522374204439
-0.00342371886996412
0.03982150634703767
-0.017561576697798544
0.022951143288000377
-0.004013106960939622
0.020657879413942523
0.03960123299683337
0.06350417235094047
-0.017182094219022215
0.007625069462576102
0.013029784923644268
-0.008995400232649838
-0.0026835308085287083
-0.007399887286530991
0.02542180870388922
-0.01115566660180589
0.0367534459941176
0.01551657710297015
-0.010997926873728909
-0.022000531415572008
0.0033198385749840854
-0.0018558294873758153
0.03752134024604914
-0.011544592458934572
-0.026045789230312786
-0.0034270530777957245
0.01979717340149945
0.02017854930035243
0.04369632692402787
0.00038927241392408
0.0013909984889874103
0.0039642496143436476
-0.01747930152623508
-0.022587143011001586
-0.004373834335867346
-0.0010068268653630483
-0.03335443815791736
-0.006979328083413133
-0.05578775319298941
-0.0022917407905034526
-0.02334214226683147
-0.0018433002309315681
0.053039826691539484
-0.02348816620341338
0.023510923140124013
-0.007598968814865426
0.051485329220746834
0.038706715617752366
0.016329024986802027
0.05213020346687242
-0.019591731215554128
-0.027476500674689795
0.02583702772906294
0.009180132831388394
0.056175296338922744
0.05854417404217382
-0.026299172311105727
-0.007614430177611098
0.05896568520768682
0.014547930056241245
-0.0021210793701246108
0.01062071257958855
-0.010215734240425557
0.0084391899754374
0.0005631255406287017
0.0035146598322061003
-0.08980028454829717
0.01817947746855515
0.033607976251188346
-0.010194900138509945
-0.0014485943532716462
0.004335498260259116
0.00046276945040313734
-0.014199945589583023
0.0433286117299305
-0.044810614463403495
-0.0351457895839661
0.02577538059580431
-0.009592593680679756
-0.02687738106481075
0.023341409518985223
-0.03213394330112076
-0.028049451831695528
0.013878091249963193
0.017637699762305004
0.06851313225933742
0.007652944011412428
-0.02230104152579989
0.015946176992141563
0.025970006338388363
0.045344126067687646
-0.06139111897228871
0.03874984424216794
-0.0005255540048152754
0.010953718784476525
-0.04493537659508479
0.022024555506575328
0.016138230757430774
0.0631697595521739
-0.020179906007244324
0.016038949909514415
0.014280528762775427
-0.016362276662655703
0.0032427807293927665
0.025389796956527825
0.01187209808622948
-0.012664657121895732
-0.06615571607112837
-0.05090729371547955
0.031911571405683334
-0.02203166066334746
-0.013322934499416851
0.012808001766376734
0.03278149450412861
0.0036863832082705034
0.012689950409206178
-0.003456594111825301
0.004567001203203756
0.07894310961342751
0.03123234088177521
0.019721818967009537
0.01005220034960438
0.04234200825484788
0.023266987228329532
-0.0071297878719664325
0.011585883875229387
-0.050068934664922855
0.023093200712297608
-0.013827860206364473
-0.040862051064878536
-0.02248396187683393
-0.019374425625610106
0.021612877635455146
-0.03148326352851597
-0.01965737098361961
0.01126783090195739
0.03979413639105391
-0.0008506064737247252
0.02826714744155712
0.012845304557358682
-0.024078360744173487
0.018796625241321377
-0.004808513120223539
0.021936294066258345
-0.02475470516593767
-0.0007280028610807444
0.012866455541058882
0.04691055401205384
0.041682422279047636
0.015089497786054095
-0.028731095953660572
0.002364400991269361
0.024979313214915616
-0.0056435821253777285
-0.003191894060138625
0.024954900153689973
-0.0032666199062826302
0.013995480650881588
-0.004332137107999754
-0.03537442869756285
-0.041726634905669184
-0.0007656047576810757
0.009503879776044898
0.001367378204369358
-0.009677653341981667
0.0005418495685944037
-0.026600866738529936
-0.005864214881899501
0.0070965814025136156
0.02661456230065947
-0.005391635415083568
-0.010877426186971096
0.014965923731323346
-0.027381787383071832
-0.016548038406126515
-0.017477018624737873
0.006702475586560912
-0.016721358445134005
0.007926766202283076
0.0579777184049693
-0.015134510520977432
0.007281943440610811
-0.020057687310322644
-0.010922956494067977
0.02920833163146645
0.030567445325939958
0.012177016265846066
0.003451147174715568
0.020913796066184407
-0.019033997569585927
-0.02015828306161881
-0.018650254847905046
-0.05480189195033001
-0.013378251740816784
0.00022670912757200443
0.003655946207238069
0.08145713757772309
-0.014144843006886995
0.035033772596937546
0.013141578418790214
-0.012841419293795042
0.02201013215011013
-0.029875395481026412
-0.002367427655147995
-0.012677098945639422
-0.009957777814074548
-0.04211849123685285
-0.0023823313479751133
-0.0013994749897399514
-0.00021996765635850257
-0.0006218877977336864
0.06395392383141021
-0.03596493476861892
-0.005152877439455324
-0.02093993559025142
0.004234168747542718
-0.0021970056882274634
0.017976708223065952
0.01989979417395465
-0.03202970651293619
0.0050855054409423
-0.04976980306253622
0.01113377781123657
-0.02011992537343915
0.01859601500733187
-0.04249142918733497
0.011668686608816125
-0.019564586060351722
0.04668118847302101
0.011541301551506927
0.009557213380624137
-0.039584362991051836
-0.005484952434849051
0.02347479466375695
0.03020784764456376
-0.012742950300852618
0.03840891919519652
0.006021270062329798
0.007408895006223832
0.008147597030453457
-0.01155561415840699
0.05410805632663997
-0.03468528338824522
-0.0018421016006198903
0.03500982544279686
-0.1177076285173772
-0.025713083847796463
-0.013148114586978045
0.025199901846675206
0.01564304242236653
0.010774673429001517
-0.032824120719141585
-0.002287913644278277
-0.005454266959864493
-0.0513036159979973
0.003958707003427878
-0.0035593578460506718
0.01333472547871691
0.004514486380023147
-0.02328536395334633
-0.013931925767152941
0.033913689709490914
-0.005805657428647184
0.008752053384167246
-0.010832589584033258
-0.01220782879201414
0.03964681574431831
-0.016491948965549688
0.09475273079607557
-0.01721637848371059
-0.013265341514693073
0.005308385701666859
-0.02903561651751763
-0.00024370831728704322
-0.010517122499907305
-0.01355289584577264
0.013177108663450034
0.00598072992686513
0.08098171610586467
-0.018836835440352313
0.006567559839838045
-0.014562257396305296
-0.00823287842983187
-0.006662939834941833
-0.011117679804152928
-0.027819959020526922
-0.04163364601525242
0.0026437572425650545
-0.001097810782502246
0.0014555531756690985
0.032444872941851
-0.01147319214701175
-0.025031201153124752
-0.012181824722839947
-0.013227670249188908
-0.03854819475304421
-0.009203925889518459
0.05717969285757168
0.0091193363057042
-0.005164551475701882
0.0219337859638145
0.01929074963133884
0.0193713662093215
-0.024297681916953986
0.01713429758331436
-0.00041053634844896817
0.015517685675545194
0.003516953290166994
-0.01644455910312501
0.01614395515521996
0.03909000353798666
-0.04804574610178296
0.0015294130977029166
0.027404162337446115
-0.028403868254720292
0.020328845387561426
-0.03133051470350628
0.008845801420413229
-0.028698636523626947
0.022089912051852303
0.00015787058621459605
-0.013411237564713265
-0.0039560736337704355
-0.0711261609549742
0.02373550373403258
-0.01778443174654878
0.047404897413735325
-0.003428635360411013
-0.004753549770152869
-0.0009193996579304473
0.0021528459953803476
-0.008794274323944912
-0.019050863148586665
0.00600460680487823
-0.01054027296359372
-0.011963909828872136
0.02471394820429908
0.008548655016094111
0.022049732781471442
0.01846176628858007
-0.007525797693626141
-0.04384692238001786
0.003502269662749428
-0.01139747307451883
-0.09560900299257052
-0.0011751619472851968
-0.024701213865883517
-0.0009725732828008525
0.046947014193490594
-0.025851573682594813
0.011183862545432872
0.04705410346092236
0.0591822233018413
0.007375999129571119
-0.004363045056220269
0.048549604081508164
-0.01578918052102887
0.04233781120503273
-0.019037827658282457
-0.03265886288328938
-0.011076330758919086
0.000677619344564978
0.007473061231019963
-0.07292921327105367
-0.026127767921028538
0.004229927596359916
-0.04661842637726138
-0.01282369944155792
0.018013386985924962
-0.005203490962463487
0.005366813302888737
-0.004882895838526013
0.005746012463554698
0.05516987657419156
-0.005533508635089892
0.03891159853894398
-0.005679332839719767
-0.02387679037556024
0.0030969728262154224
0.019313250905393757
-0.016139564784758715
