0.033968197343288827
0.004636426429621037
-0.021440483685055186
0.008548577947709286
-0.019707173117093562
-0.04125566248522102
0.007899125094642861
-0.01765168073829781
0.0143683243800968
-0.009758567311958692
0.06294030239469914
-0.0004853450282136939
0.01022022705193086
-0.01296535776403086
-0.0005550362922429142
-0.014993494863682375
0.01600274746596187
-0.0050212329263095426
-0.02423761954857191
-0.006649102407420469
0.05526825116585795
-0.04373032489352711
-0.023757277821719693
0.00010050213149241591
-0.011741513379653994
0.011901623195485643
0.020362925159960747
0.030510049676338472
0.006533912955878165
0.0016764760240823996
0.00028749344994942504
-0.02434080367173234
0.019684542361593355
0.005276973075382126
-0.031435045256497145
-0.01735756129890568
0.0220264793725103
0.022035971888978618
-0.019464066161010977
0.024774280216377214
0.04979875352426271
0.006440360083843138
0.01876530265751197
0.048382256211134005
0.011160613367419388
0.014498185962031602
0.022656763712935395
-0.013489276212202797
0.025865832430455534
-0.029256555587885695
-0.033918654651710546
0.0008236874910734336
-0.017518904303555776
0.017509331515669354
-0.02521235234192255
-0.06589544896096348
0.01534920258636519
0.02270443429296432
-0.013727191526031727
0.03240388515491766
0.011299116424326502
0.0228276754416905
-0.010458011232001926
-0.0074569191244716285
0.007599945950280941
0.00041287521807329883
-0.05177235412908446
0.0321654991820433
0.054193137550771
0.037407307978228554
-0.030383728161500995
-0.02091779619040714
-0.01965471277503796
-0.029269446429489483
-0.01011302127001298
0.01508917261369553
0.02617387964136877
0.035930062460610014
0.059925799071945736
-0.04349325537972983
0.002795554843829948
0.02253470087896269
0.01648213666255194
0.018545591403884468
-0.046462508277312936
0.010692713684926388
0.00727520592773602
-0.03970657777185609
-0.008193154788076435
-0.013052733604004803
0.0021964536150662984
-0.0025587297604151133
-0.002889355865430835
-0.023448736640396428
0.020963513103435034
-0.04023238932783003
-0.006219903818453532
0.02450618986531461
0.013584463549087785
0.008114328981838144
-0.04311109820365993
-0.0003104379704615518
0.0013349111838209455
0.03996834045733677
-0.021367217055190024
-0.02653039107762527
-0.016706986666809323
-0.019588479252384397
-0.015465097961054613
0.014365107828289342
0.019235115639429562
0.007799601941614164
0.027667720123688542
-0.04089299215647105
0.0005971409500143165
0.008838047157805194
-0.013203915160828143
0.00730871798613621
0.04786516379529056
0.02102977790187156
-0.003744271216178551
-0.005915101570347199
-0.012399275177561002
-0.0037500473573077136
0.0003891307772093277
0.0061920371955279515
-0.031225021370615887
0.012645568537073888
-0.02225159953558551
-0.0014887226214732817
-0.030443517792232783
-0.005466394537361246
-0.021570024984656926
0.008812567369800824
-0.04356918695041346
0.023137534473856157
-0.005895169252145148
-0.017819824562825815
0.052672603953073646
-0.01199339017707057
-0.03789888413454724
0.024380658460637764
0.039928375293454
-0.004308264965790059
0.03286449935234456
-0.0017160833374706347
0.005354428949242083
0.05568694169062269
-0.04184353551985564
0.007562791047716875
0.12298997521852326
0.04204050228405522
-0.0059027236470206605
0.022388710432986726
0.011748665722182512
0.016684711394467387
0.01996784990126798
-0.004593420663995488
-0.02832465387201211
-0.05479366678761356
0.0281174429254623
0.025919064691626734
-0.00038860353572653383
0.039819800527626036
-0.0013231054135002395
0.001477563912996809
0.024224216778317705
0.009726095106154279
-0.008941555916412177
0.04217491264772767
-0.00441423606561182
0.022598580125591964
0.02356441945289676
0.007300058107303314
-0.016803577985973418
-0.010412771167316943
-0.020969548208022503
0.040952280653475615
-0.035762844992594404
-0.009888995643924422
-0.020668682801093387
0.0013687219937380437
-0.019068728347950658
-0.006064481366230043
0.024764037086823697
0.013140083380280613
0.010011408351725606
0.014915386381483675
0.010762212058407968
-0.01581628679684988
-0.0007812285624040778
-0.01072816713624108
0.021476471858856223
-0.01651370047220668
-0.007250501249908174
-0.02161606642370761
-0.06081665044319895
-0.004986236180272133
-0.021094173776680755
0.0260042418131955
-0.0003379934094729431
-0.05234455890483623
0.0021572560380508157
-0.014120823349586533
0.026071433045695314
0.022279981628273722
-0.003173627946650546
0.02018068956578285
0.008326656684203257
-0.005257949996668111
0.010513399714661751
0.004830355996230087
0.008500751118995287
0.010593616091431054
-0.014408003025300974
-0.02519154588766568
-0.003998810013232999
0.020301596780804353
0.007335698783394853
0.0009077693534781559
-0.04545633760207761
0.012427848884909184
0.0038797680748753997
0.01897652877133361
-0.0688875080925407
-0.019477598444773033
0.025756072593851185
-0.00762834569785269
-0.04535228370760808
-0.07258784794588927
0.023281144287903087
-0.002600251096800202
-0.00887870417048206
0.019305230656920285
-0.027559258927786077
0.0002218375318237506
-0.03315931738067116
0.005381474408597374
0.0038774902618853965
-0.0035604233451931038
0.005439290729320099
-0.0034851227812775043
-0.03208578354149244
0.01379095633874718
-0.02740745093966555
-0.029003944749426244
-0.011059703780231196
-0.01563967503561965
0.012934143328729025
-0.012030788841658363
0.040145339212154726
0.007146417209866554
0.056775454945202114
0.04405650650559658
-0.004675513133203624
0.0033201316077506923
-0.00709506256267609
0.0041908792194165385
0.014003567912824661
0.01566243375776674
-0.031370469622110854
-0.0019161737709808954
-0.004816178661999301
0.04067706005476285
-0.009234536900684853
-0.005689043585937859
0.012417222679552864
-0.0033195237142750983
-0.04126487120297841
0.0032307644422946338
0.049824300943606396
0.04399258294283005
0.02212613376741027
0.04766689458036166
0.01604940271707148
-0.06975190388359015
0.027296439465297986
-0.07557241893080152
-0.0380171162033199
-0.03339404026652068
-0.008217412461121325
-0.004639216710902293
-0.020407514708597557
-0.02327451488769617
-0.04448347943022555
0.039631986099687384
-0.01605357859390571
0.026381555857693334
0.043040640178793776
-0.006181336131667393
0.022177950620268266
0.02827091212882979
0.013276053994989193
0.003972538415333858
-0.005444410718735723
-0.04176907762581164
0.00803229165808887
0.03299264255017221
-0.019130368377331758
-0.022438201555432063
-0.036029665205194794
0.02377723196616668
0.012708014167704203
-0.015910202435054532
-0.006169109734873798
-0.03387305623802809
-0.002966874211967886
-0.011462094554120906
-0.052362452556139444
0.004622878651425599
0.014775805589472748
0.020765715433532606
0.03993233453744411
0.034627590496122636
0.019716418773820577
0.004995582137294404
-0.0037512938943840284
0.02227428404681479
-0.013786095440849275
-0.018193687677801405
0.04160402576501262
-0.025903271556792333
-0.034356677495508504
-0.016516097886694118
-0.01000068057340062
-0.06524469136958615
-0.012187096397071707
-0.00526676202085594
-0.002004074957910622
0.03235727421572205
0.03185191262983759
0.004464099844948685
0.019082539940372508
-0.021348497266341263
0.019423612524352693
0.02346284029233685
0.012602048803131382
0.027212320598511322
0.042155813065126176
-0.011180331730430442
0.06757477092881084
0.01866048791239585
-0.01521897609452595
-0.02772076973390979
-0.005653260101048984
-0.08534715646920922
-0.02476340737826065
0.007422895495751259
0.008353210083900334
-0.02282696468077115
-0.0036379540528805403
0.004971761001088404
0.008117218874080682
-0.010442497243818254
-0.0077692726234489425
-0.006833609658465191
0.011651314856265941
-0.057144755258178484
0.010526405324101765
-0.003053851585533783
0.006337592640164584
-0.001457281147171841
0.004382315852341851
-0.018744415080642028
0.02164508642759753
-0.026575479998790133
0.01622524682724517
-0.010079768575869247
0.01890643513857316
0.008562552292153164
0.0031832518027142534
0.017911587267933463
0.04371437319990277
-0.014402245725831637
0.025941311398035183
-0.022810750341127967
-0.028837470723065247
-0.007703612143303896
-0.004444414115532252
0.02681146969892313
0.0040713049704859125
0.0005631201884412812
-0.022042306686504406
-0.007180650743185781
-0.024726248120931313
0.036567543380436086
-0.022264993083537847
0.007571554676228966
0.0029599108247859176
0.0027680232264932166
0.030626570957520683
-0.024486286987619815
-0.008037189163219372
0.002060365494340529
-0.0026377639166796107
-0.00440594961779354
-0.007285423465115467
0.0018025222400664608
0.01152919744532822
0.02513499945199238
-0.0023257355859965176
-0.017215901939561507
-0.016045771886527057
-0.0010899234986648139
-0.00717310241453025
-0.02110164839544336
0.027254997313064862
0.03537782870472931
-0.023367899946720873
0.019882574441945734
0.011121050354078602
-0.00480978329690381
0.0077238157998460325
-0.006071054843164102
-0.013250537002691848
0.003950050457271538
-0.007891919630992752
0.030764655127716378
-0.008974797996723665
-0.04033615631385319
-0.027910953542983456
0.015436902603970246
-0.006736951756938359
0.05799149941448142
-0.0019635199447254016
0.007887027725775337
0.08601975111102289
0.024350600586330443
-0.02813062679313019
0.02870595271623456
-0.03416418390736081
0.019866378498859995
-0.04549534844798376
-0.003170695297521101
-0.010026989409332712
-0.01035549752825001
0.013373698416767797
-0.0016006147753223011
-0.017246655325510035
-0.011860036149572489
0.01540941891900893
0.009725452904177785
-0.018316665702703672
0.023497305819333392
0.022094808490816187
-0.016666366600579206
0.019106792290884012
-0.017009135298870732
0.02394925018638577
0.055533053017460324
-0.02326065901997883
0.049026240489566116
-0.007053614578991434
-0.030788130811197797
-0.01797387227716431
0.0154307691692369
0.02242588775840477
-0.019129218906497512
-0.03818202370441097
0.11280490942838776
-0.06015423340150378
0.03283566145084285
0.036155215106220974
0.0033841044989097384
0.008657593264123548
-0.05282278202422428
-0.06271687682824599
-0.0098901307376313
-0.039148913707169435
0.05113877939030399
0.009843599843466928
-0.07725544353118322
-0.05270833268429865
0.02782077201857882
-0.012486862272885287
0.044869374449086175
0.006077784226073487
0.04898200624739057
-0.01689984034522464
0.030619385923922146
0.04624334442165445
0.009012891521355015
-0.05615649467200538
-0.0005804148286716066
-0.0014780771967183046
-0.03361308637154177
-0.00774062068340538
-0.010719872675169936
0.006874587841323688
0.0013202690707745965
0.02792909240103197
-0.031913048042239815
-0.005951800351475811
0.013775344632292455
3.98099551793231e-05
-0.05769434462568478
0.00036282225026165136
0.018797899588464315
-0.028321713291488224
-0.016957684756792536
0.0383994131174028
-0.087625016789039
0.08396323252942296
-0.014986981177389946
0.004078977313325232
0.03562302457126434
0.02591574910288881
-0.026287481969627206
0.015476819642515969
0.01451578239607864
0.01086284764533208
-0.008609932457538353
-0.003658892630651438
-0.01611894239590982
-0.029649161268042182
0.008217965207989765
-0.053352170290469125
-0.0061946736429535675
-0.015792805410850295
0.03237189969111371
0.003503437477636307
0.006304711554345749
0.022015949694018388
-0.03273619656038097
0.01566790755809439
0.038858441225167184
0.01933411487523624
-0.01113407399366429
-0.00995439624389099
0.011271410848099727
0.0021789179002608444
0.021425735270293244
-0.036929778611141564
-0.009859098692331727
-0.02974777803206307
-0.015692973683412083
0.04923289643624145
0.0201507828710832
0.05405278665407708
0.02170617674031867
0.01859822510898062
0.07989318831774035
-0.017260378627037345
-0.029015317574241403
0.015950439865475133
0.0069155892785397605
-0.040127725830124354
0.04224401431463311
-0.004851560417416269
0.03371218499384644
0.03889598715157952
-0.007764095795134335
-0.005481431051379808
0.01020806660014617
-0.03338862211435735
0.013234396937346047
-0.008693133704722055
0.014510718717901995
-0.005361146775840223
0.026248534230767673
0.03580042601602242
0.009165572476683932
-0.04910704439773217
-0.0008040174894648832
-0.004813849660289351
0.03970319536142345
0.01736860632608876
0.02199971734217753
0.0064080902484420395
0.010500906769560862
0.022109154529517366
-0.05116053841131561
0.05379585943574549
-0.003425064728262882
-0.0007919958741643415
0.02126460390383244
0.02204254376374887
-7.231337785921314e-05
0.025494774842241826
-0.01918939476833211
-0.019117092987132957
-0.020708549786099047
0.01231091757110432
0.04771344648108328
0.0018898215975077313
-0.010244117037103564
-0.024201806514372842
-0.0042816215965944685
0.00697438835760217
0.031866235858534306
-0.03223420313869528
0.011984578622525818
0.04972323959097986
0.0035370807980761166
0.014803794466784759
-0.03690426948044929
-0.009069379845865031
0.05620380498133902
-0.00681301060678163
-0.025104347128823777
0.014855239355253758
0.06032263659095747
0.006403251074760634
0.0017361587326658833
-0.001756262857868634
-0.003816327366831677
0.029337200335343636
0.02256569345827198
0.002374893569627462
0.032114928912241644
0.0011988383949770986
0.020576857005733886
-0.053107822265805564
-0.020334848496858796
0.06151836325277521
0.000767509171603112
0.012030497823565097
0.014761539831665647
0.006972134444953496
-0.05821048209226359
-0.008291897509284326
0.05928859357522066
0.004080681614393336
0.011706359253816854
-0.021060113741392286
-0.0048295773244790155
-0.02173757126193496
-0.013245384424330221
-0.016619992096078073
0.010894458954599038
0.02354807350794796
0.019895659125993958
0.08692168236470312
0.008630600628897507
0.00518677390621293
0.018838221510951755
-0.018096485174874107
0.010598494962341751
0.052426059057732774
0.043370982854145826
-0.000549417693951791
0.06413574242317661
-0.07417931744567668
0.037299366846920534
0.047060726690895255
0.012701546894653576
-0.018530502804239717
0.03872702457021982
0.04172031278917945
0.0378253412924354
-0.01835728137595505
-0.012304834464863707
-0.02229267660246126
-0.011283283544523242
-0.044266623781997444
-0.0037341791206653703
0.0010417483387685379
-0.036017752657860364
-0.015938427406475095
-0.009464899792616712
0.01847567759928229
0.029665478687003605
-0.028683994633705658
-0.003300637268359401
-0.02107836972156512
0.0178374005284889
-0.05563852883407251
0.016412856543388064
0.03613508146431525
0.034116164113634925
-0.019558706880220125
0.010495338624115894
0.029860820544842244
0.016502002805613817
-0.00890162921865603
-0.047420496309106955
-0.004406919010841521
0.004619513164551929
-0.13370243107006435
0.016727243192543265
-0.017237515056030363
-0.040960083703026486
-0.002104468878328104
0.019758056865757743
0.035172557090734406
-0.046070110295174806
0.07154711804432429
0.005347067488534851
0.0019283377933152484
0.004327601565517923
-0.011973687222760643
-0.04083546865157909
0.06350147297338393
-0.024594778153415073
0.017129356518112593
0.08669198840750297
0.006684682662449855
0.009231830210159818
0.06557415486416829
-0.06655282378545307
-0.01576467210863503
-0.007128917016008821
-0.002935860426111424
-0.029843758721543347
-0.06452752846802806
-0.008060854485032014
0.011812326002972637
-0.02753528390366408
0.023269702242513946
-0.029763165639373798
0.043741085444015
0.012168652779936421
-0.054938102926978406
-0.005846389615939391
0.01592151516539934
0.03018904276843064
-0.022958025238728207
0.011540269351642398
0.02653238990032368
-0.006645656761590043
0.018495873808762033
0.002517860690116154
-0.004760721824994244
-0.011458906915917935
-0.020054480700084296
-0.05938776651514534
0.0029767257670577744
0.0006781249803157542
-0.012625186231212343
0.006942871874405276
0.01318403539429884
0.006364101141860556
-0.020990881423569037
-0.0006356683483958718
-0.03482832865918188
-0.008030734025745926
-0.01613164515992763
-0.018225957038092856
-0.004909930319486622
-0.022746745528940234
0.039924287846879285
-0.007592679465001713
-0.008027752399625328
-0.013438542285703962
-0.008582024363222864
0.02996432186277004
0.02830646695786314
-0.018727136785311613
0.007159066300954648
-0.007677091266091987
-0.0047979351279350034
0.012525802565711326
0.02260475527150766
0.01037757642346734
-0.05610625614371979
-0.01679940668728489
-0.022804486521052703
0.03632294183238176
-0.013574669751259937
0.052472238416048804
0.011169251723455212
0.008967509831966584
-0.009513781886505793
0.0036716066703874144
-0.014701588762814681
0.02429659993754613
0.019211490595532506
0.07331850637280286
0.0014088883541719037
-0.03852633968598662
-0.003691293241210506
0.027833803809805883
-0.025688192717174818
-0.0611527966243883
0.0006182589792920971
-0.017564542312844402
-0.04134550999644004
-0.01019285654733063
-0.0332047108382544
0.005893963890065664
0.0012612086262677692
-0.023701377147557667
0.03443890976126401
0.030505057152221998
-0.022939409129919503
-0.034815229119061784
0.0486809789795718
0.01043692336763899
-0.0006864346301478496
-0.026578615646278756
0.031393702327290614
0.036448992688496384
0.019096072781926772
-0.02777903943060084
0.021123296149768756
0.03558964718163425
-0.01954948216924288
-0.006805404238924657
-0.01408080677184197
-0.03626052618374039
-0.021714191917463335
-0.025021017205683324
0.0335710237602352
-0.04901792085119647
-0.025372876601526363
-0.009570753220230311
-0.027578273981516827
0.02394892739043569
-0.015362520535481105
0.041397952725827684
-0.048329320680749854
0.034771486586851204
-0.07698420280341488
0.046669055374505566
0.0004705344610192262
-0.019366967969896877
-0.011978972908297135
-0.023899983587500718
0.012193580112944644
-0.011014409016978453
0.017961416490636394
0.0178617798919669
-0.002214205538758469
-0.005864168945612289
-0.01910825647715254
-0.02087274273166731
-0.012531730240965377
0.011214041338765529
-0.006516405922014022
0.007042735014010487
-0.06937654789263686
0.007008531920465815
-0.03337155126362457
-0.0009190537647720695
-0.009708799410879244
-0.020489595028749332
0.04041034148189566
-0.014502693341038667
-0.02112345171307769
-0.02893128747100577
-0.008477935582036826
0.038368537724455636
-0.024221474305152892
-0.006736202440524878
-0.013550387835968727
-0.05265525739289636
0.0005615784668763703
-0.03435714333771649
0.055342555861663735
0.0016618259011504605
0.01551926126490407
-0.03390752960412215
-0.028876189567207736
-0.011645080341035782
0.0030850746699300187
-0.0005925714596568506
0.009034473159947246
0.012285008141849884
0.014875672677981476
0.0380789064022574
-0.05222227558779632
-0.058507292680605706
-0.031110395467816222
-0.011887812188647469
-0.013965829436686566
-0.05102963698939118
-0.02748064523940249
0.03669181376877263
-0.012427618935694124
-0.0025518436231559078
-0.0017442280414084535
0.022108549544999374
0.00858272150376297
0.004735804051054616
-0.02166129893713492
-0.006527685912383571
-0.007988777271513214
-0.06552725611904864
-0.054582361769384885
0.009341800046798578
-0.017694362071685312
-0.04006366019144074
-0.02198125959807935
0.046614184964401326
0.01875844232764182
-0.005221465761478931
0.014923713002388782
-0.012430264405839598
0.03353243228757164
-0.03850649416940619
-0.00567171610137532
0.024904929747739835
-0.018056354530844993
-0.007970759098725695
0.013279235373887102
-0.015532452598575688
-0.002808174780878182
0.005834567709534506
0.05100449977517897
-0.0829025668978282
0.08570705023989483
0.021541840113121602
0.052307295617677205
-0.07026842589551682
-0.030437310526288328
-0.04319648391775912
0.02898396710015774
-0.019480868609756095
-0.012940700092834198
-0.005913354263653069
-0.01739046177563042
0.014567890029437112
0.009456546194989352
0.013597193511603075
-0.03841581852779283
0.042483046300186386
0.015598020714777134
0.021445340707011012
0.03861393095637092
-0.008428637930873726
-0.013827810048225286
0.04494330382152836
-0.008848768273363498
0.028692743906675415
0.04075675992103025
-0.02521211740307525
-0.00869159395035741
-0.01755481331938806
-0.02452528813734395
-0.009769107320279339
0.03387419047546021
0.0031291445988529698
0.04180938234527343
-0.03299326362139939
-0.01364258763593853
0.003662002781460631
0.01763701768978883
-0.015209382432105806
0.03287749412642656
0.018450815127777038
0.032170287895655215
0.06603769499980361
0.13646766726649565
0.002613791765772559
0.02485791558916185
0.01325655725003027
-0.03212504960750554
-0.012607627089101195
0.047741870237959866
0.038179366872761765
-0.04208691023073124
0.01856094404846307
0.010792983412533935
0.05159816638436824
-0.023389390125869165
-0.037585291192464565
-0.0028689599964891585
0.0101486763014135
0.018862128149172517
-0.02544123824696739
0.0064390090091209365
-0.030006744476591175
0.010600130266327109
0.07140973405251116
-0.032785087294011486
0.03239908940299188
-0.011566487212321645
-0.025036760475043555
0.018210199481278194
0.03606861314888348
0.037346579257501344
-0.016803170388329913
0.016571212030636922
0.0017558597693301623
-0.009807198752341546
-0.014356191702616478
-0.001512308833917859
-0.053374351725336
0.003662469609944296
0.042991096444174065
-0.015698011941871776
0.02317225087244096
-0.044791718414265866
0.021523274812481195
-7.918555946560956e-05
-0.01282321134367245
-0.04151777087965652
0.027254987349900603
0.004460024035129953
-0.028234091080772676
0.002919106421909357
0.004750343282602415
0.017248802103095165
-0.018410985474714505
-0.004749529764736266
0.003771897170415133
-0.003926274879595591
-0.008493393648821372
0.018819330319036272
-0.04443997356146688
-0.01867400324982955
0.009875639452694814
-0.04961373519628417
-0.022789931243917677
0.009539460896829319
-0.006274969885360028
0.018121420121880154
0.022159795946688935
0.0009371959331169915
-0.013147694619866795
-0.022303146637789317
-0.0263008523495726
0.04512105677538144
-0.04935188862840959
-0.028301235932810736
-0.03686324220225347
0.0110597983212655
-0.006510358139748859
-0.0033683822636157773
0.02501576689889759
0.014408361196842271
-0.006652210516879527
0.04348486898086893
-0.12677475023647408
0.015820699480180677
0.03685992597302752
3.456277037974291e-05
0.002394197534286722
0.0051215527203735635
0.026595140160337163
0.018666270620684506
0.004204663217617888
-0.0016654462184083085
0.03201272005213901
0.022617636272901684
-0.08186693829909575
-0.0014721991884389164
-0.006679636435021669
-0.03181135851665243
-0.0045217443018523654
0.03432046798069551
0.06374194897265512
0.003993175969091669
0.009426917003671596
0.008868943993454491
-0.027026879607341712
0.038416721878218915
-0.00849964097404486
-0.09963187691073426
-0.0212969859406598
-0.031048939292583726
0.10892106518196389
0.01672798172249206
0.016650494327288153
0.0085270803443954
-0.0029111497705263463
-0.012452821305084266
0.05020541400327848
0.024985669066881058
0.028007823212038832
-0.022939046635048845
0.008036580637243133
-0.012382478220370675
-0.024628766334046936
0.0400504344100121
0.010382896406714057
0.056271350602614074
-8.801616277979254e-05
-0.059411001896891975
-0.012262959025461338
0.04280239739246989
0.02164923724933345
0.014773715486446022
0.02054483857255265
0.00885896655815346
0.031855513033394824
0.006094128661932871
-0.0349140153632808
-0.02983535533991449
-0.038195410984487095
-0.019869876167818885
0.005612291787315783
0.009483648115766241
-0.00898374789398899
0.001060404579070734
0.0031043578820848052
-0.022180434568023932
-0.020796789952107392
-0.007126108083842903
-0.016181196536814216
-0.02288356112075226
0.03778934513949415
-0.013644177276065858
-0.004772891595854046
0.02822042889234037
-0.0010107814500268921
0.012847113125951536
-0.000412456190929371
-0.029992305422202412
0.012265998439538739
0.018903389031967983
-0.05140735593340184
0.03406935713118903
0.02203614570180032
0.04519317996215549
-0.005042803873886156
0.018487691355433118
-0.028177584651908387
0.014269998648112405
0.02635370078760206
-0.03785710403874995
0.01351663252200211
0.01707914494682294
0.03261324090729645
-0.00934697261417861
-0.02122726415164269
-0.015480965503457275
0.003657608849474904
0.020211172914807358
0.016373563475395803
-0.015105226785652782
-0.0033701156783996276
-0.012927327204629765
0.032390897189776786
-0.01267265894458413
0.021218928965601555
0.02208380618848082
-0.025828401339914365
-0.0038082252948283507
0.026260984741948618
0.039552812090339534
-0.008461424357427097
0.02649298214675897
0.018848220211012328
0.01775656942735781
-0.03608677183337124
0.00853753575285597
0.0022724247692049522
-0.009717875524777715
0.0211544185195128
-0.047836284108706974
0.003690399076519009
-0.04756912110573952
0.05081127781945365
0.0017520323375537798
0.0043642277142275625
-0.031003626056288702
-0.004572406006831198
-0.012091938625646026
0.0012445289411644773
-0.026360904933117813
0.036613463800195964
-0.007691136859061405
0.019153597477982225
0.0019198080280110848
-0.0011904072786726207
-0.05078109607271469
-0.008758422155120236
-0.004365972848014957
0.02819043249963488
-0.018413434138402855
-0.03073228757431202
-0.01937401451967569
-0.01393662314841371
0.0248698085424271
0.006590234941660981
-0.005132988428252347
0.02593391951064982
-0.0008465479486963819
-0.042404267247888386
0.026635634590847602
-0.018872151311930985
-0.011478436267297379
0.01703724953070264
-0.016387906274025102
-0.011319795950546573
0.006108564520853102
0.0012055423686363335
-0.05476744653757197
-0.027615452134057212
0.025880764669808935
-0.03573003247660498
0.02464605661936343
0.007949505475803973
0.03598945563638883
0.0016373532537765792
-0.02691978399414511
0.006443332045737304
-0.040358985881588705
-0.0108150574897225
-0.006865968512144903
0.013326896043476914
-0.016087613288782297
-0.013760952031479099
-0.034250340902307976
-0.019809684619044504
0.025503497055366885
-0.01237858384848996
0.06421726991265496
-0.01158720528299379
0.002157979252995103
0.037798270606089764
0.0242053945745694
-0.022635510485781742
