0.015262335679909138
-0.017524959301582196
0.031030323228709005
-0.020746551330474247
-0.018264769670347895
-0.05336620205712425
0.002974171203226155
-0.006478239041764991
-0.018813389449582142
-0.008204135899586547
-0.015468582934006122
-0.013047093265777257
-0.004877151217483347
0.03830158872377691
0.011516730835665933
0.009052911447364849
0.0032906276157766002
-0.009388738993712967
-0.0013314844829362847
0.0020015379209106132
0.01698433956462547
0.04297292524999939
0.012868848419624037
-0.012030932524654358
-0.015465172512701844
-0.03190182779876216
0.01236855634442454
-0.05768670021162641
0.018626795343767672
0.005554766676782745
-0.029281898407476404
0.003877080810819011
-0.02888256810848525
-0.026055988439155103
0.041715238794293744
0.008435407727534433
0.02070340209409788
-0.09483646302887014
-0.02550686132689354
0.02917015310734425
-0.009738807243169082
0.001620923756834364
-0.00019719369281386126
-0.007343005931964202
-0.016117359445621454
0.008668639411744668
-0.015618377558099078
-0.040888839639104495
0.005399171400533797
0.026072311121908533
-0.05959236240725903
0.0008316155607121503
-0.011391292599724497
-0.03763884251781324
-0.00011003962729307403
-0.029267693754376625
-0.03231774233267572
0.002576390133652865
-0.00509410470358702
0.01720516125657242
-0.0006348480562510291
-0.011607378146125981
0.019774075121621906
0.01602147154502018
0.039639605399602075
-0.02770499569915546
0.005613357655656937
-0.012232744028271592
0.020873089447317455
0.04837333594675166
0.015516872335059774
0.04176206321610784
-0.016634640653483364
0.011173473469462642
0.008948941181211386
-0.008428270546622287
-0.011851220181710243
0.04517786056138259
-0.005448361678718567
-0.09831482730054936
-0.014791622538228282
0.0019247349612186318
0.017074023155094938
0.010087478058113272
0.04820392499460664
-0.009116417299403153
0.04072689329194926
0.01094123229560571
0.007704852521144042
-0.005306542400385435
-0.0027646546204858355
0.02926093790147538
0.0019081167671028364
-0.0037641584642490416
-0.036460971007504644
-1.4711403851978287e-05
0.011444235120709207
-0.006990131638100819
0.01605272143860718
-0.011659500340886749
0.05595250370523342
0.011960501750736692
0.007202344648412616
-0.0562481724813612
0.010237289529331235
-0.011087155062648606
0.023227562118157238
0.0065184968606824805
0.026101404337340605
0.011703372380916736
0.013265787673165538
0.021546341098403816
-0.0019555676231112645
-0.007254879361853375
0.017694952513996894
-0.004666238271162725
-0.010624045941666091
0.03150706234909437
-0.007063478329189094
-0.013671911813993584
0.037437577540466525
-0.028727440962115807
0.0077467973010047885
0.002331606614378693
-0.04542507194603791
0.036975521536391484
0.004283818869794607
0.0058744507606608674
-0.0641152149553048
-0.005601551017981958
0.06138105588873355
-0.020100518095228056
-0.04055107519215744
-0.008222612099233074
0.014230950319659166
0.014134474821519806
0.007299592397260437
0.0004029474980012484
-0.014847052390009578
-0.006494317244453654
0.015860327774130073
0.017218883302971114
-0.024077408819122275
0.021040086061274117
0.01111863713769873
-0.010856523468787323
0.019253473490079814
-0.025899064919302574
0.007660117690047205
0.008131575206424446
0.020055971413286664
0.013253307955919474
-0.02664449167250508
0.043053357366596726
0.001318600380277291
-0.05981269810776318
0.04389755999519982
-0.018089325970788037
0.019126761209753144
-0.0304003090009444
0.013485960716128375
-0.02569779435117283
0.029278542387166
-0.028687377299054018
0.003970710683260179
-0.10007690852619482
0.022069438171317294
0.0006741692628750241
0.02024989615251238
0.01277824926615975
0.03104293654216316
0.0579282765863624
-0.011490241115134341
-0.04286876560235669
0.0022305869785522207
-0.005339586722602893
0.01117796072314546
-0.03463113486640556
-0.010738056426492391
0.005824930649191376
-0.034237597280286455
-0.016015291558969892
-0.048101460967276376
0.012112168061727557
0.011452367700482073
0.04643966222302467
-0.027623511698630268
-0.019567565290403363
-0.050996083009210165
-0.051746685013933466
-0.007145187058248808
-0.004783067014686538
-0.01856806211077476
0.03337691933316463
-0.016508660462874684
-0.004759446517458243
0.014179908063072387
0.029756275267566103
0.08884024409287132
-0.0015493376918733481
-0.007820197077428247
-0.005311441917069285
0.022364496361213706
0.014405106560129758
-0.04790358247660947
0.0068617624591822985
0.018605862039053258
0.013307750434430256
0.003979871889105813
0.016917017471998443
-0.011480595064913342
-0.009554563069100607
0.02887073329199123
-0.03491408781664164
0.006690498332392789
-0.013621660923827375
0.00725704270463573
-0.011431760647235388
0.005116467903522775
0.01565992308724237
-0.029220625460342122
0.008685683316689383
-0.0023915762281227376
-0.009377970385665653
-0.0011864265951396225
0.009805995578752714
0.018242129337754657
0.002497757504936195
0.0004465697245951068
0.020375261400846178
-0.0278482832703922
0.005667181687787657
-0.007196239673878357
-0.012399333533222855
-0.026359120267110937
0.016222479042698572
0.0004263375543337386
-0.019393898606238746
-0.011000468167551975
-0.012985256687693255
-0.04472574237487546
0.03684581403702475
-0.01640267430841642
-0.028760032230744463
0.06305811079818723
-0.03327966297273644
0.003746329335175214
-0.00012436056923225734
0.051382222443084935
-0.03581284003874711
0.013363993771898727
0.02719865324324615
0.015558955771837876
-0.030899328573283487
0.01571013242027504
0.049372192806857576
0.030941884695646495
0.0787023465066194
0.05225126190513947
0.008182949447786489
0.02600463163706328
0.001461922143868372
0.04046528835310169
-0.0028012867306683063
-0.018414213265594503
-0.009237733240745886
0.02270751226347199
-0.02055582598111329
-0.046690461747201234
-0.027565796629973934
-0.03438920262434478
0.013680646776400417
-0.018606894150453124
-0.04341775076269335
0.027100539990470258
0.012913344615994452
0.05024727351111973
-0.03826345343059434
0.031312056933944336
0.02620185859850696
-0.034732650830874845
-0.029864652042030187
0.012119893572230788
0.0682455174852431
0.016215865900962148
-0.01152390049590496
-0.04375106855431526
0.002693005002282334
0.02347430930285962
0.027764291299682244
-0.00781237956124718
0.00854688425196885
-0.02647460480117408
0.0026750789292461
0.016124673493009754
0.041722633760420944
0.01993391596610372
-0.01684291568902422
-0.01105151322222977
0.02388008396810236
0.010617156923059645
0.009060075797580374
-0.032982895151715735
0.00641444731314257
0.006097316027586579
-0.010110635289055767
-0.0014332807644231607
-0.012149535619475927
-0.060954068853312
0.014157673049395164
-0.03723631151931454
0.06888070417011281
0.0019809287848000113
-0.0472062434325783
0.015148150345096537
0.03603939850833459
-0.007121408172435428
0.007097263169310223
-0.023055554295497688
0.0044498618736420435
-0.015422780600871424
-0.05566589740998515
-0.03220806603330857
-0.020503732604016733
-0.03245558527998288
0.0122495995449422
-0.029173035950795827
-0.03260588466017435
-0.033085606533415385
-0.013663792609332648
0.013089851000203824
0.04211500318887874
0.004284990391853059
0.0058233252709609246
-0.017498675062142987
0.009674029532822918
-0.027576441291861188
-0.02485883287391207
-0.008812269899489309
0.03815423592726283
-0.0008565773560632213
0.018686775392262857
0.005464801725546606
-0.03844294227093822
-0.019426021405643628
-0.019426503149376786
0.016888469121101146
-0.0429078851172211
0.02328211249650154
-0.011068537651519163
0.0025170919519518077
0.04497356877283166
0.03296912901397847
-0.014426405577610098
0.030048409108109506
-0.0098488652504806
0.004984844124855708
-0.03354102162903878
-0.018871689420457295
0.012037417972252397
-0.028783317114890565
-0.00722307659454024
-0.022200275300111323
0.004366123602149581
-0.011373448250068648
-0.08005248511539496
-0.04653403133288756
-0.0170575099038682
0.008259027693272629
-0.009814694931729373
-0.005578245713090795
0.01644820586696709
-0.02348281562873057
0.02190273147122023
-0.020409796803704874
0.009855037957046318
-0.02104345666627849
0.013788296503610888
-0.017096603652922652
0.022010249171385513
-0.0009601443829531169
0.10772845318883051
0.013812867277519715
-0.02672903385056063
-0.009064309829141188
0.048937433561221676
0.016364955625004875
0.024511240943485318
-0.01836872953293615
0.005510049725738866
-0.008598460919178198
0.03487017541095157
-0.002171242793322522
-0.011480673463524953
0.042134128833463326
0.018620617042379967
0.03832922432507257
0.021905362691047273
-0.0061815819765007165
0.05000417897595737
-0.017456830074280335
0.002296129540154706
0.017521964159695085
0.0050159966838050915
0.03751335387797089
0.03302381627097741
-0.009158318850738088
0.0008983076289972373
-0.011115853280497258
0.008054782919345839
0.010625297935736978
-0.002226902606622676
-0.00941131137216928
0.038892593102915825
-0.0066959342343264625
-0.029586065071676576
-0.035729629795078065
0.0013843667522180215
0.02996342959277771
0.002011063114345681
-0.03908492688224647
0.015979797605380305
0.01389439075217439
-0.06355834792386428
0.007826248824379925
0.03715533510400117
-0.020430571867449312
0.010394860272064117
-0.018784283874550556
-0.03459599320524142
-6.400601349777467e-05
-0.016543897470191818
0.008671430003579637
0.020716973069904547
-0.018155164141648895
0.009901863189419775
-0.053172467480122464
-0.004767096065198059
-0.016495103747305104
-0.003331706132998185
0.049805473549006066
0.0005027293519891445
0.008376307694837238
0.019710161624551987
-0.014968918708007805
0.04647291962508403
0.006440269945019555
-0.00516257917016382
-0.014899925621717321
-0.04469692699175903
0.01609415074959649
0.024249092224265353
0.00013520061345452547
0.07535303567871762
-0.015108697639910483
0.009951260283512172
0.03214117110885866
-0.009649286562921652
0.01175657036221088
-0.047643155288739476
0.0057967680343174845
0.012306457103898603
0.02224975983045139
-0.004766337181216961
-0.02010895355955226
-0.010419325670085966
-0.014206596664473754
0.02742920046050761
0.02489611517835709
0.035457049341863195
0.009215218540997348
0.023605546725949906
0.04718412257661252
-0.01111294606204229
0.006634541077359932
0.01090698983861584
0.05372168759534133
0.03231359433751568
-0.045018150772376635
0.03076920410834351
-0.0031792120687558316
-0.07466857226976684
-0.0463353020228273
0.02995997216304956
-0.003201259183662142
0.023521290293406834
0.02256113432451219
0.01178394335753357
-0.03526543481270415
0.015016898832815977
-0.00616816450800784
0.020613509110270767
0.04312129235455765
-0.032393681104416046
0.002199496118369689
-0.08762621662895234
0.03520791165475574
-0.005144717284250645
-0.0204177751849739
0.012222661017937331
0.014409980457680634
0.0014981611279315248
0.053178703674423226
-0.07497234034114025
0.04060981203847068
0.019095664641673425
-0.04149445649422687
0.015810346285924835
-0.0062559165624030445
-0.014678317451750737
-0.020179888209106045
0.049626936286737804
-0.00895135273744335
-0.028477054150405332
-0.030935364970854015
0.007337441690447692
-0.006371957480628296
0.015605288768914677
0.015388931691985424
-0.04223758135979324
0.08295857371100603
-0.035086905869821015
0.019887312032245478
-0.012705443617999204
0.0016126858018441599
-0.04563697256909592
0.011952679658351862
-0.02106923470921626
-0.024570999612615607
-0.016638624454066105
-0.004636055974381832
0.010945232117110624
-0.0295406699187009
-0.031010250752255646
0.00020123750185404112
0.03707838350018307
0.022378119386896708
-0.008827368457049727
-0.01652976185756028
-0.011117451454700842
0.012488955425513305
0.016094947902891597
-0.0245624915852599
0.017777414595729
0.03200776223005444
0.029756448885402208
-0.004610664544934551
0.05151483527437106
-0.014876566640161305
0.0022012258551868096
-0.028751031471271598
-0.03502383687039385
0.02986768520535889
-0.01719335223469167
0.007103591002017908
0.0025551989612297155
0.0036668679304128443
-0.0006790248888562274
-0.028680785142577946
-0.0044869062473867245
-0.011902765223765835
-0.022309406526914675
-0.02259683818619647
-0.012902511962179489
-0.017704279851941725
0.0047414205282950515
0.0430552213436374
0.001076914261539851
0.029059471520087775
-0.037924813703098734
0.006616726950901323
0.00994161313440441
0.01323554798802346
-0.0014520108068732912
-0.0023944115276539088
0.02873487215056739
0.08131015482227039
-0.013244777145818192
-0.0017648678797103183
-0.047731233433896084
0.016100436310181418
0.07403556572263716
0.0022202221239643106
-0.0823543113200874
-0.02195387427111258
0.05465164869657403
0.01973850902114526
-0.012432246010177816
-0.06927593959052392
-0.03202542549730121
0.03472103668108565
-0.042758066330073244
0.05046437997786025
0.004677892969089567
-0.0007434395781212371
-0.09033401631170772
0.008802488819344222
0.004058607495455197
0.02472315603294076
-0.016494987803595814
-0.00681219561196921
-0.05434136318267148
0.0559939432895526
0.012519910580462925
0.012913147703417054
-0.0024476295047410703
-0.009224222616868283
-0.030839908795435005
-0.039338391527939845
0.032480109514453896
-0.03383106425570656
-0.004708865158521903
0.005787182926566025
0.0071234359469207744
0.029756922979772393
-0.0012831293018773248
0.0017934653889720318
-0.02516300749390065
0.00366818003341889
0.05251519632294162
-0.0024148005777589613
0.0506538267073169
-0.0022654772709701123
0.03437772521994548
-0.0034270686243235535
0.005807192270058852
0.03245354430692746
0.01367218277116762
0.0765189660649958
-0.021680168230996864
-0.010177828340963108
-0.01581829785515896
0.020414015240520618
0.005400922806215302
0.005932089640708693
0.007205375236468498
0.00012200515692314231
0.034885054613283485
0.02180234442933368
0.016309241656223567
0.001993505058893648
-0.0008445271058413492
0.06711151808821464
-0.03812034585393971
0.008637516484212918
-0.0507448033341717
-0.006331736759320492
-0.062016930979422506
-0.004699470156865731
-0.04567792017559128
0.08093600407578816
-0.010009802585739197
-0.000687861555522634
-0.01347594891884044
0.02593983084060867
-0.014747522214588304
-0.0068851546451626
-0.024329875639775973
0.04807902645251179
-0.025305735649201706
0.03797097257764435
-0.013035194412236346
-0.03365585103455166
0.026933760381210956
-0.07303759846837045
-0.0157168662723645
-0.07215984678436754
0.006457592798892982
0.0364481708915302
-0.032857497300717145
0.04045801907104784
-0.0070455504202979625
0.020152709468431697
0.0519169618977529
0.03724791498299179
0.06002966824851804
-0.01771941388641384
0.0016146213021222468
-0.03619287833798681
0.004219029595007099
0.007525549939384656
0.02713379866216347
0.007229673277520679
-0.02911180921270291
0.004754627830739395
-0.002555755561333558
-0.008999452304377997
-0.04283638700099161
0.018160964328684664
-0.025694948389892953
-0.041691694544370037
0.02347247298787116
-0.021892198309828505
0.01715842797178798
-0.0064020154236676344
0.014188702008249824
-0.015329381081332779
0.017379757450705153
0.07711410743184985
0.015752335344749114
-0.016005041286669686
0.015137601017541302
-0.008823302532929941
0.036497606211087344
0.059267168960285554
0.1010721874345063
-0.0008425689272850434
0.04164703680182827
0.017298746524669492
0.005852861083752143
0.06984460640416307
0.0283997484703273
-0.044710484798619235
-0.026820904246034154
-0.01861471810628546
-0.06720768220973604
0.015892990388573634
-0.007126188296041584
-0.0026921234610287766
0.01496903257501348
-0.01131298132868053
0.013327015191461957
0.032786571238515735
-0.08103935472506658
-0.0364354815101886
-0.009809887106508765
0.04314964166260399
-0.023877062874730785
-0.005876944677038356
-0.008290436864845551
-0.025826361525117376
-0.010769846794351905
-0.02080761081004488
-0.01933686092107439
-0.002470624865907788
0.006947869235426409
-0.027363126144225185
0.01459205723653465
-0.06530706784617145
-0.03602245851799006
0.013404588119608459
0.0016135386176191818
0.015602416545896227
-0.012796824501288507
-0.04965355373950529
-0.04540836636164892
-0.026121122827992026
-0.009673620154498403
-0.01731619485855868
0.01736208722697937
-0.0019461927676079184
0.012720148375600347
-0.005393770535375578
-0.005762472132301549
0.07155420538763439
-0.010377617486907862
-0.0008165517015676902
0.09278130022307562
0.0195296265669418
-0.0414101648514223
-0.023370369152939125
0.020411060848652126
-0.007354885161404561
0.0068543165103315895
0.008394070692448196
-0.03192823676363589
0.020369250352915765
-0.024688296662784708
0.0069444263949604975
-0.0036301564495959
0.00046268491552007196
-0.06271019508436339
-0.018237584564572567
-0.03842278849246539
-0.0372237785912302
0.0055289708184955945
0.018111695579790768
0.02265837946112171
0.022553058720578296
0.0071735423552324335
-0.006398329117857979
-0.037895198306687125
-0.005467511183558212
0.0494208427330661
-0.02846488510961663
0.059246284098229386
-0.02157574273134433
0.03102148699647492
0.011385743740894752
-0.033357101112533025
0.009877035119708461
0.013329668983742805
0.020092552647551956
0.013398813852971828
-0.00869714417601862
0.01662415532510855
-0.018453206335091822
0.024137695500712944
-0.050612742278503174
-0.005009943677307406
-0.013545917843400151
0.024616042401140594
-0.010748154189867628
0.005346566610997191
-0.01778954697004468
0.05275324689199725
-0.0010525637111706968
0.028438170354831895
0.02005105841286329
0.049625677584327156
-0.009053661278205852
-0.02171838201785164
-0.018851635052618304
-0.018200649873480128
-0.025392519057067867
-0.0054844174993422465
-0.019121810481939887
0.03859874344586439
-0.007337126535932246
-0.010246292044274992
0.015497122036631927
-0.06778656095070333
-0.013156162203166285
0.024638661712554827
-0.03875764624218266
-0.032100076785658446
0.006336407091344924
0.011482992284486328
0.006006515724893631
0.025268242088540033
0.0020601199003981462
-0.030563555864797254
-0.01536618524576605
0.00454874174153573
-0.011422308559329094
-0.08303848740208619
0.003052655260468191
-0.017179474755012872
0.0026839229472410023
0.037646466006524396
-0.010580566908051979
0.008181350741813394
-0.0018794540427286585
0.041913698062370934
-0.04226542301308442
-0.042970365990905285
0.01173458569707515
0.024981560202817492
-0.051875124251024286
0.00829446585775725
-0.019287163442260048
0.004252819371441577
0.02985035435629874
0.02386514632904088
-0.015431054655240108
-0.010222652178074144
0.04283797376693368
0.0049887106516441765
0.031920126151074354
-0.03933192934016827
-0.08111653935105048
0.09212554436398726
0.00726940052503197
0.007381189516547213
0.020222610394861236
-0.014711862947727672
-0.004926089030269883
-0.007933734154899558
-0.03677894783042238
0.00044743660681565415
0.03072621679022526
0.016611055367487224
0.0006613258630584289
-0.016911667442553784
0.03639028427416518
-0.03775855984378342
0.008922988996802604
-0.0070469301525988995
-0.019513534925059063
0.05225406628132339
-0.024133685676229373
-0.044286444092484584
0.058328908594632946
0.014164838287780791
-0.011512656416549411
-0.03615354066646194
0.02625846148726632
0.01539302160438654
0.035702493591688075
0.0690355082602595
-0.009196970189560104
0.011314962707680867
0.003434289529500715
0.004288390222358429
0.04887559468140066
0.008193500442110506
0.018521607690890222
-0.0021211822461866324
-0.04439510927332712
0.018366589528132936
0.056650065628313935
0.044176387197428876
0.0934156136343953
0.1178178922102469
0.002053537295006998
0.04162592710669976
-0.011529066309074512
-0.03501524561996313
-0.016026015978639833
-0.021387408206014622
-0.008121438823958207
-0.00814079764191089
-0.0036014176698584924
-0.013783315225456847
-0.05267753645380585
-0.044891170553217334
-0.070638643997955
-0.008005148595954931
0.005671079617730506
-0.007033450151907355
0.011807600784174182
0.0024736891996391982
0.025671705558055535
0.01809362712855924
-0.028841733747439445
-0.028508848382262465
0.013184109137016436
0.007489944027649816
-0.00037575854025401054
0.022255800159697078
-0.08807490683612336
-0.008984059879063614
-0.018516482695667295
-0.014908116717586796
0.016593781974117764
-0.02408912373627867
-0.003604248412976853
0.021423498692835722
0.0029477513133083257
0.02245643929084523
0.0076607645521139175
0.05735673462260083
0.04457102127173705
0.00646851642550653
-0.027382456549375586
0.001220047999470993
0.01705809486735872
0.045177319581212474
0.012274486392132192
-0.0077809239411425635
0.05578571697705863
-0.022819573257905162
0.002451482490598095
-0.0043764707391117635
0.006238469795930335
0.03142442426922818
0.05512265581848362
0.0005759659325422759
0.006652461307103714
-0.03487656873175202
0.001046316407352628
-0.010663072472259784
0.008210305011547273
-0.050040514648004485
0.02685276396159218
0.004686598376820022
0.030104540593157755
0.001282134502442144
0.0018061494651651663
-0.03489792186321705
-0.00359312130369043
0.05428458996156215
0.020267447544990845
-0.028804042806193152
-0.006660382331504697
0.0053266725285726685
-0.001120617799693361
-0.01973126251821423
-0.0034743239485178212
0.004831030680404073
-0.02135643338766817
0.01858480067960147
0.01379756927053224
0.01016302302243605
0.02390924155313812
0.017816805661436463
-0.02719007768628453
0.020271135862655047
-0.02908693803875191
-0.013737745373001846
0.01476987170833115
0.0008063106713163702
0.0009954646908226022
-0.0038847930607206847
0.017692396380188158
-0.010679856628403548
-0.015469225769828975
0.005050573057014276
-0.00953723031423502
0.030761495329108178
-0.010777260889245036
0.03503841631602069
-0.006509787498009087
0.020568977041278948
-0.020751056888142563
-0.005350494711937433
0.02462763052538949
0.052187155968295616
0.023798778873995882
0.02824702563420797
-0.022270765934086965
0.013582531760494584
-0.048361608313867106
-0.041096736600103434
-0.011239217016273666
0.001407757277950755
0.0037140146933753453
-0.006041714240461453
0.02420451714565263
0.02421558615696538
0.02172245780221883
0.026605774280933317
-0.03543528378898493
-0.029894900350909366
0.018642040293395907
0.003088792967326272
-0.010286659778059157
-0.013828234228971609
-0.019730731192701016
-0.01606948350284326
-0.029880620766219668
0.013406488279428095
0.001789737098801367
0.01959436673936893
0.038268313839689885
-0.023383946316690045
-0.01609508365826187
-0.0009472862697111045
0.00606634569349853
0.0003825045943490711
-0.032522092300084376
0.0703409209231634
0.041430894875022196
-0.02554855706677866
-5.2889471032256576e-05
0.008540351755930408
-0.03495394770623432
0.040056772235894024
0.019165297592958076
0.016735778778060872
-0.0016093195706537093
-0.009707053976690935
-0.04156501338362467
-0.009979698261107972
0.04016975268048403
0.013494655722817104
-0.02615108302789462
0.0006925964312164013
0.039300431959306284
-0.015213104957351576
-0.016685032856352092
-0.015352019646642496
-0.01294452307034983
0.04262094346346033
0.02836069030267758
-0.013779131698359308
0.009815678035529391
0.006451125011041302
-0.02235561009905551
0.04220513019497774
-0.02348111823970605
-0.0027666589079575563
0.0415009192820997
-0.011917068323230232
-0.0020674735030699527
-0.03609267123771586
0.004907435813506189
-0.014796837343280422
-0.01860978987842716
-0.0034498650452541757
-0.047742908051905314
0.0006874066043377022
-0.024263087330270435
-0.03688359076000062
0.05448103585020433
0.015175650402667934
-0.0017180435362231486
-0.027974973544542047
0.034410557153370956
-0.00252155621521647
0.012053851570930014
0.01148050782359895
-0.002561616713479729
0.012370529597548797
-0.01716132527788927
0.011112559152448097
0.0024163514644430072
-0.07068204128531884
-0.042253348373200335
-0.035401743294164845
-0.00943193276178175
0.01642177357046851
0.0026789907511798375
-0.07898647862698106
0.023087053095200795
-0.017492430962453703
0.030582426358674922
0.01971034437998107
0.016378230721746267
-0.029310762735402496
0.028361232897760925
-0.006498460761017761
0.00642356990144536
0.02858518586736185
0.004474930959615479
0.027315278062217375
0.004703507797174369
0.007629956708902043
0.05196470494430759
-0.010340875580695536
-0.05919771814364739
0.017613856214592532
0.013336621049053221
0.015718310855670936
-0.020944330377189544
0.013370304697093964
-0.013946947819751511
0.02165664960511741
0.00621597934077493
-0.03784339638004244
0.001369668557040314
-0.00558259045957583
0.022750725041608553
-0.011255751855089778
0.044039700405826145
-0.021787064338767637
-0.027868886779678463
0.015383034348510887
0.03632126712970235
0.013558877101281779
-0.008266804511816167
0.023268722320126153
0.01527176020808354
0.03738476982197385
-0.04105814967168741
-0.018783686293993292
-0.03740809107537949
-0.002357076109070262
0.004186500880062863
-0.056653125385961366
0.012123606614898362
0.009389243402239426
-0.016105110273038525
0.013177230963270706
0.026477364659738007
-0.03472149292762594
0.001129215120264977
-0.004211311795358465
-0.004649746454461781
-0.028150224959281267
0.0018108609806403528
0.0367667746645851
0.05199544066693032
0.025896432123202924
-0.012513784894464926
-0.025221557871382843
0.01197992453116322
0.022263837344939464
-0.009625117724347427
-0.04332094263601691
-0.017954110889061122
-0.008595357485533216
0.008101156959685388
0.010416978657307062
0.011353896285925195
-0.019785896780758237
-0.022289142611612408
-0.0017093300658371268
0.024355992104119366
0.0025011120738701854
-0.04165069252226181
0.009563184986848588
0.033432887934824275
-0.04340138988948477
-0.02535528667807274
0.0040663420176218585
-0.002383285846399324
-0.007264576891649814
0.009487797320168679
-0.0075456903227841664
-0.012860592976354045
0.05047967923343173
0.010179817867954124
-0.018939704000504286
-0.02350704574459087
0.00980501610150344
0.0021080607733806054
-0.013527796722142101
0.038935052548570895
0.005491300341071036
-0.06633172900135112
0.027787222350006798
-0.011666539587356679
0.017720113140710626
