0.027574856983108385
0.03181316252513179
-0.016632420066386804
0.011091590842057812
0.008585191564598442
0.006167480968308795
0.009390704243873546
-0.012126528365966094
-0.003001736651033818
-0.0018204847659159262
-0.0475201349257762
-0.009659265086241566
0.0016359371604760386
-0.0028300219654190796
0.019172605370296376
0.04211742169135482
-0.009403576479761165
0.010932770003313915
-0.000516021308587656
0.04321623660767548
-0.058671100488962374
-0.021812749324096985
-0.002386855666511152
-0.0012582966949002258
-0.005268066794639576
-0.010316823189570792
-0.023307120923757498
0.02022998715561024
-0.01384809551619332
0.06184069161768005
0.03344427459074273
-0.00012824362106367992
-0.03786837328700712
-0.0243217142163685
0.007103090278237439
-0.004029131034390599
0.031925127543581455
0.036752095527573345
0.005941790960187637
0.02077674341091883
0.06352946452485526
-0.00034413903271214547
-0.031072530666055673
-0.01732515598521158
-0.007256967023709712
0.0393809558019718
-0.04278817464306563
-0.013347065817750517
-0.005766242237430668
-0.047841308882129764
-0.05724783893796162
0.016999544786361037
0.00455205359195541
0.00036311610807516896
0.023250414881908852
0.029168080751186157
0.011761220781873636
0.018548468651179477
-0.010840503896159854
-0.004882805511282215
-0.010178404449860587
-0.016475701657714097
0.01985739298078544
-0.022000771621795458
-0.04198444084333938
0.045138484993978045
-0.009074127984815555
-0.01353116414201642
-0.002095161789138435
-0.010639376367045589
-0.07770699153148608
0.033201935363678305
0.011859418588477352
0.0016950555729637658
0.005178475040232643
-0.032827722096477135
-0.03942049160137465
0.08003095915029877
-0.00033250497186581814
-0.02618150257286141
-0.04916997745196625
0.004311958102003409
0.01332017764738929
0.014382060904382033
-0.00403522699757763
-0.04517454511615193
-0.012599480454139058
-0.011000585276797564
-0.04036529802472037
-0.026918977254571774
-0.009539000930581248
0.004829656707563524
-0.0117260810624723
-0.005704931909494937
0.009476909177658447
0.0021437344089991236
0.008765071159229448
-0.02806631211952545
-0.03270139418125233
-0.0009369056934439325
0.0010159606055874096
-0.05210369578492843
0.02378676798266301
-0.06364696575010004
0.04783526926095734
0.004341565687497084
-0.02356507252950275
0.01255223872186759
0.011824007908921332
-0.024135973114599214
0.0062468109603068004
0.02084837445678517
0.01585052610010294
0.017601856112053792
0.009466300498557128
0.009223612336954292
-0.02896463094472429
-0.00922516309955781
0.020401517735467844
-0.01402512792581315
0.02909322556158218
-0.024240186058950126
0.005596828635160548
-0.0383670617539003
-0.0028901556902305066
-0.014894707871481826
-0.009430925715083482
-0.008854702876795444
-0.04635562613351079
-0.030525270688934323
-0.007040294683019732
-0.016163069972941622
0.005233423848957416
-0.013925174617223264
0.025266587396904506
-0.006296595880357285
-0.0005101900616921792
-0.003445802476955085
-0.03256792346312237
-0.02242037022735805
0.04268972066893025
-0.017623623589322148
0.0005426455075584667
-0.018292551024042668
0.0025674805734979124
-0.01628514242881358
-0.009241446354275392
-0.05889926287071179
-0.022659192035898567
0.0064295574710714395
0.021199493269921064
0.016476474060209287
-0.012064551664378732
0.01812262154464827
0.0111600754023508
-0.00875559616703317
-0.006408540693671204
0.030021340269281174
0.02514138164902125
0.0436796967311979
0.0010762670789972457
0.007907328328500341
-0.02961008408829905
-0.018021571161915915
0.06907346081470701
0.05289697095230666
0.009817892844098284
0.07798310081628258
-0.026973629055167325
-0.02339375407466945
-0.008167547299691573
0.027663920364509376
0.02058746842527102
-0.02053445972327014
0.01031518832882245
0.02381039317988477
0.00029847432144073375
0.00039026687316272946
0.027954610637243783
-0.020065694419828604
0.048245635623317906
0.011921842177927555
0.007422854877498478
0.029500120407188413
-0.008570920211530206
0.023386320137525524
-0.04681296142320143
-0.046821476181532824
-0.00975610066584496
-0.019662532733225935
-0.005273524982022573
0.04514701196375889
-0.020099958207549964
-0.006056272530013218
-0.011710217345039737
-0.06044102722680653
0.06456250932096855
0.01977577643227782
0.019663396650105924
-0.023074001910409002
0.020047339025282905
-0.03453470554150997
-0.011342036271924809
-0.0028219147255528613
-0.028586753201471214
-0.06123356268680985
-0.0005555922073427873
0.021373969105035587
-0.0019050554153723991
0.012063419401447192
0.017129579476736406
-0.012677207765500312
-0.0026540037058970247
-0.020875155267388364
-0.012496208284701348
-0.05315923248465392
-0.026923758279435127
0.003496272776608712
0.0680296910442527
0.02757106311614508
0.04117575718098341
-0.0033319441376181524
0.006291666208949151
0.0015375851514869137
-0.10860280533184945
-0.09117914550826983
-0.010650240894084496
-0.01596212357877466
0.01176760061067743
0.0019095610402098855
0.0022904876329153767
0.02410826263400415
0.005804113845898293
-0.03396416752852386
0.002838543266437237
-0.018649972076576503
-0.013692131578011142
0.014338039333296285
0.010657194671285477
-0.03521694867994976
0.03007570093817652
0.033364890581093064
-0.018316379268294387
0.020283686414107813
-0.026675042814213568
0.004005592834799181
-0.012064716379947998
-0.005559780630395188
0.013428941933772726
-0.01843220820644265
-0.0043619470991980895
-0.032758095237325625
0.01890097099323837
0.01268612165540538
0.011979309813631165
-0.02559504237985768
-0.05507950259792464
0.016905347423592072
-0.01447196942188782
0.014076213361158857
-0.021740067973033024
0.023276978335995492
0.00034712068485144966
-0.0033346400105934747
-0.012248479806066772
0.02697030024596381
0.008647585434116145
0.0036461873068800196
-0.03920194180713329
0.038673591511869915
-0.045737760267708545
0.0420594323370595
0.04719334835089819
-0.03968705526813952
-0.00012640750762382534
-0.009046371167118114
-0.0005127188000310471
-0.05342719759310965
-0.05293371708458351
0.05514109073112908
-0.029425861001119474
-0.00840110828063156
0.04348470599048785
-0.008116037151553589
-0.030933919321991948
-0.021123021082631355
0.04657996215034196
0.009955670282858235
0.0024269335688671765
0.001263851481319086
0.019663894389529916
0.003268555867932407
-0.010930745878916726
-0.006591909066684679
-0.00342041211785695
0.002242667384744912
-0.018386019875425336
-0.05893263215170201
0.018291643443656164
-0.00921669008398172
-0.027704829459858152
0.01919741379057856
0.0056748590796808175
-0.0033281410239501797
0.017290488922137408
0.06373659430533514
0.01199486333699231
-0.0016125079846087587
0.033014079852788376
-0.028348559955312137
-0.02023085986956597
-0.031672970326426485
-0.03070409373433638
0.031784118668459774
0.01186982955444284
0.013738731539668897
-0.05313286797129189
-0.02353448920195766
-0.0014559852249653423
-0.009848665977512662
-0.0607624416712194
-0.008618717790995574
-0.01436553494435268
-0.030416671235490002
0.00613476644626201
0.007692669464934885
0.03609931339393157
-0.04502465969322143
0.01209976578724233
-0.042700596636541494
0.009023771279268787
-0.022639445916661602
0.013060594864399564
-0.013105702705255252
0.022190012187240125
0.029664437917108682
-0.033786847884920916
-0.008677792566251402
-0.01774534566134463
0.021722604314223196
-0.01715544430681178
0.00635064559727446
0.0019725962529474365
0.06821500521661156
0.055352883656451954
0.031956321407263684
-0.01140603054411853
0.0033837760686948903
0.008771347118523856
0.02763826594751646
-0.016665331492206514
-0.010281195279213215
0.012796706346547523
0.02596413968939422
0.02787675443240576
0.001485240733261606
0.015744194988154527
0.00761981352975889
-0.011975603864950987
-0.02487512161345233
0.059178357638632086
0.02734944785738546
0.021950204596899756
0.012978089471723141
-0.013427182493188217
-0.014118182841384226
0.014346717684303482
-0.005468176015024067
-0.008583427280349743
0.002540209471352717
0.011480202479899004
-0.02362039889190787
0.004628955052900543
0.03579663390183272
0.044852725890882066
-0.01909406590347908
0.009691524926315875
0.037064397301561504
0.005585810116368741
0.015801786348212058
-0.01769623575673267
0.050575686852674086
0.006574286529772212
-0.03729235314312212
0.002704017179691733
0.08104702108639242
-0.026458377233538374
0.02868275409338349
-0.010570976302005224
0.03440095465008115
-0.029418904101567143
0.014787159672837889
0.011932800266658855
-0.0007852768711768729
0.018460933889845606
0.04059019095505713
-0.024939214731694248
-0.012646983841166344
-0.03373250873728987
-0.003985170900305181
0.04826709043275073
0.012323818479844333
0.023949006026471573
0.021538550529931918
0.033435939223581644
-0.02711506240022672
0.006892389033907902
0.01918468125766829
-0.048154787594869325
0.033059844934742656
0.0244218871730757
-0.07504115222029381
-0.01142232810537473
-0.022727987363337115
0.07289943738676996
-0.03550803300842863
0.035815120331700354
-0.008771578685578641
0.0008409535987658144
-0.032068887301954445
0.04901400390728914
0.0002577098031896779
0.0011206899978473907
0.02700047094342587
-0.0751930943837804
-0.06872857177982794
-0.027662528069104374
0.014687854952786687
-0.0019035148556682498
0.04040829893785199
-0.031458379721977764
-0.006703762699785087
-0.006163600943914926
-0.026825548052152315
0.005737828546553378
0.003450318784448334
-0.019671432872792532
-0.016409930782099614
-0.012795798376099787
0.01429160669594183
0.02793197328652633
0.00551174978072209
0.06116757024314898
0.059961024316505865
0.015104413287793996
-0.007896154927326628
-0.023614507507489065
-0.062496747678389045
-0.026833884094975297
0.07021398342328475
0.03208540061469681
-0.011409407577724398
-0.027937834605689306
0.08679720171562656
-0.018495078422658396
-0.000588013098782633
-0.0035718404899801213
-0.021110641392603803
-0.0832362751736372
-0.027879253877294088
-0.015938932576750258
0.006023097136732985
0.023646354017680084
0.0465277685008258
-0.005037155308209233
-0.028888802822619554
-0.0034873213962016278
0.004172853226429737
0.013332192405912416
-0.007437634971749267
0.012446401029744727
0.04121786587505921
0.010448295720051638
0.045483703374009775
-0.009206718834682824
0.03535271623501036
0.010804059992582812
-0.014834441546315823
0.032027704015492174
0.010110635804044848
-0.02825761001182828
0.028451109264423437
-0.04771042171867882
-0.027806024236545823
-0.02580671579050373
0.020916268218050794
0.018099874445071096
0.00036036763337557985
-0.005821719779740827
0.02475553621490891
0.00521207112553545
0.0003963471583679775
0.01953092100201123
-0.018696566532637515
-0.023744917101182948
-0.0415456474722172
0.005394441947069683
-0.026924804460521343
0.006223839102329341
-0.011371758701196121
-0.017967272048243173
-0.007447675403459664
0.01941566709040817
0.0017182675246433902
-0.057247958262316455
-0.03618022023680714
-0.03384234367061887
0.008482879670907939
-0.03708726701852271
0.054434969425377865
-0.031965344765759594
0.006725723814979902
0.020852149584138006
0.01502979372522773
-0.0034641818718204446
0.0019334323402098927
-0.03956256043182943
-0.03357539462488567
-0.0011074993464979294
0.011334665376392461
-0.0004399559716196705
0.018030465197396615
0.0074371864968086916
0.02164316523874041
-0.009757418491610527
-0.0037624842285056176
-0.02956520954030114
-0.06372549522936692
0.009276669087865454
0.038198443000008825
0.008781900322315763
-0.006390645321474537
0.02146649246992596
0.044695174903739913
-0.0008137071491652527
0.025939715830520533
-0.002169103494700852
0.00022382372660873634
0.009179792557325563
-0.017744406552010917
-0.026549948031681734
0.026031527778655646
-0.03727530531896316
0.012464499587366933
0.016869358856737203
0.0322773682084143
0.07192726186799081
0.0178248133366987
0.01815040618476219
0.00715759709983537
0.022851351642501697
-0.045576625172829045
-0.04538747700132436
-0.016956678193495965
-0.013059155246454854
-0.013704290078588036
0.03044394544628938
0.022870892632202322
0.005673500173092827
-0.013371566276375787
-0.04669808544402791
-0.02924772169716499
0.003587414114866492
-0.0036181857837908516
-0.013041165458426412
0.005017003905059568
-0.029046836985357077
0.011858844609287699
0.009643480913335003
-0.013863866609165483
0.054672502733195995
0.023417411999033175
-0.0032508976128346615
-0.013002175798790146
0.00020358135506100776
-0.019602064111604867
-0.01730277505250648
-0.010028073659537591
-0.013585690768931298
0.005482112441135492
0.03476009222803302
-0.01192541075762331
-0.0014398197471781823
-0.057393615327993704
0.011900882942971478
0.02598754988679313
0.010573486911578531
0.005241060142826564
0.024244908869786686
0.0007847360010794206
0.005783782576859304
-0.002683520666593949
-0.045381982217499325
-0.025002233856619444
0.02660014265376801
0.039495742304621606
0.0062948654368669265
-0.028159491002227546
-0.029140646105238786
0.027004460113780004
-0.007128803898346245
-0.0296627478612838
0.03808845658821932
0.032679889227537014
0.02070387204580362
0.030062517050384027
-0.003281751554104579
-0.00484874592632245
-0.0296601730333525
-0.021707192332039604
0.009785153688265456
-0.021774716777750707
-0.04342374534091767
0.026946330799058737
-0.02768808552579039
-0.028244979012497236
0.008622084536788588
-0.005645343762564119
0.00884975308561549
-0.023409451340340455
0.00042241177098876185
-0.02659927098632968
-0.018890117038622395
-0.013344092984732742
0.004277335235116492
0.0050357233802794995
0.011473634196668643
0.031887653872537426
0.010651160119149074
-0.018042079568073827
-0.014029333674883283
0.005200371194975102
0.07290209129088397
0.033240155812786415
-0.00894011002562837
0.03040437614278408
0.026163655296137615
-0.02440657061720819
0.04159161429950216
0.002330004951250719
0.0005675377810484421
-0.033525561630804876
0.014900279516699354
0.050535516982490855
-0.022935724395258886
-0.006980771469300169
-0.0035824698031622316
0.004702043153349111
-0.00429319508853408
-0.020600431084426846
0.05266494479677509
-0.008268872187059167
-0.022671090575030774
-0.0073169494495329765
0.01945239950475322
0.034477050613389584
0.01797747736371683
-0.004249452537219302
-0.0291445487391022
-0.021098660796205183
0.026948891671117615
-0.028800498147838843
0.018444158278562765
0.0034697453046305085
0.0679335663032586
-0.01750057529702457
-0.035510589376141176
0.0450542567536368
0.06520589546530613
-0.01276739302547091
-0.05861523132435682
-0.010833215239977921
-0.04091057621781132
0.0006514771418918341
0.11085068190102204
-0.07055668118834735
0.00677930752771108
-0.023060467779204005
-0.01689347963481366
0.010259923946469091
0.02655397313723106
-0.015677068482479562
-0.01365601853186322
0.017213743420217073
0.03353143029507287
0.00043219365412989656
-0.05205254516684144
-0.01292235773169833
0.006729452816209153
0.01867466828476492
0.019349376912343237
-0.051345738769847556
-0.029701751265320916
-0.011819543297735984
0.009948410921604168
-0.013203488608483385
-0.011725236961508512
0.02314353241894627
-0.019012216409698357
0.011029494653537534
0.016766715035864015
0.017953665227156985
-0.01780514108297861
-0.02086249601885598
0.016096674382843807
-0.003944586205867665
0.05161248885500242
-0.04112058633468046
0.019756305790335455
0.0513178592589799
-0.03754732567336767
0.03587080574159758
0.12519908757700707
0.028162285153637046
-0.009005541628396656
0.03911857951907023
0.04479820446570098
-0.037645840372234333
0.010239023339792132
0.03025525978895241
0.01934726300788362
-0.03651593650101216
-0.0193991919989773
0.01540793762143638
-0.01413347997892613
-0.02758723702039968
0.0037662829481308873
0.0068938493057227644
-0.022157254507639553
3.036918848096932e-06
0.005160299826270068
0.0009253684752152219
0.026938011503510623
-0.018523719295127715
0.016231624814104863
-0.020738455025749503
-0.035231627911132116
0.02421241579278653
0.010833367827115678
0.01920910361691019
0.012097047286344809
0.013295072398249322
-0.004267936029655577
-0.10753733768320305
-0.05437538713590619
0.07852939043858771
-0.08062177341059988
0.0067790419481439535
0.0674656327392182
0.023697411323615
0.015705636368339205
-0.007340656718713133
-0.012926942657122865
-0.004327468030123752
-0.023609882391836635
-0.013667030783074652
0.001636677457107732
-0.0162210886234994
-0.017312709221028115
-0.01141826544110356
0.019903141038614784
-0.04500227697463285
-0.03516068634833215
-0.003356262473719134
-0.007365925597328219
0.00807375818033384
0.010349549917032002
0.012679806821731908
-0.001362603419402968
-0.005981302035714521
0.03526150869433711
0.027388802303033238
-0.008467724092336513
-0.042844214176032035
0.0450941202293354
0.016935600701572795
-0.008166909565228225
-0.014008690213859407
-0.001237766561263672
0.010278031765603388
0.028044734231513626
-0.08385628635133456
0.04354867330206387
0.03178501032370461
0.017150453824085136
0.0253971829861853
-0.008585538377352063
0.013193976484574491
0.006641723862843351
0.021178599390135448
-0.01680679708721876
-0.010153426849253844
0.05088445298238669
-0.016077759853023253
0.010857387093237005
0.03741039749433599
0.027541165871662963
-0.005184718104087138
-0.0612686177305007
-1.7310903329594869e-07
0.004779795136156044
0.03491157149951977
-0.009929897504735802
-0.00907981108179545
-0.029515186940441866
-0.010097863696152221
0.012942759828847475
-0.03366972487274091
-0.007404421013726905
-0.028252448428813217
-0.012012448303456423
0.060647638243834
-0.00733680619978377
-0.006935036938401492
-0.07415888580339026
-0.0320856044262229
-0.0015006288637554317
-0.043873719928590175
-0.0035532152276955553
0.013021452807044654
-0.01859898732900798
-0.0020295891256798286
-0.004689061451978138
0.006387390075225035
0.01367303280420444
0.016321008530175686
-0.09149521506008457
-0.04849478731331862
-0.032591668950099115
-0.021410698094687867
-0.017514778723861625
-0.012852006596831684
-0.01912745785884898
0.0110008061620182
-0.007526774069779479
0.006013792352451194
-0.007741320754859378
-0.006574344753370082
0.011320784859495864
0.019087070612219585
-0.02263880884593494
-0.012031653928056123
0.00977409681265622
0.008061364592688485
-0.005368487365819128
0.08584532657468846
0.0014474088793590015
0.008767084727944893
0.0594032119451914
0.025721916888767786
0.02934309833614345
0.052486710777666416
0.0048386654042923164
-0.01535635002827463
0.00560587677508026
-0.0173711770639089
0.03137952390429485
0.02631604431727299
0.008631289264835397
0.011270080002334683
0.007534602864351292
-0.04094657229406335
0.00021048600923072325
-0.00990087292095111
-0.03113346469969786
0.0037094658726501348
0.03935052546684708
0.007494052372803141
0.013617296020833286
-0.0014270936466231712
-8.725492617420775e-05
0.03179939774633998
0.03305527057521475
-0.012100984152945594
-0.05231394250315863
0.00817415976420982
0.0388500427534946
0.005725583640982553
0.060089857070077295
-0.04308770606366017
-0.00705836121081903
-0.01789249735018409
0.0002525794492916747
0.0066893721575989416
-0.028879086295059343
-0.03567535502160408
-0.02053867206117978
0.03317382386955458
-0.012953837633273676
-0.0009719990571739955
-0.025405546973947275
-0.037791272483633065
-0.04135177832463236
-0.006828273996594514
-0.056762529548708154
0.05033410073888677
-0.02404726442679108
0.010788247087675664
-0.044096697894324466
-0.026457173813064942
-0.04930403737896083
0.03423630234793445
0.019565626593729856
0.0176960638037295
-0.02490450647522638
-0.007676724652313986
0.03260621411489606
-0.01501388971016331
-0.0218045131203501
0.04553219468101598
-0.017951896221718836
-0.007368197062728226
0.007489543416681736
0.0037926493638732366
0.06980988142110892
-0.02866085063339196
0.02745546666300946
0.006756171606275026
0.018376190625176297
0.006133926262885394
0.028053586933423656
0.052872774966687776
-0.00842244318677753
-0.023603951251174177
-0.02139898502797898
-0.010985310446914993
-0.009695623751741272
0.0021389629355391127
0.007371419578107764
-0.02794683634070258
-0.0015564643389279612
-0.026493065051019855
0.028741308509200796
-0.013044537876146444
0.05740660114516809
-0.01992519651085061
-0.0078094176653389046
-0.013181776787478627
0.005232033075784152
-0.011628182245839681
0.06041242718309383
-0.002926022225338157
-0.0006687165411932295
0.0015073252954738436
-0.0027381150778530753
0.002561020506575556
-0.015060304624293037
0.003484406636350123
-0.008947223524117571
-0.016373705014359426
0.0499752098783513
0.04952966043551943
-0.012681312616495157
0.016953588557720892
-0.021889158628193617
-0.026802272008826726
-0.010902490273378149
0.015257942357288857
0.026181397334036016
-0.056891327382575886
-0.00508038683270126
-0.016808124021000948
-0.08207597131196732
0.04551850643044755
0.02407824904942402
-0.01080628807577396
0.034919938353020756
0.018914512904005573
-0.0035871216649342773
-0.05168294734531462
-0.002586448822459033
-0.005083702634723457
-0.014363802145204854
-0.03857952257375698
-0.017012022933457417
0.027513817512963615
-0.00688922510486588
0.00994085949792183
0.00611566223364566
0.029297917189883393
-0.03095525315621385
0.01384429525194285
0.005040264588869412
-0.0001482173750483849
-0.012087057313190302
0.0637726631066915
0.043916416196717406
0.007888701437658354
-0.008541473900375548
-0.003915699218614288
-0.00016821606003604867
-0.021365095692047163
0.006165890565704357
-0.006272830085192933
-0.020614684722338107
-0.03798458620162185
-0.008096859158400105
0.01964097808103417
-0.03710068843731362
-0.018775029833582122
0.010271156763761643
-0.03632841983530786
-0.04307749754112917
0.04373797406573717
-0.028637232075009456
-0.017258065775386647
-0.020375047999877077
-0.005385640688530613
0.004741089547158477
0.011159599345869582
-0.016788075008292963
0.02615916335426639
-0.001363582979423291
-0.016376861134794352
-0.006377685890819898
0.03921209924243232
0.03286439850898529
-0.02125741191496036
0.003908675006253473
-0.007375760571095755
-0.015081809408124393
0.021731432838943104
0.01801670891658018
-0.04789846939696212
-0.02618610050445306
-0.014315474054987417
-0.0022798595365364272
-0.027197547625991948
0.04508470008279756
0.005265428540410389
-0.02726503442914227
-0.0035335969820898877
-0.012474232762949216
-0.0380505227805899
0.043134924003753315
-0.010963520374889048
0.010725351440213584
0.0370902850232031
-0.010960062834302139
-0.00999113325275804
0.012361347829807611
-0.018559557726034463
0.014965535594940451
0.02637118021003723
0.01463474136831119
-0.009366168718961381
0.06907426152029489
-0.03400845121161124
-0.011418235564260535
0.024591039671031087
0.00954217522531963
-0.015306862048263483
-0.013613616715360587
0.00932025730856054
-0.03195464707661208
0.01895032658966465
-0.021008217807252958
0.05757270357390661
0.009012592487502523
-0.07435677090293441
0.00540985102460006
-0.006412365281568918
-0.01226656532087782
-0.027200701960675606
0.06746343096306079
-0.03511321955975184
-0.005264287737887347
-0.01846815663593967
-0.05273287012479413
0.04199647909734439
-0.007356918658494393
-0.030124145846390955
0.03917688916715852
-0.013679727512939792
-0.015257856391556166
-0.009479049178162717
-0.008468444382941163
-0.02438791737033062
-0.007424954017035335
0.02391561423732132
-0.012330752431458513
0.008539392902252146
0.042300361831886325
0.019924453902838982
0.027110707039162848
-0.00905646868500618
-0.030921663460164815
-0.01888997375704382
0.03292859161100395
-0.004743692774476903
0.01016108911616471
0.03640568328906684
-0.013268889408596529
0.03003389680585225
0.011712729775861
0.0041810687825711524
-0.0023493376511761104
0.017805837165952403
-0.03412914768066333
0.012969172407652592
-0.01937411612397197
0.01621525357240036
-0.016364694081010756
-0.008443501668785878
0.0007943492897785927
0.05086764848888446
0.01603210694840649
0.00484064437242852
-0.008166749205743605
-0.0011661861191176826
-0.02019549143457602
0.008035486936216005
0.029148921129303246
0.0021652331157025716
-0.03857773236160071
0.04602434624984929
-0.024302510125867705
-0.035625421491028236
-0.05251707195715559
0.00267684803429003
-0.006556320837063403
-0.003847461176802197
0.00017174382777146988
-0.016290338853266355
-0.004311994489187078
0.017504863436861574
-0.00031636730607433115
0.01202768213056113
9.507769115886796e-05
0.022106747588817914
-0.019602261141419348
0.021988221258625894
-0.04089700227556162
0.03993628049743834
0.06863075219930288
0.07189985910929522
-0.004473531058571181
0.012716705557475057
-0.0004891854122002228
-0.012559823762563035
0.006716115368601054
0.027467547330496292
-0.048335112212625285
-0.009340601589983009
-0.06056608738244322
-0.023852716942030346
-0.0037498580094199215
0.0005463129225430243
-0.000695153726629389
0.06384349169412357
0.042897350410888956
0.018496514030126955
-0.04003203640722181
0.011507630438757898
0.002731210640765819
0.011783532582146788
0.004996249616356225
0.0008361894143245369
0.015508293394428526
-0.05511892454689127
0.009908247818653477
-0.010948574251800038
-0.013737578829917932
-0.0339658406964887
-0.024184372839632665
0.028369022181617284
-0.015066296155320817
-0.05305521047443847
-3.6152877212418036e-05
-0.002324056382448714
0.004715353096741003
0.022643902806605127
0.008408115440239162
-0.09758353927022428
0.03962715155048324
0.014882283009520951
-0.029524588941219274
0.017548657356230356
-0.0048175756952697395
0.0014894159679621724
-0.03802346034194362
-0.029231220018571733
-0.005583420779537315
0.005925400765783928
0.01602420246292065
0.010081390079892536
0.02391896687463315
-0.006827807681266689
-0.0171561325767099
0.023361447955000905
0.004281147107247942
-0.04803963979712115
-0.03602474097703126
-0.012247163844315732
0.021336638233365148
0.00706940304230302
-0.035055827827293606
-0.009860639566010842
0.03684704144546679
-0.044850309101751154
0.12945544403117148
-0.04132517860978859
-0.0017951816933432488
0.04880158915509236
