0.02534990240607081
0.007540969142758093
-0.034773501635771864
-0.020226932267298752
0.0066977198862483
0.042945557005064576
0.028961251389457765
-0.06784740534166445
-0.00906963918790864
-0.0011067623586627766
-0.020705318862551905
0.027056072989272033
0.04647432998818822
0.049871840438817816
-0.017550762905294406
0.022422090023674016
0.021870128571256066
0.007252560731145135
0.07042658072079301
-0.05095014464324293
0.0008174492468245891
-0.032124035605738864
0.011710423981865942
-0.02600413042166586
-0.01898524851336475
-0.011708170543794109
-0.02438730624936868
-0.024937292127300163
-0.018522007184470866
0.03825260541353478
0.023812836073151957
-0.031690239032517185
0.037711485112102504
0.0403754213715309
0.01288483098162856
0.001720803883470816
-0.023362737563947668
0.017921226134189564
-0.0188329299709007
0.03985531671887476
-0.05420586535096744
-0.024852639287112496
-0.023488293705618432
-0.05340875254834492
0.012561642914929868
-0.00999677000327655
0.007685911492813949
-0.0008554565386972449
-0.032443911097477324
0.012227771808068685
0.0032993779924851614
0.0392027698183951
-0.012084598285317603
-0.02602590495964898
0.0026929665695412082
0.03996485723672283
0.020366172184386536
0.0030490955941910873
-0.028991171498890356
-0.036324373782387336
-0.003389145132765703
-5.27763219682126e-05
0.024479585282333263
-0.007891320483163173
-0.04496860278784488
-0.01600686843931206
-0.005282840986844557
0.008398984656977372
-0.004833995993108168
-0.01234837432734212
0.040698886919011155
0.007009750473184823
-0.023354252704464812
0.037997273185182506
-0.014993988039123086
0.013151004876225041
-0.001971068881306013
0.03888887869748771
0.0032335638828612312
-0.06371989948560942
-0.00014788333509322597
0.06265383702640066
-0.002587454417312577
0.029740646484947026
0.013643906885682377
-0.01172624004045678
-0.009547441162731572
0.005934522793359435
0.052858850257275644
-0.05023899550132869
0.03320210436534
-0.024620673318089575
-0.04494399185308434
0.003753129036000509
0.048993035913589264
-0.0336149720549682
-0.0074689572004301725
0.06027602094492909
-0.030487079483938792
-0.05011496734968195
0.0024815650168819045
-0.0032758459847075636
-0.03599377572744235
-0.038587618946312734
0.0013539325729279776
-0.010203581534723179
-0.002543149265709016
9.9145350848788e-05
-0.01901837963385455
-0.024683021848875473
-0.012668047809305657
0.005855059735512646
-0.023247244717049243
0.006788951978873052
-0.007380079546952606
0.011895801440503024
-0.019533288571111373
-0.017147943378097965
0.028960090784872734
0.044071335023200035
0.0027980016350979257
0.0171016704881709
0.0007644054290229104
-0.009728280531387468
0.019266986152456988
-0.007440391672783713
-0.005341339713985271
0.03360060612635158
-0.011563855178315378
-0.03536071753028591
0.004243255858162302
-0.004486701189857332
0.022429448947687815
0.009000385870407987
0.019881756427944083
-0.028445030180724955
0.0035095472442248804
-0.02073476115760223
-0.051258187429000755
0.03541319285415962
0.0643204215075351
0.008507165172874422
-0.0008735558082854994
0.00825534402451231
-0.03944595516190126
-0.015151195400641818
-0.024893818098898728
0.026856148395300542
0.023369886294294727
-0.008661852420095284
0.03805867467373025
0.0023384865104654606
0.011375718504413093
-0.0033642796991832243
0.0033966052963783156
-0.009518571939889123
0.014738439611356772
-0.029451412512964775
0.060160413050165486
-0.0066184452842292145
-0.01038251574329997
-0.017318715652161934
0.01049692570009167
-0.010538502434102346
0.04367260367999048
0.11567603029676389
-0.04787686118707764
-0.059114589815648565
-0.04054943867694678
-0.020390208071085505
0.00710150161086717
0.024914439187837294
0.014397426733430882
0.007678578124387421
0.008167266219413808
0.02909945394127528
-0.015727319939583293
0.013622856114759762
0.010252509747505183
0.040312123133312144
-0.0030893679453265
-0.019540360351978002
-0.008097593344901828
0.02607698898454698
0.005272786211107179
0.002647712390569742
-0.02850092388890149
-0.0017818638614576514
0.023939763211572682
0.035364053172852794
-0.030715381660251413
-0.01761073817717098
0.01917147521370489
-0.032102746118118385
-0.010286030895993033
-0.028371401291876642
0.0696759997825645
0.0021618638689572156
0.08072740042181226
0.016057432932130772
0.001768360382090559
-0.018761357620673547
0.03647018899792867
-0.015457879644121295
0.0037627113653966914
0.006406231286698355
-0.0039807656612256236
-0.018018759073979828
0.0007907966685001986
0.0038168897689573895
0.038362136049161714
-0.018645013745493298
-0.001353064520763363
0.04589245422721932
0.015853906774818943
-0.026359348402667897
-0.03053861858201128
-0.0029576971858839094
-0.014168940833721206
0.027528367482449627
-0.007833697507638682
-0.02197677267170918
0.055944994014719085
0.012157771144553284
0.08690373954897364
-0.02831861363902065
0.024682979106696652
0.05486945477493106
-0.026032123972615232
-0.055912157295598355
0.01270549298308531
-0.018645980301908713
0.022301886424012915
0.019977720628266953
-0.010345758842359852
0.0034586835080376815
-0.05282556214345436
-0.018023503652875535
-0.006849032707763735
0.047703596894926655
0.012197036203300718
0.020960175242262485
0.03254543615886146
0.0035137336610951454
-0.03738811827472431
-0.04658496205199391
0.040824611179571015
-0.015620682231259727
0.011510743304098112
-0.015323525295115405
0.001935722825217019
-0.01913187404930447
-0.015026163490389998
-0.02651853188343227
-0.006921721644222281
0.047139964904423674
0.0007444598745933652
0.013095336050084928
-0.008793822785776435
0.03310980266780625
0.020964491697051835
-0.007652028949486445
-0.026399293962326858
-0.024585170546742415
-0.009851247702327126
0.004477858295665844
0.009285391356523051
0.041099416710807586
-0.047260934344698774
-0.010343077033532582
0.06408775842050375
-0.0036145576136643195
-0.04050579211589902
0.020891568528329643
-0.04940718470859573
0.05761512349468461
-0.010247972163438587
-0.018588130022873357
-0.007845966784896123
0.04734167852976392
0.030181460331722247
0.003104567113953531
-0.026301478876337683
0.01159451815397467
-0.005320710507514252
0.03514762707694766
-0.007216538027704624
-0.005257615859116306
-0.02491669856495803
-0.0009304951107286007
0.01676620656485471
-0.017667434511065207
-0.011178583856072968
0.004393566964591149
-0.015083246258269015
0.00757580582202042
-0.00107640366786365
0.002187024110776968
-0.023097972227100007
-0.032376976810824694
-0.040074550668942645
-0.01031175475412532
0.021920304355752887
-0.014575391755463445
0.003445479633305454
-0.012466616633571742
-0.02083221183340763
0.006227127528622775
0.019891601922518536
0.0021734839737745067
0.036133270626782704
0.04387960734317861
-0.024689505038995488
-0.01430128179352363
-0.015215165799503506
-0.010038585157500678
0.035818643385554384
0.0019456898657539503
-0.009108079700402168
-0.034228070387697394
-0.021581275682406278
-0.015751122547463695
-0.07105543371936375
0.005854140130937896
0.008493110748252604
-0.03005031325895479
0.010632605977744817
0.021264961713154586
0.013700323535528929
-0.05505324304718477
-0.0483923240389697
0.01923723901314894
0.023807655814263882
0.048020844578700594
0.0822662756691348
0.0024179216875485185
-0.0058104757063845176
0.01262508486830279
0.004841277038990793
-0.05633460485884555
0.06528795898209738
0.00698867333117612
0.005368380665368834
-0.07260116621073937
-0.004720875065977212
-0.019678491291952233
-0.05115754998174354
0.020713246813033586
0.002651936947878746
0.014503353052719867
-0.012654062523008422
0.034493314830906965
-0.03593910142984454
-0.012472767444268895
0.007091322460226001
-0.005483162436626605
-0.029587427825516276
0.009856542590617775
0.01070704641870971
0.02983472017757942
0.0204313154380476
-0.009413009295253542
0.01637390896318332
0.04476717792078604
-0.0036151627132917593
0.015764413569437082
-0.005123678865594372
0.007463438352945748
0.010339432222089944
0.023304850681450304
-0.01642823463894249
-0.044196602010872325
0.014590697242581361
-0.012483678548107984
0.0069646627782838574
0.0012764512110561713
-0.04596633484373818
0.03401216103113644
0.010923336010994104
0.025002163718963803
-0.010352983668552224
0.049089330104212826
-0.004236036513831947
0.0856940345163453
-0.012484715065408275
-0.02227505973065599
0.0064652958234626004
0.011220960721007787
-0.018623754817973653
-0.002188808665607958
0.015347892644250367
-0.03213792927986833
0.03681577683873052
-0.008093136359000714
0.0023267883315969034
-0.008471684965188079
-0.02223432987737197
-0.03371264592390143
0.009214446709587395
0.004139640026449246
-0.006071986296185541
-0.03308769576360516
0.011637728857293776
-0.02461790510652268
0.003984903253346524
-0.04263012793353361
-0.020730867244124547
-0.06910763973022767
-0.004905495168256342
-0.0010882578837894952
0.0014469541228249734
0.02778462205384044
-0.026035039524392872
0.012208053990942925
-0.0023989844046601776
0.020918438823243523
0.01469896442875342
0.032950426816840996
-0.08379431713202747
-0.015044100978980138
-3.797717600140466e-05
-0.002280205977523947
-0.00041461360669354743
0.01736954099790353
-0.036326148515049034
0.020445620364848083
0.014710717781674485
0.007275974304517985
-0.004659207623879144
-0.025595617970430227
-0.01749704692176953
-0.010420358836602884
-0.008613939825279303
-0.02266054538119155
0.001723246629222987
0.010178421640235389
-0.01739307627584216
-0.0034970619368058075
0.018857259734198505
0.0035072956749904187
0.01637150251901338
-0.040407259839917616
-0.011539055027082534
-0.001663107818166905
0.02064704215204559
0.004136134629535013
0.01039515037152003
-0.0740806204111688
0.00251496302877019
-0.04336846597738959
-0.036310251496721
-0.0019653241829795482
0.05259529614482188
-0.06781584064129144
0.049139418411415205
0.004101905481889715
0.007014169273244386
0.05807161001430423
-0.050929471564846195
-6.00746606202534e-05
0.019903241138772836
0.058131517282090324
0.018145020964083772
-0.017379539690639108
-0.014842961499162205
0.0091743638834493
0.006829673131985838
0.03276114020693275
-0.0018844701234001409
0.003919588500545446
0.010907973163824039
-0.003119504210116439
0.024608135296348106
-0.007852808048025173
0.04381128560785965
-0.016365425559592264
0.02387016708959972
-0.014752171313193225
-0.0077548979410701595
0.02458314709120487
0.0007339974475071198
0.03633240601090228
-0.044552201987245604
0.033197568504520464
0.004020596717539511
0.0010350354583285903
0.045926606274176614
-0.03297123554590286
-0.025370771902321183
0.005412607330449376
0.018989171064725877
0.043432095368941305
0.028518957291441775
-0.009388388299584665
0.009003096522028972
0.0019609527762925877
0.005853547676002241
-0.0025139989547897203
0.07094902269601863
0.016740460067451
-0.028826724951917647
0.05628437273982308
-0.05579084639329095
-0.04138293301275879
-0.0103297829254454
9.992058319010994e-06
0.02324176750423407
0.04457104236597202
-0.0418079768736066
0.004000311176630653
-0.026611751165109093
0.009494346382859965
-0.006106324666071632
-0.01786655274158278
0.0034301569990399924
-0.013955713714479945
-0.014442596834832431
-0.015036136855045972
0.0241408882756026
-0.009332666515447521
0.048507282871106464
0.0436356371355398
0.01413306618322036
0.032517449539468044
0.004651622447001406
0.030689685401983455
0.01830904753696098
-0.0005474402525841654
-0.013309315092609547
-0.006563680048804399
-0.018246642765505777
0.01798993221506422
0.011864196245458312
0.07807474311931045
0.056672239570798276
-0.00034203884409629543
-0.008147084073409768
-0.009911896357755294
-0.0006913065991535968
-0.003638156874021364
-0.018723725244821122
-0.010454018363723179
0.023845033413391375
-0.013077198973419732
-0.0367677059692326
0.06993177954354937
0.020438862371678433
0.00042184858699789956
0.051714125635921614
-0.05534830115328922
0.008759079840792994
-0.005951934513650354
-0.006830550984251079
0.05944841505862605
0.011985969900592773
0.031959142964738195
-0.012100182127310202
0.04084583906785746
0.013192120606018185
0.013247138337828543
-0.049759252764500765
-0.03978328464605831
-0.03849597587791025
0.029385776204253016
0.0117818255531436
-0.006351476906754043
-0.03492449723564227
0.009071868885352686
0.017945500284130476
0.028329519004687085
-0.0062327877784120085
0.026940400069452777
0.11793812993946046
0.054572416950677105
-0.030730698927090447
0.02197322844819639
0.002234268686762968
0.020159523713135702
-0.03606973010168925
0.011302322529635474
0.01611314604613633
0.04318534093358208
0.023177258565723467
0.0350621381926515
0.005066475278575994
9.450662003838441e-05
0.016788458593582016
-0.00943214506095463
0.011600754385472135
-0.024706561774764286
0.005295515210429807
-0.012384500176662828
0.07305654668734707
-0.003899659295809118
-0.012188117891692229
0.0010451208661013786
0.0015114704750757693
-0.019501321086979308
0.01096913756879657
-0.03170605167814375
-0.017507001232470416
-0.032806062440562084
0.03347963094544689
0.03150619288381541
0.014208277568861444
0.019556344856187485
-0.024077735605509035
0.034919620835450874
0.028882150975154144
-0.02069983732102219
-0.006712841329401473
0.010462785927155748
-0.006616332757580634
-0.04935903498246436
-0.05197019004695216
-0.06315747613676773
0.02585972977839049
-0.02559251854473207
0.011397836749020425
-0.016199827669504813
-0.0018734765037937682
-0.030630136972037217
0.008021825687844658
-0.012081924834704856
0.017729373915965112
-0.019515794028735396
0.008174870332402167
-0.03820012868581282
0.004687773221594505
-0.002555931123253603
0.04917237056685493
-0.038361409560112074
-0.019559820333886535
0.013687452140971005
0.03581842000161858
0.039767809217952824
-0.0008474630919673775
0.013008120631372432
-0.02221318164074257
0.029114717646216565
-0.00787387870347928
0.01980864757597657
-0.0010885921514944012
0.03841085741879858
0.058034869561127404
-0.0036730985165940445
0.028856196253826655
-0.052514520956469864
-0.04173711441052504
0.03605561499100059
0.024250850854342566
0.02836331166397896
-0.036292249066499326
0.007838260125932955
0.029973972333211453
0.026167767484566607
0.011929425163217803
0.00020514133242360957
-0.028766734056936666
0.020369043202438902
-0.019932045559535802
0.02014972697054524
0.0019928249072657923
0.005991628430607413
-0.009499765580897358
-0.02035691039444063
0.022192349698759804
0.016084233511659718
0.016237106951268725
-0.006205591972363801
0.018777527928705382
0.012438015536561414
0.000404038965648032
-0.07483177374154457
-0.08565462961323249
0.05380637197023493
0.029502594768028707
0.0029460963237985843
-0.024210853076949552
0.007333647389214537
-0.012506830672472364
0.03392340547239439
-0.0017861222049998036
0.015290720613289097
0.037337814811448565
0.04862738855198375
0.056471356580072074
0.029236378498729485
-0.02186933681868599
0.021926120518003408
-0.018918115308825742
-0.028863939014813652
0.013377432750296219
-0.01556950401814802
-0.012728980931313921
0.038645293205549415
0.006287188071186865
-0.027467125658499025
0.016705067988566
0.02990267923983794
-0.004619067798360574
-0.002325980266829813
-0.012762177966384639
-0.03184332077239531
-0.03638666480428239
-0.02322985484612212
-0.0013938934767503543
-0.012039038868651
0.025512252579384723
0.020901084227391738
-0.02017791124575878
0.03432159804091196
0.026854993505665593
0.05564784190938668
-0.011692341451058809
0.02378978966070343
0.019897168027735154
-0.015161662862101608
-0.011381952389007662
-0.0011547785246079838
-0.03495717252019751
0.04120763984955752
-0.008835291055033338
-0.02479447268815449
0.009353840635846562
-0.028516056135814774
-0.010840272338111342
-0.004586630829536151
-0.014090599088475993
-0.014582041993344973
0.010526757704021544
-0.009349787532048702
0.045755673333321846
0.01265188490628934
-0.003813113055323533
0.016940082927833715
-0.0023119938686277167
-0.010651538527185566
-0.004539819693833172
-0.0031971540915280584
-0.0319287677269487
-0.014263596316609464
0.029174252254660884
-0.03922306550599758
-0.007431467167336849
-0.05654414863041672
0.017049058700402343
-0.025218594469619715
-0.0064886147125686735
0.04157598502557853
0.0024963313992945194
0.005656655003098773
0.0055394366862648045
0.007131136840664498
0.030921636643751946
0.004822034163199024
0.006484867643883222
-0.0024154083073779373
-0.06486923728589038
-0.012928780387849335
0.0025319937888665456
0.029460496480503272
-0.009924415545849904
0.022862414644855448
-0.016735170703374543
-0.027816548256820686
0.004405350641147804
-0.03415769564832894
-0.00938731904948986
0.025167798891609697
-0.027702721661658016
0.02095139841253755
-0.02711616533170528
-0.02033078597515893
0.025441131453280415
-0.03980498638596996
0.0649725825164781
0.015402931547463937
0.0306178970490765
-0.012198249075926038
-0.017382756723082246
0.005036405792774874
-0.04404010890923413
0.015211142647275388
-0.04064737509683503
-0.004671416908770493
-0.005682289024032255
0.0003123444142594185
-0.0036044039528667707
0.013490431412235568
-0.0246424877723138
-0.03197412430578212
-0.024238469453452698
0.01654155577910686
-0.0033174295400795186
0.030072502241900046
0.010910202705849744
0.0014396503795730982
-0.03106191564378966
-0.024401178640565145
0.0237203481984057
0.003036854366923556
0.002639499387601414
0.01996839887197433
0.011316860132712056
0.009252970132874258
-0.023122176699843837
0.009718655664049359
0.03163590587750557
0.014429834559102597
0.0376045529903644
0.05528376159706911
0.029636439667781324
0.006530806270571099
0.011137678539782073
-0.025571267282232076
-0.02146687606993883
0.00019421152786351596
-0.005218840756594947
-0.0011161030781931059
0.00989823579423774
-0.004659569237717791
-0.01407850475705289
0.0067640468790849725
-0.008844975745732038
0.008103678372330385
0.030985940966678838
-0.019303737325881965
0.03253993188169259
0.00763693420745105
0.0111120579277109
0.020719988692087053
0.008347351501322755
0.011889126797599684
0.03082459441132695
0.005506563994678724
-0.011240623589136342
-0.0002396388522435824
0.005570792993049469
-0.034442516437685346
-0.026625844520471127
-0.049474205535229306
0.040289931809866605
0.06828912984283392
-0.020299585088398478
0.009975676348022908
0.05717340402516292
0.06589682887704587
-0.01118835812010003
-0.04032808409878809
0.03241395891482811
-0.002369360344386323
0.0015370857479751832
-0.01874787255852366
0.01811285948070598
0.013809218746240652
0.0297953540601075
-0.0017835347603084428
0.020255399760535298
0.04760634615565298
-0.046284805907734115
0.098756386043484
0.0017595240402312048
0.020757016353670235
0.031138148985458587
0.03203978952956273
0.001633662562820696
0.02386207593037828
0.03784618335836063
0.016373743192624253
-0.06832254134085694
-0.02103246934493817
-0.008342248247315033
-0.008536522358268087
0.026658027964068416
0.020740621650854024
-0.023014898930707108
0.001980229217239268
-0.019283415598777186
0.014863229153107504
0.05750564550247059
-0.04233415767171479
-4.9614418897203705e-05
0.03499138179260333
-0.000494825029024406
0.00034542169010538283
-0.002067396473101558
0.0160576912137274
-0.003892157097216586
0.03449559831062474
-0.010088905711725491
0.05690918350742133
0.010469308057891494
0.013441812720952493
-0.013511840184186885
-0.017319417301700873
0.0011134988947087948
0.03737150645113684
-0.0348643057430887
0.0034586891175094766
0.04914388981112656
-0.027457422625203308
-0.0932714525827141
-0.057897366432984855
-0.016146720263489962
0.006569219237198584
0.011696404006888846
-0.04420083460344693
0.02873769269693262
0.06823866441164872
-0.03516913687188825
0.025734162508583996
0.014325279562494419
-0.03979257932910527
0.01896583106631933
-0.02643798824277103
-0.029427519081705114
-0.006708074500530827
0.020687068308762463
0.0016948866501550945
0.01155336482875901
0.044836305213182645
0.008789578156572008
-0.002256684178788385
0.009182695298353674
-0.01118166492679363
-0.022160959224213305
0.01597652154741802
0.011748415499436959
-0.022957929291876625
0.0164734784818301
0.036513984447713414
0.01354915771143199
0.021973647043160727
0.026327385827089343
0.029458170826959493
0.02871302292472018
-0.0018380806534882002
0.0049376427493989725
0.007188240864506384
-0.0857449619922705
-0.02126497125130534
0.0765072581627303
0.004487293710492324
0.009773623015605214
0.021175248630021796
0.06255125973195934
0.024674270745011464
-0.0014425857680058368
0.02023230625912894
-0.10008966368538746
0.01437157367137225
0.0684358418334545
0.007761863358079103
0.014278217022022683
0.03546527320985963
-0.011566702055734025
0.02973354794347455
-0.000963554376642766
0.022774040865245204
0.00668749225588514
-0.013298169179637413
0.01910903287271262
0.019383157755979152
0.030558253960954403
0.0048604875629749775
-0.02933907602250469
0.007063574450715974
-0.023059854309746664
0.06382888865360786
-0.0764090364325555
0.02725974278957629
0.008646887114575848
0.044736539074657536
-0.014760763478703077
0.01187363082583296
-0.011330564781626154
0.02537877210797988
0.017500444572874575
0.010100940008573709
0.02905778271066437
-0.00100313065277316
-0.0041856731302916325
0.08088588321611256
-0.021267368135914955
0.030421875487125365
0.0016981524154950109
0.012149759876011421
-0.01933247990814196
0.002167943739937836
-0.03649365844664155
0.026071752789102138
0.013680545069927755
0.02711522379954801
0.0076160189403119295
-0.006693871747383112
0.028539571870284483
0.004699978119944877
0.013673101506180344
0.02818520924957557
0.0010300835737958656
0.04727874989043153
-0.02674351382957592
0.022837192963159954
0.04489317599725828
0.002951269647567855
0.014918452534707603
0.02459592686951619
-0.014276037752428668
-0.014661040246074087
-0.007681628071801036
-0.03402030053666329
-0.014459362600309389
0.05281345322800691
-0.0069749637070991586
-0.05283821744637242
-0.01169553543839166
-0.008001633403151905
0.03203582462731535
-0.004758998787916083
-0.0051661966178473675
-0.04930654204878591
0.004716839925290164
0.011718229711887454
-0.02437635325413874
0.0033440450190902193
-0.01769350292212464
-0.019259201039863963
0.0025715875884013317
-0.021789066296051936
-0.00041700841671960014
0.008636284348667927
-0.011361219805450766
-0.0007044499180113425
-0.040701520342038396
0.0019006589876179414
0.016840151283752033
0.003938350695900608
0.004347766986340673
-0.015018021429782258
-0.014962843466251666
-0.07093706456472956
0.04538959777478582
-0.013881821138863416
-0.014547743553408269
0.0010968627670276468
0.05576197935699535
-0.031035038702203612
-0.032784271578506205
-0.04256292129029896
-0.04406657259012115
0.06099863033487707
-0.016215099638615515
-0.01565213714773705
0.0699524145216776
-0.0007995615519940325
-0.0008639833257318003
0.05034482002795865
0.012742612846052024
-0.0479143985856092
0.0009816736956990671
0.03227283289503736
-0.029725562130026008
-0.010949166980784403
0.030609739878501442
-0.05993617175596478
-0.00862378822823784
0.05893760641539985
-0.06729034565386016
0.022880272182449653
-0.016482648587123772
0.04241847078479985
-0.04055734218441812
0.007301190616475233
-0.03552427121578883
-0.015984734721866775
-0.005857456762618684
-0.005569821818790482
-0.014013022484417718
-0.027926334788596005
-0.008321465126891778
0.0038210270839093164
-0.002477217272489348
0.08917710965907495
-0.05181597892275237
-0.007681978937254584
-0.0018049533298207378
0.0275726226509158
-0.0006571387461178313
0.004352388352799326
0.0248737645811144
0.0043054457291006295
0.0069788262221437865
-0.021571104306927595
0.017487306630023024
0.02288641421125943
0.0018080424747685278
0.06272254815427812
-0.014474937890703667
-0.006067252759029529
0.03349850902600523
0.03733440099310721
0.003794641162944741
-0.04010661168761513
-0.009469789285730812
0.03367679957494517
-0.027898023712769542
0.0012904971635159554
-0.028878437732008096
-0.03631650022567272
-0.03251719792773709
-0.005690082812393402
0.02453951067558836
-0.008246477344946605
-0.014794845240379138
-0.00219413765798417
-0.04054201057507593
0.0067423501992538255
-0.008953926005392207
0.023636884900072815
-0.0034431955946156497
-0.00613213837014887
0.003780148648962708
-0.04060237946888896
0.0058453979299187935
-0.009984335212555831
0.024624138651350217
-0.01259812875955045
-0.023333089748947614
0.010336660904320378
-0.012075703418476972
0.01923464068731327
-0.04344661779821989
-0.02162735776216106
0.0317570229375293
-0.014014321768999282
0.0014331632703934128
0.029659097032128004
-0.006001784491118137
0.0018779644293744136
0.017315151434632144
0.022438706137104792
-0.007239047878994236
0.006430419269741278
-0.03851953711866512
0.03180991740979937
-0.04018834125256011
-0.024707391725257315
-0.010609391177351333
-0.040970872533073396
0.009889764113496237
0.029573050339307867
-0.007559515534513902
-0.044616130324712795
0.0313275931971234
0.0014915670010853146
0.005183095406426827
0.04174592245970112
0.05974495311768767
-0.004649779135913107
-0.01644656758084923
-0.018715911091943583
0.008805357807891318
-0.03757429276361605
-0.027564182106297328
-0.02851579894033916
-0.00923428491736526
-0.050038154439292507
0.012675546954983095
-0.022041974131571666
0.00388061723236159
0.013102068882558153
-0.012315438539757475
0.07863582261282592
0.009287733418494206
-0.03595084115491168
0.02821963226254844
-0.004218131623949927
0.011409869722478039
-0.00973546729808395
0.016822622233339465
-0.01753882124590585
0.046926447527550874
-0.009834609523426971
-0.0367363431470437
-0.010724563700741667
0.006682020194851297
-0.03227712014692327
0.027961156835262103
0.052184779800206645
0.038205741893585624
0.07775585608407039
0.025055789439175725
-0.008785090039106224
-0.0012526317096634685
0.02358805058447754
-0.027137046784493014
0.01649499444867176
-0.00867938876493436
0.05849297533573321
0.0019823895622071257
-0.032108330574691736
-0.04257987481177618
0.04250256731726846
