-0.010968118414917275
-0.00184698321761456
-0.03325054114599687
0.003904381433922479
-0.045192158276118485
0.02058508038610605
0.0034329768586381947
-0.013268861820453398
0.01829986367207524
0.04364862665556776
-0.04825460130717297
-0.038927089198450844
0.0036653685842083367
0.029986285240321677
0.035577121593180466
0.035815617152651205
0.020098573077871017
0.017468501906592326
0.032590124684604066
0.03784888971168426
0.001974984991708339
-0.023286720256193626
-0.041917433584189374
0.007902191425942942
0.017970462947596307
-0.047333785936560194
-0.007482510560842125
0.031975519597972964
-0.010213607235691117
0.05563191463395217
-0.03550201009419014
0.06701934750360275
0.028207976583342162
-0.07592627027938913
-0.01083731053562239
-0.03732000487420769
0.01717836957526601
0.04856710856383368
0.025877501584664085
-0.00377920597267867
0.005188103703404306
0.0044517040638841834
-0.016052833326430163
0.014022548598147326
0.009158880846836718
0.017808292450293046
0.03389708176344327
-0.06191966002931217
0.00065636712089049
-0.02146506752573555
0.023697367487294056
-0.034955537788770155
-0.022939596168923253
-0.0036128751841221856
0.027649961198644567
-0.02187169902656946
-0.005249491490272936
-0.030326491896884862
0.009127004257633308
0.027992035457017693
0.004697392556579232
-0.043263825872595675
0.05187519176751531
-0.02047741683136915
0.019654147137891324
-0.004254301748048702
-0.0018710333418206547
0.005084093219600852
-0.02941452735337865
0.012457411241356254
-0.0015243006343221468
-0.0035918699161679507
0.01634474174981911
-0.007614627753573725
0.04110938311973228
-0.024842501364259015
-0.02064897727927929
-0.0368643669262828
0.02694076265735401
-0.0004721532017503287
0.03185674239223267
0.0061757383661145675
-0.021565067956366698
-0.007052459519719308
-0.019388834019329795
-0.008335543648675331
0.001401389160914838
-0.009342054400056544
0.01009315182519188
0.023421075422716292
0.026489927555536565
0.03638005779015765
-0.018947446158335067
0.05838966198903052
0.03062374468742629
0.0013297843881431956
0.024599108320703424
-0.06791812962977782
-0.009364791585969895
-0.03155614011368324
-0.006121480431463213
-0.017086217452362537
0.01715415394141919
0.025571228032915505
0.019286147173174357
-0.011048053290468617
0.00621352096114071
0.0005553594715762958
0.019174382944970383
-0.030329607127129694
0.07093890148998794
-0.0539561753056593
-0.004416449163331442
0.029495837260607425
0.07414935358815736
0.015988081958622065
-0.0009224633894765207
0.003908175607444894
-0.024941582866295626
0.008727053906814403
0.01513728362515074
-0.0010037903391776459
0.016154467942565337
0.05058358469967333
-0.04452960437214649
0.02238675029645669
0.046275843519496485
0.03722909539752239
-0.022488308259607515
-0.033272186021251066
0.026134296290443428
-0.013238854064633349
0.022498462270463312
0.0050827083334871745
0.003919605965470861
-0.0004419946214506395
-0.002005468619303563
-0.011692767331927787
0.003462661520710219
-0.022406388668901017
0.014887200105105997
-0.02168866490487342
-0.04744758497205994
0.016230503495912
-0.004289408509648451
0.014085947358747256
-0.054835827705389556
0.007128336822657584
0.02003374777234777
-0.0038236765807259138
-0.01888396357139059
0.02451907693543289
-0.005470861811807846
-0.0035253040375152404
0.022053016480015928
-0.06018744545872728
-0.05264169250137902
0.025318623047411067
-0.020359172218085433
0.009308388147363383
0.017993090211224316
0.003583157502659353
-0.0024724760675137888
-0.008973948560836992
0.08970403902525197
-0.025478487204234932
0.023270109976003827
-0.004892993197020414
0.0015056452697816314
0.0026100011599880773
-0.0037640657460554015
-0.036123356300315795
0.036049779723650734
-0.033884388892713564
0.019700537258969537
0.0484687289924908
-0.013785570037413044
0.002524042064283038
-0.0015593556269785705
-0.03800819679197316
-0.0024525625313410035
-0.03414534473879819
-0.04727397661039421
0.013870535588318402
0.0425655582169847
-0.023577645815272556
0.03033478467617439
-0.02901447673946112
0.06299172643336302
0.01904981379009629
0.004592361609170162
0.04069194601445706
-0.011314066196619189
0.0016273182431851775
-0.04729849581905394
0.05071445579786787
-0.05489013626675857
0.001272566225160276
0.025234784512574004
-0.019783458755038088
0.012765857186265134
0.042647903595028104
0.043876347632331024
-0.012029041441290841
0.018305046442122278
-0.015340069713885308
0.0008691610205738576
0.018738135573866735
-0.028184665512018578
0.011276568171178931
-0.00037407620995825964
-0.010677879922118804
-0.018594422093338163
0.015360615437407844
-0.0404589666606576
-0.0086293967458944
0.061437695879658506
0.00014731622756384126
0.03996432823251647
0.005537308740652171
0.010321091114761668
-0.008154824524947962
-0.07075079533303033
0.025008452446366698
0.018154185176416888
-0.0037626795365576014
0.025610741354945985
-0.041907692364225924
0.025963881654361337
-0.02160916349176628
0.03150785870755915
-0.020680944799366968
0.02093936151752926
-0.022037792933784817
-0.013242897983932612
-0.009311593139074634
-0.044047236524190236
0.011934483017547622
0.023725846686958093
-0.008657825962725569
-0.0797752301003526
0.02706711623617899
-0.03320460643338108
0.01737209466514782
0.03354316866639446
-0.010330883104874723
-0.018488675979301695
-0.017012315972123212
0.0011160442752787356
-0.03095029301746438
-0.04256906813896321
0.04009432856591177
-0.028915404825027573
-0.020296544881896538
-0.002176676230709519
-0.006054908786031422
-0.004582605434033071
0.00016077649173143208
-0.018730942279815095
0.007763291335660783
0.01925285296372638
-0.011091780785205464
0.040478123750081745
0.10079534492325207
0.005936632083253109
0.004685696757213349
0.0066808555711930255
-0.017681788444104514
-0.008959581676906702
0.01513517352092082
-0.0005314405063883524
0.03496003758016063
-0.004910844766755933
-0.07514075408732859
0.007620494730788784
0.03926735900977678
-0.0023916843012708024
-0.010389096352747887
0.01304189755474055
-0.0395298167032739
-0.0239179082546702
-0.031189237760884905
0.034642919413669655
0.005293584017682388
0.02716892870040085
-0.03787469065823487
0.007190391386727078
0.04030540150194691
-0.024267310360033992
-0.0033124668811251334
0.007292290275322026
-0.0172056579228924
0.037829579556280475
0.00180717879506514
0.013329944533084842
0.0255902484591144
-0.002417793387634708
-0.021175636181998927
-0.04763087684360062
-0.02630516787565729
0.009369711845492566
-0.003463302322747477
-0.011721218323484483
0.022170934469423934
0.011473805179296442
0.013621364620328917
-0.05430417337816344
0.002189275938787516
0.010545887550080327
0.0250459991126686
-0.05225787237460425
-0.04392363066777961
0.027498164659612887
-0.04752114536474129
0.01157624407351457
0.009229032102465853
-0.03696919964093165
0.021676965804857156
-0.017745712679631497
0.006911077345937274
0.01730830598129219
0.006690511072262799
-0.014366913714032507
-0.03892352557789403
0.004066545476114655
0.003717897724515678
0.004822803069471127
0.0010737010294269585
-0.02710716080138134
0.009802110083006908
0.029234226700603407
-0.003714814666025101
0.0036683395400779724
-0.02344280047914506
0.0009211992181810218
0.017301906521600723
0.020901930837015588
0.003258393278435298
0.028159604450516098
0.04419541047619452
0.06499228549397856
-0.02070049376334284
-0.005438248526807431
0.018615794081148374
-0.003375622793083742
0.037820093281553634
-0.004687797810228388
0.029895716242167105
0.0315808399793781
-0.011048310168490135
-0.029330131923565865
0.07892687840217226
0.011961465206755324
-0.03158064930658763
0.010364351956218735
-0.011078818576376801
0.033562060484762374
-0.02821128810619246
0.019663361922424988
0.0017734057757133694
-0.011322197682268324
0.016189753183207176
0.008275400652267747
0.010935235885962482
-0.0017911171499196536
-0.020570907237453244
0.011722844522863195
0.022807135832164652
-0.018282001803069537
0.004927416901121014
0.017376285913023207
0.009524238064135134
-0.07037403045525432
0.02132690511010314
0.02729860162755264
0.012258718457127038
0.028407800503083624
-0.02409310174530478
0.01674364118844493
-0.05846879370102892
-0.023382685783556397
-0.006946197642905534
0.017029751943839405
0.05669148835035445
0.054749543340289857
0.07814523849243998
-0.02603863819615133
-0.017694255235848836
-0.04556554209942915
-0.014641657659776002
0.03561017527727581
0.012315170015380414
0.08377345054665859
-0.01535114595137667
0.034084687708551394
-0.0228111665220463
0.02954119396426016
-0.014176529966244758
0.007085018018082635
0.0050830621848582756
0.024504837808538193
-0.05932317007828128
-0.0004382119996673767
0.022862449071280187
0.003602087635827304
-0.04176303538060081
-0.03209956879541794
0.007304777937853127
-0.022959030932732546
0.06744295883983586
0.03155624770640268
0.010527108245261884
-0.01832143137963161
-0.04523657447144044
0.04383413052467979
-0.024620861051420105
-0.012320569411581106
-0.0065715154076820105
-0.015000018809741236
0.01277465308226794
0.014518135167663818
0.009350374307461457
0.0028635254786669945
-0.00916896930143554
0.02347138801926665
0.006632937163294308
0.04228489270367142
0.01242478097028039
0.00653877015426021
-0.00038352453446042177
0.008689962781134113
-0.014613000312350567
0.023856583534740676
-0.002199653906318249
-0.014010253465402243
0.010131217239184382
0.005891059969332623
0.010731184276745057
-0.007225487086433384
0.021235632344300363
-0.035776762388268074
0.013600464342483461
-0.024155592148594376
-0.02810939545116943
0.02946861412328992
0.006453293809509987
0.016251033391267388
0.02261182732582845
-0.013073881133925642
0.029000540083861014
0.0542169478767186
0.0032008410024887838
0.026179751636744568
-0.0675300724154957
-0.004111065324983355
0.060787805999639226
-0.02312067518824054
-0.0129618998818646
0.07848379737986383
0.044722016967153645
0.008280520682403378
-0.021902936630471385
0.01773290336208301
-0.03626416504110127
0.0006758198115133828
0.02273603221434586
-0.04694169788422265
-0.005737664410263014
0.011689250129106646
0.001001331859465729
-0.010086802242963855
0.004481019696801242
0.025164636619051675
-0.00701022116019307
-0.058917879625986685
0.00983290471444805
0.015187113236999658
0.002933127191128781
0.08038775531313472
-0.07914904275104895
0.02697043401845521
0.011345652047534658
0.010293150050682572
0.02734474457802261
0.01749304985195703
0.007510894817568707
0.015496562620021248
-0.012219403761261637
0.012094901032166882
0.015790364071334648
0.012916893147956845
-0.0022089965153368712
-0.024271533211734083
-0.005156113403110953
0.008052936683561229
-0.02033141317604635
0.025315066769911878
-0.017268883687465673
0.054357606882812375
0.002195130948344138
0.01494265143559074
-0.006551419115608323
0.025263237069973368
0.009633029326967042
-0.014954022419754305
-0.031080582079029584
-0.0072303676862925095
-0.011028843435417105
0.0055383294113421164
0.02504999255596331
0.001506683803052379
-0.008228994610755613
-0.02643265557528306
-0.009076888075142672
0.07594628530392614
0.0209092044125234
-0.009279163775982391
0.019237815608786745
-0.0018475762457405894
-0.00040595596455882306
-0.022870745941132368
0.054778330305658526
0.04266822120885653
0.039068454853143815
-0.02582703923862308
-0.02013574611130753
0.02134662300520276
-0.03745871933280864
-0.052868785614354485
-0.050608892691877995
0.01752473274525758
-0.00018484354482158606
-0.003461463218382686
-0.033950875756514974
0.0016209663171212721
-0.0008933240059771645
-0.038948866349110496
-0.015749775211144824
-0.01658274757912956
0.014224961765502055
0.03697242829775088
0.042542715955013626
0.006593992001372691
0.039515727873013176
-0.005542999809860743
-0.008258591751106414
0.04266968933894505
0.014360826712559775
-0.015204674537952257
-0.002119580779600221
0.010416781711580027
0.020699462059537304
0.01802548935627333
0.03506634919806365
-0.01423665226478421
-0.007956455906844939
0.03392385059370827
0.039605149169215245
0.014676628151251562
0.03468914087144737
0.07205457903843497
-0.00036392006511915166
0.021057348135244996
0.0538767102735376
-0.009869665813013542
0.0422212402816676
0.011223788216174434
-0.009463289302431697
-0.012893294566059732
0.0057524635163451925
-0.06797581379626376
0.041383321551312746
-0.019108528733006246
-0.022443042047819738
0.020078829750386804
-0.03413109632424457
0.029110250771878492
-0.0016462314297412811
0.005725109605414837
0.02436287309784946
0.0698081215979163
0.06352209883811404
-0.018168702165064735
0.054714976118625025
0.030864244597511425
-0.01680899502364788
0.02665053459785326
-0.04063695613949492
-0.027176536947928084
0.00930883265802179
0.02431065121589862
-0.02240428317214673
0.033019532500350904
0.009346031762611449
0.033696716600193174
-0.006665028015502658
0.015139097492706447
-0.00037602292194650796
0.0014030943741511672
-0.01879113977457717
0.0067862925523118345
-0.057113695583147044
0.029529080136457747
0.007297153209266581
-0.0005776483242782509
-0.00015225062401395974
-0.021521775821650272
0.05241975243708562
0.03700049339218218
0.003770984020288594
-0.019948021909471383
0.022751566444888835
-0.02848335683422695
-0.04603821664090535
0.03298544869305372
-0.019752800968544554
-0.00045437766576631334
0.027435975211161194
-0.01673493226199444
-0.02599837005437913
-0.001977070067305137
-0.01109423214362827
0.04823909653319364
0.0030626330621561144
-0.020146226673407513
0.009408357668307435
-0.039564306472376944
-0.013346738195712669
0.010148708500832363
0.001726242213103093
0.026148468594127033
-0.015690599362483994
0.016584412583539695
0.0070038322029082915
0.029436814435794538
-0.02202705475903128
0.014547139863797288
0.008568937192532355
0.006645856414368536
0.008383809266912954
0.014879202191428523
-0.00898353787827886
-0.012266517754875132
0.025820005649747416
-0.022339855988854875
-0.005565876264651591
0.057429298791792066
-0.012587196439977862
-0.016833591440274895
0.004635396100983422
0.009514477853993219
-0.013304330945722281
0.012046047813531741
0.03490569027886041
0.0013414009352928223
-0.05603312758108349
-0.03864021700489979
-0.0221122288225014
0.012416326145628459
-0.019605004998452785
-0.03292649797109508
-0.007133054436724491
0.02475003017939304
-0.04782054370732386
-0.016810179442807313
0.01057548289842762
0.01992094158151829
0.06101699222617939
-0.0487263318962544
-0.018097837335240338
-0.0036146217257624056
0.011477919673686814
-0.017355897064554426
0.015447253947375497
0.012412376243848045
0.04517397092651808
0.013099342075976161
-0.012029790377412992
0.045386904777135306
0.03057850423841389
-0.03607649390143901
0.00502146375728203
-0.012454978257472295
-0.0007998920115369547
0.041154613413691477
-0.025987168221762908
-0.006763925526478912
-0.015183565301871772
0.006219119577560472
-0.027604503357904233
-0.04314686790259078
0.00883545700270286
-0.029415306080192726
0.021601113209474915
0.054399442756737644
-0.0006826974996953788
0.0020609735610803777
0.0129523205692673
0.030230673246670323
-0.05266574610026862
-0.012581173090351117
0.0031003354248853453
0.011403204064770524
-0.035423420356729456
0.06480145380234915
-0.057540304203493584
0.024228440499442547
0.010169505142940585
-0.011470642070709828
0.062031863021670026
-0.0500097284098094
-0.02817028659026094
-0.021114104605062498
-0.02916858310724972
0.0009924415714067036
0.0743309141722178
-0.0182542961584366
-0.03367520692910664
0.014687964527889135
-0.010413370075120686
-0.03725928419587633
-0.08006378580025567
0.03514505236062144
-0.01730675727314373
0.05844208780274477
-0.019862225860061075
0.037395077670413
-0.0012753455013910175
-0.0036417874794164333
0.024449100290119333
-0.0087495599451746
0.0015801700266553148
-0.010059938993216447
-0.016416573766333674
0.01233901406663058
-0.02619587538485411
0.05961851186365899
-0.019993182155038064
0.047983228353146765
-0.02389325949627568
0.03047595714281942
0.01686574346345044
0.004481939366872976
-0.02161295883358183
0.03302359617045009
0.021439222806984463
0.037046384724723144
0.009353287240195579
-0.006202699842598693
0.0013173578074813506
-0.004328610688200411
-0.013761042327958573
0.010290678840558117
0.009497746326962318
0.040923454217550226
-0.0026053368665925063
0.02321582728672288
-0.01326421785895347
-0.011614618463879916
-0.031581512376985525
0.0052028162807684795
0.03264131458191686
0.004369134764627475
-0.040366334629144685
-0.0455267940464595
0.01193281845014003
0.020063007076797493
-0.013149587652254957
0.040569147639298656
-0.03330953083882614
-0.03788796573060197
0.015991626649875978
0.05250023254466125
0.04040417983486785
-0.026845210378485168
-0.05451579586537003
-0.0012749317645879348
0.0037833073745806283
0.02042263976353584
-0.02867002205245548
-0.033934170979254136
-0.01586935646873715
-0.031803891740968926
0.04571956479487414
0.018233661825623585
-0.023317985172172737
-0.00887927146055632
-0.00874154170097661
0.009886500661088784
-0.0007656870448654987
0.0138627680620837
-0.037792068062052
-0.010771872547526554
0.028660900879672574
0.00972105510519331
0.06935902643233774
0.02883284977403002
-0.005032076602819185
0.01570179607618724
-0.008532549102091003
-0.003157048953743095
-0.005614747094208047
0.022034611582125614
0.01137827608574029
-0.012580945391046195
-0.015398493460073165
-0.01651005223687114
0.014372798454584612
-0.017116244800918966
0.09513886299572606
-0.01440276112344555
0.04650196563545312
0.017874596683127644
0.0017183056174983064
0.026783385554606017
0.0035404786525018127
-0.011035007862392808
0.01659441112502088
-0.0002343608106632439
-0.005532806267574049
-0.003570675371326464
0.04987878972197414
0.0019109163023125284
0.03641599141748983
0.05954190515245584
-0.010290091647283431
0.010404267280584804
-0.0017995412971889705
0.02375743961320742
-0.0049412303661824615
0.0390891935727738
-0.002809726029281213
0.03376828734128011
0.003640810143113683
-0.02249753156265439
-0.035584800867717245
0.0263206688705423
-0.02641009398039253
0.04197361874212886
0.042000569798332756
-0.029818867739320413
0.05648485101442751
0.03053213754143743
-0.026744225049738838
-0.013171545004096915
-0.039908636870747444
0.03133146935738831
0.062389314443145126
-0.048483523096341984
0.036484745533981684
0.026234994611752282
0.006858825085673418
-0.027332803453451668
0.029868558235377433
-0.009513344958206193
-0.06597272752454882
-0.007178653168414614
0.0028343397440904216
0.025187561638409992
0.013314122876596548
-0.00909572992552394
-0.0584837677873619
-0.024258738757882918
0.00022025924958327892
0.0026354763216568625
0.017023141261098773
-0.04450350405936729
-0.026672912693095442
-0.014018677482856285
0.02802051135532622
0.058688259316076935
0.0031898748966077617
0.02120878748698068
0.045121894163569404
0.022703253944386666
0.011220492354979048
0.0010796112528181166
0.014642466041620965
0.03884321383187009
-0.022946723423124024
-0.026077477478525988
-0.010977085105465743
-0.034129030560533076
-0.013945169576641067
0.07305219958945998
0.06252830891848035
0.01747023273246678
0.03304984833495058
0.021762636488924278
-0.004064644538942385
0.008736660533420596
0.03907005963545082
-0.04972275895326225
0.020527536636934643
0.012517900655789747
0.023763972692941792
-0.036111512178951435
-0.005616434046598714
0.018740821885635466
-0.01933802027650988
0.009315971529152152
0.026687193644164546
-0.010815087711129519
-0.009931227713341276
-0.0935512168461798
-0.035106527090759565
0.0399944250317828
0.016233256454788094
-0.023088185622798213
0.003909752874316484
-0.060022685152368936
0.04280578428289879
-0.014310900501854221
0.04986277126772059
0.0009956567874964653
0.01741717716653503
0.00552938949371967
-0.016317214427467225
0.04244161327268211
0.020712342258622455
-0.012134289767868135
0.02571098978592985
0.012216467883670732
-0.004677668689810412
-0.003735234081849518
0.01874981234508755
0.04067940298360667
-0.0352912987132803
0.005054249950964089
-0.01813405611386302
0.03727217709314333
-0.012147640624252703
-0.03905732073172394
0.023239380333472705
0.030653925804020175
-0.024653158488811777
0.026566107987473567
-0.001357904576032851
0.005374493301193385
-0.019913241766776973
-0.10962734881954075
-0.06391247426665457
0.042034944632557365
0.02395232277447309
0.028609003957306006
0.0036015602284810073
0.02839243576858366
-0.01220688215550484
0.03197710193349613
-0.013443923333479374
0.01675198831106694
-0.0280209975370614
-0.002698019471519395
-0.017024430563472574
0.02787223429697885
-0.01768471534474589
0.013162300582748528
0.04119574875292702
-0.009950285371811697
0.0018925778694260675
0.02367786529376392
0.012308751088630943
0.01070339581923567
0.010274580398058664
-0.014826006168280649
-0.011794295491610103
-0.021719520064495998
0.0324632196751663
0.007467398360181182
0.016030167151336164
0.030094296438146335
0.03526213099673961
0.03171462168145465
0.05486080017136065
-0.0327324956084134
-0.009182793736651726
-0.03264319050078255
0.01383015648133898
-0.022839551598375883
0.06937777925260069
0.009154463496500145
0.005064184821265078
-0.01671740336932595
-0.02472233862043348
-0.01408724488396287
0.054059444536248204
-0.0008458276797760423
-0.038679936127743175
0.02121468932923788
0.005196261446325967
-0.021710231386394344
-0.0011827933327180397
-0.007107572959413338
0.023846367518982243
0.032001002914707984
-0.02728710950198121
0.004415641655009689
-0.01621150695618611
-0.006681856781240036
-0.005886532926848726
-0.013973099953794161
0.018223863303001714
-0.04215464635866947
-0.040597034635309094
0.022058246489027346
-0.00812359228968075
-0.015923597777982197
-0.040882700082456265
-0.0005766893938756583
-0.006552157729391606
-0.00045994970063638335
0.0027538083403136748
0.003609801482561368
-0.013354836630106184
-0.011639996938399315
0.002791636304930135
-0.03864364360141893
0.013640678941761873
-0.01835047485106227
0.019808592607660828
0.008669169741439482
-0.012306281502395067
0.041923978158741305
-0.067236710390075
-0.0023399156416344276
-0.018375007095216434
0.02382113469724236
0.009045261010580941
-0.04399984287627883
-0.032355111825615866
0.021738854146998186
0.012474680145381578
0.01378704431321518
0.035059033138033116
0.005260342677970937
0.03150224898864773
0.007408684719261061
-0.01593042693834266
-0.012888904739069573
0.026393594958131518
-0.0013100047063281603
0.006957732258692597
0.020813317701731678
0.017625602076531365
-0.0163433504262395
-0.012701554134509003
-0.00044211270956188124
0.001872520873656434
0.03515785457708128
0.021305741573154163
0.028660232975730466
-0.07728502174807066
0.0030337856308284518
-0.008421817060397784
0.014820151405875963
-0.014263089450248359
-0.009865030797378563
0.008405356211808811
-0.0017232254317089849
0.02355254099986625
0.010338815017127955
0.009903163478746488
-0.024680448497558256
-0.05977975696694964
-0.023812841034182342
0.04887592315204173
-0.009810418870953082
-0.05357169622134964
0.04969334518270383
-0.028113259799847183
0.02450326606982908
-0.05811759866370533
-0.03891241275440998
-0.08724926859583682
-0.005850957520094081
0.045081237996476474
0.010756925791970452
0.02208233069823748
0.01177976474172668
0.02765732873062784
-0.020847895358635578
0.01131298154807273
-0.01570533628675577
0.03388990437199677
-0.015542376435336661
0.009930258984781273
0.010672825942991354
0.0027507205646342173
0.011218465729319617
-0.017947593275606837
-0.012312346864036441
0.04963123378587751
-0.010948059335291211
0.05257907583352049
0.007609036922051424
-0.006633850860218182
0.004634649144361595
0.06162330256994844
0.012922663088750138
0.00297215563634315
0.006451867340684716
-0.03335506916423782
0.009942638333477848
-0.05566233072958733
-0.06404140483889405
-0.004655523133094606
-0.004279741165723539
0.015809588530630896
0.01876956495321896
0.05206443136199676
0.009704771879691342
0.03588048258723729
-0.01461517026197683
0.04030752984149701
0.020063929260681953
0.001385578424133514
0.0401851653400385
0.010931313538680603
0.049873572416121816
0.026037765822492526
-0.010520322134512917
0.007928721227783717
0.023725628042875316
-0.029580555134568098
0.0447201621179102
-0.0004898514810421946
-0.01558611208198099
-0.0027721243318133107
0.019685243492800705
0.020328748559178097
0.0016369509267938785
0.006513696386314923
0.03385094576898976
0.0596787370543707
-0.005111379047352885
-0.03737589553125347
0.01647556840595002
-0.02510004637540623
0.011199663969912134
-0.045742773646010614
-0.0010333045016340564
0.04018402720824322
-0.0062423869200165655
0.07173496633713597
-0.02787540756163477
-0.037879596753412445
0.01565950179723139
-0.008070609511909865
0.00858880305431371
-0.0165372896258679
0.005081377876786803
-0.04706362914850341
-0.0062517951014770595
-0.030573130503142313
0.0002521316972280519
-0.015000776774456735
0.04633293616518928
0.012600303840930461
0.010141541689926353
-0.026559251906263164
0.008150398391169471
-0.031743518961637
0.01730481576903375
-0.016237169096330505
-0.0027318271359479183
-0.03116491426962621
-0.01898325338961652
0.017851756960451888
0.005419933718559583
-0.012397712831463372
-0.003461402697563998
0.015911070694829846
-0.000689730959491927
0.014611422431492773
-0.0023760154396700946
0.030503456545235865
-0.01183020331108334
0.0033466031150708787
0.05056014933601003
0.05233562035105627
0.03314595145696651
0.04136720907151978
0.0034811282793428084
0.03438005134531386
0.0031314029623523572
-0.019560254897101177
0.007570673069101581
-2.7482604747747134e-05
-0.05010955922741601
0.04352766144343307
0.008860288436028044
0.022757274891495177
0.03201692865735899
-0.030463905803259056
0.0202758297306444
0.025876960296020452
0.0532382558364954
-0.003804277940683435
-0.05026285136904048
0.0031015619155861456
0.03183302999200281
0.008090883553052302
-0.019766231508797902
0.019752606828145017
