0.01499556183939945
-0.06193484818376708
0.04499320149734052
-0.0017111189608755085
0.017806381467587187
0.021493678073395663
0.007632644436494233
0.0028702312601788056
-0.01536370669445915
0.03671007328622632
0.05601078252614481
0.05301068316822229
-0.004931616039192146
-0.003106767728835498
0.01890624085499619
-0.023612033331751766
0.03631891082620255
0.00895152425436089
-0.04037575976091913
-0.05505208126087466
0.0015245282085329045
0.04506608310123716
-0.004789933644586663
0.009064826631128836
0.005577522849781773
-0.01725106104383544
0.08894189083261254
-0.0160217538931824
0.019586875699145807
0.014898959005383664
-0.008251991495606617
-0.03559833087866195
0.016860775303791146
-0.07580409099525358
-0.009507448874965874
-0.04364497244694288
-0.02752061926619238
0.010026753094344408
-0.009713466423434108
-0.037074780608878
0.007644283227210768
0.0092387401386781
-0.030565347078524485
-0.03523357319412483
0.0224261392961095
-0.01166081208150145
0.02786529466993671
0.007284457704773466
0.03101485273550026
0.021164344771377738
-0.02498332209979508
-0.002553907516981885
0.037639251395494476
-0.020843338116846237
-0.008607479060913468
-0.07754335639156072
-0.04330666105782322
-0.024578706568833233
0.02358651302767325
0.00841934134873977
-0.0003142357613579111
-0.008202473200435337
0.014874177344613524
0.029381128711203602
0.006396884228559848
0.019739444355603764
-0.022719590284613168
-0.03621113095174859
-0.028784020872053676
-0.024495306329657813
0.02313776000754327
-0.01616422870066748
0.014004646522401704
-0.03691958902663311
0.001001674165801022
0.036258670217366736
-0.010036000156780921
-0.0341424966344189
0.007542603979296978
-0.07034461910313877
0.0004401625813887765
0.036473473018178694
-0.012633101970508036
-0.006922809279778905
0.018493208075602192
0.03761304870573511
0.00023000796630332374
-0.011392259352017181
-0.0010378979892794985
0.010014947519281446
0.03673581274960862
-0.015338700029634087
-0.002120281250114376
0.026730041750425475
0.04379178996964192
0.02296534623756594
0.004173898603638716
0.023552536823480397
0.03321955328027245
0.013800413093715304
0.04620066139681184
-0.005776919303273395
0.024330453180189
-0.023493977690478708
-0.01255394682164441
0.04154541971314729
-0.001439512768274269
-0.009612849975293665
0.013902793054599846
0.03518711666502888
-0.006413637513955499
-0.02554876626996607
-0.002745482971238615
0.005457953940758992
-0.023604212530727
0.0052115889782573645
0.04268937868489978
-0.0855651233905273
0.03302800016974946
-0.024602807223634476
-0.010219299657742967
0.012397982139081738
-0.0029905664338615934
-0.013029346026161327
0.006909640988434933
0.020844963892267684
-0.04864325438682059
-0.00863086050295638
-0.013997351804766404
0.032401549582557275
-0.012577411408742249
-0.003744104540849168
0.05556982856765829
0.007867499705440666
0.005044871295284583
0.001448095399662255
-0.0008707261740676151
-0.025337632685759053
0.06536434641578111
0.014485945548171753
-0.057584043939653044
0.07899108135052194
-0.001828772945776638
0.04153093204853757
0.013550957890173713
-0.02077447625600055
-0.01001968950096176
0.005738167647094208
-0.0382815065262243
-0.04460049238466531
0.0016089033822684659
0.027078848938818546
0.02251368702598222
-0.029683522292588645
-0.004004587269310162
0.0925998592218548
-0.009160309046741661
-0.031036358791452612
-0.01783660676269891
0.002485653521501651
0.04552951782155857
0.014381554169829737
-0.047866175575916
0.0020286860192854817
-0.02619159936287914
-0.008846917107888505
0.015739401124546457
0.001955757809837055
0.04595787174612088
0.042013113551437276
0.013208468145746667
-0.05149275633395154
0.00863720769494946
0.02700846855079627
0.005406818016509483
-0.031386312853894725
-0.03465572220545032
0.017297079923599395
0.008422960103799863
0.006595296177405061
0.03489107152633778
-0.0354532006723922
0.008121049276572109
0.05925731145650478
0.0032459142262968275
0.0011301530697345997
-0.01895094096147449
-0.017456720976338016
0.019160502029930655
-0.024965379545286336
-0.015841454147219658
0.010817638166918093
-0.0446235102258495
0.03014554878420477
0.017212076022587244
-0.016982702581136978
0.021621708550009264
0.013768021941281081
0.02768713684897977
0.012491411259342035
-0.019806032568177683
-0.030789584978110462
0.11020228806987384
-0.01597293060460966
0.05387921316012048
0.017219584932907227
-0.005017517127584487
-0.01754206572771482
0.011318252155830042
7.277420166118156e-05
0.03707452889749699
0.016209698417794342
0.004843185208879827
-0.03589939031219252
-0.004846431041833882
0.01996336070948065
-0.030387014146500316
0.0012519100668787425
0.008613762817027318
0.01907082131717575
0.005161747686497016
-0.042930205742793166
0.011648138463050515
0.07012112421869776
0.040044834842367344
-0.027840593593039743
-0.009086435806192422
0.01930602777497752
-0.040603094177851025
0.0018038528417861357
0.030884682845962363
0.012321208717890424
0.01985817473363926
-0.0012660562073154018
-0.02190002741551358
0.025727068846072298
0.011634014216199426
-0.03048653900041681
-0.027665303092277705
0.03484717737790025
-0.0841186340284972
-0.017470554832370803
-0.023162500601503336
-0.001392816092961579
0.022695497359033884
0.03815133826801209
0.010607146524399012
0.03183157433148906
-0.018146216436831626
-0.0057778599635868325
-0.0562191978060897
0.00414232132948013
0.033974854186187294
-0.013629249578866768
0.017149041111018705
-0.01356648644196904
-0.03379577413896758
-0.034128443962197996
-0.010924035765378183
-0.04394900566311142
-0.008691229578456071
0.012559593404809223
-0.0022575774376930114
0.0014089736596178159
0.011310883347106662
0.04568433517590483
-0.006759537764272993
-0.026838018079705483
0.030496637983345756
0.007855651911867831
-0.014236142410717745
-0.030392745579051902
-0.014642137749078242
-0.04192963745616617
0.048517885840772
0.022141416998361193
-0.022343027938436205
-0.018456782489215423
-0.02712899299549424
-0.04501956279444107
0.028656597781721218
0.008601334133559704
-0.04978097151095353
0.013560123575398958
-0.02119158775493593
0.022368479729161013
0.0020794941621900655
0.020125581836866226
0.023434961451615693
0.0167074054130633
-0.001988230243557587
-0.020063724762000256
-0.01775047198664261
0.03820329515542964
0.07172404885186631
0.014157375361711001
0.07241679164496677
-0.058319485300874316
-0.03445067848950647
0.0609625835544536
0.08500798655413577
0.02223197189619854
0.006330195426972551
-0.007702987358015211
-0.03976636285180113
0.004312400877082413
-0.004163288066713854
-0.018828469438060533
0.041067125691141175
0.013681797168752884
0.022016829426889085
0.015254827732213833
0.028326021174616946
-0.02982773694885974
-0.05062943501774873
0.025416160806217718
0.01062203236817691
-0.020506236107534635
0.0008671476578458938
-0.010600315634856961
-0.009077652241769787
-0.0464559695702418
0.00839650112652761
0.008250468954296602
-0.011624190264209664
-0.019776065830578705
0.06663984448758747
-0.029771741343042953
-0.04659730273900645
-0.05614299177706914
0.033847614799120386
0.026383025622535663
-0.014599182383828003
0.05346803155252222
-0.02362064665694947
0.03456845884416978
0.0012878784319804496
-0.01149651210633813
0.003547248554169906
-0.03287754832131645
-0.04093190777045392
-0.005049479984265945
0.018008194653930096
0.042850509191501206
-0.000989502785463192
0.03447816816605559
0.02312781562867708
0.027987627470492174
-0.010264781302839374
-0.00023372182068861106
-0.0026889827469241574
0.007548608406175902
0.018246451615957646
0.02059163641620845
0.009534409170512518
0.03486872404599797
0.048393649689888886
-0.0055373114389086165
0.0009625620324740436
0.021350200796455526
0.026889795523835854
-0.018708759194221096
0.009070084037197768
0.01122979313333576
0.0007195654334881084
-0.013623214405434608
-0.02984730447892821
0.038839510338011085
0.013354770702600088
0.00021809683219749812
0.019970889696627754
0.06440624648091317
0.013046996672053791
0.02840077283492643
0.03720142680843658
0.0028917178574854297
-0.05432028456457036
0.0016613750640831354
0.013005006308828669
-0.04857907519482979
-0.010411207206827587
0.0317820157942147
0.025373842822835967
0.05973572885238127
0.060643298842100006
-0.005578770407605978
-0.0033062691286134915
-0.05162587888948819
0.0033382542953275638
-0.0005723844425412998
-0.023072440501225935
-0.0065122180090738035
0.047640283905224595
0.05242690459592018
-0.02133329298286026
0.005578200022322558
-0.0006113738454966633
0.02868651684019568
-0.021749482019435315
0.06493514630325815
-0.001456586937782143
0.024146205559798215
0.030333503946450797
0.05381406050613412
-0.014333506980087842
-0.01868898036754563
-0.013830932663862915
-0.00040813198515228516
-0.016641743211605463
-0.022823640406257433
-0.002356580678528802
0.002233177066233722
0.0015364289431548073
0.02832310729893796
-0.019779139583051872
0.0036257478822437814
-0.03288114596902407
-0.03160828638128962
0.024155019281852343
-0.012852475735610295
-0.004069660145724183
-0.01138275097786771
-0.0011478980724159244
-0.0027029928955325144
-0.004552428225952603
0.031010480651862873
-0.04822393986699964
0.0004642122900097527
-0.02145255170419358
0.06224625741693089
0.04854250058229795
0.00570318000097392
0.00028942982917509204
-0.04584693832871721
-0.008279454162410374
0.0317098440862841
-0.013912472791964317
-0.007900489055164805
-0.02248001726058154
0.0076617707122290084
-0.01524874286688404
-0.0001342947907613277
-0.0072769175737676965
0.02692813414733962
-0.03531661186880599
0.015714323352902872
-0.004054425747563007
-0.004500080063390903
0.010735686657222744
0.00047230987106241737
-0.020849646526906365
0.015260498319225402
-0.02897448673521302
-0.013801374488253722
-0.007563654683996794
0.033182410717145686
-0.014680183879178643
-0.008429105227609689
0.03046739932571386
-0.01863691272164317
0.03449777312487732
0.02920100013469847
0.01940499644045636
-0.03126328224968342
-0.026742804057468362
-0.024230308571386642
-0.04441663647868154
-0.0062181905851903365
-0.0012945809324492112
-0.05116238912348379
-0.005469353517397776
-0.003173165029434729
-0.0137060551194792
0.015392774764260193
0.03295512726855768
0.03162479416190177
0.02870284301944184
0.009760995758028366
0.013878642438590036
0.03987118316903316
-0.011014925113031895
-0.010648578265902698
-0.0056670628747927014
0.018933676021271606
-0.012851475323051679
-0.020348361614930775
0.0559721602499689
0.02780494993379359
-0.019663995870554805
0.02385399921196859
-0.02473301241918537
-0.0013445691503080855
0.018767606814831233
-0.01401608637822351
0.03503357067821913
-0.015075220911787104
-0.011555155560266863
0.04052985424551637
0.053533936845705385
0.015350703973454356
0.027972114837374936
-0.04951592414506027
0.022424370645934624
0.004662297814065076
0.04565042688877506
0.017928498773109897
-0.005428886880315425
-0.0006050072236377608
-0.023089816884024325
-0.04120055009936537
0.01800823639956556
-0.023248964091321135
0.0008666025263238332
0.023775116382253672
0.005360752238766214
0.01017153118500205
0.007445296916885471
-0.025336374732750595
0.029707469007817594
-0.027391709171497008
0.06660612337701824
-0.008401804490412076
-0.013018074838729583
0.022881677413150982
-0.01990578174796913
0.02839122029616685
0.013119009758149806
-0.00363365798185904
-0.048623430309275066
0.02522610995044756
0.03070233301980668
-0.012199841781757877
-0.02351168490375128
-0.0014036145381976087
-0.0022064814998148997
0.043386123099629366
-0.012627887223609363
0.025322640882829175
0.006380340231417155
0.005588000006643517
0.0117305037062422
-0.022986326805295016
-0.00010497674022545226
-0.013087887492724068
0.03239078640356908
-0.030768655390549775
0.06324922000306916
-0.011578879982051277
-0.01150306799737709
0.04118929824222423
0.015736637656484354
0.044312397821536995
-0.01108183945569343
-0.0008852694262686211
-0.005165715357990735
-0.010209198127725382
0.020625519821894166
0.037065572190198556
0.006309769013476193
-0.004892336142098678
0.01171113260375676
-0.0077651114084201535
-0.034973128764235493
0.01821498117521709
0.01084723266385202
0.031288605508731644
-0.03826772481395479
0.005042719715727098
0.007951764252907785
0.00376033902418078
0.050341885536206325
0.005931863882668147
0.06246667355254691
0.03557294569761646
-0.012580253044863474
0.0259282300404661
-0.03594418469115959
0.029563308093368258
0.04883637576020171
0.002171417751872803
0.016088242122798725
-0.033290910789546865
-0.0346994174698946
-0.05474776314619582
0.026658836733698708
0.004201853522086263
-0.034094890403127465
0.06779456706141614
0.050405992809521176
0.00842223965834563
-0.0117549769875103
-0.015989973356451408
-0.03508980503406717
0.00672950062369856
-0.026087182614542945
-0.01127448287573292
0.025718137071130867
0.007158557079739476
-0.015726640919198925
0.020368532577578615
-0.008454723891208335
-0.09602693219752072
-0.02818415574192095
0.03108510918181789
0.05263515661826216
-0.002866244710651586
-0.003110711193735877
0.022499194781380592
-0.00588004570114942
0.009163567023510127
0.011748882361283904
0.01996517607152323
0.02189565099425451
-0.033177356067371905
0.005126593181336517
0.002758101893139613
0.04887619068616014
0.05082328237721078
0.006137824275924034
0.005302660528530832
-0.010873637092956046
-0.021571109010962635
-0.0013370799969910888
-0.011595735544156893
0.02948378520824934
0.015797135424199405
-0.025022079076875352
0.0018434065763197037
0.03759922067624897
0.02441292762640791
-0.016137854852393392
0.02785757408741822
-0.03976830884201935
-0.06072486252042991
-0.009124681549619519
0.00813018616815932
-0.0033571789380045505
0.0315623361010405
-0.0013402247045418896
0.046301549141818214
0.007587354679391983
-0.013832605092696576
0.037889476352710005
-0.01822130187793664
0.0890798896563679
0.029055737835151325
0.012586654363719611
-0.0070121630731800316
-0.0038698313769259655
-0.03327095155831797
0.036846626861633515
-0.02875684920754426
-0.045226031674312266
0.004797773215931741
-0.05163243450094034
0.009772735451363526
0.04204156605914743
-0.02917792420039891
0.02061115278904084
0.04872553818212891
0.01052976748639613
-0.017505798628426873
-0.013019828072610764
-0.027526440954101065
0.08206863216951941
0.06573049064323712
0.06476317376505292
-0.03652829451463638
-0.00763559802413223
0.0385668055386222
-0.002781332142488581
0.002481667611470206
0.02664493707488742
0.03450525946138265
0.08519656700613933
0.003862797760993766
0.05937319766542636
0.014578415428843057
0.07818249256693795
0.0027312291269834307
0.012323888028753838
-0.01199007177528972
0.02726341744989869
0.01919327768358446
-0.00022217416292032513
0.00409941842188959
0.00954241003617501
0.010666740483340742
0.010921053223291587
-0.03670974547858068
0.006376185071377833
0.04073466231415095
-0.010039721976025942
-0.007946476626413242
0.07072205339117107
0.047466298080135486
0.024303683574950444
0.0029638346143281355
0.017539145296320793
0.0020360950508175662
0.03596963477342983
-0.0032559595164513514
0.01805547797878284
-0.032701062332448357
0.011686155177731193
-0.03811159712936985
-0.032636403015178006
0.0012030296253768503
-0.01443578216932905
0.029984907238874058
-0.044374057975672676
0.03904306600889193
0.0046741007606542475
0.042212706346041046
0.005573523947411867
0.06641929463571523
0.0012990122171744087
-0.031483687850166
-0.009856749761179773
0.027567164729375312
0.0661874664125871
0.09528618137471037
0.041278747282861586
0.018754182449970676
-0.05090380717131217
0.01109002791541174
0.01290194216804423
0.012728166903514769
-0.00876402700962481
-0.0012324758038080995
0.008866301162154639
0.02597547678184157
0.025075956926037975
0.004327093845131649
0.004260682237944043
0.013637836686585483
0.031083611645163378
0.00047180069547681625
-0.004030019448115236
0.026403099032703516
0.007951803205978965
0.009088824691001963
0.01076833858911545
0.01823711721699845
0.0252600184282845
0.044849351603782485
-0.023305401710127814
0.025476007354316866
0.03526032132560227
-0.004503858891677373
-0.022946085066256585
0.0019465664872825273
-0.013842134731146661
0.005840303866654712
-0.0038001722442487233
-0.00306835245627355
0.036398760069964065
0.019960633538432238
0.020230730072147804
-0.002917523868501185
-0.018744216713737865
-0.015157318739253824
-0.008955313645266399
0.011676067508420604
-0.04494689831781756
-0.014733344085685473
0.006326886970346058
0.007656505524045169
0.023240002143822307
-0.014289701236121232
0.025206424178558368
0.008660619427689044
-0.0038123639416939113
0.006198302568995173
0.020328086913249326
-0.0011992988692266916
-0.0728223423600478
0.00646381893310768
-0.05950891667772958
0.06339216361960098
-0.040812664638523566
0.022368604245541976
-0.011821322212254846
-0.009127641365979634
0.06567931789866244
0.013851165710849062
0.015314444220763198
0.03922048073276707
-0.007853315072242427
0.0035880897152365775
-0.025562076407468985
0.01422893634459953
0.017446912436957816
0.007556169638769246
-0.05922300941828347
-0.061577622459748245
0.018673853968062048
0.018306387642689458
0.05483674628813291
0.03655251607967298
0.02649927335643926
0.006142810551370465
-0.019619454177469225
-0.032836574981530045
-0.048161323142931006
0.016316756954212613
0.0028167383080060756
0.0127679432826887
-0.009961074278142783
0.054133703516282786
-0.017064168070451417
-0.004985421707894304
-0.0062851095276960246
-0.04465911577310523
-0.014226160202196914
0.035879034996575555
0.005638737423202041
0.02347583300589571
0.010441198061516095
-0.015372916340374698
0.0002204893365230701
-0.01262433432367254
0.014025797583855325
0.013790507478270608
0.021108485843853282
0.019575853969816547
0.023264162958488398
0.0005313053477298662
-0.001643284962610175
0.0068109054592940315
0.02789480733913696
-0.006881757866372062
-0.05285283674990309
0.021652663040815315
0.007600871083732997
0.021409990856779346
-0.007295053206805314
-0.020140273975108144
0.019613138182668993
0.04445128031882222
0.0006653977176182715
-0.004990088285183646
0.04652933805416064
0.009227602626071741
0.005469665501782422
0.004452821191121881
-0.05478581546032889
0.011762074954948857
0.009382652413710633
-0.014293917101442238
0.05619016116926489
-0.0217440469514434
-0.025057963892215027
0.005482494605040093
0.029431619039149773
-0.01155656366650615
-0.020832064847735123
0.025746285055642963
-0.01923968103056096
0.003261092253437186
-0.006024631316460608
0.018125627550964998
0.006824000293875436
0.031600855919658194
-0.02255540567241896
-0.05987188194469468
-0.044915772710574876
0.020914124788316633
-0.011426662955850037
0.04611502219076053
-0.003656403206887006
0.029523306399349605
0.02551852582834995
-0.033238569567731385
0.036457324419210964
-0.012022078404634153
0.01657906013641128
-0.015360185977464443
-0.06340976206957859
-0.05583487128248957
0.005752215658101366
-0.005310490094164808
0.04969479958201894
-0.013994783191821018
0.012876685030634005
-0.013458809236440081
-0.009741879653751472
0.011574978197842757
0.027805504425958433
-0.0095822363255512
-0.012114039671878303
0.019841450311084224
0.011711161033102994
-0.009072552373051207
0.01788470241698824
0.007262530211988448
0.005547358871780655
0.0006514549355038224
-0.026905537238020215
-0.022756480806911214
-0.0039796444306741995
-0.03439306412192449
0.011322935095532375
0.0680955580858123
0.06905416490125804
-0.01842380732104462
0.05180413472471111
0.03410090187732946
-0.005764217224097867
-0.017748397900207442
-0.0010315092903097319
0.003790897968744036
0.02037767371253112
0.0014874812787396224
-0.019256630666141267
-0.019813427842958996
0.03675884906041964
-0.010334457129223434
0.002511256716630694
0.04307330273300868
0.02580014842413302
0.0516149626388762
0.04157852884280558
-0.003863593309931214
-0.0011056242762422217
-0.042354861207131944
0.03820498859686945
-0.0185881705709156
0.009275487834555517
0.00016765752564250843
-0.0004012683644963944
0.046784482791976466
0.021470770481223436
-0.05121721703526621
-0.010072294487635662
-0.012349007067501494
0.020759743767095922
-0.014698654082879044
-0.04476651950821202
-0.011994965276294643
0.0454564987501024
0.016919420295100147
-0.07090548745606869
0.02013482820531961
0.027145724258402545
-0.018234465294837437
-0.04010294340022135
0.025069551640072817
-0.04328220541180427
0.01731569436371598
-0.043648890530920394
0.06549815671646514
0.020260970835141223
0.01877835351392105
-0.02679072665720363
-0.002005076906172823
-0.016396709242371865
-0.029831634422338087
-0.005051385125445979
0.04765254003487277
0.02979765795750518
0.031720602709152924
0.02136903585387571
0.04852937031774931
0.0457212392103115
-0.007425840613181317
-0.026073728534605354
-0.007916247467219858
0.021083361018264822
0.012666134804273421
-0.01033214848217963
0.03492791963785379
-0.019520649604479936
0.005866531198572682
0.01477305563745882
-0.018536485167077718
-0.009464439525623439
0.005728221336490619
0.005598304441943963
0.013133635852875379
0.031193414528738143
0.00793378412812389
0.0498858812682788
-0.024765314001171414
0.035208992544862296
0.04774960168640538
0.006550499664752931
0.025349533589186117
0.008947391400064772
-0.012393401265821488
0.000820258196852669
-0.006008975297280046
0.04339213518223259
-0.013422002901890747
0.009861762317302984
0.013122277136934563
0.011035754756709154
-0.015219447169532082
-0.04935876762425433
0.073456816140669
0.06022239714862371
-0.015622873616187992
-0.033325049189719784
0.006329785599273186
-0.04102598379904415
0.024689303152438474
0.015286673188736609
-0.036469115836650565
-0.01564866145903607
-0.020525429297720527
0.011735746545614613
-0.01835139056016254
0.034980540363001265
-0.013969346173026198
-0.008532439586111861
0.04143092066516632
0.02548451717655819
-0.014464137561025341
0.033854679310697834
-0.04117251622831376
-0.019150340444899407
-0.01616810291388973
0.049243859973449246
0.0015741503017483475
0.022504839126505933
-0.003339902612364009
0.0038220287051451765
0.01962824410187446
0.0032116392869016076
0.0020105852476432085
-0.015341837989460096
0.010476150398139698
-0.020965348667110383
-0.04317652099117018
-0.013282000102693328
-0.015079623151138729
-0.06419125824358468
-0.02289831275456635
-0.01182314726238183
-0.025603536421417227
-0.0098728580505977
0.01375670779135639
0.036591700564512324
0.025407918941888555
0.011570832066635107
0.010897298240682675
0.012945880218459176
0.012734791540948953
-0.04733209602183782
0.02111509008364954
-0.019957822606016175
0.08016611270542053
0.010995913483516768
0.0056775339882802625
0.006118689769723737
-0.015273483886029138
0.01429914595360063
-0.016049290751091697
-0.019655575453156948
0.04551495051601686
8.138311208555117e-05
-0.01607416903147478
0.040186724326073155
-0.0040520595205642265
0.024920855907264318
-0.003668344202991107
0.008435614148252482
-0.003341200782179026
0.0010677623039506672
0.013518624260100438
0.01748984363713183
0.003803499804661589
0.008715869566622587
0.012405120144662439
-0.005862513287744567
0.007426662107691727
-0.0017918386316510889
0.012027569481142758
-0.0034393285966406156
-0.04386321641937684
0.040939216672350724
0.011213867414705337
0.005735673431253668
0.021899905776800354
0.00453017451468825
0.0015342967766208318
-0.0033289800047452164
0.022665155691651874
-0.03984702778896011
0.03544736293245366
0.0002442148828810501
0.0220384789502318
0.03229008656288096
0.02024445311091562
0.016098933288138717
-0.02670540050101943
0.008082951281380278
0.038192632362313184
-0.022678710217911752
0.0122792827489037
0.04011273473237181
-0.012632227445415013
0.028513743474869194
-0.01518800484102693
-0.011301067350939057
-0.0395406831143263
0.008888936212058628
-1.5605438342459817e-05
0.016520550119700307
0.003986984506353539
0.004189506773059767
-0.009423162184592444
-0.013704216426726108
-0.028207831353783956
-0.014606667673499437
-0.06395867612257318
-0.0035109326294485723
0.011970270350730474
0.016274608451331246
0.007436762583904503
0.01882267904540531
-0.0019498069433530661
0.03781987028870784
-0.03344890402370205
0.02073694628873699
-0.006290690232654426
-0.00016687508839137373
0.02444664331602575
0.01983013818298285
0.015315714034581969
0.029725883965859585
0.05543436665094607
-0.03380751142328441
-0.024314995747333208
-0.007062207633407171
0.02086324314639436
0.027158949172204686
-0.014318680913651313
0.019208174532481467
0.03030096868148645
0.045085749453475384
0.006183659606786791
0.06287451064874981
0.024308329448263603
0.023423182280750507
-0.004650043846066625
-0.06568584455790004
-0.02078748232669867
-0.02197793625317606
-0.0220380798140872
0.034233619810036545
-0.020538771447950514
0.025698584078904414
0.006726646655348065
0.027820350668175797
0.04323008112871794
0.038743843733067426
0.02839434068058408
-0.007627061829339308
-0.002715851665345269
-0.0033019749667108117
-0.0019994253022383533
-0.019669968359827476
-0.029930162635760843
0.002207139757847811
-0.03283822446937858
-0.057393568600496984
0.04089582492659008
-0.011692721285699662
-0.02560599951874126
0.018322269810175026
0.015200143669351482
0.019011058974939207
-0.027037090448424894
0.1021496153846254
0.013836205021863283
0.023538648363799902
0.00039474802383033565
0.0009433022913502736
0.008653961224664336
0.02976618303596069
-0.018694849025386148
-0.023965679732799054
-0.03132202242573288
-0.034925969773435706
-0.009031776323072706
0.06325233407769927
-0.0028084856440315016
-0.017858749609072685
-0.0336638908759261
0.030732550400360607
-0.020505613137971456
0.01800331260761693
0.00566397640043227
-0.014174682860820378
0.005321242663059499
-0.01562953759269256
0.009756032841127122
0.008324454772075815
0.06069293290851784
0.016647950246376664
-0.020589861240351347
0.016588664870937856
-0.03358207315688151
