-0.013991797516706655
0.025717231265040583
0.019396150550004074
-0.007670918667504712
0.030230679601581514
0.055203411450949265
0.03298228526342185
-0.027909780775580068
0.04282434874358148
-0.06967225345147783
0.003604104264847345
0.027388578493751235
0.050045765045750604
-0.012564067781996112
0.02440519042388501
-0.005626028143714078
0.01016464913763976
-0.003118243531042181
-0.03567378244653783
0.029118228532082877
0.009581379928679641
0.02612636922690528
-0.0013977572462755938
-0.02396837759645964
0.03295070813657538
0.017135842655582486
-0.07172622822959908
-0.011898835059141763
0.036688715683546404
0.05996022475880133
0.012674908842804809
0.004738575892537116
-0.013987387846356242
-0.011404078636703495
0.08291894926665741
0.00010693460377019267
0.008300686629085046
0.020973266811815175
0.0020505165576738408
0.04533238421356278
0.023382481370905973
-0.024212392666183094
0.034975316861292835
-0.03478599443266001
-0.013058066098861142
0.024580667243816506
-0.09443941434624516
0.013636891870589675
0.027251129775497294
0.01780221587643078
0.006275378270530754
0.01679857985132222
-0.029442880055398444
0.044776878610838754
-0.000968524911255989
0.016316945751743084
0.014995569969173535
-0.019892443341575097
0.002325297645736067
0.00604395371085841
0.021311992296668397
-0.010467471313208956
0.0073432393891864
-0.053865569633331827
-0.0025990184196292444
0.005292249442875201
0.035372399295367625
-0.014895469213545329
0.025997458529436673
0.004704324841972319
0.015628166860286275
-0.006685020040237196
-0.00927460501135285
0.04946928598204532
0.00194449243148828
-0.02144961249958028
0.007784456478925867
-0.009620558317903817
-0.010639291133073847
0.025586272190197833
0.011929375408900478
0.06902910451508693
-0.014492094776226695
-0.009589748106700732
-0.007027950135409979
-0.011695097610474542
-0.0038414237342539238
0.0062052371490655695
-0.06779475782310171
0.02082692015217154
-0.013510919094476036
0.024217325181695032
-0.01845547484198043
0.006526779945143623
-0.0036494354153184506
0.011222890600518818
0.013815731183199877
0.024242040551395182
0.040172410681787674
0.015479693460068066
0.0007396818792967236
-0.03742856309070025
-0.00622954984702755
0.0023910093032528477
-0.00933999649504501
0.017500707503721413
-0.040217946461455795
-0.004847270029822862
0.013967508369893295
0.022657412753637182
0.0066344455789156456
0.0023725994257972156
-0.06307112044345654
-0.05431633184995143
0.01515456434263793
0.020286064421530837
0.029924118185916757
0.016974089971165545
-0.013510087274310821
0.028704550053759312
0.034741049664528505
0.024504427520915535
-0.011542089661996435
-0.029471549433523023
0.003962996980510015
-0.03672154331747573
0.009629334384454888
-0.01379030289326162
0.01826680493667163
0.0022813661422616386
-0.00833872364142647
0.007994642137980033
-0.006511137660617625
0.003570572943135921
-0.030649761174164646
-0.029225420428759655
-0.012374650077375642
-0.016522984601710023
-0.02084165079101267
7.99760415411235e-05
-0.048404234382985925
0.021780252427596975
-0.026208494229806988
0.029854117666125564
-0.024726915373143754
0.04764778490703074
0.1074663407219186
-0.014759923244493555
0.001603577430742927
-0.007990078059295545
-0.02434753002697207
0.036638479485101266
-0.0006619888873624408
0.0074396796184591964
-0.010003829964780636
0.020213451853402203
-0.0009930353113427703
-0.004693912350532476
-0.012678205147063016
0.041266223861454364
-0.015019765186196835
-0.02911993444376778
0.027611561777416114
-0.010844409353933162
0.04385916050469148
0.04743635476219675
-0.03579632770816439
-0.023783237296129016
0.006031379719698294
-0.012986122512115575
-0.012501253575084092
0.014375080209756655
0.005054288125814657
0.050890072734042925
-0.004903600813350216
0.006768595377209958
-0.0060201459791952615
0.020806467903906847
0.01071921383826361
0.0751473423503711
0.004221939090730805
-0.03210724879993506
0.031845069128169944
-0.007718522638027481
0.01836972404769811
0.0144047397561573
0.0073665239934839685
0.03411001411031668
-0.015778260471230567
0.00289977217400409
-0.010098844632126529
0.014866476272227997
-0.023038268949285255
-0.022533833153583364
0.024964483722680085
0.04793593295247123
0.0008357563345629081
0.021473365381334264
-0.002221090719931023
-0.010378632759588531
0.015118671749496982
0.027062817623527382
0.015062258485739508
-0.007425684519648763
0.010342323794636387
0.034328730270566196
-0.0243211518868458
0.01171324245551132
-0.023123304473036947
0.01377157749942417
-0.035220399093707375
-0.0058767733374022425
0.03189863730612314
0.014050156315179698
0.029633082659186686
-0.019942723902210652
-0.015058839207851607
0.003884081138913048
0.001228302167315529
0.02176845899439622
-0.0039068151247448005
-0.0015853776149129446
-0.006638327852168434
-0.02724321776709695
0.004308934233994234
-0.049124613075003966
0.00048047985960877914
0.006010484061433175
0.008995627259390106
0.010730218317373889
-0.0040818986425429716
0.05171989789495136
-0.01310163916380855
-0.023455384930281053
0.0018702999705432265
-0.01808635907652607
0.040502134591068516
-0.010737091838665211
-0.0026177447815427433
-3.870533659543746e-05
0.08016411620925325
-0.002310459714941655
-0.018242651246244173
0.0143710070139879
0.0030443485570162505
0.068493847971864
0.00036789152433068707
0.053004772766165845
0.04484597418067071
0.028570514483234524
-0.026804230964898014
0.006773615386063919
-0.025489062274492828
0.00566033383853085
-0.006260168396709732
0.032251209070415135
-0.033994702068178125
-0.03599019018742798
0.03458587567361829
0.041549739914620014
-0.027455949618652564
-0.02977411453823763
0.0419226999536993
-0.01040503148358827
-0.000512964084708897
-0.000682514049513274
0.027954211545354067
0.027954402481386698
0.02442134157504251
0.0020253953132203842
0.024587556964992527
0.038349298465669784
0.017003456134095422
-0.027287899943355152
0.008411070214843086
-0.08238793826949946
0.0031162079810770566
0.008570333911201348
-0.0325144956050919
0.03040737142790897
-0.02003005369281634
0.00862650622376484
-0.023700158582508072
0.03145761684060476
0.00853251653211801
-0.024295699403924956
0.014916092448595958
0.013164295130153332
0.052650338949432204
-0.004583820330535312
-0.00380045103996848
0.0075601048221027095
6.661563254283556e-05
-0.0022853981219054177
0.01779024761493407
0.021079103676301184
0.05308717463491412
0.02870860634124261
0.029114146093941994
-0.0033962954658570436
0.022790189088299537
0.0009767528458365456
0.023054734405325288
0.01417399707018933
0.005317866888447278
0.061122271970802874
-0.005388117181881111
-0.022784033940675505
-0.04497687524447477
0.014753624137383245
0.03347048150521724
0.011147569689848804
0.012013434711196914
-0.059586957766144186
0.03591100268285288
-0.0006488995238685965
-0.03713780802050051
0.026541996501082184
-0.009622702406233306
-0.03311741106545838
-0.03394719561148754
0.08742413364297331
0.04317693934954854
-0.0005350146649462723
0.04600418133092993
-0.010309229772984268
0.027989524093376263
0.026578449182950277
0.011157780474614007
-0.024498269332523564
0.013555501676934088
0.00812561296147805
-0.012861053353226902
0.025956657463575675
0.07315518195928376
-0.02397945589299612
0.01625038839658222
-0.06129977943715152
-0.022893768971555584
0.00810747353699239
0.06503727903446546
0.005677514935871876
-0.030025260654143054
-0.021675203979087388
-0.015115015680717724
-0.03611593016325046
0.00900883093191986
0.019784552057244633
0.007471815129529442
-0.016240115949206414
0.009996588126259557
0.04191773432242317
-0.020376370808393857
-0.013296462850686704
0.019569987821276696
-0.0008501487720411764
0.017842025582656275
0.06102649700990882
0.007646763380350848
0.0013434973138783195
0.01158062582095218
0.022990657346364917
0.013980649895187488
-0.024022594375808153
0.03264158997288817
-0.04006249643116416
0.02962524798737345
-0.00425570153950053
-0.01672453829817204
0.000876587900118893
-0.008879757035518115
-0.00646409336104958
0.01767968199430741
-0.018971873597103246
0.017006792951346897
0.020846008165641163
0.004859772579800046
0.02146742732577657
-0.0069415740614154064
0.018034031040052783
0.0405894268883391
0.008576589722485326
0.005885538577707173
-0.010846842917848192
0.046164746669196476
0.037902903506442966
0.004777987821735887
-0.09608380584659197
-0.015779344053713656
-0.014590099669669846
-0.00602612556433849
0.0023163884510698078
-0.0008285777259755166
0.012667686327549858
0.001866058634798029
0.0024725293904922147
-0.03522490740076681
0.05017511955791587
-0.04004339655928803
-0.012255598845079893
-0.057966699308078955
-0.008054102165190945
-0.011457973408447793
0.00797033457686797
0.009159270116493479
0.0105967600912168
0.019624825061132285
0.03364021935883651
0.01436200067416367
0.029885140100432896
0.007880314046099412
-0.07878229791085774
-0.007452862357802548
-0.032199417108793524
0.000995881366820348
-0.0214586910600529
0.00830530848713897
-0.0370198647616423
0.01791470944529489
-0.000157943049557139
-0.013717402552684268
0.016311224279876874
-0.0067746198796029755
-0.01919725157910618
0.002892420561365224
0.03218181875805396
-0.03355370543264874
0.009189845832866672
0.03674656447872846
-0.006603257170883324
-0.000931788894787518
0.00625267575771954
-0.002763781397834704
0.007077997702968665
0.006626143195503242
-0.014493833802038343
0.059228541747592206
0.0009937188692057087
0.04562682517865473
-0.003448307977962426
-0.03254477213135936
-0.01894968182095222
0.03297534273103065
-0.08329218892420617
-0.006849678459890206
0.0020751964083396994
-0.04875241069667119
-0.014446820146101052
0.006233465980879749
0.035151214694614435
0.012250606072239179
0.017513057676851275
0.02161958376463004
-0.012105509854583875
-0.06125299778175254
0.025175965108851235
-0.010071847621292753
-0.006970666007181546
-0.027918963501596693
-0.0322085283637976
0.025264230860034195
0.02472283256665838
0.027735628186711297
-0.07566958544789043
0.006277613997325599
-0.04511136721877826
-0.1040895103266891
-0.01754972142538593
0.013880314644290254
-0.007493845747526519
0.039794693540244605
-0.007277299474563902
-0.018856229963836665
-0.031095102821557367
0.015071594190171445
0.014675567899387973
0.022497661802343173
-0.03325265453503841
-0.02581251156436757
-0.01426866044211174
-0.005133148106886904
-0.0486976978037152
0.03999715534252437
0.023211917417971257
-0.036812080868506965
-0.0022957800338742596
-0.007451677510981072
0.030124531714909766
-0.02912622938318327
0.05384517054324471
-0.055992297895503335
-0.013051888152455915
0.04539082418344245
-0.003892559594368776
0.0017126142795260589
-0.015497787460972435
-0.019799233882344933
-0.009464375409595667
-0.0017857517593923775
0.010991738440096781
0.019881214570455594
0.09547219833580212
-0.0037830293545779905
-0.051462533632651276
-0.0076725269369635266
-0.015366739562647776
0.01015356204529133
-0.011312630263964034
-0.022288814091295087
0.022842465829102016
0.024593035732954585
-0.007938682408200889
-0.01892247429556039
-0.051813809872228396
0.02344184038027613
-0.0033574037419853
0.033540239433160195
0.02509512368055515
-0.006057168591051396
-0.0010969687572716608
-0.01540798540057818
0.039746853087224115
0.004498199675886852
0.019038973200377413
0.025439660772461715
0.011548810509063714
0.016177308656879327
0.026033794598920242
-0.012352618565848189
0.01740709678144598
0.0029313786376470104
-0.0061376557709863985
-0.009604108195443321
0.0013717706449691384
0.028848415777307724
0.046672099056513414
0.014949598387466475
0.01632744659465963
-0.017694232253260753
-0.01711171387366411
0.010589843442898676
0.03282206359990331
-0.008503671624465414
-0.038580804774647245
-0.003224599913436307
0.029273118408707888
-0.08522970055871792
0.027665038353956308
-0.0013413845196882863
0.05986408786030563
-0.01729612569693031
0.08369734054956755
0.02245429857049999
0.012387657598385202
0.020500131182925905
0.024272819540036156
-0.019139498088403872
-0.025193974422527587
0.018142459251768328
0.009385489699587603
-0.007845193203995272
-0.01574841663769884
0.023186551758420066
-0.0017046903789890825
-0.024508879677722684
-0.039059358304153906
-0.023028781966920056
-0.014239428175647448
0.01509234257983007
0.060257848246059155
-0.05360961193461849
0.0014770631351475683
0.003469383606551108
0.027334067104805165
0.0024561644743037125
0.02798230605058007
-0.01972680034044612
0.004272858912609473
-0.007522993498376605
0.019450333188057577
0.034359216031741434
-0.0327562586311783
0.029505929739266242
-0.027582333982007844
0.0038001405039269688
0.014095382618170178
0.011640360603925023
0.016238029376318183
-0.009062998479341146
-0.013299113344812995
0.02502201688017863
0.010196021127392678
0.06021722162224113
0.017626537372513948
-0.012409547421100727
0.025546919813200192
-0.03601401821826326
-0.06080634558926595
0.005767892072486168
0.0010453304080147116
-0.02626557003663647
-0.025740611296719073
-0.0025773904802437733
0.019675566635655235
0.005084390790637269
0.00915670525973734
-0.018510201010167263
0.005831201418524278
0.02293670687579805
0.0035872728687934155
0.011992221876216406
0.009102413321350047
0.025529617705401176
-0.0367201613505449
0.037386570122065615
0.009149703425628984
0.0194402771724736
-0.0019329987647780866
-0.009162707823675356
-0.018911361058659128
0.010973924060736611
0.025432566123129132
0.03143637518398339
0.045637928511456455
0.06541034451080449
-0.0016106005495787274
0.04507214019932249
-0.020934207727465813
-0.011225586090082455
-0.006569699743464311
0.02832488716569483
0.05258038669598584
-0.05236998024663604
0.04216674840737305
-0.004563001264638959
0.01856406930737281
-0.02179035748820526
-0.009880182997975715
0.00717040995959112
-0.008374622552210822
-0.006197491650851846
-0.022194487360987
-0.01982513440790791
0.05705076172955913
-0.02720493317583015
0.07009410031379429
0.0360618101165385
0.03657968666846616
-0.04422624878494335
0.043362991849381576
-0.01559335254001737
0.024306967508825765
0.043265855901317554
0.020864925522923787
-0.06424715443094393
0.02984463393624623
0.01754454028178532
0.03142205807102182
0.01385575849146016
-0.020442505331236694
0.03029810826279508
-0.006165488115233805
0.05930004730231577
-0.001230463450917827
-0.013634416317602168
0.030995152762207986
-0.0040469907351478405
0.003120768618492817
-0.023221106841153992
-0.017217050307755874
0.002230878356957365
0.015655036000922738
-0.03016391672081923
0.020360848041502934
-0.002623575286174231
-0.012279669343209853
0.026026960432988983
-0.018870161367355788
0.022751451677528785
-0.00039861498954635424
-0.00014718018231899195
0.029452742279627145
-0.024548780612959946
-0.035672653592499534
-0.015289418959568916
0.026859953812671245
0.0507055744823295
0.012113096863765958
0.01672721060014875
-0.03176064494426439
0.011406417408510259
0.0021189614093047393
-0.04946713091934939
-0.01644435857104459
-0.0034061821406814125
0.010690051093508126
0.010114461467651655
-0.009737029163315395
0.00475103697088482
-0.0057686481541971086
-0.03437855900128357
0.003753976065517504
-0.017474457828580852
0.03135206239249145
0.014707318167546888
0.0690702220976924
-0.03604032039088778
-0.014312709731962362
-0.020238240230016503
-0.025902640156268378
0.012904933218953
-0.03248351219078016
-0.012292249580065473
0.02482375211279483
0.023165711778082475
0.06372794936644899
-0.018332647039331167
-0.026231735990399224
0.012029800301428872
-0.0049807035135125645
0.005250031993332799
-0.00368321170155549
0.03579767363386275
-0.03686074131868347
-0.04797981802838893
-0.03221708380278881
-0.025208714913163677
0.011444964268318475
0.0357973444189191
0.015210732655960148
-0.007141982576870417
-0.011947103027522572
0.0023006305814648404
-0.0018326109271176942
0.0016244767228554835
-0.00085251974740139
0.0007138388360141234
-0.011070125094998889
0.05394347297523389
0.004291353946404589
0.06504613579848918
-0.00670758397264043
0.011115155354655957
0.022385082127887933
0.03523038034205732
0.026875389013527526
0.007773453552871488
0.01433568337785363
-0.013961620292413185
0.016030264169711327
0.027853534751379395
0.013238105107233363
0.0043861482746240495
0.021582603693163633
0.015469439705889508
0.02724538265209132
-0.005342668586113367
-0.00992534017881281
0.03144131380505918
0.026813291730667373
-0.005228564176041456
0.011227732138428856
0.03258984071591445
0.0757494485162444
0.015465538131749813
-0.013021834503225067
-0.023363743790317845
0.03290913455143673
-0.011964153287151344
-0.03544476423063976
0.01990853506864177
0.014295381969979091
-0.016749431230358706
-0.06770247450532957
0.03862697281472705
0.011908284666297585
0.049454695179836805
0.04256610843277154
0.03012671584074212
0.0009505306406046866
0.021765211538264037
0.04504653508673406
-0.008322152940229576
0.027075359109002464
0.023185423734088325
0.049523100560493895
0.031094891461054174
0.038101370899306986
0.028724978391130748
-0.010280715536186253
-0.026824134994181608
0.024393873419805208
0.023522612166068275
0.02053763436189673
-0.04493443240951569
0.03796552921054328
-0.03462004494504864
0.030471390358053737
-0.03560205152795221
0.0068295018153873375
-0.002269382686694666
0.014587744485289413
-0.04069675213284123
0.006897327036820025
-0.08218211177054235
-0.017410061854909273
0.03569982180493684
-0.01774803454787075
-0.025179301316095744
0.044495812190795236
-0.0007521535814119016
-0.006389449047949163
0.03704751823373271
0.01043768498004138
-0.021265446564816274
-0.07170155103452142
0.0006250873947765827
-0.0396541789350966
-0.032679063239935136
0.02393354022845166
-0.01339431678461992
0.01836394301706988
0.031200142407274714
-0.019399196776272592
0.0546658797287005
0.005483518045746854
0.029434708783426494
-0.027192179400424246
-0.05429244625374613
0.027184265236426766
-0.015674163608624624
0.021642393227850866
-0.017087394503589162
0.006150769124982437
-0.011847838481150376
-0.019875612942310394
-0.019058360554027366
-0.02092561837357139
-0.0051697662840598435
0.04458358532926235
-0.023596851199679348
0.053341801658221534
0.0006576224628497429
0.013689117469606547
0.046793804061649985
0.062004418697877366
0.0020959673848543123
0.028642079633598272
-0.01672460302813998
0.01957166141645134
0.002856016309766199
0.02045564565360835
0.009483133137646215
0.05212423324278994
0.008599396383808713
0.03689616827446754
0.046563197102507295
-0.014541840343037512
-0.018136903932636193
0.020032203282632447
0.01714118717493672
-0.018214697430778696
-0.02800797014569999
0.04697909961114134
0.016085094987134993
0.02088134779052481
-0.031026285618209144
-0.033203641143950566
-0.033975987460590495
0.0012947445404584948
0.07275713437308108
0.004420663381518818
-0.03155108989175802
0.002156607555820819
0.007776406677607442
0.06233130707727419
-0.007955116417819734
0.02788287464676753
0.009070428405217556
0.06879775634149313
-0.014113238634032533
0.01960560961079797
-0.014394355333431691
0.011731871169804207
0.02911373493761645
-0.032876468896627556
-0.004398201706785674
-0.004616689420794817
-0.007568122578011837
-0.03947416629743594
0.03800767908407283
-0.04192110029502746
0.0023702989908548125
0.04573923005050964
-0.00018149273816356868
0.013418345785068694
0.01733453723753845
-0.022358191612656474
-0.005553612019109279
0.06922064129734974
0.039782724579048634
0.07361720255465594
0.01046666643519455
0.016651696926542444
-0.010875641076035173
-0.01652849528170545
0.0009203986339723541
0.02227830136651321
0.004038483804814058
0.00529067766063109
-0.027914751698871747
0.03256273378605791
0.00958522846084497
0.0057035609628998014
0.015327117416485197
-0.0009072179118198532
-0.000524290900345393
0.013354906846611756
-0.010580324371228174
0.014387429653287214
0.04518466859171911
-0.0624537040635633
-0.07157645006161682
0.019621728906550867
0.0057979834682571705
0.026701492423811316
0.017319471260774006
-0.01840445454742967
-0.013381005391626963
-0.05178052596255165
-0.014721399004062607
0.027803293918250135
0.007457952274923897
0.00999747472559175
-0.03826687986172747
0.008770334721076052
-0.0002300748353425258
0.0046793339800335265
-0.019459573269322156
0.025622518542166926
0.002336876837906975
0.00762121504397547
0.03922969177351312
0.01222354356971322
0.004797926144211954
-0.0370944696130356
-0.012856164585148495
0.024693290208586998
0.013863509205993963
0.032880357722866585
-0.006850938702814277
0.001922200873008094
-0.02661611150022677
-0.010040213991071793
-0.00017094003143118612
0.0039263562027023685
0.0330048501274213
0.046292942948688284
-0.012485429299715444
0.035466799225736936
0.018691830441149943
-0.02163447771516371
-0.04668645808258301
-0.004905131134396363
-0.016831954755487943
0.00502065637313214
-0.03401497220951695
-0.018049185977080533
0.01910052274752347
-0.061331270212275676
-0.0033272690353089336
-0.007116851887463476
-0.01033860083564684
0.020029034503089196
0.001445665761232619
-0.013669213213466194
-0.014257340823877872
-0.012993700481657867
0.025342057040023628
-0.02381946441364167
0.03286693121573418
0.024440302981457315
0.003123732829320304
-0.04553398162566335
0.013674096450479272
-0.02264374941576983
-0.05525878819786957
0.017421172066197362
0.02589840116030335
-0.003254908403096118
-0.009087101039329186
0.021765988498472024
0.008514932121292744
0.01903249971432164
-0.013197340561526612
-0.009684351851676298
0.027041696794616786
-0.008564863808021626
0.03596895440443806
-0.006844769327477825
0.034817636061599974
-0.022725879862995277
0.029492916019800183
0.01520567620234089
-0.013898997365776098
0.0037306638004066407
0.0007429283975529776
0.02479222984847472
-0.03060266107139609
-0.0008116849576842395
-0.03344370956137717
-0.023032165723064376
0.00925890339561676
-0.005009328977380387
-0.007791190886017739
0.021302576792504996
-0.030565844305278183
0.016515436233340598
-0.008823558107296639
0.015992340494951806
-0.024038466904058545
-0.024843918326225543
0.005674106191024715
0.025251018513482305
0.007459928552385482
0.09593679150840113
-0.04926901126857204
-0.02482962195866874
-0.00011173022164676613
-0.0007848058169403096
0.035567562396343615
0.025644487602651568
0.03496658264497723
-0.022087895062696462
-0.002233807926510653
-0.05349962077290154
-0.008899930538187474
0.010857031737762975
-0.025622280387392154
-0.017667103645241117
-0.008898655136419
0.03659913648404196
-0.006536630410675031
0.014583076819660467
-0.030262812092981775
0.0177508978212783
-0.0517044476260657
-0.028721482079802463
-0.009104439679097567
-0.0237776492317067
-0.0020856094239695678
-0.0008654956603752073
0.00452332508671904
0.005019406718630129
0.04033922712496183
-0.0061531139008958995
-0.0032107194971464138
0.05595592539511367
-0.0029935354601860475
0.07283263406961601
0.017456687247588448
0.00572356685271692
0.0016530719299931325
-0.006852072054509687
-0.0009910605772958266
-0.017933896613247742
0.041432558785559716
0.026828112958544537
-0.07223554859067349
-0.03361514111176541
0.020233885136245373
0.029504735882074307
0.05931660245624715
-0.03913432676412479
-0.0006195758239119628
-0.037284323753175946
0.0003339129913736843
-0.003153579064481192
-0.028571634195986715
0.013847893384421711
-0.025254464790504583
0.05477318120250495
0.033824441474468524
0.007918453065661617
0.016447044333983488
0.013295090059900977
0.030645470789271465
-0.01424897867203136
-0.039533794808367564
0.05376286401740752
0.004858511379607474
-0.042934184889741066
0.0556296871867384
0.016183950425077472
0.02633762382934398
-0.015633081266534017
0.015191166798562793
0.007905132694276075
0.033548333467528314
-0.03938709544175631
-0.028499731312103746
0.0023384148637110008
-0.01111104643490211
0.12481187176907922
-0.029227874916535612
-0.015275624999343476
0.01012787247589168
0.04587054914166471
-0.026043216037484242
0.04698707535721422
0.017169299463646804
0.01619211595991947
-0.04089448598271101
0.011226878950487594
-0.0003012742708682217
-0.0882738578425399
0.04329419216723239
0.0032962094820685414
-0.046842058169059536
-0.001762654141817643
-0.06435579546928376
0.023686286529560723
-0.030491955949713156
-0.017227904418346093
-0.034931726796466
0.00690465050669043
0.014866680668732285
0.010587774717868788
0.0033390491131576722
-0.01660930493862836
0.006940303260069333
-0.026736781147070402
-0.022654985459873905
-0.008372427854195964
0.02687637795075658
0.005824950937418829
0.019607774133699
0.009873869421248465
0.05724866820376788
0.03694126347517166
0.006795515188779653
-0.03252653617117044
0.012592442847127808
0.01131095170519628
-0.05252724084187032
-0.02558672657624526
-0.016028402575068795
0.010259536585846123
0.015220450701479326
-0.03535351771276935
-0.016154887922089727
0.04317108856201768
-0.041028534302144475
0.05030088042823343
-0.006330258456098364
-0.013470691014268366
-0.03537560678154629
0.023236036234093302
-0.019863583370803014
0.03422512065778005
-0.0003451393625642267
0.035649499309065615
-0.015959004460133867
-0.014878112419688262
-0.007463376311841922
-8.328427560520619e-05
-0.010345279677910765
-0.0072486228109889346
0.02532926901877201
0.029110509703867683
0.024684218346962158
-0.007991837632684445
-0.026185042707611874
-0.026930794995933125
0.001364342302105133
0.01610743177410396
-0.03654780076779812
0.015513376486911364
0.04610133259562556
0.06088015432296306
-0.027208699367444942
-0.008715375567598029
0.0031564675116248025
-0.001727071759691109
0.056588130836888954
-0.020757369722696525
-0.05231012311327927
0.04210936639691628
-0.001044518271724035
-0.06500866606959178
-0.045123818816859944
0.004336974672349523
0.015191560874756227
0.019289894480420042
-0.02689423216766782
-0.005968233520331341
0.0006441608603077827
-0.012013746455957342
-0.049302429222224234
0.025233410226428003
0.024613677080063262
-0.05942403737938675
-0.03564431902489315
0.00010530489037524832
