-0.06712809035851999
-0.045149641186478066
0.019990429965524838
-0.013245158064208616
0.038866598255168326
-0.030647312821988845
0.005891151092230879
-0.013372725813335042
-0.019789455822189304
0.03812840757420776
0.04064135262014926
-0.031963128379831486
-0.011141152988290976
-0.006786372724114642
0.028812656317013744
0.0048517660121940205
0.019528782414809157
-0.006247501123790355
-0.012094886226785142
-0.030269067620418137
-0.031235968948374392
-0.05007223932423222
-0.008154593421801028
0.0759251207374792
-0.000288662984407063
-0.01266871673733385
0.004932141832088437
0.025662198456457664
-0.012626529451701727
-0.005136628740924423
-0.04970436482327837
-0.060890400974952116
-0.0026642265391702527
-0.017432090162941224
0.0037757244709511243
-0.005474060698705122
0.01458598627715588
-0.050780094466143726
0.04082278318067116
0.02051484398456262
0.025687962676768945
0.004862389393130688
0.049370414221369036
-0.0075379276659743345
0.013648374080868653
0.006198657123694234
0.015281110535104486
0.0190399491699524
-0.008411847715268539
0.0019697417603455883
0.037707429546969304
0.033163292488853566
0.05532905281825219
0.018506827436133196
0.01096919622643192
0.04836044952209983
-0.00844305033271232
0.026899933065569603
0.045790464367408044
0.014657751698021181
-0.016137459062453556
0.02526769204660283
0.03222055779413728
-0.017620508080634287
-0.026253855386345486
-0.006753014568312878
-0.00771119384715172
-0.003391131415353964
0.0007010165416905995
-0.009965282257591577
0.0073773941875571
-0.02911614496710662
0.01067384796197466
-0.043699987569072625
-0.010646924200475952
-0.015291464733665234
0.018231272899793146
0.03714220429000722
-0.028615161755766113
0.06166846917842233
0.015266389490056534
-0.01154168602829853
-0.03469905838956522
-0.04397188953452998
-0.010382381895560374
0.00023259267674407126
-0.03202035437519952
-0.037790691641554915
0.03353916386653305
-0.027884181741194627
0.008011559421141722
0.012321605972053078
-0.02232076702501281
-0.0007012195863973905
0.006067401745643052
0.015479145166198046
-0.031221800071369918
-0.03630122432708189
0.038346911833719736
-0.019550417008199563
-0.0018525328517235
-0.03540356088225427
-0.0011986407662020907
-0.025040733672969058
0.06538596142877168
-0.027951355218191747
-0.02182245310959428
0.00470826957996373
0.03843183180722751
-0.04107605045580764
-0.03019952704227048
-0.05919113314107713
-0.023463188434684687
-0.014295744132433272
0.024758593064346055
0.01461829187841257
-0.0028650116093430203
-0.04281265520431019
0.07852016104177953
-0.006729292755941584
0.0006533997670659077
0.011429621682933506
0.0011849597303495514
0.00621013413638802
-0.026705704772190544
-0.020792041705823994
0.012520046279509823
0.022708815179218154
-0.005672734005032588
-0.019191688822356348
0.013755411229224619
-0.007955594442156594
-0.010044627519419176
-0.003375714936759892
-0.011117212024391953
-0.031188594326937664
0.027099549957768355
-0.017114148597573858
0.07527490849882389
0.02419261093318895
0.05214736690875159
0.021165896249181422
-0.01893050916039354
-0.020590285213080116
0.024699449352073
-0.01671162408191771
0.004558633549222092
0.013912703202647736
-0.0380564676093458
-0.04802922205291486
0.00899741384133353
-0.0013460917568544977
-0.009010746626622849
-0.028593236519235697
-0.005626833174344155
-0.05093677493590971
-0.08012913459267643
-0.008466398843320986
0.026676171182218586
-0.011561788821963664
0.005559023805982432
0.02277157440186514
0.03187462138855913
-0.01435029330552423
0.005134381130902487
-0.02592728538646805
0.034457725371103635
0.005281819322071254
-0.029476937867681054
0.013091526519389359
-0.040639031745632756
-0.014062169344141128
-0.054729978722373965
0.012329223671155716
-0.009345272762181486
0.04658970534209605
-0.025180373983382052
0.03791238529120078
0.012894426563744496
-0.006170746419129307
-0.019615241402854415
-0.06674402679986799
0.008249754173921193
-0.004047174616192092
-0.012234197685001679
-0.05114716618991137
-0.0010305351909347378
-0.03476258082458708
-0.020029254940392968
0.015041545686654374
0.05716771908153265
0.04252507159836158
0.02772393179272928
0.06331966611234578
-0.013059520761375539
0.022278703821448868
0.018511931995614798
0.02364758860339602
0.033355562147915664
0.020171198459350764
-0.012263155168221749
-0.003215592526744973
-0.0579258226619386
0.018431730376743696
-0.02384056969285683
0.0016894613866863676
0.03498731704178043
-0.057996524629881405
0.0006787225221704241
-0.034782221807275485
-0.002782406392724834
-0.007083082602759034
-0.0006930622883001694
0.06610841240158159
-0.0035819869401686106
0.021521718737147606
0.02199864935742533
0.02439697888830754
0.02383868445894727
0.05435296026223365
0.0685523044870692
0.06281092470629886
0.024042509680626312
-0.04826281061892369
-0.036382052136688596
-0.01308626535768793
0.016509479608975627
0.03333328312543223
-0.005226633205297617
-0.007068368108496166
-0.024924885207421324
-0.040383074011332135
-0.0005171566192388745
-0.015183423468973473
0.007192583392613392
0.007910992465794252
-0.014739931532196928
0.02604711214698376
-0.0013767590496293037
-0.01832612622611973
-0.04338357312688806
0.020020260621852824
0.014607717471111146
0.004640764951801313
0.038569716282684574
0.03758646008184054
5.479064004386835e-05
0.03267102593947365
-0.03170693845782048
-0.0033475915996511512
0.02892605917462829
-0.0013261048919193598
0.0002465224743227919
0.004403493067350109
-0.017144191857464255
-0.00752400896875987
0.011406981219124958
-0.018885756757018892
0.023461271523939627
0.026441273314356677
-0.01087639790860256
-0.09114623433937084
0.027738592898409558
-0.008648752842347814
-0.009120471368877673
-0.05005909094142158
0.011648403872180907
0.0037529074503191285
0.005439369207573892
0.047507647562437715
-0.0021158083370958446
-0.01039804192022121
0.04992867843713667
-0.01376306082312806
0.021015213899976865
0.016670393328506505
0.020746679665030125
-0.0914019746340101
-0.00870351843100957
0.022643506753592915
-0.010119737008206703
0.04451931068097559
0.04094048750518083
-0.03421633513108109
-0.02276723683794968
0.012648114981127945
-0.01843803159123563
-0.01997172580304811
0.002258416688872007
-0.011449652363022953
-0.016909764130143428
-0.02517306826464675
0.021635939613861257
0.014563394731330151
0.030589231109052813
-0.0031308666283542154
0.008197688182849895
-0.021882310983527394
-0.01149254885965352
0.015546407062087958
-0.07103909112600641
0.016567089213091853
0.04463861820162944
-0.004071030519095124
-0.031018293070664234
0.0437741621911918
-0.03432890120280523
-0.0018213524185668297
-0.0001979610826729345
-0.02101378768103967
0.027197945899812427
-0.0027072208700783134
0.023272225454977587
0.03361807014346877
-0.03373002501224527
0.012776080863277741
-0.022597202622503868
-0.002210674872913601
0.0036550648269339714
0.030545840735050466
0.012806068543726706
-0.02587305322457772
-0.08319241276762973
0.06000331698228587
-0.05186766951373656
-0.006864512240711589
0.024202543908086516
-0.06178786485057271
0.01322714696104336
-0.010999447763387469
0.0053978474986410745
-0.05030182618824811
0.005222460759866153
0.09091412930149177
0.030561632350162234
0.032661656056038275
0.00742870905173034
0.010814306407719623
0.004545140453987189
-0.025992040723451165
-0.018120956579402915
-0.01750480934703664
0.007575971235314866
0.03012176385495264
-0.004101667074512197
0.004067817622044998
0.007070099923969474
0.01526936573598067
0.010081466229093122
-0.03524062677058621
-0.0075042243229552505
-0.0028020939007487775
0.003938590780351015
0.008758504660226412
0.013782805327053562
0.0052760943426717255
0.037186011828834895
0.036621299842602345
-0.006814948562102974
0.01363676718695807
0.021823416258265203
0.0191076707589654
0.0002672817592678034
0.013626955771062037
0.009431540271618263
-0.057561177382144675
-0.007583587630000334
0.020990686932474634
0.00868132839838557
0.001695708645341751
0.01930380254206887
0.0031420937337651098
-0.03670799291901082
-0.008121807589299066
0.015496130580359877
0.016991851335471386
0.03385717054061793
0.041817068224989776
-0.021202762843201366
-0.006033042348230831
-0.004453043888776328
0.011199634008431861
0.015557031220724432
-0.019434773613084884
-0.03451530064853729
-0.09997525390598846
-0.002219917236496733
0.0062511590942413795
-0.019304517390983413
0.0049872855030465135
-0.002507794323280974
-0.005270693351742079
-0.02221284356520399
0.009608928542333636
0.03714121644380119
-0.029436627087041933
0.006055352401727883
0.01845419249493311
0.01416898623497183
-0.0063705352006893055
-0.011899954678035623
-0.013593398126579765
-0.003520064025696105
0.017406489281065255
0.004623891783134678
-0.009507256259046441
-0.04290682066413903
-0.015542649683788443
-0.03591917989849283
-0.023177686222466135
0.014548184387437312
-0.011837852736229127
-0.009023760142661274
0.03098266518304564
0.007224170486924471
0.026832888392160557
-0.01912087708240788
0.05718681879470122
-0.012523168990034157
-0.029018518794868456
-0.0163813546797614
-0.010366231417028936
-0.007574418585305329
0.053679310199335944
0.00055712137435268
0.022820015829846975
-0.0242482312405118
-0.005345604773909699
-0.008048630286712434
-0.057962059842464775
0.01191195851856813
-0.01405786393663727
-0.03250868578129002
0.006677721384601094
-0.045878161318713015
-0.034354473585247805
-0.04332479031370927
-0.018224808398274707
0.02835408785053515
-0.04038940634902038
0.01991619618904895
0.040909677040389045
-0.0018084233260142462
0.04760037622188172
0.0006849372553693136
0.013643993718442597
-0.012695113455729323
0.00823063993918144
0.01469982895879857
-0.03660471474602936
0.002889027776753158
0.0318859114565302
-0.09184195133301587
0.03385102918937666
0.01528950683989254
-0.00700906630715626
-0.034437829114185546
0.06596455924947747
-0.01082596148265186
-0.053472966371293194
-0.02466729061697155
0.028337068558754536
-0.007910345722124002
0.023453320832942347
0.03498139982090471
0.01458994449319351
0.013966042722667658
-0.015496677058238489
0.012135689583838165
-0.03561065914202066
-0.022449879811585742
0.059687907322082734
0.05012459699021961
-0.016502694140279776
0.020270866678985474
-0.005083471207815082
0.047580674453789315
-0.005067037132346862
-0.0137908200619521
-0.029834747848833366
0.0014641201605547504
-0.030975389727838778
0.004372789841271564
-0.004097535035369894
0.01914116216916377
0.009799850666809407
-0.02967398012827369
-0.015908618939806496
-0.015027332429173942
0.02457708251040905
-0.0005831059975151092
0.01379116337210485
-0.022264827462607203
0.004843403707668766
0.021208047920945047
0.004111753991389274
-0.008208277491719372
0.007641676949778527
-0.0678668092410719
0.0030645198733651757
-0.028922463392778087
0.034761274813092526
0.03640584631372536
0.029786624556281685
-0.03126477914304317
0.021038871621952417
-0.028619449807784882
-0.009026424947985895
-0.012002954298113697
0.03414457069151784
0.018386278362811554
-0.0008378927841793786
0.014739661560134431
-0.09095925439515687
-0.011578753016631837
-0.004485750325634315
0.013286938259467916
-0.03491906362213723
0.018545705521207587
-0.007250519915012869
0.015990962463763903
0.037139550714666965
0.019294601916676413
0.017479450727094416
-0.003820243975077096
0.02471170826749415
0.01885732344744703
0.018992180086105377
-0.04999063303674578
0.025934178253345166
0.03353460533816179
-0.0005831155506338012
0.004730997436509744
0.07442614714119505
-0.005635274381159318
-0.007561349360827499
0.03369968144418603
0.021501892900912235
-0.023700987847395782
0.05981315472420494
-0.022093517595527273
0.03250992414772135
0.006990082061198424
0.0015218745023064246
-0.0007437483953298171
0.043024093565153486
0.011031947274531767
0.015267315612096509
-0.0063848546182923155
0.045155918633581794
-0.022256147201615853
0.0038812848621068187
-0.01137817538963765
-0.035776928035984985
0.01439271392810235
0.0005032960541446749
-0.012435569331172165
-0.06976361178025944
-0.05935713650785525
-0.02047233808043061
-0.0021967568470824465
-0.002384456654263072
-0.006813027867701923
-0.023137366689556807
0.005925101421874783
-0.013594342818766212
-0.014840372308959165
-0.037834121249383075
-0.002028684427815446
0.031069588974976668
0.03883347159473894
-0.011816078095415126
0.01907678805893423
0.007726717711606916
-0.00958072756673312
0.0155824587480147
0.03018489471908503
0.01269940353201033
0.04341534184904277
-0.03242657061497068
0.04071971077283624
0.004534640325457719
-0.035832566095076436
0.0017130069505555514
-0.0028358279963929733
-0.02273928224282676
-0.013529694838086628
0.008742133082387952
-0.01300686201464344
0.0221390281590673
0.025816298534527632
0.028104383195831955
-0.012413325503364969
0.004409879716170382
-0.0035671714605657505
0.04467291972535248
-0.02246883595819781
-0.04630407925076494
0.01294053566318202
-0.020739703461200364
0.014994740909673355
0.057353651984988166
-0.0397947623298167
-0.009768303820703346
0.021926831134439245
-0.0017989378957347557
0.02179914747638978
-0.04121384518767022
0.003771776638524181
-0.019331737081075724
-0.02122190196848124
-0.018231782794692675
0.048189768283624757
-0.03505193675321948
0.07483067831751872
-0.004197018638570307
-0.025439322020571496
0.019704826906550503
0.015379728081027453
0.00845271286199765
0.008666308778568261
-0.009115843390715016
0.03796083842723716
0.11636439833796403
0.015618389469927916
0.009733093431175758
0.036528855761084354
-0.010826473051368328
0.001095544598616582
0.0450099905922738
-0.02333436810809707
0.029126263358222628
-0.03800982523806548
-0.015040125840094969
-0.009001874505426843
-0.014603330113258291
-0.0029983684789535578
-0.0731184379924937
0.025330404185724017
-0.0031710007398277553
0.008100811060699995
0.017594524492668816
-0.03778509162254273
-0.029035468406639797
0.005897662376740758
-0.04762814725660938
-0.028050703962250987
-0.027584602505099188
0.012936191469087097
0.05312791606761673
-0.004876226718119352
0.02374564005248864
0.027029579867991066
0.007116288995128596
-0.0048815830116425585
0.03741761530867161
-0.043646583085653314
0.02920580549275497
-0.017177530956435608
0.05427673657907792
-0.000744872498502475
0.03523664997978064
-0.0012922437006791427
-0.03676279390980803
-0.028955352268729403
0.010789126987767473
-0.08655533214064504
-0.000508697685124961
0.030591958589520744
0.03023542232092924
-0.013544351924390722
0.032339605803503924
0.006107928333176715
0.00942233942707426
0.004600574868875705
0.04130166364921424
-0.03146633477673813
-0.004191804978052501
0.035911378927742606
0.02968693567457308
0.051042127536768366
-0.017521016180721154
-0.02561720854368198
0.03427592959628787
0.016146218449092985
-0.013868817630996544
-0.0028034974055713
-0.02434797629928119
0.007750270523314225
-0.0006183906791189371
0.04700545839399461
-0.006513135634026548
0.017584935724018886
-0.0033173894565153793
0.026812596983661733
0.044769987204894876
0.0037609777017670403
0.027752771975489143
0.045384287422480615
0.05506986669984035
-0.010163102037295382
-0.009383079821994522
0.00820253472409612
0.03885231766086043
0.05740609839564774
-0.06152879858569282
-0.00884534087232863
0.01038541857466458
0.00022074164947698719
-0.023996076487045694
0.034848561838913376
-0.02358970444373998
0.03905244697317141
-0.013285779926940482
0.0021981132554102704
0.03426411512393435
0.03001190183358466
-0.02116320853858359
0.020731045418043437
-0.02070817138491105
0.04814032459074341
-0.007583768370277732
-0.0038158851462262557
-0.05454098656225326
0.033404941546519636
0.0299778614447296
0.038293784723048035
-0.005845614123508445
0.032461757727462376
-0.012029337930077526
0.018555342766235574
0.019381065815067145
0.019975099226131596
0.022099090437099823
-0.01338897820633984
-0.0073934822550056805
0.03150414407785376
0.02487423435761974
0.01995728277770956
-0.03303474733459386
-0.023626505061122988
0.0014787016973179122
0.010596843463036439
-0.021993261864377913
0.0027566340180908764
0.024945747661855228
-0.020896669834433786
0.0643153517964812
0.013979786070474579
-0.028638023210261914
-0.03349271678616332
-0.020818677900189476
-0.012626930300942661
0.005545473389968635
-0.0027366590755658255
0.001953588774150842
0.006907035481268314
0.06245483283469263
-0.014829709672163436
0.02377022180950552
0.019321247251551668
0.05885961556873154
-0.001981880442020992
-0.0800212348854911
-0.008844560894219013
-0.05189404482844679
0.04685229800791976
-0.004957658429573352
0.029483814367192804
0.017643335229278325
-0.025960314464338465
0.02325459702211299
-0.013661688361870731
0.003836680822051024
-0.06071325630147218
-0.0794703162278259
0.032380648602931376
-0.01729976639549426
0.027982785591940573
-0.0007923913142972717
0.018900215263648077
0.039347745745438714
-0.006833135452606302
0.03310340993048679
-0.04380066219531686
0.012574779130285364
0.020750111482870353
0.025304275730393268
-0.02046982991269663
-0.03194503303878969
0.018844625584724658
0.020083924374304996
0.020354239238949547
0.0021804328245544112
0.011942308301710683
0.06568592526274628
0.04231324690832463
0.016854536117350168
0.03778510969482441
-0.015868940278823372
0.06017192694536351
0.0377758385063717
0.02009592063003236
0.0009686451008531647
0.019102767181468423
0.03630287569737217
-0.03058673063812865
0.028019651094673803
0.016813085637472285
-0.036691925454768314
0.043305000773608826
0.008941751053723327
0.03446812104546786
0.018622992274880887
0.04163589454707861
0.021440242631363866
0.0584202338584907
-0.01510126391872102
-0.02690762219867332
-0.015308972200796904
0.018331397003646402
0.013542071421409788
-0.026593283662455107
-0.03371810637363856
-0.01296271061795634
-0.03291327176683504
0.03216460577658419
0.014901407885242128
0.051900974239476844
0.05801738325061928
0.012862484817360118
-0.01149218351436816
0.002407286171145084
-0.016631967332970062
0.023430302332928934
-0.01413627792027647
0.00035416852609158786
0.003980089190108694
-0.04670716528952143
0.02544242934159585
0.00673651645494474
-0.015090213982016855
-0.03823992895317767
-0.003437215236243708
-0.03841125993902302
0.026611834546136026
0.001013840275405979
-0.022691766088559526
-0.007510600258019692
-0.037969881639445945
-0.005605830317433349
0.03815499474959118
-0.003850005119616932
-0.014906389037618947
-0.023016483956094878
0.0056230564403855505
0.01335094544382613
-0.023030312761734572
3.707925163733782e-05
0.004262237015218346
0.06448276616756428
0.03987012317967464
-0.06714747880317826
-0.036136944299893496
-0.05413971010277256
-0.017567639617790776
-0.01947919605620193
-0.014809061721728753
-0.015227932553318311
-0.017089335889520805
-0.040100082771609494
-0.010690424044360632
0.021461689896879767
0.011747488338526199
0.005762832437231266
0.02250846573350683
0.031501555301111824
-0.02808025842908686
-0.061118159336739156
0.006863040606939938
-0.003790663341439269
0.02165671815144189
-0.035840744758793314
0.037058439732542935
0.02782464400137168
0.002635556682141742
0.0037488164115092914
0.03599607638981018
0.011900658180494303
0.00841257060204155
0.006370972627108763
0.001716224412002377
0.04363089955207762
0.031793007089685396
0.006356023938189169
-0.014612420043822284
-0.038451156197334725
0.02803718249132994
0.0038414936439012705
-0.0051121173212432406
0.014459735688203053
0.0001718272533952562
-0.046447856112539126
-0.030640617711161805
-0.020399230594104138
-0.017613602869679612
0.020357675561863218
0.024825485048900135
-0.011425992605590393
-0.04540047063589526
-0.07065003819996325
0.040332739675075883
0.004959038987003597
-0.015989290878006414
0.04159941182888615
0.01404862405309979
0.019247348329591015
-0.0019546122686978176
-0.0003892840601980892
-0.009045755054579541
-0.057533022505313114
-0.07645668827958012
0.011301508806801275
0.02291052649530547
-0.03884904576369347
0.05284598785189263
-0.009150369189413737
0.0331452319565119
0.002701660108541933
0.01296411720544302
0.02950548603452187
0.01295022250027653
-0.016526606395591073
0.012612050727372443
-0.01768962639494067
-0.03995708103420322
0.02439061054697784
-0.01670912835093356
-0.0027903683753968777
-0.029002885686828662
-0.009332617448782669
0.041594946775030964
-0.024025971497904537
0.013799315101395109
0.010020281397484527
0.02575425000756812
-0.01686908417446359
-0.002085173902240418
-0.0242554766327608
-0.011107364465766987
-0.052883760334552006
-0.013745724735022979
-0.03980313650921992
-0.0028204113080815673
-0.0018550911465942464
-0.03909631533573903
0.03326847642679797
0.026783212582787017
-0.00572254399826131
0.02050918058079008
0.03578248474728001
0.02321916060839866
-0.00424154983840031
0.01658836701318687
-0.0544290514424607
0.013491555917929018
0.008697701958384376
-0.012993843871956534
-0.029217565805507623
-0.027157577292350025
0.018804214571460465
0.0166448113091521
0.016080521341453307
-0.005953624228096579
-0.023798017959430037
0.011637460199894714
0.014507821212285674
-0.03738407279174122
-0.022673633708910283
0.0027069245366271553
-0.006085295992101317
-0.011658530341345296
0.04149895110865725
-0.010288772374958365
0.02404939440988965
0.0031167194025266062
0.02729426337313165
0.012505837982154556
0.027994788315555883
-0.007827944112963791
0.01767713437026815
-0.001804739989369331
0.040261257731666215
0.007799253606536659
-0.006724461258963497
-0.005308596794619506
-0.0255927190828267
0.010845819718926982
-0.01131365459567508
0.004642802931253931
0.04436974576340248
-0.023855135505419206
0.016780586656597304
0.048515860032325234
0.008087843141943971
0.014604276025756237
0.01708273202057551
-0.04451768929679174
-0.040434155581360695
0.022074969313130584
0.010772477690279014
-0.07147811467399535
-0.004607038721139816
0.03891674837083273
0.0008248620969659879
-0.009547343811743658
0.017641894260712318
-0.025731240888726224
-0.013514094924034572
0.00770222412112513
-0.008205325766614553
0.015834575677509986
0.03562140503766628
0.005652791631734978
-0.03564572857710343
0.08006474404658862
-0.03276996394465042
0.008934165866498402
0.0020334236291854445
0.026425249071205154
0.011495024544065046
-0.008690910312235125
-0.002283493974617474
-0.0007620650982912849
0.023591267141925398
0.006069082315377708
-0.039154002682250576
0.0065105483741967445
0.048650601419445494
-0.020597844955825628
0.010140310116937215
0.020115710434448663
-0.035014521189926776
-0.04065861483971383
-0.029613046027441966
0.009634678222287788
-0.005811652577074369
0.0003192885159745423
-0.023510185711805427
0.00837091883319357
0.009542102322863942
-0.00565516988735698
-0.013964712907668219
-0.019352730677296277
0.06674267104821292
0.02263962605779551
0.016751575832570673
-0.0181448926958653
-0.008421674590496942
0.05940006622703481
0.021010634041649802
-0.015646525557833912
0.0067940254674012145
-0.002804634341136207
-0.04390813916374938
-0.027970493074192696
-0.0533486335018364
-0.08325716008095839
0.014687160165239141
2.6714932229094902e-05
-0.01919814781424969
0.029820518372512275
-0.01714728789880701
0.05019207299779543
0.028646443831615968
-0.04348292867005812
0.006166425244957092
0.0368259030019228
0.033419665462185076
0.0015299396073082292
-0.03267459082624965
0.0225675516920134
-0.00021744223985340104
0.012204887347791463
0.020977979273281308
0.009494579470980289
0.0040726373640106745
0.015015362865926234
-0.0135195265980268
-0.018153969789109842
-0.01453931268486679
-0.056529373287193235
0.010941557938280496
0.0007052108175332835
0.01001627893917919
-0.023796944690324142
0.02806217359853642
-0.039616278839854246
0.021823384841801248
0.05122731215558725
0.07342197119899764
-0.011526978229969528
-0.008229897473573479
-0.019748306519459097
-0.0347910550637923
-0.015075520916072449
0.0384385285865108
-0.03475871518714037
0.0053653644233684905
-0.00706678915889226
-0.035347429365271826
-0.014563668485832085
-0.012982597098663203
-0.0072450379153550055
-0.04046866529637819
-0.03348884317497356
0.01315373043022571
0.025753615423521996
-0.044178985379503
0.01780892870091843
0.001387846987657435
0.0038096670158589024
-0.011291819326832937
0.0007428224345833117
-0.0021792814697380323
0.020717888346894742
0.01869324095165167
-0.013854272746475285
0.021274920495411406
-0.00912260819046028
-0.023884282684595012
0.020371170056588568
-0.014144916713594158
0.06550252860079332
-0.025779336705728427
-0.006587619234970384
0.0012010026758426224
0.0027204507634299
0.034192058247313195
-0.013179820776778218
0.02295173667840106
-0.04438752114457649
-0.031732080911568816
-0.0006200220244352812
-0.01205360652492154
0.0006655373940455465
-0.02078424043020924
0.021076600911081038
-0.0315116870639346
0.0133754704057751
0.023327904778445575
-0.0019501210609519804
-0.0045954398907366335
0.04700193652704782
-0.015260159059541166
-0.021978285670304083
-0.040990792218413764
-0.03355993701543166
0.016868999154363594
-0.003841508023237085
0.030901800566198116
-0.026428546276874354
0.02824366169820507
0.010346288466954004
-0.019487789729058378
0.08073721483720515
-0.01109546949094391
-0.02008095857864318
-0.0024878023656911322
-0.023482169340531198
0.011729940731689679
0.0261541161663674
0.018525896672692308
0.015548335772750412
0.025438197810369195
0.003362086500389565
0.0306689231277918
0.0006138516333817668
0.03879882608404777
0.006404825970535225
0.005377354901343226
0.050716698927322335
-0.0024809323409564024
-0.020196390073382642
0.00645875634406246
0.0183431897838789
-0.03654549680872507
-0.029906603248317832
0.025842022892105566
0.004424536665885012
-0.02499540275286877
-0.025147991470481655
-0.05162409647425098
0.027060946627043173
0.0030583902181291617
0.029647061795749097
0.013374749241168332
0.0024106900743679125
0.03513871371431383
-0.05796848322553355
0.00020886833775803792
0.04661413709094265
-0.029698751567018518
0.04672624974393269
