0.01717212595527813
-0.010553215719163235
-0.04112418582940329
0.06110137865958476
0.06931183287277272
0.020002936757468174
0.022832698914487026
0.010171568165194086
0.02384359293032219
0.01072853977018944
-0.024474019314140623
0.015387137279000986
0.021140318483858122
0.03425176740593959
-0.014104864964990953
0.01192252809146213
0.019697369222296406
-0.02076335067616382
-0.029370973239929002
0.020687035145049704
0.012927575376744039
0.014347369872588105
-0.0012234499537226377
-0.006795461549888328
-0.0147733551168198
0.02589886860800084
0.015530020485643376
0.013468078515517562
-0.024099338999019622
-0.01894776947730721
-0.009723626875738134
0.028322630444925685
0.04996882420953392
-0.03097179698941782
0.029957912515927828
-0.05817300883365544
-0.017545674840611897
0.0029549546625208456
0.09832141583595363
0.05063907905953532
-0.034124215105546696
-0.022526427645289327
0.02770179342055801
-0.05468769741429048
0.021448763003653594
0.008961974094824767
-0.009304475932388395
0.04381323698094531
0.018715557142838485
-0.03452030964850334
-0.013996230715218466
0.025912313800180487
-0.00030946332873583917
-0.04235898319286918
0.012443578867274818
-0.042994545578705474
0.052804599741768904
-0.017546235558713475
0.0014339346583848137
-0.048667416250569494
-0.013056691650116713
0.0030250770630246594
-0.022599308123347095
-0.0538452158319018
-0.0051123213069624775
0.01952608555356532
0.005792141877922085
0.01699610168844713
0.03949837667382313
-0.042831311858557694
0.05962464214798979
0.03366111444327542
-0.0017258326115103804
-0.03900646166534385
-0.0161800936783647
0.0014661113187397579
0.03755803531330929
0.012427701969134147
0.02607191792997798
-0.025936913160918677
-0.0027176647369086455
0.04851427470158351
0.030449971225304018
0.015316222137600685
0.0007770585199042871
-0.050515585029286686
0.026353991738207346
-0.002265230663536322
0.0434059281754035
0.033065508943983066
0.02511311034365551
0.09835804336284008
-0.0007201599511540523
-0.03477076411970992
0.0562719307768093
-0.006205363702273359
-0.010798577021220028
-0.08651909719427534
-0.01589553501322906
0.006853816890197577
0.0033231105494782517
-0.055728138527705556
-0.03481295384214269
0.014403506248965126
0.03439745850480088
0.022649333200872753
-0.02488588310942295
0.00043224171654319
0.001466769543129183
0.013714779392433993
-0.005295119453619192
0.08198407218165825
-0.029369125192204238
0.02754661691902017
0.013013895106262444
0.005311559582768348
-0.026751857649501953
0.06277881677382761
0.04075207958939363
-0.00036504700599424125
0.02415716598354751
0.01703814157217054
-0.010109430676451628
0.031161862103124136
0.04840742057503966
-0.00016992832422894254
-0.03337867521448502
0.012847902054523873
0.04296198894237621
0.0394611628250654
-0.01255903634054986
0.023351897738747227
-0.06929960416586921
0.014523331161731351
0.013811908577337002
0.048577334869693935
0.027678867255399506
0.010959502507682255
0.04889435791225575
-0.005032185765579436
-0.020800974248337965
-0.002022177108254133
-0.023127178667574414
0.03714878803315273
0.0026586896345361646
-0.015174575488705504
-0.09014455798445263
-0.013919848652527114
0.021510518696541275
-0.009340048771550953
0.011094294102184547
0.04810193035935727
0.044697293032003024
0.02462396671114064
0.004544734443003422
0.0012536341202471581
0.0025932157898156437
-0.007838910687840718
0.0026236446577873967
-0.033520313244481556
-0.047827519585291384
0.027570802507419105
-0.01736987102394496
-0.003977350602881018
-0.014255404132985715
0.05397156056588485
0.02996947920607085
0.022013603206035594
0.005482933044708014
0.003819162738952243
-0.047173448229202546
-0.07331189666236579
0.0034189885177142226
-0.03213482823070378
-0.010340993659496247
0.01228282933165236
0.022123258543094187
-0.013310543211368453
0.05398322969352182
-0.0077297876142458696
-0.031401133799442656
-0.05438116596688401
0.07971386560828689
-0.0227954329415315
0.014473697511959451
-0.016992284797261736
-0.0021645972383083465
0.003243682543784457
0.01588311660669375
0.011031412939012534
0.044364234150723096
-0.05388039977252249
-0.014369834453468469
-0.029120299566922175
0.023222037076460967
-0.015313403056466892
-0.03323141544161454
-0.045506478951352236
0.007205972348491205
0.00039809744903390184
-0.013548562097347953
0.012983823181982095
0.010919336322690884
0.003776883633702182
0.004473722345562445
-0.028988462909164153
0.027006897910468605
-0.011644539866033357
0.0406539812267993
0.0035352275276882747
0.0015628025778126832
0.02064263954754484
-0.00016273407146655375
-0.002198670435312273
-0.022368464991912956
0.04155535101014837
-0.025787712138090158
-0.0028629017971522194
-0.05438061380464332
0.004512389180586263
0.02012740382862892
0.043241802022344886
-0.01637750875985178
-0.0185832116638935
-0.040450554075273946
0.003922106013223193
-0.0008579483355860515
0.01370587998862319
0.0017263400231605913
0.0022136415708961673
-0.02417793553173862
0.008535359726980921
-0.021628299681459004
0.010361155661972495
0.07206793446795945
0.009924569327570791
-0.015050871022303203
0.02472362375364878
-0.0003888269839583777
0.0017409035460160234
0.00543287464747509
-0.002584647189235201
-0.014642991461788475
-0.0019005297195331275
-0.02097311842443465
0.04699552698190503
0.04007582354144932
0.022252473627989964
0.015943650652618106
0.013257547162404393
-0.0516855974386892
0.02471397094913926
-0.044700483059378106
-0.018799310789856128
0.033683478315819214
-0.005167351135340465
-0.021149180116964428
-0.029918132053869256
-0.010780783430906193
-0.006206047601592855
-0.029306571230717515
0.027563820335149234
-0.004913299978985446
-0.005063008724583029
0.001077366809598738
0.00936490711948049
-0.010011136174426194
-0.010364962288071655
-0.015171886890466597
0.03794855045264614
-0.03665230700685655
-0.018146167380398103
0.00996506606900718
-0.012199563557723784
0.04313142290651723
-0.014053376939434353
-0.010737272662880323
0.010314273489214357
-0.013064763187460346
-0.017955947164238824
-0.013594603574952017
0.031667349272576376
-0.008040785630704268
0.041957041746157844
0.05739001683725423
-0.008845879872401905
0.006254064857849412
-0.009025893310692834
0.05477531685809724
0.015134531218164795
-0.01975804237829266
0.04952352662394083
0.016591155279164167
0.0011510775856980887
-0.04670881102453645
-0.05249444350592277
-0.014388793371901744
-0.019072879631291468
0.0038612613587563076
-0.006799582236750233
-0.007524061917536861
-0.0009134764886110571
0.03688605618429503
-0.04333711543956049
0.005962647754828891
0.051673658419552806
0.009924120674630442
0.007145913365181639
-0.02654502864176996
0.003224648781855827
-0.03049118065500657
0.006602909418467124
-0.04012763742339875
-0.004734360297113976
-0.028006704235528875
-0.005785152863268205
3.3351250317051205e-05
-0.03665572746155041
0.004409643733648779
0.013052420746804695
0.007157532727019136
0.00802140348845612
-0.0011484457816363584
-0.022293884779847596
0.022991107868050847
-0.02006641731469915
0.007073263494042512
0.008004056839729462
-0.01797919117746803
0.035758872663499336
0.021038803992677456
-0.035547484292827274
-0.0027836244781001174
-0.006463996480731961
-0.0323333220903749
-0.013500348604383105
-0.0048615804464545555
-0.02602307903624961
0.03671784270946549
-0.004792647559391513
0.01703081986391785
-0.030780543134466994
0.010218207663359291
-0.011310863860863107
-0.009013318759598014
0.00939507094724068
-0.005847317285986982
-0.03993853927882798
0.04590420894683506
-0.030383821326370984
0.01674794796364562
-0.0073747794359119365
0.0014762029939360693
-0.009553957372130478
-0.022901956768449732
-0.00817226017964953
0.04244426051869188
0.0821955219714968
-0.024804513653618854
-0.01524729161734002
-0.0053105247820599355
0.015719582870690498
-0.017017074060072173
-0.015454046881458766
0.009907531345684705
-0.10149124343460805
-0.01905140638202801
0.026437744642439174
-0.04063207368434024
0.02190906674972723
0.008418050946888113
0.009625907915345304
-0.022608786415005588
0.030008786137126358
-0.028045626595780044
0.04086789013096115
0.019047312237530263
-0.02430613585329734
0.013119467171979801
-0.0016118215579624335
0.06416520402990389
-0.005556632081389704
0.020912113427935284
-0.012013323414186748
-0.005938421169121408
-0.042118166361001144
0.017947623992659104
0.012370935844265398
-0.03395228174693173
-0.0008968724857115187
0.004275333455623496
0.023053191023245018
0.014907727155428823
0.04425336124568704
0.024984319263758804
0.01719898639775902
-0.002737126691046037
-0.0487232825028825
0.014588504010257573
-0.05573758198490614
0.021563308065202146
-0.011119310275133024
0.010447610122685677
0.016931882321058717
-0.034363122354280955
0.02714359534387758
-0.030487030340257182
0.010301586364814094
0.02722685649503161
-0.03977710780074128
0.054572488486490565
-0.016497608503126482
0.02678617881041837
0.021527869015275515
-0.016090275705995572
-0.004998810618146964
-0.02297729561292928
0.056862357492423285
0.0051379304611233545
0.031032100177910877
0.019390937938491153
0.06288860842244164
-0.009124612277344521
-0.009969504970258855
-0.03544931592530967
-0.0010371470084561856
-0.02177400152538158
-0.0070071647840058045
0.015856895965017614
0.005221429537863994
0.006432645146795279
-0.03630821938711194
-0.019635027091923826
-0.01595499667395219
-0.00495757876612418
-0.004808264305149605
0.03163548641895452
-0.025998544813039003
0.014944748208313301
0.02214523724325239
0.003619264994950979
0.04154956839509233
0.006937571327341903
0.05121860600455083
0.010960287243990594
0.014815403733380058
0.011060097352417525
4.471572769112825e-05
-0.038132788611729494
0.06422011375345091
0.033399582645912994
-0.0002882299515317836
0.02491100646700503
-0.037814367380105365
-0.03794906116997985
-0.005482188176407053
-0.003973707092637687
0.05351219611012059
-0.1115479314600945
0.04318786003121267
-0.04399553059902848
-0.007700718350636632
0.025676787058804534
-0.05639211771481822
-0.02443122787707646
0.03642968417034957
0.028943596657366406
-0.02074581990434226
0.03063926256687656
0.063606025003474
0.0005892815837382625
0.003599703241930879
0.018203260105603643
-0.018304678064724696
-0.04496527108922845
-0.02224382855033057
-0.01806855487080975
-0.010926641201929913
0.00696975647346985
0.04413791490451593
-0.0019691005840111846
-0.04261074891001842
0.002926084437322088
-0.04756820911451409
0.027031835173951507
0.01183022961948737
-0.03383036805188998
-0.03098418747169808
0.07028753495377998
0.006646313244669717
-0.014374016563656456
0.049317369629567745
-0.026073188013647223
-0.006881017177873469
0.018176927480719137
-0.018090288080757636
-0.006297567184496979
0.013545709267533203
0.027821059107038984
-0.04434458510922039
0.006275120364039921
-0.008313738033136644
-0.032536838139232485
0.019313265024914247
0.003948200642103168
0.013408493826852726
-0.03994990817084531
-0.00044395417032626127
0.009184046394489463
0.013598397933002838
0.01289543616092545
-0.01342283290231613
-0.00487165677989565
0.0283589040855251
-0.06617409376735695
-0.0005790237525020189
-0.005097570863348352
-0.005012527663879577
0.06917401246042965
-0.015337035949198066
-0.02191508933421821
0.008506646365945036
-0.02586686513505134
0.017726255726565696
0.005733172854239238
-0.01189139461925131
0.005593897483582625
0.000902244302651989
0.03056286377104313
0.03138542922068613
-0.027678529391692866
0.04100057779489525
-0.04904515309137044
-0.07441480979446183
-0.012956652590845625
0.031496988919841554
0.02076441390311429
0.007236509855390185
-0.02526891772071462
-0.011903519310907135
-0.024525143929394252
-0.05008897205085855
-0.0070938798403219604
-0.004840809346786436
0.009755740189907975
0.01614775979330919
0.016503208719668226
0.05514305158848747
0.007292801045366357
-0.006048730705986331
-0.033668309804097095
-0.002291669993801329
0.00817984553488061
0.06418832630605197
0.04065790732404845
-0.0013970110863364615
0.019060726214065772
-0.03347088604322888
-0.010641327185187753
-0.03970964327879731
0.00926247839798289
0.052764758208266045
-0.01778619276821357
0.0031749892333412318
0.02685376476231918
0.05112677086478527
0.018582728218159653
0.0390865362009844
0.013011412266380584
-0.049674234738434415
0.041275715740562456
-0.0004460822281163165
-0.08910358476692591
-0.022816649807832056
-0.042641337668801606
0.018516992778732068
-0.03906778267470937
0.0012399545847519323
-0.019347069688997326
0.01709151579698027
0.0043205604565710095
0.0035915609971673046
-0.002578540991107205
-0.0224121805947029
-0.012069996102202753
-0.016993762159972222
-0.015677688308822633
0.02338548764870228
-0.021018192317561003
0.029151322663143017
-0.023280298495528595
-0.02474503470601161
0.01309918564880008
-0.028056775179001434
0.003495495473690452
-0.0283065677003907
0.041968528735444724
0.0003508538450664671
0.010949564851466347
0.022620844216031475
0.006002351709766291
0.03246185200699859
0.0007268500085517369
-0.028576334835910478
-0.021241530431689807
0.039482551209467906
-0.029154314872206367
-0.044698068561025345
-0.02093707727077925
0.02961341581435074
-0.02171908246020731
-0.003901276223566536
0.02757840819635208
-0.024955500410489936
0.027279951614607317
-0.019429524670010606
0.0033247559458428073
0.05837243463688077
0.002518244640800195
-0.02547980341948393
0.0009905863637708799
-0.006064752062089783
-0.022289033695031924
-0.007268062858212455
0.013566565620111482
0.0006772309353556761
0.003305946275010016
-0.005046454581268134
-0.018741127288803217
-0.011571142127236466
0.032874051228862736
-0.03320932296974951
-0.009974480290536191
0.014776441637582459
0.04414295268218495
0.012844805317839094
-0.018269922122119666
-0.0006138548336912351
0.03716701450889414
-0.03797455123303031
0.010644270292832618
-0.012957511924157637
-0.003171411606473675
0.01097786474876743
0.00962119624078496
-0.013845364953250165
0.07966203145321472
-0.02039704860354825
0.030758440596420626
0.0034835733269328903
0.08054756132700626
0.05026041773851678
-0.009196682091155102
0.0011692156654288534
0.022801409737518985
0.030822529259416927
0.014796675198700855
-0.026754254777243722
-0.04503832688041012
-0.007928418669337384
0.03578238796097729
0.027053345926544462
-0.006350320866113896
-0.011573345776438995
0.037533975777991564
-0.03133634101227161
-0.010109978187239292
-0.00021565179523870358
0.03288497402426406
0.017093364994824844
0.03938796350739586
-0.00976276316324382
0.02894284508774918
-0.03589230783041104
0.010622304220796127
-0.04827581892463761
0.03495905620429965
0.015971543185110675
0.018169404368929425
0.02643768926312015
-0.004072204058544743
0.021341554719570797
-0.09072046697697761
0.007990621074363631
-0.01390807847670788
0.013059704550708737
0.022197125565412222
-0.011239226897022784
-0.01293365563823579
-0.005714320548196382
-0.006951094473620326
-0.0007172948156842989
0.03064030531588552
0.00879405462108974
0.013003558263261704
-0.006182799821454715
-0.014478730206453015
0.019542116162261366
0.00737713406444356
-0.0011293014963867252
0.0012871269279814727
0.023284079628118848
-0.04674993315043537
0.0019147890848707758
0.011352592377566932
0.04150818403340951
0.044789716089452924
0.0227975903494067
-0.03621375680964771
-0.018673176910103954
0.052124636067141926
0.07226254900484996
-0.003668011672280172
0.019186278298850105
0.012882998170047358
0.02380129356169539
0.021008516969112188
0.004859215681751772
0.01716114401037675
-0.006844618587496086
-0.018071158370976642
-0.0005377271983972259
0.03851317873888987
-0.020282968326584123
-0.047901352596323596
0.05789199862122456
-0.03643638406296482
-0.01523085548296378
0.0037361785566616523
8.672443309738234e-05
0.0010741878185463187
-0.03784185143744024
0.002709869579353072
0.009337716163323212
0.007515524145879076
-0.019513498201461647
0.00972817061514035
-0.015990966974980834
0.012124169484760682
0.02147860534106145
-0.012249305808592098
0.03935696490403747
0.005779706191207929
0.0449050376522004
-0.020684248146563066
-0.01932364979306908
2.191892626646763e-05
0.04502546465068763
-0.006873571081963241
-0.016190084181657738
0.017041010032455135
0.014572817463959836
0.011071282577692769
0.002950631534633315
0.012917131190737943
0.012258958245036148
-0.00697465613796732
0.03580757030272066
0.007090717472637868
0.010457794117741344
-0.0348576388797252
-0.09772664724247912
0.06258335178767298
-9.567031143390516e-05
0.0007099970498501467
-0.00627569443539516
-0.015656593991374118
0.033338101459562966
0.0023572725636677
0.017878663681409775
0.012896377568601042
0.014258334712649964
0.0028553342700604212
-0.026867920939334544
0.025113286941301462
0.04302131800973102
0.02822025958962787
0.00618579974450074
0.034979268057528275
0.029112959319560143
-0.0883353400821247
-0.005158805036739424
-0.04275140938174231
-0.006860753163422573
0.01720794268422927
-0.004220801522870962
0.0042696223307918885
-0.026983002209586687
-0.05695463194333741
-0.03901198352242796
0.008271312539277187
0.04988242338715674
-0.010032298070133866
0.03766843188628305
0.008913804660769534
-0.011094571904715588
-0.0010628525405825806
-0.07873724719507633
-0.014948092980659309
-0.030735475950838722
0.005975099892036693
-0.02756069961454153
0.035339324897823876
-0.02435437666027551
0.03204369264779616
-0.01071941214936688
0.05814922806642999
-0.030689290455516625
-0.034692902923417014
0.057985917589476556
0.014435851584076762
0.008492927615386756
0.020396183270183905
0.005824278753950115
-0.030310642218645573
-0.025788938379054
0.011088422041255068
0.017193941134499156
0.01842973750576204
-0.009998723305620953
-0.053342989006153904
0.02774774507862751
-0.033540224982370026
0.02589034636313985
0.0053125439897900705
-0.009035443145397504
-0.0021015069695466664
-0.03167298419430559
0.011614261188122966
-0.0036333300498724496
0.026327285084785695
-0.00366261534897201
0.023129303862367955
-0.013723554355881804
0.0008687995762682838
-0.0027428089279121627
-0.0033028488637194273
-0.018292845006396576
-0.012063196815346804
-0.04686959374589249
0.004026209875968927
0.006557550691847742
0.013477175380592368
-0.025051046656399806
-0.009646275659697652
-0.048646131176195546
-0.04483548318333617
-0.0101981550573183
-0.05264302064774825
-0.02598872062117365
-0.030176706712898658
-0.03492895529344198
-0.008564713339984851
-0.026230639566282667
-0.007174559391540913
-0.020703089412921937
0.0018069255733238186
-0.0004566436368974985
0.005150411378914626
0.03783121359109402
-0.0933598284081886
-0.09847936840413658
0.04207984168256871
-0.005340814977187662
0.04300475001911613
-0.04284255773990864
-0.0412579941949504
-0.02560419928947805
0.05641198469900273
-0.01941371568229564
-0.010291464283153126
0.013198650510874384
-0.005731550553367715
-0.04149413259721811
-0.040116631130566724
-0.006675488272424308
0.04934077827651007
0.009592116667355446
-0.013355087079104794
0.042455129097373624
0.02896285585223107
-0.02009390655885439
-0.011332691099537523
0.02187683317489421
-0.00327366706502664
-0.016951333225282646
-0.021747763339717757
0.03395065420140743
-0.04927169987379256
-0.0103711277568166
0.022433096804866902
0.04458660743294398
0.012295486028837935
0.025061550592525003
0.0032536227090244757
0.0026228925737651564
-0.02726590419201712
-0.001091818133087164
-0.022724298184690087
0.016792511115114293
0.02953883048270054
0.03749572430047304
0.0033499372416257583
-0.02622036567965239
0.02467739556389233
-0.0064763729535056574
-0.006766256189276512
0.050506625751303776
0.050902035583479936
0.008811585019826812
-0.02458050888437454
-0.006129170771809534
-0.0013737269564017152
0.04529828035555209
-0.02130777254954065
0.016059543158575298
-0.04663034771799637
0.03391517818437145
-0.011595545886423418
-0.040406857664884686
-0.01838975416426323
-0.03995822331326962
-0.007430845480992029
-0.029803462197108253
0.014991789463705078
0.014037419870921426
0.03301345413726363
0.04572474548199267
0.00670874944130081
0.06244222349949548
0.036747613934267925
0.010373934891366723
0.014436571786543957
-0.046637909911813
0.01595445666816658
0.006264105579997797
0.010690283706616887
0.029321201219632435
0.03472082359748957
-0.02492186250004889
-0.031537136205923105
0.009367851378380155
0.02768068309661216
0.017333770120010628
0.0033330720186985534
0.022008163355910666
0.08837980496363423
0.04784098572381161
-0.03664948206331148
0.07280700705513804
0.0002707642797006814
0.007367906369078206
0.04613544733186418
0.0028372576099822524
0.008337351474667904
0.003684074551835372
0.05481569943311992
-0.03263264842715129
0.003093250137046825
-0.04132266606391688
-0.021450509597241048
0.0004807422844492459
-0.028331910985308437
-0.011921830749019518
-0.01738490114472805
-0.04421185154251638
0.03596770700184159
0.017471830798320896
0.001372174479418147
-0.030499124274534446
-0.007221325227090067
0.033500688523227774
0.03432955827021496
-0.019952643058878883
0.05240232927193719
-0.01160990618875798
0.0065206911954961404
-0.008852265523610823
0.03171877602920456
0.022510465783033177
-0.028994698228733237
0.011847807369665042
0.006751670907412747
-0.035946035914328454
0.006983915631632434
-0.012577770913521275
0.011472234148802704
-0.0008431250423832304
0.015206690237090106
-0.02052685710210783
0.01590917220828641
0.047411985882290786
0.014980684707122008
0.011493861815962177
-0.05049146342029027
-0.024061071465732543
-0.028133369082616197
0.021580969099792038
0.01268410920959205
0.030639684741269525
0.015375516574113122
0.005572494283401186
-0.00043810300610145047
0.012878735060863643
-0.023568124929148553
0.015768634435331656
0.014738947761748136
-0.022983707760392907
-0.03005569478955236
-0.013371907631938788
0.03420998914734213
0.03386882027588163
0.06018322138420767
-0.02079418512233157
0.028185708116349673
0.006498293555460706
0.017873880541399892
0.0017805222205036434
0.033265440468392034
0.02468459946395337
-0.013292781412176064
0.012639509969675127
0.08850262041012225
0.015590911999982747
0.00044255053400665367
-0.010867719425969754
-0.0009973051980051767
0.02922788925037063
0.005301017765051352
0.013863215036711923
0.0027852309953527088
0.006762154494967973
0.002777463605743156
0.024577228730110826
-0.020673891129273893
0.015295423449980737
-0.01972286892147255
0.03135623422846207
0.013849448361750446
-0.007907530766159658
-0.0479744098941034
-0.06402317577777088
-0.010308478320510054
-0.03132660015810237
0.0013942838402627542
-0.0225286491976388
-0.0032927639215062352
0.04500492365574231
-0.00461031694228224
0.0008926666463122479
0.0031159821072690714
0.02159981563459197
0.00511010769615931
-0.004152727291003874
-0.039621153155271115
0.002864647066156303
0.028578603557122387
-0.020885109850135017
0.0024266140225699777
-0.02896871158488263
-0.049329247776871504
0.03204302461434851
0.017648249220063698
-0.007106306669365243
5.9803981993775036e-05
-0.016089344612856493
0.007015806229311808
0.01520126496719153
-0.001528742727153804
-0.062258784769985705
0.005691106560631575
-0.0008561184125857057
0.0019791775842616347
-0.01991059843058409
-0.014621275714741783
-0.00845908727486627
-0.009998769730005736
-0.01896334507295292
0.035700020399645205
0.025768216405785287
0.049140719449338
0.021149990298128977
-0.0281027778141488
0.033668548308420844
0.0022919366853508005
0.0076012519538135636
-0.021755277967785674
0.002881196530901198
0.005576881297506981
0.028573624051644934
-0.05852050715332404
-0.037906227032050696
-0.024965957166407985
-0.008902018922646644
0.029824738280295113
0.013836871531059952
0.02896088697587539
-0.017372769749986323
0.024935329356883303
-0.018483299801872796
0.04216044698057302
-0.001182178866869973
-0.011621550124363712
0.002031063115355861
0.005848019209631982
-0.02443441674952095
-0.02528863852680508
-0.0003146336139294822
-0.055132121443024686
-0.02969747158087157
-0.0442783635344953
-0.026812569363653775
-0.011601000036626301
0.020052340816526567
-0.0012296208939503099
0.0006874719979081185
0.007562484452454125
-0.00998959458920734
0.01181232730634969
0.05431933084836672
-0.013724266293642928
-0.008656774096806522
0.094492970577925
0.004235816436874487
0.008159036451232437
-0.015156623417762203
0.007020653490906231
0.04439838022605556
-0.015231381437512395
0.021113514079782986
-0.00749754544815117
0.022227918887685376
-0.01626071699120855
-0.026726519756234756
-0.011040493465385064
-0.00047636184470972476
0.03556903369085988
-0.013872672952686748
-0.013749665053586362
-0.04381012831137658
0.026490523047009676
-8.983135019908326e-05
-0.008680793065005665
0.002318740122732832
0.00296598508349081
-0.02278874696332873
-0.03268159140933701
0.00028376613099117463
0.017309753515339258
-0.0035794161318001686
0.007582435990307095
-0.049459289490066075
-0.010716219125323613
-0.04179282198838192
0.0009464130481649581
0.020613251481375907
0.047773161048357264
0.0023423499201731574
-0.007108204291386931
-0.041678390101027474
0.02290813415811251
-0.004761488461524071
0.027397073649315012
0.020862422523103108
-0.020219492574146302
-0.02998852264942366
0.05156469295101359
0.006370650842903581
-0.01475145982546402
-0.018041816402297538
-0.0029738602062282945
-0.031945158570560364
-0.0030907234907788256
0.02652741275928622
-0.01630025604006272
0.011147756133019784
0.0026408829378682013
-0.005056720715404622
0.020951098391786636
-0.007253172032352463
0.015653386932409093
-0.009813272814241596
-0.03250245440637787
0.0054194641633801555
0.01001445153275889
0.007551791150506328
-0.006054567886419006
0.03609840242458976
0.060002244568492166
-0.010092793863100443
0.030821277472604398
0.03600638998338301
-0.013364950696516059
-0.016012410185868436
0.0047888179071378925
0.023007007068145225
-0.007022808846582783
0.01779436603119999
0.03392442090864573
-0.008649081555578106
-0.020860955799603165
-0.02691004341829499
0.010538979341406305
0.04035176978142383
