-0.02022249279519644
0.06755964469855053
-0.032464745778825785
-0.054980343231887836
0.011961577937230815
0.01794812199155687
0.004485582397290968
-0.017800484136176558
0.0027440168126271623
-0.017336851646882426
-7.481250407074527e-05
0.03219604465823611
0.014338970401416122
0.024533572976992355
0.019047046381916413
-0.010450429605743817
-0.01716403842969539
0.00943383875463896
-0.0021268371797693595
0.026131228383129698
0.03049713506351542
0.02008878801644977
0.009444220358262067
-0.01967347438084892
-0.018226372910917405
-0.024779129911011475
-0.10090240476491538
-0.05266730099293736
-0.010430334614715299
-0.009941446832060403
-0.010774432986440874
0.007946277907863787
-0.03948514225395309
0.04998204059834085
-0.024177326401224983
-0.002746278200880737
0.021305920685643197
-0.016217341423203413
-0.007845418562034247
-0.011203129736734103
0.018452949081702714
-0.0009574898599209168
-0.06864740800110891
0.03731592075415401
0.027818376147391074
0.062375211343458206
0.030574147097484343
-0.006120231965052603
-0.03285183225197224
-0.011371911650663846
-0.02999689984881255
-0.03522034520302663
-0.06892357149668475
-0.007353907029706308
-0.025217073625578578
-0.009255809266047754
-0.04228543901762496
-0.04962188827426646
-0.055004505212698986
0.008848306518370779
0.006181465241561929
-0.02508966864083028
0.008422415478605864
-0.01791524101445231
-0.03725820327109019
0.007101099082570093
0.023370092396698815
-0.054618284809136726
-0.022523150864498315
0.030665827306080425
0.013103903909164388
0.0029461684065437235
0.030082122275008023
0.030921898986900356
-0.022033836660590094
0.01841654657198598
-0.017961069282160753
-0.009370084594596918
-0.006680380355728304
0.023917110611700525
0.004138126060415679
-0.04077363644176899
0.030076958361310708
0.008367529815768139
-0.01305477136760981
0.004198795848566852
-0.03371101751141282
-0.012607684599982611
0.03341582526113922
-0.010834780499958275
-0.004592111365896018
-0.026564506093506548
-0.006822151310684156
0.022251176004947793
0.012851946525901133
-0.007646573186918514
-0.04828225490175962
0.047486779255855524
0.055043544740963304
0.01193960306515781
0.029049480964703858
-0.01696258570688172
-0.014159570340988373
0.017681604295998507
0.0019243587405464659
0.022099366682867088
-0.03736524977468949
0.003406231181284429
0.05506095800986815
-0.024405987728898165
-0.022880479369933836
-0.015520787596576654
0.00770219614688273
0.008547620759271632
0.05905444686144518
0.028541514849543273
-0.017682269925096306
-0.06122418396247726
-0.0452191944507729
0.010662421364058974
-0.02012393726126793
0.023964533392027136
0.02619314469191431
0.042228785200905394
-0.022238958215708957
0.022233298250366282
0.019285611430829526
0.0277177747029019
-0.03385394628454273
0.011328537600565177
-0.01218362249510193
-0.030007570925748704
0.0027665679519371174
0.031018944732615013
-0.007632442646781598
-0.021258657680427374
0.020271730886049572
0.018144793589336752
-0.007141131330184657
0.024081280186446213
0.022417608800940406
0.045659693132778505
-0.0046296154165122025
-0.03296401735481396
-0.0020996130817635774
0.021568160203914548
-0.06769989150222547
0.023333541283148844
-0.02620380780723759
-0.027906695536607334
0.010692069056643768
0.0023466589695322433
-0.00017629981419631317
0.04386988114680193
0.0037799053067156915
-0.053065372036895805
-0.034158371606603344
-0.008459126868000131
0.02209877855042572
0.060370724432879434
-0.013518549828018868
-0.004888740861161825
-0.06833184204572919
0.016518305313244743
0.011351197923536673
-0.029485908304402356
0.009008715948781928
-0.030756210552462842
-0.0010964371463640318
0.03031043713344604
0.008867068021751493
-0.04930302883657806
-0.07255260738669984
-0.06033029942178233
-0.047919235476484835
-0.01158199316623706
0.006391449405684618
0.02873686160417642
0.04326202732489428
-0.02892697893783092
-0.018697111814272513
-0.042893162583920126
-0.012144378359013311
0.014867115663906982
-0.06221001531855736
0.054955072104522926
-0.022407007072368146
0.007667836960812266
0.028287784172948048
0.06729221477288343
0.006683168723224524
-0.008606759890145766
0.032378917002285776
0.0019078757605735194
-0.023577722789523713
0.057446099560753194
0.00524712993475848
0.0081449786878118
-0.005966526435628017
0.0051562486470799465
0.005982339774784928
-0.019067307711806643
-0.05372730390148032
-0.00846526299428107
-0.001007260251005273
-0.011927991746913813
0.03561540311617481
-0.05906954967784828
0.029677327355966888
-0.013177271784250218
-0.027532501701003336
0.014835966756762157
-0.008886339908672046
-0.039281870137089295
-0.014557056375201296
0.06132828676283721
-0.029089149318251385
-0.006954778898508513
0.01030162036262639
0.003367091859490572
0.05642184707096658
-0.013216478091110893
0.0332654936056488
-0.03673033942118209
0.07544760713150157
0.010622398857702334
-0.017233908436481662
-0.0014618822162463458
-0.02544223879628076
0.012727983525265302
-0.02727550391641412
0.0014019121464764956
-0.014937020966485805
-0.02679318790199094
0.01415714292780248
0.006936012564538759
-0.012373049759600387
0.01643907181107519
-0.015820060529037613
0.002158429646272615
0.04979196956756647
-0.016152664619702817
-0.01128366453859871
-0.00017603221324565576
-0.018967923710846428
0.013583203605814798
-0.0010089706330473297
-0.04486469387672886
-0.006347071860139648
0.010614768694939379
-0.031023717053619167
0.03423726012055669
0.025724239143610293
-0.02369211648010811
0.0007710924501527565
0.07269630800595414
-0.001851769371580277
0.004883602771020414
0.005877206419434211
-0.03518421356259777
-0.030944498613660942
-0.002791868124641559
0.011811342610180785
0.06140853144660724
-0.014361725192328877
0.007704165861103023
-0.013435943049681286
-0.015332488919035863
-0.005107392759740925
0.010850069063971672
0.003716066644473571
-0.024743883615462314
0.028578561784198656
-0.007425476803470606
-0.01726882193993872
-0.02814554640659072
0.008157483695081931
0.06225822143921733
-0.003347536699096383
0.012397149905307946
0.034908208172836054
0.00931252758458055
0.007555359501132771
-0.019783282008118606
-0.00787690087015782
0.007613105081214857
0.018244772496829938
0.000458029246806852
-0.026535389290315108
-0.019944983328308068
-0.002805197587203051
0.02096883143478118
-0.03737085769823061
-0.02024233195344517
-0.03842585508335261
-0.04032024162880826
-0.012786855699101901
-0.013930790888140341
0.0027751132760622053
0.019835025955972974
-0.02318651207392772
-0.005331288446916075
-0.02246101830622821
0.03386540886864549
-0.01209423670134216
-0.04334904227302973
0.050807934433960124
-0.06559517963078702
-0.04628315857562017
0.016741321500409502
0.003457032865934808
0.037388774335174756
0.008758714700524422
0.024643659300686283
0.06454789037031744
0.025676814121659328
-0.020915773653506872
0.0212693447783104
0.00879662481697906
0.0033774093279870672
-0.019374868820169103
-0.0044981843692899716
0.08711848642954638
-0.027304102844003617
-0.018709548930328345
-0.052245062885893534
0.003290950620331337
-0.008328724696748642
0.02907095154301947
0.007191103902381899
-0.00016316766586672824
0.002832285061526868
-0.0024430861739556564
-0.002778283079833787
-0.012242727874236916
-0.01619144205783784
-0.007788175988109354
-0.007807804949376571
0.039873208942289934
0.03347378534393274
-0.0014213523817233566
-0.058232277564720825
-0.01092608360154206
-0.0082243593325742
-0.01648330816993169
-0.02467495885702852
0.023060318845959625
-0.03129581837083836
-0.03178348221634119
-0.019172203356307052
-0.0032204366652356957
0.010375572397429294
-0.02450871426753046
0.03543038115995932
0.01095183636654011
0.029268415996739107
0.04937690211016417
-0.0036173683098146246
-0.018954984446710035
-0.01819421178997092
-0.04018483173085533
-0.021595617780030316
-0.04142853741896788
-0.032259795894854434
-0.03764787141410021
-0.019212057145526176
0.028746609921191827
0.01023953143551843
0.02116668493893938
0.003758879531348535
-0.005121996327678187
0.03949784723725923
0.003264687268631655
-0.07177992205508514
0.016926948132314455
-0.003147055036017024
0.013991459058270253
0.03530632140235128
0.002233768314469741
-0.013261876595162073
-0.04248707632508725
-0.0071274773577478245
0.0043325526585472
0.03642177133391718
-0.004543493945708618
0.0011066518495560676
0.01629436768746055
-0.030118604765555713
0.008904127284242088
0.024848896545191422
0.08959821375083239
0.010930392479078791
0.011416140700603221
-0.0011376081085187168
-0.012501763126111499
0.015913941191860573
0.011460629447894527
-0.023616904406399835
0.0030552639864219007
-0.0011073486414059394
-0.018009385593950756
0.031079632503087387
0.007325685355603254
0.021831524963478573
0.014181138937823192
-0.006448625196908836
-0.027105570550341865
-0.021228136142198702
0.010404856692822666
-0.021756530294568525
-0.0037075911999163197
0.009270612450680244
-0.03296220565681711
0.008232750010751922
-0.0006833292047203962
0.04282410883212341
-0.0047826697659645355
-0.023927955613358733
-0.02664645646874531
0.040085408023787114
0.004200705546517438
0.04411826224038874
-0.0008017146219102921
-0.0029985569795773085
0.06968033953951086
0.0175710812264603
0.07165379662055801
-0.002784423935527848
0.013839859704086523
0.03394666819338475
-0.019237965565871974
-0.02398801924699014
0.020532421972665027
-0.022549390951670467
0.0030614768471464004
-0.02406888505076412
-0.02551155211173623
-0.008321752687831807
-0.01844659791722651
0.032484583333902584
0.053545509486241205
0.01765131256729747
0.027850039190328905
-0.029218390753455135
0.007059540593235903
-0.04541014769192625
-0.003938294531162188
-0.025790878851349834
0.0032524265335967762
0.04248307693762109
-0.0008888076365046327
0.011476373577909062
-0.027571387705754728
-0.011071186573963984
0.039996312715504974
-0.024016755843415845
0.02681926744804801
0.039486276751438565
-0.0267117850461883
0.03410050386334954
-0.02579394163421625
-0.031551732891464714
0.007400278258308926
-0.038147814779939
-0.0259738207451509
0.04289039330850055
-0.025128071826967056
0.029427665662153813
0.02082629450119355
0.019233513860293427
0.0239948016096003
-0.017466937553011028
0.06173518792992318
0.023634476709288324
-0.03799073959315967
0.02696553772341149
0.005398016908663058
-0.019301536509599336
0.014392067424676412
-0.002555490295214052
0.023204748474128924
0.014131550424834601
0.010256031437523648
-0.046200982287436326
0.04581540314806187
-0.015000658024961611
-0.004554622129984705
-0.017931008559054898
-0.011808616820345083
0.0073513153767449935
-0.02799711765586776
-0.03520708383612082
-0.004857990990031872
0.003628979525753131
0.0324210184898835
0.04317800228316809
0.027805985975083602
0.02335591295645774
0.02464277474651027
0.010151895102591476
0.02707514072571808
-0.07235746713290661
-8.17921602277624e-05
-0.007488745655544007
-0.0037648507724092725
0.0184582540094349
-0.012477672178998747
0.029955474321618037
-0.02667648526015125
0.014006909476446965
-0.019048808730963818
-0.025921843019585254
-0.0037749925173572304
0.030899413879504085
0.019783058848217253
0.056593168115813955
-0.039830284883306824
-0.014854291415344736
0.03820928447704497
0.03234593232256998
-0.05370329589626311
-0.03261585327803069
-0.02112866135402324
-0.02512867328581369
-0.023444255659564376
-0.00572073155362864
-0.008926207027458938
-0.03644369242607354
0.04484810449376555
-0.000860625254256955
0.026218904680376295
-0.00010040437981624139
0.0037240997790085432
-0.06712437805279517
-0.031797124332450466
-0.023058337015536244
-0.03723447837538467
0.014313784604975836
-0.0015315388412521535
-0.02267116133309906
0.00521799009573577
-0.024802650643660887
-0.012510858005116428
0.0015400605519009733
-0.0036326160629900116
0.016840150725334214
-0.0024185312307448406
-0.03819441397072475
-0.014645759830133871
0.03263463921732315
0.054299895842117
0.03914133710658199
0.028683677226979568
0.011564478977094268
-0.008239381818183367
0.010961769454201338
0.003475522420854779
0.034059635306002096
0.06075710321196522
-0.004641478297149195
6.110708443902149e-05
-0.049753087951784555
-0.012286344255939687
-0.03518670282662647
-0.04113478178517599
0.00248376378088532
0.007354955418690554
-0.037707502910143326
0.029111601423045638
0.004040259153350927
0.018686975686159374
0.011993196404744872
-0.00805799227899171
0.0013117205476698445
-0.00187703861802586
-0.014203827652306458
0.04641426879674997
-0.01748386756323906
0.03884083006943051
0.018774481746079395
0.005629599315241969
-0.05765547665687855
0.0013600348293908249
-0.05925589741055169
-0.0029942346963233763
-0.023631741769296777
-0.019792606324052935
-0.03160101697007697
0.048166330445323875
-0.040176330614995835
0.0005722042869227553
-0.027698088688983914
0.006663213084711404
-0.01180895219109381
-0.031246432242978135
-0.05554018319115972
0.007154228047631339
-0.027775039647822606
0.024310528376907517
-0.0306866954686379
0.0026900063368599895
-0.0021688453203506553
-0.046599564826063845
-0.005296456322287373
0.019768464416659404
0.04165860411102988
-0.0074452039065976425
-0.02211708355434416
-0.009757016483745322
0.012182773174746909
-0.01184192410050364
-0.006526151394004118
0.009237586058838227
-0.04451193485658761
-0.013423960216478981
-0.0197538357231313
-0.024608695229784188
-0.018956040436052812
5.322545380914728e-05
0.003595236798499834
0.008154180699842735
-0.030733668108369066
0.02750612143752473
0.015705290058235802
0.03338761273075122
-0.0020158985116403784
-0.011021810139558115
-0.0012677982158692345
0.01458416914424355
-0.03260759947821269
0.014789296138831972
0.014636608775019575
-4.7768039254775314e-05
-0.02358785018916705
0.011730005719686255
-0.00567559480640331
-0.061579812935589624
-0.0407029576681808
-0.023740933578352257
0.0009901434489009155
0.007449137842404674
-0.012236705376898341
0.024761716449891065
0.00028019123609831863
-0.05009000092621739
-0.008292074584204202
-0.060077804648210276
-0.011039255123463364
0.04040384668728814
0.022169989843487663
-0.053447269875670035
0.010309634764573278
-0.026316676106458447
0.015564140003186558
-0.07238839345472416
0.005086495546169877
0.030256430033398788
-0.014786516910224385
-0.050934141437794615
0.02904086335258715
0.037135497703700865
0.029612283883310712
-0.002515116850654574
0.025014751196350528
-0.03195065845990316
0.0027165857587928195
-0.027962636019744355
0.02156049912658564
-0.0011960112904054623
-0.04436412562626646
0.0032479419679950126
0.03323340065629175
-0.016039516209433655
0.04814091440626829
0.03794197892179525
-0.008416874516900565
-0.020386270968205306
0.01714026857341519
0.001904730370954769
-0.026706016213748695
0.020040826041797688
0.05788588056851959
0.012596042337048457
0.047203236868554106
-0.027876422081966293
-0.012362911966260466
-0.0002251414802949644
0.026608458203072487
0.04188484885168511
0.010911447417842933
-0.008925168864137287
0.004161342527885396
0.015014829588604417
-0.020493980273698434
0.01875697937898332
0.008068360666904154
-0.008454833543940062
0.006489547928850263
-0.004954029024603288
0.008478942430534405
0.0320358599786299
-0.016739329414556966
0.0168682679241103
-0.013730413913705684
-0.003781269522342482
0.05129397833871065
0.02800887929072206
0.018846568602758546
-0.01009326430187523
0.024000376311403438
-0.04917420990235995
0.022462617417806623
0.00016579595380494778
-0.023751726777844717
0.03618870942733599
-0.0350204377009989
0.039788890075157526
0.009113212405074001
-0.010928448075125444
0.033663049249029076
-0.028799415411576126
0.04196444164348516
-0.004501919914128109
0.0017173731517507265
0.01737430913494594
0.00995868145685286
-0.03347985882255759
-0.04155419921391217
-0.023033120881886922
-0.034136666388416045
-0.007365651477936402
0.018887142983732702
-0.040109590990834505
0.013063653564471533
0.03338902404014918
-0.013748424344662676
0.030001788382507343
0.027774009605105166
0.012975423570871485
0.048209843375622424
0.037921220747328975
-0.060384375702316334
-0.024753760091577346
-0.08486165241072186
0.0007396690255905518
0.019373456897363424
0.022571847843508717
-0.028051120416416043
-0.03279614299197787
0.0030995100140881944
-0.007841513315162894
0.01824256471939885
-0.014482575428520553
0.0033853931483824743
0.009031956336831473
0.017255341460536568
-0.049219685988251195
0.001105333021696167
0.0010257428620146542
0.024030756546586415
-0.049935406459203205
0.009613098810504282
-0.008465199567715664
0.0028562763464906934
0.0035072182591649806
-0.028938423596754213
-0.016126565282082457
-0.010689759164302587
-0.056293496587602916
0.02852099552975144
-0.006252915237482317
-0.07758553342194083
0.0007506899971869774
0.038506011251831035
-0.026608353448049103
0.047860809323604446
-0.01612750356556811
-0.01034274132560853
-0.01634695930206156
0.00812178454090659
0.00980421751366905
-0.005142048791284287
0.02035183469197268
-0.03233990392046922
-0.024607181300460742
-0.052369329708457715
0.03437019844348396
-0.03251634976403314
0.003862591037844388
-0.02937542852000482
0.04871944276765649
-0.013160635324939971
0.008201698206602976
0.0225859067340364
0.0010081922539704059
0.08040780572354402
0.03652447217075726
-0.022339824998057006
0.05115744551438826
-0.016634512297325207
0.01872568405065632
-0.01337759587874567
-0.013117325057859982
0.020783362591009318
0.041021848653955265
-0.04324439498252017
-0.0404773441255714
-0.056478346586836044
0.003021732415481344
0.016559197881768267
0.01845769307558054
-0.0294555015256473
0.0021189233304829236
-0.04393409726580954
-0.007391950394223632
-0.0199755344450671
0.047396873424766645
0.020455328184482525
0.00042052741924951024
0.010947266529243573
-0.02715371456206389
0.04506669052819008
0.0013476577758334423
-0.02785887477553746
-0.04225689539219073
-0.04609168433352255
-0.038281451265488
0.03145570343773177
0.033234905632345955
0.008640516167272632
-0.0056515284847364275
0.011825963743386486
0.0052456982862001175
0.031447494934198975
0.027599661625503872
0.013720040915367259
-0.011441039175372885
-0.02310103430254007
0.0029857267965154605
0.005045733840779631
0.03323432627551075
0.009297315021550448
0.030057216106696066
-0.0002863890880631209
-0.009909013752668274
0.050663646617218755
0.0500090852285087
-0.021407591812336767
-0.0012922271860397387
-0.015119840322649302
-0.026533570720660572
0.04841371757369837
-0.022168126679962645
-0.022379487246843396
0.0303843177937068
-0.03678089256683854
-0.026322155902635307
-0.006240501274948941
0.018945528331242256
-0.038560287119934554
-0.020321229193250044
-0.042340999657245255
-0.00457942173946591
0.044039856262440905
0.006039779175171535
0.00759987974802438
0.03231295733538407
-0.031149384308336765
-0.0085119791666289
-0.030096176629637848
0.021220993181548266
0.01274720770242106
0.00039213665612176224
-0.04019189577938497
0.038599808491872306
-0.01923336152186869
-0.02065263654233666
-0.05892678628515494
-0.027700767505391796
0.015771724416921037
0.0019204877783433663
0.015741746326963384
-0.009303216112310055
0.006422320220058245
-0.03360394228299097
0.026865858820154197
0.008486115807756328
0.041573624522658094
-0.006666513234103362
-0.04835814487785686
-0.009592331805240889
-0.021858000984966527
-0.035181707968161745
-0.023427297537897414
-0.020860741639652833
0.08057489647069763
-0.04309060646883512
0.049913851706575287
-0.003332370620798806
-0.016563218109401263
-0.025105634800751567
0.012545911689032456
-1.2312067982205704e-05
0.025198917439590122
0.04366058719926357
-0.057033972705021696
0.02417626026718411
-0.024019228672701665
-0.001120240955265733
0.05890016846684587
-0.06900184944759867
0.031357369221541996
-0.02330637603620533
-0.0007011276100587317
0.012354739207781937
-0.041306048132283564
-0.026526325809496043
0.0007814459695619922
-0.007425443666382282
0.011347424711397169
0.040360565332363804
-0.028256352070118604
0.008989220899788285
0.02283363876317208
0.034945161528249294
-0.007233259331500333
-0.050322096790682176
0.0075737760038772795
-0.0031541963072898257
0.011976900247475976
-0.043559071673617215
0.028488180043984904
-0.046233790223542744
0.02766036483568865
-0.034983825952325825
0.012637808086137606
-0.00467789422990665
-0.008426017724640432
0.03904197175602592
0.016662219936987535
-0.04468272435861063
0.04307880184978473
-0.04981375671883692
-0.030296043419378478
0.030046576334966785
0.011479039268131309
0.021049422825187857
0.012297993105493135
-0.049035889232754544
0.041807363452452874
-0.03278312147383204
0.0451967369080588
-0.06193751844839039
0.027776374101339846
-0.027814661285218503
-0.04021633878433705
-0.026139612140392236
0.04457654964297749
0.0004337241397290184
0.02595760960550384
0.041996539564850915
0.00955947154542961
0.022094466193782983
0.012288651589971526
0.056348505156745644
0.0457717101839557
0.039205070716820486
-0.016187278433339097
-0.007961463304442144
-0.01530459677927259
-0.02719073720557603
0.06533090536106317
-0.0565458708125123
-0.011781537004576664
0.015349711895823681
-0.03277765268353939
-0.014606619649075656
-0.003257229106968726
-0.007806296908852491
0.0009735514074170378
-0.04417118018905499
-0.011186599159053855
-0.019988570553047053
0.03214450324597388
0.021183004379298806
-0.05246454582771749
-0.009719979225548717
-0.008485565738354182
0.019916868324785977
-0.00704797984484482
0.00011153886671156522
0.0308122918025389
-0.05631153489587597
0.0019915322328847265
-0.032444400478440896
0.008010045950031654
-0.03673417081208521
-0.011917605017941063
-0.02810913505226105
-0.03696859131484542
0.04282856944375913
-0.01878628738369448
0.043542782958665496
0.05429491566299816
0.009770942625023583
0.00982900644258711
0.008094277413111736
-0.011168200536079533
0.01801626276895044
0.012212545080594571
-0.021718305700776822
-0.0031145915014614213
-0.014389778007433254
-0.014755177190041558
-0.0051681295527497275
0.08690370890634035
0.01189961443255714
0.014886879219086638
0.01336148710001552
0.04675367526910098
0.060468451294858956
-0.059208813693970616
0.005510252803387121
-0.015559135828362687
-0.051146383809916124
0.014838878392289
-0.0021004617160213486
-0.016999191194535322
0.028947879255845785
0.011828399501854058
-0.012733554572582639
0.00799237115517455
0.025208864546656645
0.01352257438880912
0.027258588929599738
-0.04602316338768917
0.013253597884395334
0.0490652719701614
-0.0013737680379818868
0.02054064362481919
-0.007436240453059792
-0.020142045647767767
-0.006573321230816259
0.0008780553632458634
0.05200646014902719
0.02929085718192425
0.01734462203221863
0.02693461654974228
-0.0356730089236801
-8.308711440777245e-05
0.028667556547289447
0.0035183389199902985
-0.011111587915385936
0.007566557405422909
0.02106765779862489
0.019134027828316705
-0.0027035789191356603
0.07051197858880504
0.02780587003672313
-0.048770245495588935
-0.0006959154386522332
0.02508778387809683
-0.03564995810931327
-0.005970579757749732
-0.02932814912738387
0.02558738602839167
0.033728150420312665
-0.0044878834193959145
0.011391005996328953
0.02337911401339922
-0.0143081870070762
0.008437591218071359
-0.004151757746320648
0.021960988077623228
-0.008775315766664073
0.013717276851577882
-0.014235039493596903
0.009173687513442852
0.03806719938049418
0.007563964888921811
0.041659307260583714
-0.005532886086178636
0.026786172494478983
-0.014148053708939047
-0.01018353468722515
-0.005310812373585209
0.02277185974553495
-0.0001399399409771699
0.019035314979760066
-0.0023244247199604327
0.024065624050692534
-0.019030414541072006
-0.02624316334247263
0.037055758827101395
0.014607454950095633
-0.021703994849081094
0.016305073234337074
0.006674131824591054
-0.025496766747245363
0.032473558390254315
0.042111447614068355
0.03489627208695017
-0.0010380387325204436
-0.001141305999293404
0.027688944816242456
0.0304883660258904
0.002229497177656966
-0.001790907310484826
0.002340401297148981
-0.02939067265557253
0.0004574441543204534
-0.025429993896300605
0.0007652089686793814
-0.0087767383388723
0.006438040381615871
-0.038459149937847326
0.0011614497496766202
0.0278740325856434
0.049740584046412364
0.013181611396161223
0.017735137557013284
0.003145036462003885
-0.034991807358984245
-0.024874933623077865
0.0051950288127922
0.01121662248322126
-0.040970503581503594
0.018009966737622757
-0.007487448388253387
0.006499174191089662
0.012038471596746335
-0.023311273079462888
-0.022884836919633507
-0.034119758904806306
-0.02826913224348836
-0.014029061037204846
-0.03662718474898149
-0.008808396632486238
0.07526535481629872
0.06400519926987328
-0.03078611872063257
0.02200998081996968
0.03213418484291239
0.04195057643684659
-0.003924141046774968
-0.02352241338885816
-0.0071753500253172115
-0.027479586490210615
-0.027723285910694995
-0.01378125951534761
0.020295828145688997
0.006321647248419804
0.005567830208715475
-0.011819931701391227
-0.0037366521250075785
0.03508012701050361
-0.01831894636142615
-0.019707285272928334
0.005892258212864831
0.08841846082829352
0.008025297407557669
-0.012303928005792582
0.04095110808508548
-0.0013602714892367491
0.017380693768699548
-0.052285836223557924
0.004955429671394791
-0.03957110182085331
0.00623438586465508
-0.04391420766507239
-0.022114495679271737
-0.021543218744409502
-0.0045196182237312406
-0.011284333722113724
0.02814143818469372
-0.029626883723950392
0.010825103613723446
0.022846829568750338
0.06845837597781171
0.04163271121878961
0.029491384993283673
-0.002462753394466306
0.0316876904309018
0.041912111620428204
-0.03790762342730763
0.049587396303253636
-0.001761327286855342
0.03358949035490469
0.01520787438334098
-0.09854608244334902
-0.003930166507717013
-0.015696956262574266
-0.04517121736382681
-0.017529251187139428
-0.01371650379270932
-0.007685565331081423
-0.015993024816376204
-0.014994053555198528
-0.00032519082503972203
0.01871899079366667
0.01450564712034171
-0.033786273492473824
-0.04745185305743238
0.013143919988744028
