0.019812167180395895
-0.0007932707435145143
0.022225921834461156
-0.04598221821851055
0.027617444609709385
-0.017678462921482115
-0.042310502279634815
0.01127283851544508
0.008529060124688872
0.048652584986678654
0.029786688938393566
0.005027284664033086
-0.004489125375428129
-0.010905045984192712
-0.05256497248303882
0.04720363577649282
0.023356918573222175
0.0057532175526025285
-0.036533556216999226
0.009501261173861863
-0.01208648408385297
0.028404861864560985
0.007664007690981206
0.019618025014168778
-0.005317017314325487
-0.018452794157027764
0.01958880782695134
-0.04858698990828194
0.031359188814952074
-0.01717833942497767
0.031374701425883646
0.02452875157321217
0.03794537909408735
0.059783664997630985
0.012108722386252586
0.023620213321235657
0.01859299448178063
0.029563625834698286
0.001495586836273116
0.04700789583790447
0.06731909441843135
-0.0120783670366407
-0.06328900748305702
0.02248745670931927
0.00982615293740289
0.00595157776832892
-0.02449227748041304
-0.025925566902316597
0.015491767297196334
-0.06510261926770233
-0.018580164582112937
-0.0573858333690007
0.06022845781679936
-0.0011771391990981486
0.0036557632306455576
-0.0331061451335156
-0.011156781529834058
0.0047604000996755965
0.024672074507448936
0.00878825351722439
0.016673657218170414
0.0035375396816375434
0.027894524671600758
-0.03050012403364434
0.02854574517206971
-0.016264395930225713
0.03971354332839269
0.022145600352485816
-0.04841021253721195
-0.011635607709446215
-0.03147023313987081
0.02229171537285765
-0.013372265820907893
-0.01669714564290548
-0.015602460070024561
0.014411756875532917
0.01948382641745853
-0.02578130812921635
3.755916628097796e-05
0.05206294361293059
0.019919989033107672
-0.0027286276525258393
0.030278959410962245
0.019879619620467887
0.002568812519097164
-0.08515730728739651
0.0011684027359238017
-0.03353344553653704
0.018303755068450497
0.00406373981874521
-0.01709322868345963
-0.009606644969612086
0.002695905136291938
-0.004455037779873201
0.0017059013645733458
-0.00955757045197181
0.03092309700782217
0.01621116177901928
-0.04217028716505378
0.0029089429829966687
0.05704569039909938
0.033273907749864176
0.05334609592013731
-0.0017347714823990653
0.003218319292133562
-0.005136200994916131
0.008976251674888108
0.03229428173666733
0.005708796687552713
0.0029069107894682525
-0.03482322939602042
0.012407783771833429
-0.04408729608633209
0.04992370445487368
-0.013765781655927203
-0.014335397261602031
0.016570458767588114
-0.012895935610447393
-0.034654393734127806
0.00581769203958598
-0.002955598522699856
0.04507695276053007
-0.01798999164586359
0.02969816197853959
-0.0049893875024948
-0.003656350624733078
0.012697927722736606
0.04101511519602508
0.01269153800024798
-0.022463429046447252
-0.025369226250529033
0.013501832577434793
-0.008763287699916375
-0.009886884330834718
0.021799114038981344
0.004126329851604569
0.03276655689810334
0.04644279688530525
-0.013528530673653973
-0.047753469793182984
0.04923063831807575
0.004221632803299214
0.03163666533614306
-0.01080094499668331
-0.01645661527369441
-0.021747862115722744
0.08337646238028672
-0.03166365016303278
0.021193290564174568
0.0022520356447856787
0.00974981963892988
-0.03442626388484624
-0.02016203416448991
-0.04979178018413502
-0.013976145704655222
-0.05546191364370051
-0.05069089142835207
0.025314508631786633
0.026621662033142462
0.02428141868695103
-0.026878911985005655
0.0006574746851985013
0.0017497130087607891
0.02442114384895937
0.021132446216442228
-0.0605417366772293
-0.011302866485906853
-0.047558638553704645
0.006627823181489065
0.00413722480534836
-0.027251097082766528
0.0009255914247691963
0.03462650557327858
0.0017891853451878932
-0.03316073009302352
0.03875249638665143
0.013247078719227855
-0.01992640623833684
0.0043086582827888695
-0.012528628348296128
-0.012993224798589225
0.03077779339726043
0.00229336576273068
-0.052451347103562224
-0.01691385731111795
0.008914137450577992
0.018654687442918472
0.035179273441682854
-0.025278383223471458
-0.04194008647284386
-0.005251455832367281
0.011107218447059879
-0.009519859511670453
-0.00011134630531111896
0.010629693518025698
-0.01919798348641816
-0.02692161208544295
0.03333850518628586
-0.01634445446744505
0.029102650524828168
-0.01559677423611654
0.03515078666921951
0.031556783590984704
-0.003875606034397039
-0.03524077162913361
0.013375866288352328
-0.03445628174636909
-0.035737431810286685
0.02555949320856029
-0.0047453219580555536
0.0165873319491165
0.006596177603173363
0.02838915700783658
-0.015583132496175411
-0.019962934488415088
0.040223320175883835
-0.0072400168893082
0.031074040994048535
-0.006896985818782778
-0.027995925773786977
0.030160625226397758
-0.036098379569652284
-0.039017359882128407
0.03224633682771773
-0.0009989345356987607
-0.02236869782040468
0.00837238839301839
-0.04644336484052305
0.03075588211446454
-0.007704760190623971
-0.012907679770451994
0.047441783796203535
-0.015528470836388666
0.0002645166493141517
0.03525091068040064
-0.0023239391955180012
0.04686928827802721
0.0024212177409701496
-0.0013784923802880851
-0.012374559982390414
-0.04940404028021295
-0.04765061128107906
0.0018180740642199402
0.004200411977464528
0.007477663859704344
0.042070479916009165
-0.0001258221654320954
0.00260685717690968
0.06340602122691603
0.017010384965399732
-0.020911226793719987
0.007228049091179076
-0.021100650314764855
-0.030050346828027596
-0.01300340137746114
0.04446320162978736
-0.03705824443922314
0.0736640608962605
0.018444645771829513
0.014248701238163228
0.014029535396474486
0.0024095432657167183
-0.003156661381674161
-0.004498583990547322
0.03305715247957352
-0.0016167036386667921
-0.0027774092695186164
0.002414559371514573
-0.04060405851878143
0.026303082555372732
-0.031409718611480286
0.02470017418377457
-0.01723774217201372
0.015549762832083485
-0.04723041222772019
-0.028604302887784157
-0.0013588712093094398
0.054140498313368236
0.010347021952625093
-0.04146387762312863
-0.07358912356536364
0.017973369927774045
-0.028173428968786062
0.02500937620672627
-0.013062260120170876
-0.002672509879209532
-0.004938097225696821
0.012701773456363122
-0.026975922771183793
-0.014069356071542702
0.019335214752022913
0.026158330901288513
0.0017803467581097847
-0.0017437076772302078
0.03237973849582205
-0.02358802867611776
0.011501779802637916
-0.05076308988488172
0.006801385814951566
-0.007166282859983245
-0.0025564331214261255
-0.0010992896368340345
0.010941311926282822
-0.012276757561549972
-0.02683426289974317
-0.03737582106074256
-0.029487383401394285
-0.00702167189212622
-0.01654066377661039
-0.01181110897794066
-0.04995546850825465
-0.008375774527314594
0.04126799463966224
0.012933392927567977
0.040203838562068564
0.000987461879778191
-0.010782971439967797
-0.03173437466618253
0.02113190383336497
0.014909699941653243
-0.06142472235747808
0.009568227185987151
0.010396459349003316
0.06075045407779171
-0.030160764049380406
0.038842119261841036
0.01990719130222929
-0.025366730791648175
0.030569792571483914
0.003627553160987393
-0.013358188962627818
0.008067070345913606
-0.006771218926375087
-0.03046742071929757
-0.015437023089457649
0.010269821498488398
0.022977381257182464
0.024115749630263635
-0.015350570190966781
-0.046217013904940284
0.0359626929516899
0.056969985254740604
0.01024346568695956
-0.04415366934610899
0.0608453311189497
0.051195817710832175
-0.023674358023127617
0.004515453581536665
0.03431782033143936
0.007133469080315279
0.035633142861746604
-0.005427009685522892
-0.00975647000417413
-0.03616294211715619
-0.003940372409086226
-0.01027746642788421
-0.008684996671482044
-0.034145472413256744
-0.00777605097129467
0.03982819683340303
0.0070085078958108254
-0.004280786789959576
-0.0008533049709212086
-0.038363891591580365
0.03506851337448139
-0.02431770127888193
0.024943742443725186
-0.012024292540197754
-0.04954204607364754
0.0003650414723721508
-0.011678270478412465
-0.03077326737089646
0.03254583972392684
-0.011428230980959206
-0.028389436666710656
0.03390730670984012
-0.010801440821581723
-0.012102148210711101
-0.01729300006581819
0.01592007729000901
-0.0023895111476376508
0.07269693189411476
-0.012963523091922804
-0.00196064803858764
-0.08391862413565977
-0.01777439729341575
-0.011047763628275187
-0.040959339102905154
-0.0230500846951776
0.020178687618384445
-0.003319989801985694
-0.01219158103762215
-0.01242780474234567
-0.004538545012310421
-0.04521262111044607
0.010988974001153782
0.0008726078016428678
-0.01815562906898141
0.040394366835138015
-0.0006853147983443008
-0.017783332002271588
-0.05031887251963257
0.017982658903340318
-0.00569420947316645
0.017223991069724595
-0.07697891508619135
-0.01859486519424325
-0.022786310227748015
0.03891650460872138
0.011606290656444359
-0.08686178443111958
-0.0525026504013304
-0.02213390262525998
0.01648690917984571
0.008702973971131482
0.024022344368324414
-0.016391500689747266
0.015180290385479751
0.00534479087968421
0.008087730704881698
0.047269163126392615
0.013825985114182052
-0.003302063143819968
0.018376148513602558
-0.026179196378959397
0.037789138705127345
-0.027929478394641816
0.014086086481198459
-0.030148421106289798
0.07295952004543807
0.015271542806924939
0.015608379688988046
-0.029582581478271634
0.005055272929945932
0.011657450006186917
0.0030300428364389994
-0.03680911421790246
0.017779752731020372
-0.020924959391063445
-0.02414678648807137
0.0013067305651041656
0.03573764824937068
-0.031034543758678066
0.015902535915179674
-0.008414677280722867
0.024075973424990803
0.027149263817787234
-0.0035474119163942273
0.001098985310240435
0.0029219705682710854
0.010307399009552631
0.0010392624972425585
0.03414251749628953
-0.10257288659706208
0.06744338444677721
0.02497582316105537
0.04568210370268476
-0.018597870664861238
0.030743029099936026
-0.03367674490755649
-0.041332514534733814
-0.007906676761510953
-0.005582115756885514
0.0820804778808872
-0.017982333290983036
0.021960966122488816
0.04965075233516017
-0.054340585128262765
0.035831449611135
-0.01752124179273507
0.01087595838372701
0.06068017740994044
0.03032552273156435
0.035162994753237586
-0.0011845886213112686
-0.005688054686787423
0.05987509772446119
-0.014432943069606866
0.0498616197849173
0.05374460296501361
-0.0014036638195672824
-0.004919892529005004
0.07088478983276282
-0.03288937010231684
0.09178149687732959
-0.0094181264126488
0.009956861257197532
0.0559449146527875
-0.0232391331049228
0.03281363131416852
0.042346097052514346
0.011529354380620235
-0.032331875700862524
-0.029194227773805637
0.08432825292877948
0.0013459833307413634
-0.03592803194599879
-0.00921872636939231
-0.04580578064945766
-0.02296761020370742
-0.021158187189616238
-0.02625848451560369
0.00902087603671462
-0.045072647790285955
0.0031168411031301897
0.019648725065573688
-0.007423739034743145
-0.012015378401399539
0.01093382246795114
-0.03800572217695512
-0.01949880600489997
-0.02357394050639851
-0.0036302056172495332
-0.015968656855760214
-0.016448636472831787
0.015122404868505808
-0.016200384198262488
0.004304916301579591
0.039706857167335685
0.02289754925855326
-0.007244164018188854
-0.08240977282504394
-0.0277747087111452
0.06332290978586395
0.009045378020404487
0.00863433873059727
-0.06427330963659339
-0.01114322026804826
0.0064159061783543485
0.02159152721734347
0.009182173891610895
-0.0014099144605083428
-0.010130084565168488
0.012092803125703488
0.012465741035093042
-0.02092436332348241
-0.026361966910127252
0.0025038520255527908
0.006836887591059438
-0.03588274123862744
0.0166785629646933
0.009814044237493802
0.03690971009142852
-0.002660473988211041
-0.008033148454524077
-0.0075839873057367444
-0.03097002587518385
0.049377810579782994
0.024914879264568524
-0.0174589812422283
0.030293549550948776
0.020521368085865185
0.00880448200084272
0.009963555265125367
-0.023413287992596482
-0.010252101695584123
0.010060034199709373
0.006197104310992467
-0.02040509436014451
-0.011866642174131985
-0.014133030356132286
0.03317412381677637
0.03993955485269942
-0.012891491256420006
0.014420083950244187
0.0344799170476333
0.02189035900867005
0.05588460617442236
-0.0024571714151763444
0.023833304421245705
-0.0022933617169827044
0.028219721547060383
0.046321646704294395
0.0380013382804509
-0.02932913294660688
-0.016641934683096153
0.0028118808998823025
-0.016141997963198977
0.011498136211081146
-0.0003412663968244976
0.014217433987612493
-0.006217228251300989
-0.002346045417921656
-0.057650398294681354
0.015423729033501364
0.0072161907098529455
-0.051693536045654714
0.03975326341042437
-0.020593547156645988
-0.002948213440507847
0.012825991927143314
-0.02028614670855641
0.023657420773357103
0.011145917649463544
0.04202131687165408
-0.00038281791571930955
-0.02289141976025331
-0.012043460283485812
0.023358704973626472
0.004254908416086168
-0.0010189470423244587
0.03672788054339813
0.00012792049623940187
-0.003217870317785199
-0.003996263264950072
-0.056596802378309115
0.026852226788109147
-0.011266932010876416
-6.286042113490609e-05
0.019377740692993025
-0.010888955870016634
0.009823665389169532
-0.01434669416528141
0.046714351593993134
-0.077224310949957
0.04354725741941759
0.008632927351473146
-0.011398243076720061
-0.0028866853254192284
0.006485582746940249
0.0338860415368022
-0.02505995958391333
0.004720837693571827
0.0014965596601780305
-0.02608345217480456
-0.0033044560526154223
0.017806109699336915
0.03043937631248991
0.03669114712381775
0.03096369641233019
-0.01007622017414683
0.03421024396898148
0.020645418543541395
0.044823837748408535
0.02895980263590063
-0.01788156111749977
-0.01640278101023132
-0.007408364057069754
0.026473833808960737
-0.014893898517490584
0.03113737607713492
0.027524606157037213
0.019232891658792224
0.06451490244523499
0.048261300261792726
-0.008258312128042513
-0.005813576280629138
-0.0019381006437235494
-0.003631978437419589
0.00860955033899315
0.0539834220375803
-0.00494789731435039
-0.03647457061317097
-0.013335811042212532
-0.05167812960802659
0.00031109893972680635
0.003704245908924386
0.01610102035727703
0.020517111861878795
-0.02738925338527449
-0.019625942998556193
-0.023216649969389186
0.0345155368619469
0.08374503403338489
0.02898290775426785
-0.004980480445508632
0.03154549330932627
0.006355691705005164
0.015284671895520865
-0.014058874721020817
0.022062370928597974
0.012067899995809149
0.07335805749131614
0.0068345193291815915
0.06883162176349855
0.07175762988997846
-0.060211299355531885
-0.03058046076920142
-0.009812469374081383
0.008385330867172337
-0.02845785912512809
0.0037798602845868084
0.0025030625942982975
-0.04433888449535309
-0.031051531312220774
-0.001114444215250081
0.023606395772574826
0.004894266948160031
-0.02487199009802566
-0.012566975460769292
0.011179463416007035
-0.014291289278761922
0.0023315917601967754
0.0011464276094834754
0.0027923225209043564
-0.01766223876064352
0.02646205520333981
-0.021318741937389675
-0.004386601424079003
0.008786871411446599
-0.010118514582766767
-0.013539774601387663
0.006180292359303895
0.01783485977707599
-0.029410746551462388
-0.010765742830317277
0.030935664961316306
0.022837593240643318
-0.010082075598330024
-0.05183619988487426
-0.023176740747455467
0.017592302245271196
-0.04240503886199545
-0.009585506619319135
-0.0013012933561519274
0.013819474794059509
-0.021487671420776715
-0.005446199439049801
-0.013649225940303737
-0.002860698374753917
-0.02687150491385144
0.02952769075657408
0.028258701621031404
-0.018039186868649845
0.0041673454369887475
-0.001039921030768526
-0.041297558620490726
0.09261465116608548
0.04063937846163298
0.02969137176267334
0.001803593883560364
-0.0342618895747299
-0.012287035784263817
-0.007241004332581265
-0.007846228368097733
-0.022774136347779105
-0.017906262452186072
0.0009581888744476391
-0.007670120605391093
-0.0577617686361023
0.039608545594087025
0.005589087227318467
-0.011974449712080488
-0.017619714108857105
0.02664737008417231
0.01357915703152587
0.025608586150078303
0.06860511105532746
-0.012709665871528619
0.021623453290526107
0.02126271241002358
0.0034654383488926907
0.004857472411830279
0.021864907170021777
-0.018810192617155778
-0.01225723425465229
-0.05468419073894578
0.017691009437415774
-0.0037530874375397583
0.009012692307971734
-0.008858386354801588
0.011923974690933148
0.04610731028656753
0.008714944166337404
0.027286780146308996
-0.020276944117577862
-0.002197409109043096
0.007933565129738182
0.054981210819255964
0.03251779741318519
-0.014271686973980431
0.07373024876229804
0.0006581254040939424
0.06352825936579683
-0.02659936691954052
-0.022471676322615566
-0.02102661009006568
-0.015980585261346488
-0.025664845483788407
0.0426330547668108
-0.04313079021136911
-0.06189762286906564
0.019705430869257516
-0.018665443071842012
-0.00833657028619455
0.004563410179282976
-0.026740375119941318
-0.0141418808950858
0.01369794417101434
0.017167056284798282
-0.0011012059131416691
0.0455234974693881
-0.0238841486415968
0.01991905534325073
0.005364397608515048
0.038963139437912235
0.012236324606557191
-0.021509849169657487
0.002061145869349059
-0.018475948144466053
-0.02614776131312747
0.029256243819711085
-0.034049936254415165
-0.015911979565652778
-0.016182951275059497
-0.0011197515837705946
-0.019633379597136496
0.014356391329967834
0.022059496029579424
0.03766557183081972
-0.024062098292798855
0.018851323159033036
0.008682221027552672
-0.03657474188022094
-0.060173132499672335
0.005597866811271868
0.006884929348605994
0.02640181233506823
0.04723631235648892
0.022984385685336384
-0.019593673622617387
0.035230334691942984
-0.009994029497170894
0.026688504378532436
-0.0035699699183845005
-0.019982457185459383
0.008591600637865337
0.00844952927371233
0.03236075393844655
-0.01781298950990245
-0.005705936728427026
-0.007795754884232568
-0.0017951988659779658
-0.024573900646875913
-0.026359677235352128
-0.005605287960196047
-0.026209879705891177
-0.01613418698313937
-0.051182613750684794
-0.0520056088477657
-0.0068003554838937975
0.032050410978953496
-0.00032655649266956024
-0.03229989182380158
-0.011815455556872486
0.009546616202826156
-0.019729727043324898
-0.02051623434486331
-0.02023451829532822
0.012600620373689787
-0.007320444146597987
0.0431411788014327
-0.0012135694316383592
0.01921854579098358
0.03936148822883532
0.017076351188668796
-0.03151546701882932
0.017351054824828113
0.03547353774469155
0.020454797870572784
0.0019515248889515335
-0.019951954141597467
-9.596421571177554e-05
-0.014365086762960208
-0.023975983162816617
0.04704977245286014
0.027080162568369027
-0.01619851009260262
-0.0026736884816343817
-0.03942863087295205
-0.08805826520922085
-0.01401059870430588
-0.063205413623552
0.020398504105350802
-0.09381584408269035
0.03171004608010246
-0.006562999113996858
-0.0036623697757828745
0.06719644565366524
0.05015522189574634
-0.0011172629393995642
0.050535865030791924
-0.019744880348211168
0.03333564175049296
0.036517578620196604
0.013070497574158667
0.005613452975638175
-0.026586601863755
-0.003985182751813564
0.010319707803779892
-0.014982648687763058
0.016708739925119558
0.02607890302666441
0.01851262138003432
0.018651665186742373
0.025830890590604314
0.012003147597052498
-0.006827413366497348
-0.024177134872801005
-0.06223637454400965
0.011650057976483046
0.0013240263025265373
-0.01312149788532823
0.017859862291831778
-0.004429794206598653
-0.02765984488687219
0.04780673040880494
0.02689935053906146
0.04762240099122668
0.014811746659232764
0.004657191644565924
0.04412419119822314
0.00996107054247621
-0.0019213547716352276
-0.027557092167952598
-0.04294626441394405
0.011767573662760406
-0.023554712614053022
-0.019785431769221016
-0.0007113474789391823
0.02700544574870851
0.03080840719069064
-0.036753255423203256
-0.02663707838050447
-0.015299528250960669
-0.04120298699331192
-0.030124414193403493
-0.00047728556643404695
-0.008560103071411482
0.0004426543176487817
-0.033051534637113224
0.009423420276637784
0.014185480936336101
0.05412083569209925
-0.046954215810898293
-0.011034878701137995
0.01093350302832321
-0.06233880484756546
0.007275864362225021
-0.042249699439205604
0.011579554418208082
-0.0204233795523882
-0.015699632307240266
-0.014912479629517068
-0.027490525923523416
0.021599423337378423
-0.041846069451598966
-0.017181517752976005
-0.007527544104863922
0.02963056440357793
-0.04636520413206508
0.06946941132585353
0.03518880558385173
0.009274206463656176
0.1087523339620817
0.012367934303732273
0.025369145372497418
0.0323495592018139
-0.0057708977423643944
0.004134506265588136
0.06307103386458093
-0.02178142343791992
-0.07739308544716055
0.006784765730918682
0.010092406973646075
-0.02138200319267297
-0.0005652421775435758
-0.0024254310701188825
-0.031942958465137464
-0.033696726948135844
-0.033298937636608926
0.0034120460605219505
0.001061499521180042
0.04308260337979636
-0.01725391848509341
0.005001108321405611
-0.014013869168530764
0.032158436109208745
-0.001600887461057289
-0.0018340124462849368
0.02541125503000021
-0.009528192459384383
-0.0011973848657442687
-0.06218362825560835
-0.020078279929194275
-0.04532870067690486
0.048563737860380526
-0.027604266163641398
-0.009813914368122248
0.0189507463663778
0.0008248055317928257
-0.005706636927333561
-0.04596857091503701
-0.010195453267467893
0.036064641681236936
-0.006033009940025243
-0.015713270943842228
-0.004929433183432813
-0.014017278613091306
-0.014168738618077993
-0.005018915578535005
-0.009789256592323724
0.012618075308869232
0.04448992213183834
-0.0495168697872179
0.01674153651879958
-0.01155433253232449
-0.02386123465100127
-0.011401408860116688
-0.005550022097907587
0.035862897189725386
-0.026249489336707035
-0.03641449416814922
-0.01810740390658731
0.016486228984619756
-0.02243734563515209
0.03385567111624598
0.0007820667568573369
-0.010532382627591114
0.027934308108772784
0.034816370265655386
0.006856116330073198
-0.07366278368148221
-0.026532853321175207
0.025713933719271564
0.003907310440751
-0.044698519522504254
-0.006946412736136078
-0.0009186968459328542
0.01888504124826963
-0.0031555331225144646
3.461559355243812e-07
0.013095633893695746
-0.013349470829483987
0.005105955857813199
0.013917804633402583
-0.020389345950297903
0.0170312745535485
0.030742359104907146
0.045893939085620464
0.01731249543674149
-0.015006692330573185
0.004465431664123845
-0.0023753119736300656
0.001443661439990689
0.01459502509084893
0.025752366633321547
-0.05109756290763792
-0.03743016175568014
-0.01638789175799286
-0.0171000191741564
0.0358088568925228
-0.034886581548850916
-0.003563336411171901
0.059789357738144616
-0.0019920626911761165
0.010829921027210605
-0.03573800500012163
-0.017779048087006685
0.07087552506816017
0.007205364995998451
0.02202141232585071
-0.02672433129424566
-0.01894221197842176
0.04114083381990466
0.002011288174342688
0.04792645168840012
0.01529064988433301
-0.00441951726990336
-0.007040777897601207
0.018305006429293596
0.030376254216077085
-0.03889876823906715
-0.0077748072799684355
-0.016715290611322087
0.07212020394859282
-0.001076586218988212
-0.015030007686233056
0.03738850709414599
-0.05771660244014719
-0.02959377830648585
-0.015349197344963273
-0.025030345537350573
-0.023409501891737974
-0.03532734769176954
0.001396197735299224
0.040676445616961564
0.023638656035605794
-0.0041320062642566865
-0.0191474446653408
0.010052184724363776
-0.015048718984985707
0.001803910734086593
0.0017833390381669435
0.01590527607703054
-0.012785877563878794
0.012490382691785446
-0.04570103106521262
-0.002945551547551377
-0.04296045906903281
0.006925450086694947
0.016462366026802004
0.011588317354305865
0.08155055283944478
-0.01949178666795738
-0.07133907701727975
0.0379778584597906
-0.016143508494977983
0.012509851866539527
-0.04710445995291097
-0.01992177361985961
0.00021230552774599933
-0.05369501189960259
0.002054563851977469
-0.013422816740235972
-0.024036199581722678
-0.003153764185135359
-0.0006302972789318758
0.010002703565976295
-0.012408820324931139
0.0028763499444980304
-0.004393642153218957
-0.005262461206175946
-0.0034678689043014634
-0.013895115030783495
0.006900474001992262
0.013185729084673047
-0.04099673223361207
0.0033368217280607963
-0.008496269823746573
0.01157396611872455
-0.019235074436902942
-0.008227990477783342
0.016227539970934176
-0.008897146401714887
-0.004696080545705678
0.0023509216424434315
-0.02696780201283309
-0.05933076646768984
-0.040623598453042184
-0.02636482561148165
0.012184294485523583
-0.037338422557533064
0.018451695206495502
-0.023375387475923062
0.0003878177124229151
0.026574659529820317
0.030020840326548646
0.0012434080292353911
-0.009097197468592472
0.02360127029336305
-0.021548748684892576
0.015046724674530321
-0.01084278577167661
0.005826297078142416
0.04119350610608503
-0.016435321652583972
0.010718168525305593
0.0005249012771539887
-0.015499530495448673
0.016222305398174038
0.036654067915471246
-0.026741998387826278
-0.05476079854646613
-0.0062430457474125355
-0.02023548219871513
0.006313944494444951
-0.0074398642854027865
0.0052268493681474635
0.00047527620807299954
-0.012032565420792642
0.046260583492802626
-0.004183271313523022
0.04400956555765297
0.02303808941451488
0.014823291010012986
-0.0007357370548873523
-0.0019129751430422002
-0.016065439185149515
-0.003740043801142924
-0.006883103873242569
0.03179983581150694
0.026600525842891628
-0.0375637374088619
0.04499369033464747
-0.017671611077871203
0.027525553937153866
-0.02037574913296042
0.0037969117123033717
0.03620024702747357
-0.0023015598233276664
-0.017022061159873415
0.025672945420967937
-0.009905970480402202
0.031246184153017185
-0.011813729073394771
-0.013225880158503843
0.0025137069290459423
-0.007831271987625994
0.01867896729149591
0.015016516883398265
0.01667203573106435
0.012409142633074008
-0.015964759609310018
