-0.05459432405718939
-0.030209123309434222
0.028551130837690997
-0.0017251268640443805
-0.02614973200915989
0.03057246321729523
0.021732295628579652
0.003015256727749988
0.0010051618505009263
-0.013394855879169332
0.04275493417481963
0.023827971291116034
-0.028015989964276226
-0.004354422888889488
-0.028547162469722148
0.0011066072012791183
-0.0024811335634765497
0.007222431171633732
0.017630380156303794
-0.03876404750829605
-0.015707581446901674
0.04692878686942136
0.005445208438275048
0.006734616018563805
-0.00035275316712515494
-0.017601302924537255
0.0027232149634236137
-0.048152359351501965
-0.03804570423950134
-0.012372025999469998
0.061348763164059475
0.02786525025004664
0.022356748078217012
-0.012677340512733165
-0.028742915205587784
0.04535259656827818
-0.009221985886879324
0.008398008276865408
0.0395965818997986
0.005752969526489419
-0.06771485591516511
0.014952767893893222
0.03390397138622411
-0.02589242820856278
0.01436545776000041
-0.0028668992957515114
0.042201666458548094
0.029875253456357293
-0.0021259558504869653
-0.04470169464289899
-0.019176509431722964
-0.01010438314856344
0.048124416996658384
0.05550634030321856
0.0060008101110067685
-0.015366067700482608
0.05257450151638587
0.009606534478508155
0.002900334595789052
-0.02703724309197635
-0.00715800436114703
0.033567396973692196
0.028232688944426466
-0.024768116292415206
0.002668753623191761
-0.03246959570095462
0.03678413377569815
0.022125610832110294
-0.02084768078108301
-0.04269007749044605
0.06123586008679611
-0.003665339457025198
0.0063721008979629075
-0.006758175420960426
0.008449667400528596
0.007562636938824773
-0.0566915568647714
0.02384540874942131
-0.022337598248676142
0.016828084207456167
0.013802064482198508
0.008089491851319745
-0.03740107934628107
-0.022197995613993278
-0.022314549495155902
0.004251242501786573
-0.021744620488587295
0.036199581253682014
0.00512572508568531
0.0031885400342041644
0.08909017061597753
-0.04218284838743746
-0.007885809585908543
0.0035476489475127927
0.033715191375732236
-0.02146269402432267
-0.02356295002165334
-0.026071451006325404
0.009162216556195299
0.002990378785063462
-0.06075209769622149
-0.015911064452102892
0.017286515411195743
-0.012488276113157032
0.04237306350976738
0.01222316220982409
0.00106815023601491
-0.037675667761671194
-0.00972899885861475
0.005073442186671043
-0.008867039438496895
-0.05308794978210564
-0.0608803318947671
-0.005132171977739427
0.020503654165303312
0.010109247496463067
0.040124721638171296
0.014915678266875664
-0.013704606312132932
0.032761390401221634
-0.02180946575690409
0.03215410331938029
0.0003181153285413011
-0.023797814137480385
-0.0553297969716527
-0.023033962958038792
0.038916874462290196
-0.05719185545344536
0.03307105022852339
-0.010666537036792378
0.05602236824947228
-0.06426495652524683
0.02403591453509733
0.013252788038921404
0.02107686052429658
0.009216292988871869
-0.005259091518428144
0.01737657304161911
-0.01727713344752378
-0.0003304534628314651
-0.026173595020467906
-0.04993452194426743
-0.02833306254747702
-0.016691677126066416
0.017627021725918745
-0.009034743021271305
0.010369208626749685
-0.020710275906679485
0.025921278096408516
-0.019208996837766452
-0.01949133688165509
0.011124208860812314
0.014737359531798763
0.015413749281633369
0.010551827404738649
-0.04436316913280703
-0.06415197033090918
-0.02575996175278524
0.0003089527096096013
0.004996738835219521
-0.0012492583922056341
-0.017086007369027746
0.07141805358534387
0.026344390803647144
-0.02075642713473706
-0.007374009392534672
0.031562949693778763
-0.0352097420545061
-0.013602050889864383
-0.008442732667979094
-0.040645395129781464
0.049159444129368936
0.03728723983551413
-0.026042175813767054
0.015516881432452946
-0.034437779684792544
0.0004179554845040735
0.002208686502959102
-0.02350242954082551
-0.0034357548549869762
-0.018673702163900744
-0.01239095367816914
-0.0038268949870203335
0.004928106396452206
-0.00046345749699569543
0.029540223407153628
-0.015418630217668552
0.022319234749285106
0.003446793366641705
-0.04000770126814924
-0.03131728123669894
-0.025471723288919838
-0.02169374044937318
-0.005674311126914186
0.015661809313756502
0.0041647384962999285
-0.010023327763882638
-0.04384344263716881
0.050094552950160576
0.03170763979801677
-0.023016597565203255
-0.028164028909937515
0.004275326158755146
0.010792559406958469
-0.038835562687371566
0.005314087994762732
0.011555829931005379
0.008944003205373703
-0.02830948569232531
0.019347119951760684
0.029815388981760834
0.0355851942387759
-0.0036360903605246906
-0.0437955063209828
-0.03291107255989465
0.010815953702559139
0.002159013095179824
0.009060773823837876
0.015509012050132234
0.009240593464851609
0.05609091318747867
0.033253185950330125
-0.011388705527773315
0.015656871043861445
-0.014935913564767238
0.01530534317746807
0.017975308918114975
0.0075534967497373415
0.008495902443184678
-0.006444045293717145
-0.027841283135893263
-0.06750999881946011
0.032704683628968195
-0.033128900582401505
-0.012914333630879508
0.01594323397523439
0.0194332185561559
-0.02678227628251183
-0.0018269457979506539
-0.012748063996334066
-0.015042524369877644
0.01418276125766094
0.026229714772238018
0.010161276965640802
0.048167333291436076
-0.02959535188657911
-0.020787623626922463
0.035071814393397786
-0.03692118311470944
0.0011087125673472156
0.05096993669124873
0.036342088982963885
0.03888070483594927
-0.006456754520255448
-0.00706992622393755
-0.02633053819374553
0.050871830014959464
-0.004640889493870527
-0.007721492072572222
-0.02330165795063925
-0.038522154577724246
0.003390645042424087
0.004166206477115439
-0.006020829525119218
-0.0041348812858939465
0.007860264731516846
0.024621450356560014
0.008983323962866642
0.0013131209124137829
0.018395243058303364
0.026306036772829347
0.06522209721365113
0.04239746620480334
0.0014841162190440019
-0.004350195080609846
0.026318474394477275
-0.03549654016452069
0.0314770733010044
0.048416729813015105
0.03488732871697961
0.03651683180341815
0.004525345763530926
0.026988825324931486
-0.004324883309567673
0.01895676139135745
0.01342034950922635
0.004524483624249938
-0.006070662245034878
-0.005316370817131708
0.008564334968101092
0.026296609951294073
0.01180661312490328
-0.024208670406711003
0.01628844402518883
-0.04384533377427967
-0.01057205057583927
-0.029961260268969163
0.04600485896305882
0.00010541787777454234
-0.007836823017912777
-0.0009308343440283354
-0.011155453381691332
0.03906584939164893
0.003345625109091578
0.04781454353272368
-0.018278223190295623
-0.0006360864537687803
-0.0352306351446898
-0.017093381466296777
-0.0067116279341907295
-0.017806782438552615
0.028043945053363852
0.038474203161498445
0.03879133247110617
0.018678148446583717
-0.004827116246386026
0.0052295517154757306
-0.03673308589540938
0.0047925758935195685
-0.03155074035747231
-0.004334469810630111
-0.019062076989345804
-0.012364275296446766
0.052872786879628146
0.01019617710386935
-0.006394165361608395
-0.023259582901882743
0.003868797109019371
0.03234489065612869
0.042923373478186276
-0.0069231409156458815
0.005906835312871654
-0.01258269293132862
0.004206376525067185
0.005357416124282549
0.017245655732511328
-0.03743843454922089
-0.04380519722139512
0.05818497775527867
0.0243390023156519
-0.0012401079744346205
-0.029601378065736036
0.01440366871442535
-0.01061213262919595
-0.003531812889036449
-0.021454319008968034
-0.06010393120672216
0.017245690685526106
-0.010108453689434926
0.012979758484016923
0.01934983746306139
-0.023447668990905425
0.017617068759625196
0.01477458969661
-0.03695196040815976
-0.021146518072701678
-0.058402167175614576
-0.044856338532492754
-0.04496939746520112
0.011981675996964383
0.003460302402102748
0.0023413684653703216
0.06454038830824921
-0.009376716195975233
-0.03998689427336495
0.043357289725448424
-0.0072767730549739935
0.01975806167461209
-0.06249911746920215
0.030587273100865255
0.015094847605321877
-0.029633476462085112
0.0073622219194749905
0.04852863123907611
0.00891727836030847
0.01891006287308585
0.007089395594380328
-0.01763596134319776
0.023444818420656443
0.005255989533763491
0.015197294153063041
-0.04545313402650074
0.005738149655423605
-0.030840232599790504
-0.06359798785711258
-0.011449273534257237
0.026423723247388724
-0.03703947066836421
0.02307496913740617
0.013736739652565505
-0.005772794274534259
-0.016270381971890877
-0.015446208529266819
0.031198802477113995
0.017830637008919844
0.0032219988656133343
-0.007469284494306858
-0.012246503264786705
-0.056416105027758685
0.0013221280278034695
-0.02138217282841128
0.007046889043632316
0.06902943026528864
0.0069878115663696465
-0.04316287949290498
0.007627731962764041
0.04433727527510185
-0.036082067220467015
-0.005561358831914899
-0.021431944746646753
0.018210958053877544
-0.021707172017934515
0.044981414976829524
-0.007423338947498785
0.021853490259295096
0.019776687629829304
0.012727018197672461
0.020697057368947325
0.0269802699502506
0.032520453950329785
0.008135252573899732
-0.0006292563827977556
0.0033803385851412493
0.017000499818546618
-0.008244838279463925
0.0111541492844691
0.008289595506312485
0.025771563573755485
0.04909886595497388
-0.020090673379284302
0.01284093988669967
0.007966449609967305
-0.022093561039638106
0.0010525042462721668
0.00343682126873828
-0.008022840578511705
-0.0671026454445095
0.01869888867041942
0.059789925252264085
0.019807389060377007
-0.04785659314591944
-0.054679973560177425
-0.0008968628006766496
0.025408478891204136
-0.0025668245805118397
-0.01930999289542073
-0.03216806126786003
0.010005813882050978
-0.01898169687841797
-0.0010362409892651148
0.012987037035583028
-0.01288329005864036
0.01671726578063683
-0.013384506756008196
-0.05431721913210885
-0.001404099808137601
0.04660483636750025
0.026344745112367413
-0.021636400832835367
0.08673377062643367
-0.03683910565986797
0.04625951373399284
0.0018618008700299125
-0.014958067862208916
-0.010847555795804056
0.02613461405848102
-0.033084254692017104
0.07244029108620059
0.04126566007527026
0.000980041927431507
-0.03199115268440904
-0.02981169060058728
0.02301622625048861
0.019821266095207325
0.05401460683645641
-0.035335971086667826
0.0023513976730481015
0.004000111138162269
-0.00036049259385235853
-0.0455614478058539
-0.015376997597027233
0.013868008326782354
0.008172525880830448
-0.024807135187739946
0.018469842853868337
-0.01724314645157507
-0.02422791040815731
0.041608586363629255
-0.012803997948566185
-0.06133386204377751
-0.014307193287760875
0.01453368207430577
0.03959911918362442
-0.005577777811137196
-0.03324505466478643
0.07680676481378632
0.005325608132805258
0.003290112380231181
0.006271961912035126
-0.01816127248471252
0.031331721658485266
0.060524876009773486
-0.050628000457594455
-0.02396613843792973
-0.050529991701406776
0.007120360200082828
0.02682489957461132
0.015548137729458312
0.006903056984805673
0.021918916931871937
0.023217323055698097
-0.026732043952181282
-0.009959599761561447
0.03351319982528479
-0.012932655296858109
0.006685624655430611
-0.0190022408928861
-0.018327995669573445
-0.003290291920399692
0.047906246397704966
0.07882736933064224
-0.0039854950027772805
-0.02165895559596718
0.01191811277755268
-0.02559258260626063
-0.005812773169659783
-0.01196674222430978
0.029490133220643512
-0.030848434220229756
0.007941137677453677
-0.04212139366269795
0.007053316399458002
-0.029023568401454293
-0.027273300496657858
-0.004265919299586836
-0.009130905462928822
-0.021787015238398353
0.034730437021782135
-0.019728769486386907
0.04931343275237503
-0.0070005087869908595
0.020608654473583822
0.038506522651700875
0.006587951988755541
0.005563695391064375
0.03553640055162896
0.002102133673491312
0.013854001322879672
0.0161922793490797
-0.017328827702341978
0.016079783640934646
-0.02613080372154528
-0.03295855815721451
-0.020168928832951204
-0.04730866557164748
0.056652535978104816
0.011887761572943533
-0.05991156268729267
0.02407582492878571
-0.014746453048626321
0.030557495594245917
0.005126451729426887
-0.014941801909971419
-0.0025725741797379144
-0.00025991321145403133
0.01209933155608123
0.006967880995416837
0.004922830875911213
0.008586056096513354
0.009275807613042133
0.06601754319436837
0.04635439718516697
0.011825177386885887
0.016719884255124214
-0.015844320891872047
0.012409859919945322
-0.02939499431020865
-0.020909757304324574
0.01003034182352491
0.006070844264459115
-0.03555857650387724
-0.015884752737719766
-0.00201796667842458
-0.0017692935268639408
-0.01162633415591165
-0.006004682898894763
0.030259964883598885
0.006776977219315219
0.020256076199322938
-0.007417550860037497
0.02323205075849316
-0.01912272467284602
-0.018225871477531044
0.012941819675300056
0.0003672105367037033
0.008260149294608264
-0.07717518241879835
-0.005765143239637953
0.0003252363525761836
-0.0275994025610881
-0.013235540673967709
-0.06153106608147427
-0.006558491772364905
-0.040589465920869656
-0.014602310257031315
-0.023461738621355605
0.0276015770267121
-0.023233814673767422
0.007199818321406452
-0.024234609911778247
0.006448006472005266
0.022887524039821753
0.029042760252562968
-0.03870648308093643
0.051566524316488074
0.03294424320426685
0.017837284307158748
-0.04463935405528802
0.0026518540269698534
0.05242755256778519
0.03481964174374687
0.006881368749161381
-0.010756235013863292
-0.017846402508113913
0.002879096988341126
0.011319804956667307
0.004927484173162268
0.038198153472713395
0.022336390568200876
-0.021901560001528753
-0.013809945598111653
0.03400090313049309
0.03107893358112358
-0.00021814281140462854
0.00834176281806773
-0.05236214588147121
-0.01381621310630859
0.030139899059014187
-0.04794831377172916
-0.0592212991775372
-0.016191937171656148
0.038687271545470865
0.02764785373655503
-0.01774998323649314
0.019029262117629762
-0.03444837727259408
0.002061158453538612
0.03397423625567339
0.02396783419646341
-0.033145708795861574
0.040040890532242475
0.01890288184908015
0.012993316261803351
0.003551739539680703
0.01593130553869344
-0.020284372482448573
0.07265036729995125
-0.013629964069564614
-0.02901158513865662
-0.018924743969944854
-0.04333358745839932
-0.01070472080288991
-0.022232781977814038
-0.08770694673714216
0.07886484222800785
-0.022942080593961862
0.024602563331604314
-0.026839492891788417
0.019354998831040752
0.05352955347586152
0.02832867849009757
-0.008343146967678515
-0.04527846440767857
0.03259701056628456
0.06540699709765165
-0.016724152244622568
-0.011343396662094388
-0.03225812089805957
0.020704882487486632
0.00525671606407636
-0.015624579576756536
-0.020036112754292693
-0.012679470628961626
-0.01568540251140948
0.032557103044000564
0.00724871898184286
0.0054534636854452955
0.005558166122052404
0.05113979612814395
-0.025329301440036138
-0.05037679486081397
-0.05505567534976248
-0.02853239134417841
0.04151923842878939
0.02209431061402558
-0.04730903174184716
0.03044306262419297
0.03943850032322821
0.02212665082978411
0.0033280344637230297
0.009091451462898543
0.018485153279634254
-0.0015673349970947961
0.049973272795558146
-0.023608770556341818
0.02471095442302235
-0.03808357134492058
-0.013718451292314835
-0.0043218018240058
0.01136218565040949
-0.0005290722075704097
-0.01989891403977114
-5.172940315989661e-05
0.02119628193875097
-0.00818274792569418
0.00887902142757209
-0.024105329371031523
0.022237585051730534
0.020425090242174423
0.01279631699711206
0.011449194646834335
-0.03625004046694432
-0.0724204222484187
0.006008497867999584
0.04877144864438512
0.014888393851634906
-0.0625028149799079
-0.017415295379686523
0.026174764089339823
-0.0032434346742404095
0.015425556863417032
-0.027718167446771098
-0.00034145899144421795
0.05332464040052076
-0.009956058857205964
-0.003070532849237827
-0.04408959130274389
0.0017466097477368467
-0.022176787905817254
0.0031810927276457544
0.011634893069172363
-0.0070734752502890595
0.0003623621563819006
0.05125760396721115
0.026569680813279886
0.02645958030365348
-0.021980093559630907
-0.012115673339647666
-0.0015963902183810115
0.0281266015104336
-0.018380507303972074
0.03020702802023748
0.016374218699282926
-0.019422442511969246
-0.015839435992311017
-0.020472999119361728
0.039927996253091576
0.027295916590188617
0.013731480213005897
0.01725841578096078
0.027125510826080446
-0.013162257868203074
0.011987552033626376
-0.01912541317973234
0.018477425049330403
-0.002612644357489455
-0.009098597161126544
0.0018242237296844752
-0.06084400337120822
0.0002292314248748048
-0.008806616247727021
-0.00641656206602105
-0.03991949394030284
-0.0212564084388357
-0.021836717419997233
0.025172052501820107
-0.0497957411188746
0.02629183396508219
-0.05309634167656395
0.028614065589630176
-0.00960196813876779
-0.03344178916261924
0.018422487697694317
0.008095472435678172
0.04811270737828523
-0.041041878081466386
0.017134329740326568
-0.021243308740551223
0.02130578466607358
-0.003261266504683066
-0.035837564360365705
0.015572793607316431
0.02935469887625763
0.04604554314742036
-0.02624333523571788
-0.008579255136501889
0.017474729820339603
0.0012357944890806487
0.019046003585122016
0.004744066540707051
-0.006011876088525004
0.01895929766021419
-0.06310126793473582
0.024251082849238305
-0.017456083395250337
-0.02319721313407509
-0.012107074556255534
-0.03831790715642698
5.702771419788737e-05
0.016337581888937105
-0.00456943700478756
0.007721241259329779
0.0021272308546096378
-0.0341344742968449
-0.01869013205591992
-0.050221725243034906
-0.014025864373693468
-0.05674376498213979
0.00521591457864412
0.023190058831063644
-0.02135855886362206
-0.038342735183978675
0.008675647127072965
0.005594791016290088
0.06748138302608458
0.034240299753409725
0.011353475327745022
0.0009619130979913304
0.03007615321732624
0.02800624660405647
0.0018376846692233217
0.0050921452738686805
0.05892657216655643
-0.02974449751463812
0.01980449343283143
-0.019746844090986773
0.019938393471738963
0.045150512505653724
0.010425972271326184
0.019371403359718452
0.00484602438911152
-0.002183857281113292
-0.05023032595484237
0.028915817560918468
-0.03416007920286307
-0.012511035974593075
0.011056673705408884
-0.024805278643548263
-0.00740193656621636
-0.015735442041448264
0.010128292393895278
-0.01762184971719696
-0.01394137634840828
0.01357366453178499
-0.024579849848806967
0.01967513345011074
-0.034383425786880785
0.021092556171085585
0.03410353699042931
0.005672303772413614
0.03837017908596705
-0.021282575010559423
-0.008352615449803277
0.0009991846692898336
-0.01190776451496362
0.009001427365004734
-0.03583727633280555
0.009788441551503192
-0.010675243558462331
0.024688604311130288
0.030063977814683222
-0.03628659882796305
-0.014223375303589279
-0.047928389243659796
0.0134826543866781
0.028658192864409533
-0.002768674382994607
-0.06343372358094237
0.036606794900052544
-0.01358970094659026
-0.0355686911369896
-0.04330172722748631
-0.03170397273555142
-0.007345787316348842
0.019300104158359872
0.010583365971047047
-0.020305971873091654
-0.014324235937937954
0.026686244968556812
0.008182035331052844
0.01764408663976332
-0.00492496848940429
0.01745650727405869
-0.010857391204993573
0.022753878114447713
0.021945882672873573
-0.015471504901066637
0.013962248379143286
-0.01397888865968268
-0.008851656718039084
-0.010777582574122348
-0.038835026229590404
0.033827293078706584
-0.019950144155304043
-0.057710729603275765
-0.0064970794733329755
-0.03015094384611701
-0.022914793654782453
0.013926798291033235
-0.005355066265960104
-0.02148986216416476
0.03426637422465099
-0.011881934505715126
0.0021169815297339936
-0.04367910018244471
-0.00447983471822352
0.04576009938137665
0.024295975159752136
0.027572602248145377
0.022664701297336522
-0.03819678639694734
0.012508762712901024
-0.021775253939292773
0.06998626380017371
0.02696564704877302
-0.021968892802777727
-0.03443087772761906
0.010334653290531329
-0.030872741106171633
-0.04733574311450933
-0.03207992382539904
0.028988247834523855
0.0443069187027742
0.032379060174960485
0.009361172537065296
0.006043497539720229
0.040392276902931706
-0.03321782172673787
0.059695058478617155
0.02223691422328146
-0.02261702070968582
-0.03766149103643704
-0.031140362508551754
0.02434941529967906
0.04436907647677581
0.04020709535027416
0.024760670522264293
0.03479175539043611
0.031492117487360735
0.021515301033239013
-0.02052014156042842
-0.033953044304933455
0.02327166393715344
-0.030196138551566158
-0.007580038876317268
0.004212196969202742
0.02365146930513001
0.027712326849829674
-0.03634904360188814
-0.06511416239520865
-0.01307608160425604
0.016906358563279017
0.0011098877510090576
0.00096960092596819
0.04896330450250116
-0.01776742220695094
-0.04436192530224579
0.017683786179995095
0.01059979261700319
0.01392698884748426
0.031201163815271677
0.07611959271902528
-0.023293386484137125
-0.05038374954242153
0.04178843180355751
0.004501967148131991
-0.021487274638369875
-0.016424707694759594
-0.036908223709867335
-0.013426654368907847
0.0035333329874696435
0.018724806068039966
-0.04279137725128984
-0.018321758216696758
0.0551212860504359
0.032666916118637486
0.06537966542224785
-0.02537992056052626
0.009643035335612584
0.0032000517351423907
0.008067955474155883
0.00039746172436151526
-0.00331760153578597
0.0032576938437448005
0.02090169608095
-0.018589102477676745
0.02574952020863127
0.007082738524288162
-0.07031287491097928
0.014746157504267826
-0.004348323110181262
0.021575640973108018
0.06595325101018194
0.0018603070866246897
0.016782984253234292
0.02020261316632983
0.02549400083334476
0.05125384130670737
0.019747071887625964
-0.013133719471501352
-0.07227615985498943
-0.0031295144212383067
-0.0034696962872834245
-0.030631195457008816
0.03670797915344745
0.026737533080561798
-0.026671548656946265
-0.010530155231561367
0.02472704700934018
-0.06182307028355063
-0.008328523988807441
-0.05433033190022229
0.03679343834402072
-0.023847862396013792
-0.006806721489330229
0.059954512709710236
0.007318034781600563
-0.06052352967642537
0.02163825146759049
0.040421473794951306
0.013812727202313187
-0.02093559225203896
-0.009512905405783817
-0.0071437549452315246
0.050233764667729365
0.04075985267097152
0.006813895356930273
0.004240831866801596
0.004296495888270949
0.001746718946113717
0.01979910664318057
0.00951366713840865
0.054051180427639456
0.02187902179372555
0.018629655231649216
0.010991218358080533
0.008949716383516937
-0.01143414975583193
-0.005583284277955453
-0.010653064049193677
-0.010541843732476842
-0.017712767953263073
-0.011354520033332769
0.029088023187069587
0.03634784136125917
0.03573710431643648
-0.014937113158316149
0.03176157295056005
-0.03712567619923478
0.01024102652221821
-0.016442437965149645
-0.006713242284930629
-0.0003128487947218487
0.018001724602542492
0.07888976036493017
-0.03692188772126739
0.008319298616047719
-0.000967066334713562
-0.03195825628364637
0.002452771026590661
-0.006180638368410514
0.007354572879075778
0.06812597425590254
0.04067350117415201
0.014306810014067922
0.021177556153800715
0.008599499981601358
-0.01026809711345166
0.04667110004150724
0.020153330670675096
-0.013050602432227717
0.01930623404741441
-0.00923423731507352
-0.05128024328680844
0.01707311682234036
0.015055535752766936
-0.02455995916813784
-0.006578055677676237
0.03988981787092801
-0.008502292142746956
-0.05952050061674453
0.0502864644308711
0.017671470233162297
0.04145288209692281
-0.013603315046314925
0.04465113184429998
0.0232728832954351
-0.03798947772730682
-0.05702044727113984
0.021862762817831727
-0.02018921814550897
-0.044111386617525006
-0.007581508398474797
0.0012263031784690544
0.05150791524213055
-0.06030456254342853
-0.007142258923739063
0.017439915844021846
-0.0016555340631781445
0.004031642112448685
-0.0012713960098512016
-0.004569756716506108
-0.04757316598483828
0.0030587058896636068
-0.009207661106461072
0.015413632636284367
-0.002747512492538702
-0.06832821331117092
0.025186943002031472
-0.023570614417393037
0.022697044538540708
0.001261183463163177
-0.05449538231583345
-0.05759679414586159
-0.0057877832250754786
0.025666203903835668
0.011859756799563815
0.035623840801961806
0.0027628664992877332
-0.02638597034301288
0.005599688508612731
0.02355421884994505
-0.00366236592077274
0.04672152352416261
-0.006846321703330099
-0.016007528867177257
0.038218885717535823
-0.020981174920975013
0.006234692316439953
-0.02436501539146239
-0.03972692453944236
-0.0007074755523302021
-4.045568999949271e-05
0.05305442338029186
0.06801951204680455
-0.030552659615919946
0.008610600944644508
-0.015217875786565763
-0.028504977870921804
-0.013515677205994956
-0.024208466501889056
0.016072727438926092
-0.008897436472077429
-0.008072540551689225
-0.010768931533257666
0.04770780577627898
-0.022530131435408617
0.019549371445680953
-0.045381420392279305
-0.016688570599717074
-0.0037225449280774473
0.029324005098694445
0.010578650537806057
-0.041072151067016505
-0.030602472398043343
-0.07414089144488582
0.07753683633478514
-0.019327976891328293
-0.007248437717287352
0.052264802977799334
0.015421551127690508
0.012174101469013014
0.021839070374810903
-0.007407311727621377
-0.03422397547877003
-0.04044308868569985
0.005596897580687942
0.01385026081506392
0.03746598405741993
-0.023377879058797398
0.014063971055211915
-0.00998289472362805
-0.0022711119299649463
-0.0003520899209415406
-0.04513163687889368
-0.017760253056862046
0.014278196809917328
-0.0175360550763752
-0.052009578397822546
-0.003096378445089107
-0.017600538697846006
0.019240715762792654
0.014766161706126005
-0.006063119888250896
0.045335743541829274
0.009197457344694638
-0.016080065609176002
-0.005497684394974923
-0.05295562113396756
-0.009900004271489456
-0.025018436468609292
0.036032120060856515
0.011823136105148091
-0.0014669516908559247
