-0.009544428171316632
-0.06193425906141963
-0.020784973589220716
0.03614834315108182
-0.030998303475991498
0.04744727566994907
0.05963047725294403
-0.005367023770647501
0.017891030120804036
0.001706730497272366
-0.022768170994615155
-0.017626263585019418
-0.0008250172060071379
-0.021592060588655274
0.027027010501618137
-0.0512693830319734
-0.027047738760666285
0.0033261848787483955
0.04861634323130453
-0.005222232047288086
0.05964984320794269
0.0170815201701109
-0.02219058443690545
0.0059344013316600785
0.0066496519923563745
0.0033702168884150994
-0.0038194114428554645
0.027398133568382
-0.006323612005167386
0.017873791063630046
0.015530954749228418
-0.017155982115826633
0.014684862932667329
0.0018413879533820672
0.0054985626462704905
0.025744106615003336
-0.03460432569949597
0.02971223259350283
-0.019905883606665314
-0.008332014504930483
-0.0041360214194223295
-0.004643996117274655
0.049017317584559766
0.059535350740719035
0.004439237537626341
0.052607284621417616
-0.032640667983292675
0.00827454302169021
-0.001283175401367936
0.025294489666335646
-0.013809958585715031
-0.01260771860946883
5.082702754992293e-05
0.007123220609147206
-0.023543264745809655
0.004626411136378218
-0.03238483897046517
0.008989974059664878
-0.02519632060155543
0.013429438016343663
0.0344718693756238
-0.020124994659706172
-0.05830449375443345
-0.04412464920467937
-0.010780483259028717
-0.05057934470934067
0.050119450003704775
0.007957221263575483
0.0002928088337959558
0.012091038605937288
0.026693149218169506
-0.008870329299585809
0.003530140724823942
0.012381150479960025
-0.004004429965972397
0.023219391463698308
-0.016684621253617103
-0.0015893529729085736
0.00348333536392046
-0.007073499086131219
0.001551093114952497
0.010306041884126402
-0.04590760090662648
0.008246618037054268
-0.006140203257499513
0.049125310443570394
-0.027409939150015616
0.047840261769166816
-0.015680450362641648
-0.07821208858338376
-0.03172927121819821
-0.025037370772968227
0.04109624974176966
0.00847213866175019
0.009944517289636285
0.045892533520488825
0.023649536182865995
-0.05798062417709221
0.010318098202502606
-0.011864277740054318
0.023049261816397597
-0.03055360264182078
0.027540064541048695
0.021626634978354105
0.030769197205380662
0.020153348246124244
-0.003922063942982505
0.035231508830391216
0.025529317917736008
-0.061869668859751016
0.02374671537365926
-0.004367270434786457
-0.017062988736405885
-0.02759138441577442
0.019805734436224645
0.00246346875033351
-0.012544639483741984
-0.08462186027011487
-0.021344345332807914
-0.004562923724057159
0.0045883105491927945
-0.009556178016566236
-0.0056726188728493075
-0.01848822296909712
0.02757811715788864
-0.024693908013494418
-0.02346725996706799
0.022727602518191288
0.0065387863178315245
0.008050740972187949
0.0355399645959381
-0.013151472084832418
0.032605031867513776
-0.02805984661611094
-0.02979851817246425
0.011612042120960873
0.02092328250799116
-0.0036897255245481172
0.03782015697700027
-0.0078046754517284225
-0.01141430318213822
0.002131618082783712
-0.0018663638107525914
0.03122456749022518
0.004007298121915963
0.011178257461026145
-0.0030308084677167085
0.04085200914065443
-0.018529505307952096
-0.06581801101042362
0.0233683998750917
0.008107577531454418
0.006450974637268813
0.044823977021346856
-0.022379375537998313
-0.0038863099227826677
-0.008548179344893441
0.008826196258175533
0.027483720042403587
0.033928270606754275
-0.030415514927742655
0.004073248239529976
0.09876371815644984
-0.01850594450057415
0.03540430334652076
-0.06605216361593785
-0.01854507670615224
-0.0016738853142580002
-0.021185078627400933
0.0006366863660036099
0.03127739580516856
0.025285717471872304
0.006094350530977212
0.012452702445142922
0.025456299304835825
0.013129327660230177
0.042097019109407656
-0.028380053122128508
0.04468495133434536
-0.025804205725847223
0.02618735919290359
-0.01901631802619251
-0.01567423623287397
-0.032541074294318496
-0.049753465527092415
-0.05355158936238499
0.024527987146506853
0.012370495529932104
0.04023068685761212
0.0418795542264274
0.021746899619612944
-0.0679920447494871
0.022947327165427314
-0.01477849732633767
0.013030085715715454
-0.023390721233461857
0.015882299628510014
0.006389069708597322
-0.005820716371332366
-0.005460845055302591
0.02706838853482237
-0.009480746770894787
-0.010895332215997455
-0.003530600678490363
0.004501114020607899
0.025755864116838997
-0.021435755822814807
0.029362916023085654
-0.014679884400889638
0.0060648781350274026
-0.012980449191252677
-0.025691625645692596
0.031524639646464514
-0.013171089419000644
-0.015075012469160763
0.03066040057690791
-0.05212968768090374
-0.051343553820562
-0.022391364029772032
-0.009023738034512445
0.03164042446414849
-0.003689189500957553
-0.01573927645289196
-0.014250603816822568
0.03416836873521065
0.007975163074613304
-0.003535462138260586
-0.050499522041539464
-0.024908549755185163
0.023225892870948388
0.008988520532515273
-0.032791520088810415
-0.011737944103202162
-0.028522850928770088
0.023037623103689373
-0.020743090810041366
-0.013334446405292785
0.02844033203082033
-0.0012611457691219185
-0.035786242274505095
0.0028609520187259747
0.005249159678476661
-0.0056853269094428345
-0.01483341392795999
-0.06920516170951217
-0.0016823612894609444
-0.013240545749426841
-0.03240665614464723
-0.006716006367074928
-0.0016040390970119423
0.0011937885121522573
-0.0020266707964099874
-0.010769573590219308
-0.007640478111006201
0.038306193130917265
0.0203068309868597
-0.045385760998185525
0.013000590493219964
-0.00044354238089691633
0.039053753935114274
-0.0035137990860472264
0.03686967978035819
0.01511396230533866
-0.051490166557195176
0.016249938131365337
0.01932386744096554
0.008318784934287293
-0.010344435973766162
-0.09211950758287923
-0.03966526509201843
0.060796079286471745
-0.0080539758659132
0.005987598867713547
-0.031785266810477136
0.02706414134763131
0.0038484762490600304
0.002707548935669773
-0.045061714617130766
-0.06038571004294231
0.027740277646037502
0.00692397374581147
-0.010325481004478904
0.024480796114523654
-0.03377067296196509
0.007304761295333951
0.02094915131189523
0.007793182937671381
0.012279611775077515
0.017265881485209047
0.022096529552229693
-0.024779906336149283
-0.013083815174784713
-0.007533219657452847
-0.026690185502912814
-0.07771926624999641
-0.015077250223902265
0.0005056545166640107
-0.043119475722308814
-0.025015709256921884
-0.05935095140706725
0.005227779462506919
0.02311370283201884
0.008665576205460915
0.026290430892154878
-0.037637923233345645
0.0060346199215773385
0.03474693026929701
0.044732734715596106
0.0004068514306644746
-0.0013336911196818457
0.03217213696206587
0.003840511464746071
0.020036845933172447
0.04526278627753574
0.01269424142900458
-0.010268215304384804
-0.002318310422455028
0.017648388519113482
-0.010888973850558292
-0.02445745754507846
-0.006529338201859858
-0.08421759459438789
-0.01122194475404776
-0.056664405516428894
0.009557436261829477
-0.026724450201782598
-0.02106231615996552
-0.021568863396630573
0.03725039635550525
-0.01172831512835007
0.02101014384120446
-0.008603437990651311
-0.01131589589499224
0.005471434299492065
0.001180363219507709
-0.03135296227994163
0.004143288667787482
0.027031429159225157
-0.054624944968073526
0.0009544899359957649
-0.006245619573342111
-0.02112149660577987
0.010722165806514533
0.004858691947376376
-0.0026275892481146357
0.007425548963630826
0.008436142527473184
-0.037050351846190224
0.01436805326827695
-0.05258119686815466
-0.029491198770940412
-0.04867368650486656
-0.047119812571205906
-0.05205245686956111
-0.020652543989766108
0.02197636921836828
0.03390437169797541
0.004818924058471179
-0.02446058134960894
-0.01063021137821161
-0.026986747051220714
-0.011309970564719676
-0.04172367649651148
-0.02543754268577085
0.03141602325897176
-0.058855099533312465
-0.009187772270606688
0.02886207175117592
0.011475066941611418
-0.016458832528459717
0.0035377442716622636
0.007381797701961805
0.023460872420620938
0.016911134516737408
0.005461142922345737
-0.030647796537062007
-0.044691455899892193
-0.051476251541119
0.031308423239750034
0.033723546646606845
-0.0010710867701242998
0.026771110535346008
-0.020706236176880437
0.00921900339706827
-0.014122281460665772
-0.022582896198947117
-0.03212449935764649
0.008458918299887496
-0.00018833784101126408
-0.01660042396023229
-0.0011415683468156768
-0.020389554600139137
-0.03225279026919088
0.054732090782290785
0.06543817155501465
-0.05462149602458177
0.029947421968680627
-0.00280680318431011
-0.03577356080555565
-0.009773318320254342
-0.06715020617912663
0.002383202765948267
-0.03720190394812789
-0.001403197427941755
-0.014447700225510908
-0.052095740653020556
-0.007314878077658167
-0.02502670142203274
-2.560396855754679e-05
0.025531955503450856
-0.0037137201511946195
0.023222367515717466
-0.014525533559381633
-0.02817760591764706
0.008903405504264498
0.03659243907821157
0.013911995594052892
0.05951808988791331
-0.00866730587341681
-0.047869438712081915
0.008612265794118291
0.0010375965464007784
0.004168744630941473
-0.0030982817473965887
-0.0037340265978809983
-0.02078818475994859
0.013838899543937492
-0.04513373584282029
0.020789874354125458
-0.009106075661966502
-0.05299007694151324
-0.013228079483383861
0.01122662337631483
-0.006979955616889791
-0.014842482071374286
0.04770950012965026
0.03882779510340328
-0.003546029982577784
-0.02446839946774824
-0.021846016349504244
-0.0260673488264471
-0.04895901315613426
-0.01737685124166448
0.005673475143018955
-0.02645789549527286
-0.008187203998598857
0.021755547623764047
0.03438965691110699
0.004010272560925573
0.043319807607798994
0.018706402073133236
0.017162620082096965
0.06251677874093019
-0.020280846584822435
0.015924742083078855
-0.018963333228759705
-0.01631728928596963
-0.0324160199392878
0.052283279288088035
0.02846456049686833
0.04085519443014156
-0.023130384550640697
-0.038597819937221715
0.049120652272007057
-0.015963884576633603
0.014680481721390764
0.04430238505013498
-0.03582072535829491
0.013700440638519915
-0.046458249835518856
0.0004110199097225185
-0.062423725213487734
0.0002697796785928249
-0.02762092595284142
-0.015858494277378166
0.0022271858803177315
0.05340089977624323
-0.014810595932564405
-0.010336208898854497
-0.023165085857220696
-0.009579048330574833
0.005870862084269536
-0.0063936129343372
-0.013238745418850431
-0.04827360511113339
-0.006389567792051516
0.059737871246879806
-0.013591608789554486
-0.02463810586687137
0.06406524375861539
0.08652942137593306
0.04818415198023627
0.02234926267562741
0.03615192275844153
0.01481165976583816
0.013409170599208084
-0.015604553161852242
-0.009546839079687335
0.042224372404511025
0.027557140866421467
0.011335200559495051
0.0277113635172411
-0.01749178989906692
0.0050582989618052545
0.02265508681902153
-0.01527130294023978
0.045375687443994554
0.03077898538267629
-0.017028628824769385
0.038635490150654005
0.004290998293689137
-0.020675664734841715
-0.016696938633543934
-0.017473145801018553
0.03833663251011146
0.0019908363362994906
0.038660998058557265
-0.032636522335998466
-0.00048666180087218654
-0.002831810444228458
0.007496567725430959
0.00089532277022388
-0.02964467854945323
0.02479217787329144
-0.01798407794897445
0.03673059776974351
0.0006935591358635357
-0.024602705287553178
-0.01301902880800337
-0.036919970376840826
-0.013201922924945542
0.010353297643695105
-0.008733666624769338
0.0030488944212207127
-0.00364260947119458
0.013737720092593731
0.0102770812467295
-0.03883318518171655
-0.013237427781530519
0.011801952695989227
-0.05915419670842855
-0.020437936620478596
-0.018535242792358287
0.029777380885807912
-0.0342588322650447
-0.055868265710889924
-0.004022135147340223
0.007311811194489438
-0.03698809370354552
-0.03706378438680471
0.00467305842382721
-0.03997963301422953
0.05191469807961594
-0.07183443431083282
0.00020085585573296073
-0.001867753724447038
-0.008967958769649752
0.0038923176086196405
-0.0284959924186176
0.029726537363930487
-0.06115348607825955
0.02119215104297885
0.032020612400846554
-0.004526443941053246
-0.0018874698727878339
-0.023777897382558467
-0.03368939911747464
-0.01754523288813737
0.053432785768211234
-0.01342175866548726
0.050919653639659314
0.0035102636967082337
-0.011445174301524192
-0.020038866185483367
-0.021373432378848516
0.06409288925828605
-0.006976027452734434
0.01986375307556479
0.030655084394497423
-0.008688505034667277
-0.04000508280957098
0.02288727243330893
0.014845915573891661
-0.006951479524745658
-0.03174719742117515
-0.002847304393522585
-0.024527179511231907
-0.02268188522203999
-0.012468306131188074
0.016959702988079643
-0.00997467593334531
-0.014199364397809599
-0.06076288209226664
0.019109349381764063
0.01389403599073638
0.0642766890536798
-0.018426687007706995
0.009116242402524939
-0.01605484213383883
0.012804376207474663
0.024112185580465524
0.013202148945215077
-0.061603634705943676
-0.013301265312296804
0.013498908043271885
-0.03538904920170149
-0.010335583958399593
-0.008882716379757826
-0.010190911811528662
-0.0026129399723037426
0.05288489123270155
-0.018629249075648675
-0.014499547526422166
0.009010611828317179
-0.02313319915261878
-0.052622710885032654
0.01214778961113964
-0.04522674446402911
-0.0031335930552522403
0.01824066518665935
-0.015866150593
0.03293388023721133
0.03602608423143327
-0.0709254871762812
-0.00945035186753157
0.0018726041411339814
0.038304606248074836
-0.0015912360754296287
0.01922933627647641
-0.023851385976720985
-0.0034123169766884028
-0.009775595763803723
0.004067096366493041
-0.005836725353661189
-0.013493470986318305
-0.0028604938923286172
0.02499217613981326
-0.05014900867802015
-0.038786551904041476
-0.07342481241002538
-0.007168127329352885
0.019194714244429412
0.022406241535897303
-0.023922931767901168
0.029049262462368743
-0.011318890482510108
0.0003924352128209319
-0.022584275956824978
0.0342211998841338
-0.022931787513345722
0.04650333096938911
-0.02499190887519882
0.016516264861982776
0.017967601348401717
0.020209283590623017
0.004835130591682394
0.035593001060297
0.015385285532812001
-0.03868675018338996
-0.032634568549434646
-0.013689806818938085
0.004903013123713641
0.013974562714123647
0.013564483069955727
0.02178167281808613
0.005946104824787225
-0.021742123861889753
-0.014356547590906368
0.03643166461508422
-0.02338270142347074
0.02034020267609875
-0.011005066390249018
0.01897674219720978
0.006452179423858841
0.027226610190935842
0.0036071917672471166
0.010051281675894417
-0.004715780840519393
0.03348719467648415
-0.01996919132921178
0.03752031447085887
0.024124196084552546
0.014501525399304348
0.009840281360853733
0.04327425118534426
-0.007478435586762592
-0.008492132932032083
0.02360448201596494
0.013512726169942332
-0.024271325143489984
0.012087939479156432
0.021545607954776433
-0.015778453579261012
0.0423517734950111
-0.02662103680844475
-0.00864922129259134
0.0029145825570550655
-0.028965163166383937
-0.002922840830554144
0.035845697671084295
-0.013402116704088167
0.046108857289336294
-0.040074865766635145
-0.056057586641342534
-0.03659062433623826
0.019031894584508317
-0.030174845770538937
0.029006038995936262
-0.0012833505672506305
-0.015042224122749056
0.036370750200431325
0.00714145251540557
0.04592103569030346
0.001874989703746146
0.024286974384696836
-0.004084412068183656
0.025415891880781322
0.05307415663642317
-0.027057468773403294
0.018356701195890078
0.01508642206617339
-0.008014204810121198
-0.01583942551903892
-0.0012114971171357798
0.04139779061044031
0.0012004428783891942
0.047896824050091026
0.057583400630608454
-0.05104306448534023
-0.03959039775742595
-0.0538555677252333
-0.009381290480970255
-0.015119235022206372
-0.002351388302868486
0.013682588348567165
-0.00312654419312872
0.01880060569891433
0.014509535710256776
0.017127483283246113
0.04445168523266456
0.0036712990061102783
0.09220460396200887
0.01916755286929532
-0.01859930661792053
0.005354898644124874
-0.00971114489153754
0.02526217446014755
0.008360007597504968
-0.058755630141427914
-0.03691867306591284
-0.030287131157791858
0.015346558845546879
-0.003957681454751491
0.005162270770620401
0.04872029143339299
-0.010938607407675435
-0.012368301440607379
-0.0024883127007640916
0.012685878267000534
-0.03309332712274616
-0.036079753725031964
0.0808339174583042
0.017062634189702504
0.017548229019105827
0.01828523188281577
0.031907533157787465
0.015787966046171664
0.039981926137531265
-0.011771152129504373
0.02558555878499336
-0.04509131607301569
-0.007248256266239295
0.0075748946192148925
-0.04121797543631435
0.031508301920848976
-0.021598307064800235
0.022760381509775142
-0.04645795719121595
-0.0455237730691671
-0.03060147485021885
-0.013046924290132812
-0.020895903973277053
0.0018323976863635527
0.024245736636443724
0.025119581460342863
0.06742978312662473
0.025986308687471617
-0.0139844388885732
-0.0034310096165585933
0.043468546373660835
-0.00543619592869716
-0.020513007251700608
0.021911301890776735
0.019756008171762058
0.028980267323927212
-0.008717936064007475
0.017243143726248845
-0.01698228097225698
-0.03194075060031416
-0.005650339567652747
0.05052053679615516
-0.002642905121854089
-0.059104563441942384
-0.047944322752363974
-0.012464563618579928
0.034359446804410894
0.01451987569436714
-0.00760464655011799
-0.019005566874191387
0.0007029147212067697
-0.00576390381444859
-0.04074101363720035
-0.039424062795091024
0.02247128535404009
-0.01644410771652744
0.004329579897639599
-0.02774741631764925
-0.0015439753447511922
0.01054518260471971
-0.0052458072525562215
0.0009674266486602299
0.02344081111033676
-0.008432332684248641
-0.026676547757896723
0.07589900485799037
-0.03103259543187759
0.0491740765864144
0.01246586947442924
0.02749676374578195
0.0015888412495654223
0.020415652926370147
-0.01002834276278992
-0.020295683377363597
-0.018366822467649733
0.02302997284052941
0.013985672548029838
-0.01377897532067786
0.011414793261773235
-0.0030539936376789974
-0.0179472991184911
-0.013014306598517449
0.0014213078401848567
-0.007286061287714351
-0.010765042952945041
0.0436038560390373
-0.018092561262425658
-0.05659265365977382
-0.0016872619032971123
-0.0074317114215108546
0.04692704585100782
0.003094565036964879
-0.0016579385285177479
0.019992087408592183
0.020754149027670983
-0.006329310886253523
0.040513874189524124
-0.005581944753335769
-0.07273945205260707
0.010497728366137146
-0.05270551431654295
-0.013258330462933862
-0.08874728155849368
-0.009224224462914536
0.04508440018131186
0.05023997465417414
0.012215493795529357
0.022686593114794526
0.020790542347495763
-0.01648862624193764
0.00502548538573306
0.012457037663052183
-0.021191144934544322
-0.012745218887274631
0.024768802302534625
0.04070138540001697
0.003382435409638547
-0.023285866890466942
0.029590449649818096
0.009012643257105485
-0.009214154075762216
-0.00851151823934843
0.06088139812548099
0.023132501203501087
-0.006697012799643211
0.018781288872417163
0.024595065149925478
-0.0192690930435737
0.015205716410450324
0.03380940628373133
0.013588534558670347
0.02403895820715766
0.006719686243798715
-0.004690661724361998
0.017354032451905952
0.01826680256260158
-0.0035914763437720496
0.007828826419119618
-0.03042416253172862
-0.04194425746059282
-0.018025155107678506
0.022153264877695027
0.02595306219337167
0.05990892697803809
-0.006446676894968641
0.04295284284377217
-0.02419527474636616
-0.04968086953447384
-0.0030621738423713307
-0.01113350627373517
-0.029054589568231533
-0.007451878061176176
0.006710713909652999
0.04581039132488652
0.040356669852740064
-0.005625241644383703
-0.011702898104141629
-0.08569910645742054
-0.0055591852207648
0.0034169478367826163
0.0020973426387983825
-0.030125353345485467
0.03772225630481756
0.03315274830589592
0.03472182344557796
-0.008771459889081453
-0.05354502065208452
-0.012106673128475996
-0.011334762324407513
-0.008336558872017492
0.04514212335684659
-0.03109103115999785
-0.053427438667492874
-0.006405264945642812
-0.0016184523908996326
0.0313212890673
0.021758859569051475
-0.01410143767667054
-0.004626189277151899
-0.003344349482882501
0.02650682865510677
-0.001639966711370449
0.009017122444128283
0.014537802437717457
-0.05807993526015606
-0.031379666726923945
-0.034748164000422535
0.018011138769093257
-0.0012336672482677292
0.005613320822003653
-0.010273573624909852
-0.014186846422267493
-0.05450866345747924
0.004264962698192092
-0.03529577972205358
-0.022940530302363593
-0.01162141233810311
-0.043700083371578165
0.03153236723272096
-0.01734174189069745
-0.008154367106771076
0.016580842112463225
-0.0020914095920915063
0.0025705436229141263
-0.013338622402177409
0.0679817574688839
0.029682643785796645
0.03126341563311063
0.057060026321964025
0.0335074389584523
-0.022792402525203103
-0.0022898673015909797
-0.0026614408012043725
-0.014932901883878823
-0.02123175541513858
-0.03987449654324058
0.057353060055363767
-0.03467096275079089
-0.0013121196308279696
-0.022297476309857792
0.03573070498325415
-0.004939760430086229
-0.003310640599084099
0.005219122139113885
-0.05785744360623843
0.00019526404530970874
-0.022359909967112304
-0.00762772735412434
-0.013905808868662828
-0.000584148771558049
-0.009694327941395487
-0.03266205350454961
0.005829113730737623
0.03796078910642521
-0.014945544980295836
0.01863490791776331
0.011548164418989258
-0.03978187642556824
0.013389093641737277
0.007798913492964872
-0.06320251478471352
-0.003431566817784484
0.04162153782586011
-0.05304704500913339
0.012431622787219718
-0.00184515028034821
-0.01184637356636743
0.022382067250632246
-0.01739109183773642
-0.04457985973237218
-0.06419353695876359
-0.02218685776529096
-0.01530553210112749
-0.00010786494886176215
0.009824090390736862
0.027355478741312063
0.03005288925526051
0.03925697351059604
-0.01064398536367171
-0.0026781213180181924
-0.02520627698244356
-0.010126347752071154
-0.027680948279452017
0.00088382106076371
-0.034224455587347144
0.02032000183059124
0.011083829436188172
0.028676580190525266
-0.0071726064024788825
0.029916980282032112
0.04978403483387615
0.0027000582529375606
0.004449641118799312
-0.014751558005479191
0.04628055098475144
-0.0321159837547169
0.030790273102070793
-0.029679882580886847
-0.001023961255324739
-0.021954085471543528
0.0070255048044905125
0.0181315127581687
-0.025784864901108304
-0.01233415206299784
-0.04746932488538728
-0.031068834640820556
-0.002252753849060297
0.024437936151037096
-0.0017695790769466373
-0.010083824392327306
-0.009929817145525446
-0.014868473855083362
-0.0016710409347625908
0.019443664844331073
-0.0014292186292299955
-0.0009951155138734494
-0.026494647452772864
0.009039162729933596
0.022244143418546507
0.010935157724424934
0.043732165415665186
-0.017959095464113246
-0.0016569316795460288
0.006527713162084444
-0.023137925548930436
0.015419656911817672
-0.005631775598958
0.07058088379967756
0.04763484011965873
-0.002590516809533336
0.01366109691899341
-0.019808385757432337
0.025135639954036424
-0.00033658489317602643
-0.008232394455891535
0.03674986796766695
0.023671607747184242
-0.008605501940248755
0.02502498951691524
0.04430452041114717
-0.021100062215353193
-0.008844488764854623
0.03355508007359864
-0.02862005272723533
0.014694634331486546
0.03251102588706016
0.011868873089782959
0.003806439523539051
0.007175063181688551
0.014254107970104773
0.02581255003775866
0.040223632676342144
0.002900105096499088
0.006957895919204898
0.0072924852586131374
0.03169940830602069
-0.009905795476633046
0.021589407649495823
0.0610778146333886
0.0174885117749457
0.0717080478911309
0.006946767117557681
-0.034612483380844605
-0.0029054185165621354
0.017816525554837176
-0.012487392502286669
0.021461605236777825
0.009888952389685467
0.02802117221914202
-0.031225735227362408
-0.04795183594924927
0.010377942317168012
0.02423084481574093
-0.12397860537519853
-0.0037587229592584226
-0.025222375629947988
-0.011892136707548058
-0.025745429759966586
0.012634246885010678
0.015021689624185854
-0.015559637927651583
-0.03217621894203439
0.00803174616495502
0.0428356709667688
0.01839869924347624
-0.026299511697162457
-0.0016043926561646724
0.03742005518285433
-0.01743855239789368
0.020169142970006222
0.02316860907471495
0.0767077575043666
0.040368169348305706
0.02231880156418357
0.023916281473200705
0.006506350531015139
-0.013817996333907118
0.0005836396177327304
-0.026389987682577814
0.012600569420643058
0.00819758526559036
-0.045005546262688406
-0.025985198742664938
0.024505139180612152
0.022474156890613384
0.050187016986727354
0.0055001475469416
0.012659732541599172
0.007431735243836713
0.006161379259174814
0.028089796709289117
-0.05212927469553562
0.0690546544716373
0.016155554301350027
0.022333767948492296
0.03094751138896801
-0.0166601858409288
0.006578868440283553
-0.06279806097077895
0.00962235798921366
0.0067058658630712266
0.02519751688972555
0.06314770160490757
-0.03653219730323557
-0.0007893536570761436
0.008919121254304154
0.0568030723004763
-0.0015074557982373885
0.0339209092091749
-0.011208412848868171
0.02738450033700537
-0.03606398021710249
0.018471282683454035
-0.006983047554531946
0.02154828833516287
0.03125353325508139
0.016142894270851995
0.02038894138336101
-0.01915725635383732
0.035618289309973676
-0.011670538600560379
0.03643261026699839
-0.005016970430469856
-0.0072638696136663305
-0.06893433488181683
0.028331250040214306
0.008275030881722016
0.043782253153872526
0.03453732220958859
0.015134054915539015
0.02389692143313749
-0.026426869214442532
-0.003267656885925053
-0.014719681145851293
-0.013384851430431995
0.07633095999482038
-0.014792181718214921
-0.019486841364268096
-0.004175037603336862
0.03770157381751082
-0.03246811091588067
0.023372732945432635
-0.0126184163370767
0.040945130102547196
0.0008332467410166446
