-0.013125865730953262
-0.01962996897181752
-0.04425292470158138
-0.03175749326840633
-0.001059514858853897
0.016911920613739598
0.040601003546738075
-0.0236655917868703
0.021044770471575876
-0.040071790621164095
-0.0484151262000842
-0.033904328120328724
-0.021842450189751787
0.01816094046891531
0.023621963663644753
0.043127323352639295
-0.04433537852029327
-0.00204324491144189
-0.011208511756338706
0.03424925759892483
0.03687664372677597
-0.019130880595942944
-0.009098691992694134
0.03267770027475363
-0.027251979467232953
0.0004499732836939456
-0.004653307381595524
0.01039556026573306
0.04993717357296818
-0.006781930163333002
0.0018329967139756288
0.027713265975487948
-0.010809803300895645
-0.016624361641657696
0.04329003263029381
-0.013412975381491245
-0.00927931210280742
0.021413216733441605
-0.01565759267093823
0.03160571440040891
-0.007989225996634085
-0.010193175070675235
0.07872998141831303
-0.005511345165355769
-0.0075943023292807405
0.009410994313258116
-0.013233015611833793
-0.028899600893475257
-0.022782322708312517
-0.028265512615071046
0.015487185532436231
-0.03388084202732496
0.004604089233884162
-0.0049994603699919414
0.008764286202739422
-0.07300284730884025
0.04639897148714199
0.009784864527121752
0.06947893860161451
0.017692935109447604
-0.010050933476251227
0.05749242372765421
0.065677678969447
-0.030069363074158927
0.007314335631052432
0.019722897250100846
0.03910373910216563
-0.010074435129100154
-0.032859225977480526
0.02680623613327164
-0.005092921496291982
0.00699741222441018
-0.00765689809943219
-0.026360077484749497
-0.014359150775466014
-0.03370257990815089
-0.0088360658359808
-0.008901047162004155
0.0036704328044564385
0.020198414191210556
0.02097547904471413
-0.0109688927654372
0.00215643904265719
0.032978087820884544
-0.01006602783531414
-0.03628476741399152
0.01792045551203523
-0.001445662274618415
0.029327882174331344
0.03193855761167963
-0.031150134938178056
-0.003367966325759269
-0.02789591007191586
-0.011763928649220223
0.00953807433739236
-0.004610034368795444
0.05328387535058207
0.0455223628305289
0.008124591511505611
0.003330722047790753
-0.008074961521876577
0.01489202595919368
0.013034430880755676
-0.004190871904317979
0.005505652145490167
-0.011134743033520328
0.0013914425461526222
-0.013295869368037071
-0.011364227474109907
0.01295401965977494
0.017646956057864146
-0.014103144662607517
-0.011129895424936228
0.08363997921221202
0.0012521500174831823
0.011669389841496968
0.02455407838737592
-0.013908356647789383
0.026446350392190548
-0.0117417148639574
-0.006114075884362977
-0.005471847234985765
0.0051733224203703125
-0.020494246217687823
-0.006333899092224276
-0.053114241419439635
-0.016494322130544508
-0.05001430205366178
-0.01901263979031575
-0.019382139540983636
-0.07528838901711817
-0.012137572459753434
0.00980859646093949
0.018204017944699634
0.004984066740489275
-0.040490975120125415
0.0060115763889049345
0.006968927169399704
-0.02990422107335665
0.03338241725689549
0.024063922314671932
0.02261431206618593
-0.011648443715415333
0.02754475619238558
0.03270351662785266
0.01758842281032974
-0.03143541738349037
-0.04314322051861465
-0.01647356018269315
-0.05009408647508236
-0.026493137450666462
-0.027098426460010313
0.0304004261717112
0.03516169741854509
0.014983696670779412
0.008859368650022867
-0.006921574459610067
0.023750158955621894
0.04343260979870917
-0.005382901677989919
0.005096980163486642
-0.017524595016539194
-0.019919402702616437
-0.010775215195161471
-0.003080211430878534
0.04403290954040381
-0.018485634430506107
-0.012309978339089683
-0.029385243974405107
0.005065602440629068
-0.05663314912483939
0.0013350894166625723
0.0410813023503001
0.043729337039515565
-0.015288577834413675
0.015712738517811277
-0.0035344628240363564
0.027495094726037256
-0.005122338300629791
0.025564808805260283
-0.02846864276220667
0.021034034822551763
0.008120377919783702
0.04473871716141854
0.02374586994116143
-0.06102437098377765
-0.034110444590174746
0.05213406235196208
0.044713239072529554
-0.017060009249219577
0.04300098053474774
0.08435290220258214
-0.007585031670950893
-0.042868134890107094
-0.006022048646915771
0.012780938332053434
-0.03640931541199311
0.0017803069191442867
-0.025940587372743615
-0.004331662514788714
0.02731764942815669
0.02035685467785787
-0.029872659121718173
0.003145238976439093
-0.03809499752986503
0.010929319395049954
-0.0359459712699017
-0.01883176786381049
-0.017161289586158517
0.016703302340274825
-0.016206512238407852
-0.016818554458015333
-0.002460408582417908
-0.03273417505921663
0.009032713899361533
-0.039929899977834034
0.018291554536565807
0.006922811645780656
-0.01591692316875754
0.02322438219668127
0.06087747002823028
-0.021405362491492618
0.013966223999055906
0.032320164744888275
-0.002193790655951458
0.019317931395224083
-0.004746541265430359
0.020030362992565488
-0.01840332864985558
0.05344986762091351
-0.005955447620695212
0.024116763815970704
0.020652116465133506
-0.04559649612001036
-0.0029016715276070104
0.014849496961268983
-0.013881774546653272
0.04764740020816282
0.002818227746841422
0.02769622969464734
0.008360473550022953
0.03329947231471176
0.0345031650495541
-0.0014053300003243946
0.04990369783123831
0.026845300612639962
-0.07072004882785089
0.026509735154688158
-0.014945656534124326
-0.01613379603295142
0.01417819708789116
0.036943643923131306
-0.00950498965550099
0.033261227955640384
-0.0051243589623195815
0.02126727212678031
-0.021708805308446655
-0.02202775238654398
-0.00629394863327675
0.00956108554377004
0.013809194366175665
-0.035634633505477596
-0.0011901042767698173
-0.06833353155249249
0.005639737244831128
0.006721088348820585
-0.01043034555404463
-0.012666505525496956
-0.015511446012960893
0.031797245708735815
0.06365344437313432
-0.018323242889323573
0.0019332257077472421
0.06343270765693862
0.01132907683017367
0.041595433741430245
0.013564938406880002
0.0024652364267500173
-0.023124288973953307
-0.014423312258793019
-0.017866091055523194
-0.01872870729028575
0.03170375572274843
0.043197286417826095
0.0471894231275885
0.00039106530697143385
0.013396655206311685
0.021534689028490372
-0.004755647616621908
-0.01893204930191476
0.003981610017442815
0.04218176328199091
-0.03986749735807178
0.015498088293149236
0.04687057627459571
0.04745744592249922
0.02440309455277495
-0.038587089377749545
-0.04665578286421425
0.024577495051647334
0.010214862358324136
0.02841066279551365
0.011196201776944532
0.002600394888088765
-0.030822946783998415
-0.050939097645838316
-0.01894589226565759
0.05900910919615871
-0.09104340972133373
0.016545998458139553
0.018793224168202977
-0.02200206106503359
0.03538608313757585
-0.052369628525438444
-0.02993563148468727
0.013740164346819392
-0.014797340633750905
0.04096664076842676
-0.012183061765262392
0.018308784499585843
0.013981287324822022
0.010091549373191799
-0.001628135311470133
0.02752111149998797
-0.017066059855871524
-0.04898800067862743
-0.003519805634265167
0.007193033141819416
0.017289751460053054
-0.02529169275920439
-0.019317522966834744
0.014344141947908114
0.01778176009792255
-0.023340007942764106
-0.01007197859107611
0.010040509649709898
0.012870414464067111
-0.014792914037286897
-0.045108759459368646
-0.06592657664550793
0.02308822963446079
0.002932587633440609
-0.002184615757589842
-0.08007567904517339
0.02532161296083257
-0.03535726111980654
0.044990328490037576
0.018689632172311278
-0.036551673455480806
-0.029603480147444322
0.00895542609152689
-0.026332797550580156
-0.05746719396396466
-0.020097673607177416
0.03715488115090456
-0.001914202386209608
0.012333263136710015
0.03565547804675737
-0.019001308221687933
0.002856417401851671
0.004127148143341504
-0.020644442366155844
0.001902891121891652
0.022377978685173147
-0.004779798413964312
0.033538602453754215
-0.004444849512553781
0.06069430712487976
0.04067771955816401
-0.006214268675350309
0.020105398873296418
-0.011294570360647878
-0.044254073635039776
-0.024583468062545136
-0.002955851408181781
-0.01155490846057865
-0.01599722584251371
-0.0072016105432547335
0.01285235818283179
-0.010615070125895017
0.001323620090156225
0.044900838159166595
0.014174279355190233
-0.006034711994980619
-0.053868283959260056
0.04521956662360215
0.0465440742188584
0.0338540752175578
-0.02462655938658555
0.0043420219784972855
0.0011103193980197387
0.022310455485002774
0.0005872011291516299
-0.08138613633630161
-0.021773666877741998
0.0069533609261461585
0.033062384452369344
-0.03477098843706527
0.017334338416252662
0.008635805584051259
0.012658791593262749
0.031298866361278925
-0.010159106141195981
-0.013649954454501767
0.02399229206313347
-0.009961028096024473
0.025319952066548974
0.03454434926922646
-0.013509227807806142
-0.02326554911633191
0.024386190344947163
0.00029711779228725984
0.03578620032292471
0.00026878088072656523
0.030173228215749543
-0.0400796638911789
0.023922093534908786
0.007182427736572009
-0.02445285869727655
-0.034102848346103685
-0.014334114991217159
-0.010924849210344532
-0.02333010074344592
0.032981472806254034
0.010072219992084295
-0.004615151590690867
-0.007823573267784758
0.023152813847766372
0.009673448377547498
0.04388305810713675
-0.01777622329504534
0.01999056802221585
-0.01488739917742038
-0.023155884315666585
0.02887068831890003
-0.031267916538198014
-0.007422092401548198
0.016910996989160158
0.019437478720945617
0.01990793483417098
0.006880445028136456
0.03807545802452427
0.017074395588931708
-0.00015470260419780095
-0.01818331448158464
-0.0019163722241135452
-0.012953395696964473
-0.010267862094873051
0.025540934045563853
-0.023921307375336244
0.008119733637232236
0.018007973104406674
0.06323720608724394
-0.0018859761611771137
0.027963687721452225
0.08372822876334862
-0.053810153909378766
-0.03631577716997214
0.03250760975722844
0.027897479632902147
0.010411132396159952
-0.0011765370302383364
-0.018721676446339208
0.011659854792190142
0.014240270743074827
-0.03981636875937909
-0.04831620702507656
0.0065572502218030505
-0.05775963762302771
-0.03391720185607282
-0.01606504175651105
-0.0139832965526892
-0.042715727242764366
0.0007719861777137901
0.02105425064988174
0.03346173165328972
-0.011928211047107921
0.006677101609181261
-0.010287804493715694
0.008208445047433949
0.025359573032058214
-0.020627274360250115
-0.00910610705266398
0.028987580101272715
-0.06812552316127703
0.009052811012942108
-0.012541241888099703
-0.025685415459455626
0.010575804727884304
0.003342548350602246
0.04033909857139051
-0.0009993129726233087
-0.03375234168281709
-0.03558955215043584
-0.039024373750663824
-0.0643968125895321
-0.0022152296918197456
0.011263889908434811
-0.08241590959915326
-0.018602090864680232
0.013520562262089841
0.04532815941474038
0.005694579665096622
-0.0584502685173062
-0.019585407345267647
0.07611370517288134
-0.02310395974410963
-0.018908398928148842
0.0007341975055236232
0.052948767562570324
0.01875744319423832
0.010575501146643898
0.006818917945733795
-0.02766083443008672
-0.054591390685595036
-0.035294074418487656
0.04522928269607771
0.03991398669392401
-0.021653545833871475
0.031475187493817586
0.04005479057725156
-0.05835561139607602
0.027283892693316242
0.014979030896197579
0.003352090288358193
-0.0009148257691303035
0.04000007579062373
-0.021569873235413494
0.03474891996309949
-0.0008923303320110046
-0.039202440703032276
-0.00010228859800085448
-0.03576776297306674
-0.0005528080256688245
-0.05695439786730856
-0.03255285587508517
0.04787615619324663
0.05759998903467651
0.005486827141140398
-0.011239973753095246
0.03189523666707226
-0.0046084947362785775
0.0007375852649536746
-0.01380577933994649
0.020466747686799288
0.01583979911316838
-0.03512044837249006
-0.017883366103822098
0.014313585810040363
0.010575738579478878
0.05225511956242693
-0.025735647982152204
-0.012789267367537811
0.025862807287929487
0.01075505775035258
0.021324568666074482
0.014594118886287871
-0.03609762638234331
0.03593826424592807
0.047009589425467166
-0.009140992584979574
-0.015477312733975799
-0.016956300768384287
-0.024721120924801027
-0.010354504807716013
0.030527246145191318
0.0015926365741063431
0.0024053761039287786
0.029210370497483075
-0.003402164064030152
-0.03462226433060434
-0.03307218330085972
-0.04412034650132205
0.03130884796152176
-0.013047424313693514
0.04308283201893995
0.0031776126410695622
0.01372221195321472
-0.025590474120238738
-0.011925926430996952
-0.01641488748326848
-0.05550939070714867
-0.005072764535623074
-0.012631094999953369
0.006738695842699734
0.035988905764509804
0.012875972543527577
-0.03397185283454494
0.018347041619267947
0.0024899449757926086
-0.006887789982216038
-0.0005539662382751989
0.02657903735835614
-0.015580144283326651
-0.0011082262661860289
0.010797089645700574
-0.009402001109676289
0.006889243566524807
-0.008497870255398419
-0.008464775208869695
-0.01807889844454579
-0.00853866298340705
-0.021536897688079506
-0.014079542337985973
0.021996425753514376
0.02243892451292625
-0.006699989711957999
-0.0038068185156961624
0.018419735259622334
-0.010881728769188038
-0.004905342581744536
0.01819351254459208
-0.030424444151466976
0.0108327737683861
0.005586119505641934
-0.039635791090465694
-0.0024422589335186223
0.014812720525391999
-0.006766075502120235
0.004116889540273832
-0.03025181627027258
-0.07587837326756433
0.007962090202564503
-0.05229518431061234
-0.003111385033595122
-0.009091004606352558
0.03048760370919852
-0.008925757331601619
-0.047296256372738626
0.019047175086215094
0.00308164731852155
-0.0023490344359701227
0.032158193385478484
0.008772703795967014
0.05375422813220713
-0.021063757754321455
0.03437277002911851
-0.019267116343501665
0.013311099818024036
-0.03604501164095586
0.031100119914719684
-0.041859588839479545
0.00902676811785358
0.009203019467063945
-0.050108765466426175
0.006256449954718725
-0.017328516801384263
0.0045007914228385095
-0.023253243330809286
-0.03749876785921508
-0.0051339215785363105
0.021735847078498263
-0.03836122823695949
-0.01649943229036589
0.05986012959207702
-0.016909457424613788
0.04465692473915073
-0.06810828122404346
-0.008528746982203678
0.04193645103319612
0.026042000437953117
-0.033385545247624035
0.018403068674404534
-0.034607080867387174
-0.04544661697036796
0.02572948435344241
-0.04152994016903825
-0.03603516449690484
0.022895470849570717
-0.030978753591616146
-0.0033907931655789065
0.0014079701544960062
-0.040664114627213185
0.024858761637581772
0.019020651249306304
-0.06024810426682739
0.02512988611143
-0.016727889870203638
-0.023565903273996092
0.011710285407902128
-0.0396038629822017
-0.002384247015769167
-0.04048705707362115
0.030817197179164476
-0.006251517442946075
-0.03571284635680451
0.018999930184850168
0.020646761494583322
0.007223608830300522
-0.04473041575552901
-0.041778911022377185
0.023028198493274442
-0.054699123477266916
-0.0008883086833357866
0.002429257994015137
-0.015282718540330906
0.01144613165083334
-0.03474740274432787
-0.047382036475093495
-0.0008233567367081728
-0.009193591863472544
0.0010250237472027384
0.014105346330584162
-0.022798637338662095
-0.021338975567462563
-0.018562623629143366
-0.0620196285000683
-0.01661039883223578
0.009864231551175679
0.022067478209185944
-0.01506860257467411
-0.011435318176908415
-0.04155202336816695
-0.005466486711546349
0.005492658734304778
0.0005575700262715051
0.014688620650489042
0.0010802448529540823
0.0073459358481954996
-0.04776718274571581
0.020053583474138856
0.05284117684329892
0.02007764858462026
-0.043822809526460275
0.04201085027496029
0.01300839999619534
-0.010683917475288447
0.034471223053588004
-0.008592557465767738
0.00381873302710971
-0.016877292221425297
0.0022258531042405687
-0.0197835899645553
-0.019327100957526808
0.027430158364764753
-0.02073813555913756
-0.03169771769908987
0.013072532100620708
0.0033080689503855055
0.04342827723013694
0.00960433950176882
0.027362796094700558
0.012955700589085031
-0.061967100439096215
-0.040419000634463575
-0.03913581341580918
0.019359550841750364
0.00893716875908736
0.016594373622956717
-0.015359299045810595
-0.036642020467733065
0.0031286931250124293
-0.008193656905429956
0.00048281760916634326
0.004494359493975099
0.004992297285067849
-0.04989256368667356
-0.002063247545153537
-0.007149670857688937
-0.00909929137408514
0.03708167870213192
0.028728109056466358
0.028511331374042742
0.01403101984748282
-0.024552199967687535
0.02660178240361212
0.028358724899382282
0.007308085064187723
-0.02316948094692511
-0.010138932407744241
0.015934509387941664
-0.08955255521937626
-0.03251657816720389
0.027073666629592055
-0.012944508763667638
0.0022086271105624345
0.027811466152440907
-0.009163681489593565
-0.044820889501458065
0.004333759412930675
-0.00511716418159319
-0.015372349547309963
-0.015893561638004684
0.019512849976224628
0.03178067762598656
-0.04942652353228812
-0.011746770401662839
0.03866236601815208
0.03633235877668097
0.05892466745883364
-0.005828712936448147
-0.03029297502686947
0.011901115229012275
0.0022310814938215416
0.0434829900871307
-0.026084795474002997
0.021200269479579682
0.01260061945216724
0.042918206528933606
0.044668798998453
0.04930838721737268
-0.08812040468134007
-0.03203555151791475
0.01870304905273537
0.029534212895428
-0.003311277632311898
-0.010448854280286676
-0.041478319256188355
0.008387728718577478
-0.004153178623295791
-0.01697382583134056
0.021319531464152514
-0.030816650784330612
-0.012398391158636866
0.0013939378208594573
0.016228783709704486
0.0504112986165504
0.027820391402388525
0.01649739178460655
0.003676162344458704
0.01693941406515409
-0.009803620664518035
-0.02187907833052378
-0.014286848159729519
-0.007599702847704482
0.007812967514861418
0.04874677082731455
0.04344007564239021
0.021727426324987708
-0.05777772264446385
0.0023837462466408453
0.01331505795170682
0.008309842612361642
0.005020872648554062
-0.025652987456206228
-0.026445362814185133
-0.0007645938718323145
0.020234176720214842
0.04591574359405614
0.01358151442730278
0.002054700420580519
-0.008456859945395377
-0.026180580613045266
-0.03949447970338259
-0.05570644589143764
-0.021491382631285135
-0.02097618517174827
-0.02708745023593895
-0.03799883626272276
0.009997207827518525
0.007988344136861846
0.003730783251187802
0.005664549084151835
0.027017688327755116
0.0004410755551782976
-0.02309799407655359
0.016506112573953523
0.02732686221368639
-0.050024732009484235
0.04761867212484287
0.0191141465028669
0.032100477787668696
-0.004635955351892993
-0.03970430528118533
0.07678978352831879
-0.048249717208903656
-0.020307955781829257
-0.025394620937314604
0.03391751278735372
0.010117864093638228
-0.010085066866085601
-0.007940120201114646
0.04086511846385801
0.009794113154938
-0.005468583188952234
0.0030876189531247288
-0.00641674949329432
0.04751187369807636
-0.013534526711342705
0.02108997961425783
0.007147188918921629
0.0338106402906221
-0.005375514132828618
-0.03607245862644559
0.013375862111850224
0.014863768786253393
0.0007741203648860941
-0.02269004581439375
-0.06215164254309643
0.05135520719055448
-0.033452286799956106
0.013492861863104439
-0.03016772394885234
-0.051565207826461894
-0.019828469179068452
0.03664259830780737
-0.0025347432933693816
0.02512741159922864
0.015886251730067965
0.02208494564062756
0.016441975875915987
-0.0770510832116861
0.01624890531014898
-0.028673481535337327
0.05278433264545326
0.01140302333282186
0.03447665332790429
-0.02836702735283255
0.026703477345460865
-0.01164377550532951
-0.021004289228705807
0.0006539461832452281
-0.01761671226453884
0.05044296981875079
-0.018917945129195583
-0.0004536959836361765
-0.010790320911350525
-0.040800968950909906
-0.01271568917387974
-0.00953703224437236
-0.011256099348468922
0.006140555875278898
0.02648579093916371
-0.008093768526796673
0.03951720111858025
-0.006668390104650864
0.0324618512062713
0.039863802443491615
-0.016756422964857173
0.04094886017087979
-0.01283141285560801
-0.034956839389663354
-0.008725967427844823
-0.037122673033905526
-0.007395973280926905
0.0033834466706860913
0.006220332499750226
0.002129413519414786
0.03189334153821149
0.002814692110896999
-0.012782568508891706
-0.01362257988235099
-0.04867641014906273
0.023296620864775536
-0.011247295005297897
0.003074942904598468
-0.0013987764269145877
0.03481957604041458
-0.014821568352750732
-0.0064777093497831555
-0.0032402626230468626
0.02588523066305413
-0.023362642027531123
-0.02478128808897081
-0.029085584406473453
-0.04145619437708123
0.04880582383311724
-0.033522052915775306
-0.005786227212711834
-0.010325539114390565
0.025164953369469768
0.0004554378220605876
0.055423043927219834
-0.022520833730062938
-0.005112394521039374
-0.012733344716766914
0.03450877531000052
-0.007278117920146382
-0.03091174880629764
-0.024455050328818582
0.021214068122001196
0.046101656309402564
-0.018435410317711724
0.0017307887838486824
0.04308712062477357
0.027160238607662996
0.010838708016794402
0.003893798256308305
0.01578787971356955
0.01889964150538391
-0.023788283657105308
-0.021250261351477426
-0.04629985960222831
-0.002708690747124688
0.030449582652062993
0.031061470764071755
-0.002230899988600194
0.01242987861128494
0.02737705409464597
-0.004954759446890266
0.009024314759532857
-0.02654899175522566
-0.030510881600224256
-0.04565722304532346
0.002991834406930294
0.037148315387694815
-0.013181751467672751
0.01854611327002306
0.01739825373536518
-0.002549713351209013
0.018573317612045184
0.07968234589628242
0.0631915785909296
0.03158317233156454
0.011364002350108385
-0.012609670737916412
0.02087394756584373
0.023227658793064886
0.023391764964831703
8.718851623460149e-06
0.010620860910152229
-0.02914208885588456
0.031448332354264676
-0.015756706174611883
-0.02504294101756674
0.018077920414089746
-0.01827966655735771
0.014989683504235737
-0.0072034582144909235
-0.02011052336606803
-0.020385878028307408
-0.026590478881831518
-0.03311159184688512
-0.001320375770143427
-0.048078699092720896
0.051861892745940275
0.019647519836468563
-0.02063897676840159
-0.01175970068699421
-0.017757718148076446
-0.002761173573996165
-0.019546464568363453
0.0009056492039219178
0.014576898367005124
-0.03814903957044675
0.03536355738847369
-0.0132215584103845
-0.018243455091028454
0.019186219320206168
-0.0013706029501558772
-0.022852005956153925
-0.028373938715661885
-0.015741831967780957
-0.024401306049499947
-0.03766582341338143
-0.03998196762380875
-0.039758860784944366
-0.05243642458478958
0.030423503090499442
0.018887381801562287
0.013512156389207419
0.02976200147164887
-0.020349555042919465
0.02502628671092672
0.037162070322793284
0.0024421314584347122
0.0292302764882486
0.014840470483809853
0.017821866322285714
-0.03422533580755837
-0.011054411946807794
0.0015199314940196704
0.0603274241753628
0.013889387586004361
-0.000736898822135715
-0.0018909262702351225
-0.019559745885732865
0.037239349412757874
0.017427243180671792
-0.01431988202523329
0.007043485611763245
-0.04992457752028292
-0.028493837677890214
0.05606759842676924
0.0225859943612176
0.053025329245054015
-0.003430137125622132
-0.042272771444993355
-0.003151186534600202
0.04365237807863287
0.009584272836690293
-0.00957950110010481
0.014543026126286784
-0.029546268950999075
0.044029460497457464
-0.002327021632248063
0.03992946453435948
-0.00856741182674661
0.05159712445920234
0.02658210757557737
0.040785915966557076
-0.003990225382002075
-0.00748730899987102
-0.02197887265186064
-0.01750221491233367
0.003779657515350752
-0.03962670372778499
-0.06089370720571532
-0.03097231799800216
0.039122194896674116
0.0028031411088638237
-0.015990443873663347
-0.0024104145000212207
0.0038859015434401997
0.012825384319841315
0.02856592079417011
0.027615149784034784
-0.005558287918165656
-0.025401378336221626
0.031027034586939353
-0.024743046190931872
0.00757445774859309
-0.07272344042219653
-0.034515865506123754
-0.07486765384850068
-0.04215855951575176
-0.012707610463605332
-0.020227891380357493
-0.03570180099511269
-0.03880814319683244
-0.008667344067053492
0.014637674523090616
0.054576696437973526
0.034223108297450136
0.013715358592467355
0.009310390059356332
0.03028048571679633
0.032216770388962944
-0.03407391846485422
-0.029538435682584727
0.0005196513113949687
0.046327727556619964
0.008539596201232517
-0.017091084408687948
-0.01237708823749513
-0.006434407232546164
-0.05162572519933601
0.011891876188544644
-0.0348242939795461
-0.016219421318249348
-0.02650952171007479
-0.01825578313406568
-0.016818507919175458
-0.03062243247388322
0.002792003352055084
-0.009910903806317588
0.08129029366189192
0.04567808607076047
0.010764019528846378
0.0210666634255364
0.010767536369688146
-0.06401000031743619
-0.02226016833622717
0.04639214990943874
-0.011309928595548717
0.03616286023006276
0.04495846078981903
0.0019842941311963066
-0.023462897022562924
0.006266477109601076
-0.0096165212965013
-0.053278945421684466
-0.019344842982658317
-0.03324154059298517
-0.008430927901819657
-0.031036291692685535
0.02782876138966799
-0.00216055225552839
0.0005654092513193796
0.006322339804194137
-0.005769674560114995
0.019514784991021526
0.029844111024704977
-0.033116821549000225
0.04743772305335085
0.06861932502297494
0.04342255590235887
0.004954251070699586
-0.02397694569854463
-0.018802635782032274
0.018658697283365614
-0.0051033272497962925
0.019040507058530744
-0.03488898759158721
0.017077130622403135
-0.004020908995776851
0.006830998746557372
-0.03426794132823192
0.026750296147251613
0.04094198530034802
0.05019609477558284
-0.02042987781029181
0.008389526240710791
-0.022158968405460246
-0.02509159621682666
-0.049844209916112776
0.017472687730544997
-0.030035267338081092
0.017536682877749277
0.07477536906342959
0.026596472408583302
-0.03230223591068303
-0.0405622213147423
0.02600414014368899
