-0.05893553995327315
-0.011330790601342932
-0.024105235675644113
0.042978921436763184
-0.018795317920136678
-0.0016536264822475193
0.01213911951028774
0.012200964847075077
0.0013681406973468412
-0.023756128113997774
-0.026212134281292647
-0.006821132980332559
-0.033927500441951
0.013082908284403649
0.026982952468454363
-0.006585432604644848
-0.010205441319599376
-0.0033962575416756373
-0.010563730457689203
-0.040987271708897315
0.01949838831782099
0.06415616092766904
0.021938558960248353
-0.03942598597246153
-0.03409618192025989
-0.03845247437216504
-0.0050879804114943444
0.010808389503777016
-0.02324346597662378
-0.0024822711632535035
-0.04419092866203378
0.02297572649099092
0.007137405066102103
-0.025984704691060127
-0.013700827200587615
0.04762645074249986
-0.03390206544391564
0.0338025942369187
0.01698997824700941
0.014943846773542427
-0.003802439913869685
0.019264157413029104
-0.005892575054458828
-0.0025080972794881127
0.024024672554195534
-0.05354888886368532
-0.03084385708615796
0.024916962097144283
0.027989496116206262
-0.0690039888457266
0.007344719355817152
0.014243655282379558
0.08357296696249925
-0.03124304066349446
0.005500539466693994
-0.0291623144873319
0.03432517302217965
0.0220211680349014
-0.043097763531688434
-0.036964273802117954
-0.010901969872276953
-0.01574697752433283
0.017926143703339538
0.04450603476954189
-0.026229551477435907
0.005281993350149605
-0.017455075624473505
-0.019243841400532466
0.042618630593443924
0.0021412928575198363
-0.00318782328972941
-0.011164345842593742
-0.0012157705953667224
-0.0005998581551314773
-0.022363660029792405
0.01811214638405675
0.005858873322522563
-0.027303289894760517
-0.013395187301278377
-0.008863309156185597
0.007076439974808452
-0.015636331821472647
-0.002159046922197801
0.014127770822268881
0.04603572064074763
-0.010295233262234088
0.010246536176290446
0.005632064125666065
-0.04540752191988145
-0.009352706082187428
0.046231229474220384
0.06340403666711115
0.024944847422630978
-0.056136745210724676
-0.02844530539804719
-0.021355083325109343
0.0013897857299960937
0.03809893889554617
0.01434781428614174
-0.017694469829902908
-0.04182738385541501
0.015376781718704649
0.03373427678418944
0.020574728556937334
0.007813756133839429
-0.01080741571169675
-0.024747423140894263
-0.007578891337216423
0.01037894668810646
-0.026920170015242988
-0.022484973969465364
-0.01488100316042011
0.03564942605887216
0.0691768251794443
0.03482230722813489
0.011833910186035482
-0.028251137970727577
-0.019239210717520727
0.012469281782276073
0.09298487458086697
4.160411405140978e-06
0.028812448651976703
0.012368350243644168
-0.0024019035089106453
-0.0005810255566876886
-0.08018095215071466
0.04972871879716415
-0.0032877197408276975
-0.0012323720725341744
-0.012902639333358085
-0.03652205159070485
-0.0008503555574424761
0.01037952727255942
0.012208339996203377
-0.021117799568033925
-0.013972777246634187
0.04103101126994533
-0.01691055542411658
-0.030979533934636205
-0.07098200339240283
0.053627702053903915
-0.02136295715659892
0.06543717145471445
-0.0026256925587143137
-0.028966691259027507
-0.04090679449159767
-0.0019464507304776813
0.031659745915551825
0.0016692698191406864
-0.022960174464832023
-0.008713565862757545
-0.051207432872436676
0.004595951119631849
-0.004461133367149976
0.006158178995497405
0.017937870953113652
-0.06305783577306995
0.011851802597633104
0.04474225085943954
-0.03952546983386813
-0.08150756464409295
0.023843840362863907
0.05208836996504217
0.006398398004160811
-0.06365536175265184
-0.021826278736225467
0.05956464279560876
0.0024075591880038834
0.01318199759162368
0.003173115326157778
0.03957427052379875
0.027915070159681234
0.007140326442824437
-0.019698741180793684
0.016190331537470213
-0.0589296640489818
-0.03714075230204934
0.007425674770808857
-0.032822979372813615
0.017869559775963287
0.019195673810514055
0.0037361900124864133
-0.012315091990353761
-0.02991655862229072
0.007032698175537674
0.016104551565494212
-0.01657970051788046
0.036069235873512774
0.016112481701207586
-0.007438284382272506
-0.05961315294478503
-0.01791490552548584
0.05584202231379649
0.02425483837076519
-0.034486483357283916
-0.008127557143765158
0.036024055836320824
-0.008692452309639201
0.025238903648199723
0.004528736288238198
-0.0005995794963679085
0.025180184834650548
0.01837113350270613
-0.028536945913249533
-0.02501449771151031
-0.028748950910721004
0.015866433467829545
-0.013278459995414675
-0.024974761950174902
0.03534031966948142
0.03440400605309741
-0.04208431154095995
-0.002389091992651685
0.0070930209946201824
-0.011954670167882053
-0.04796908476342338
-0.017160670738548683
-0.0033290195773869095
0.07126723879128928
0.0033400242753191148
0.033922978115168
0.0032560893706655948
0.02739909252317652
0.002861224298495503
0.06316459410581983
0.025699276262670986
-0.0023680175470131176
0.05027952446816754
-0.006605404048867556
0.0005702550151501611
-0.018655217855136685
-0.050393001100154475
-0.023571109512467117
-0.005051936681081569
-0.008522845422032918
0.013865763946474208
-0.02082938593145629
-0.014255897315038561
-0.014763059047534926
0.001236703434021671
0.0009631346211231366
0.014057996763493128
-0.016994929457061037
-0.009861637343517445
-0.02014708643752905
0.01674286418983377
-0.004301956513375124
-0.005995265326156113
0.05005181809283192
-0.004263704850099501
0.02199438325138892
-0.06518934909508564
0.015038418409014275
0.0021958734469340563
-0.018966038196303436
0.016509545801863416
0.0020107873207635698
0.024466930755013324
-0.013995137505012446
-0.0017580847903845545
-0.06557744892908447
0.006101161172812369
-0.003693963453302045
0.019207849206927394
-0.012870729678423449
-0.03372775902241897
-0.027191687622559954
-0.009052226100653203
-0.005192390636597669
-0.0297069846722462
0.008715539315607536
0.038635866216420935
-0.01667054054983483
0.023610138966392708
0.0043705184923829256
0.004379927219960643
0.012795411405301282
0.01023041708964839
-0.036232144952758
-0.03232948006437672
0.012516683984988917
0.020402056711136637
-0.025316716243456723
-0.04230818491584736
-0.02412580877276928
-0.015886014538571993
-0.07735931322121738
-0.015280332994034012
-0.0008683683787438044
0.027592598143145127
-0.03255386272089227
0.001471099209857228
-0.006898872281063583
0.006948606556494031
-0.005848022113195888
-0.03691863117263498
-0.0012134705778721801
0.0023085338481129776
-0.012756633688669888
-0.0030294297152182966
0.016513400215576922
0.027293156916944335
-0.021992201939295235
-0.01533645283913073
0.029929887904051242
-0.006008969859652905
0.03205903164332524
0.08124772483985895
-0.030773441665452542
0.008030211437385611
-0.02021461678954327
0.009096213045947075
-0.06059666812338503
0.02495721796130307
-0.03533193284421738
0.0068775692063553885
0.03948608847404321
0.023277927581657008
0.005900837370261719
-0.008032608591506219
-0.007262810654818215
0.03389836790783888
0.014798023695051623
-0.017388603883533877
-0.016764027802325426
0.010697797323451854
-0.04872386989198791
-0.008763231255897133
-0.012371844663075416
0.004705162785806356
-0.006844571373492921
-0.03250375952391015
0.027356294711489287
0.0404246621784436
-0.07317634470298123
-0.0005149317090314875
0.01755719467742404
-0.01774970482418303
-0.012513420932877422
0.0034079335864103384
0.029526748609501555
-0.020539957847126204
-0.0017804542893711862
0.022550624730265725
0.00961908457453046
0.025788041254278037
0.00021043953135819291
-0.013941667340698396
0.017064144733061528
0.03135984206925494
0.0007523868878056999
-0.024082682098284344
0.038710220540233015
0.010020382631087376
-0.024288572474431943
0.02428333091528615
-0.04907125505423356
0.001038283835450027
-0.002421843699878852
-0.003920404516105918
0.029597143660129763
-0.015641874394730432
0.00465592241981787
-0.023627913542179673
0.014330360613180609
-0.03154778074247682
-0.028310057769410747
0.006571066943652076
-0.009653915063445805
-0.019461919914724398
-0.009350375634117296
-0.01913678075065413
-0.04215826233837508
-0.010544565043362205
-0.020687190272217833
0.022174127096233242
0.06750334706140651
0.007578089637130995
-0.028597681210790076
-0.009236544758880643
-0.00540088713766004
0.007681117878630987
0.016055510792276358
0.025173560734403733
0.021532310081856545
-0.006182149428032533
-0.06488288163759294
-0.010067754223216513
-0.046671182657761816
0.03305843825347126
-0.002060371033895784
-0.03976971058401318
0.009325032183294711
-0.013235120087673647
-0.0019808940337870166
0.026283397202476518
-0.018986815404717975
-0.021124907858345206
0.04165611609729284
-0.020811353805672613
-0.00830661367450002
-0.04746222450642433
-0.02231255273642175
0.014279295341716174
0.0031149144957853393
0.04871058977647306
0.015209083372253638
0.029317650061373945
-0.0353242031850626
-0.004411198605009113
0.013171576438271724
0.07517404975156898
-0.030458360151676998
0.026415920432560348
0.03631576152054316
-0.03680166060746396
0.03246065275741129
0.06966877130134394
0.02308825262930391
0.029971939875669866
-0.020371608529576386
-0.026174632637570815
0.004170992179069025
0.04314174649536889
0.0034058747878775025
0.004536818683752942
0.006379913867681382
0.015426303441046786
0.00016287758179543777
0.025166229557426804
-0.01674769886278229
-0.006068713032643851
0.0072844628235074925
0.0023428315661464675
0.04216139369515818
-0.01986690150271605
-0.00304271758378853
0.0025102736957057534
0.001336438702134476
0.0060012568186692825
-0.01874071738050781
-0.03486657544578985
0.040741430630757504
-0.025554885578397326
0.011417814020299802
0.009743118031039433
0.016269081424940785
-0.01290693202820377
-0.00979029157697183
-0.020424936064061566
0.0029267783928111444
-0.0022609923441902252
-0.06281899436167693
0.039810596160447846
-0.04001157265621188
-0.0012806058092694847
-0.019078867476172257
0.012126907308657831
-0.04742164233449425
-0.012853987859038404
0.01529436966919365
0.058772112311813125
-0.024336225755006588
0.026314610241429347
0.00493721812288641
0.035867295581109675
-0.04475534626799026
0.017252907559445856
0.010859424780364547
0.006651136942921913
0.03863573088667195
-0.03727874871315976
-0.03782876324152237
0.01752337807456398
0.028395001859144772
-0.011254452308216702
0.04153146796413501
0.04378442401128989
-0.02940900250909487
0.06243547128403897
0.016079431726928273
-0.047189072155235
-0.04237528573258673
0.022646836344015608
0.02073254786404543
-0.014368612655307311
0.005278629716429164
-0.018310943490294034
0.004598461682899346
0.036721173050174145
-0.023702407648274908
-0.03430985772399234
-0.0017009892100766741
0.00409653650932901
-0.02879729340208798
0.018175723247895043
-0.049000015118833964
0.0009980022353805178
-0.07813368518244632
0.007854935775015597
0.0026906229540076595
0.004266226109629566
0.016168145008519638
0.020931582011954632
0.012451466057065349
-0.07260404508433167
0.0007676703241534842
-0.015554606245214592
-0.008565930644761513
0.027427527153471697
0.003143182334766657
0.005030625817517587
0.0051121253993830175
-0.034440577232849795
0.04304019986154778
0.00017719428097232284
-0.013826923545017187
-0.003163590689357826
-0.03985248402610737
-0.04624788759578982
-0.06275468797574243
0.0156342288360481
0.047170589084860645
0.007059507435161889
0.018469185433308877
0.052813896086546956
-0.029473342832393716
-0.023091352099154017
-0.018871096009537847
0.0169491746312513
0.03227485126034569
0.002050880406394517
-0.013640815765440946
-0.028808960714221826
0.01810420020224647
-0.044121756648509064
0.026268606795786083
0.028278731808733616
-0.007879336595612421
0.010378788840489506
-0.017186713609828822
0.02208469459589247
-0.012074165478723017
0.045504855798875476
0.016859332651478987
-0.024621464300424563
-0.036595936878658
-0.004703237794347236
0.022179879020921597
0.05476202721327205
-0.04725594627773394
-0.02411260454979408
-0.001419857077840206
0.009996660283630292
0.013319821757410507
0.021174523905417287
-0.030039345462425496
0.008351335996427536
-0.0022728215987484943
0.06762889912419477
-0.005695501135199413
-0.005792524397656509
0.004924661526043588
0.018826012515954966
0.012999033409216165
0.010387503880259037
0.024987159992348473
0.031999095502095024
-0.00833516688102164
0.0017619929738222871
-0.0887318956280337
-0.05204088015592309
-0.015087009108281053
0.06597702699845306
-0.019970500922255895
-0.010465396967249392
0.01915039468194226
0.007801963699251447
0.04742535895178691
-0.03279988307104125
0.051661933688795014
-0.006745135797519437
-0.0133347861689812
-0.06785422916334775
-0.009576388825439593
0.01753264397108337
0.025037059355787733
-0.026171560832832834
0.007385425393964507
0.014522349095074381
0.019899721831612663
-0.04841852251553477
-0.0007870625307189677
-0.02027748804584031
0.01158781068732894
0.05182096468202651
0.03680108285139358
-0.017086720162178496
-0.013528226671004956
0.00657761792980974
-0.010633253103928236
-0.04077111085707597
0.0014987402714495663
0.018543954970174442
0.015319645462880747
-0.01601361144102375
0.02380149399896338
0.0035848998601410702
-0.014502171591850537
-0.00845556517647575
-0.006566187654722639
-0.012578750103233092
-0.0022851655471129596
0.01970412808610403
0.03034179215611032
0.0050100895078413745
-0.026004073636864255
0.010350392318415199
0.0005908650643799188
0.013125180662216825
0.013815438268100177
-0.044644502560786115
0.00537106574204265
0.016201436534368143
0.034300435225356286
0.000725578373314455
-0.03178048855021753
0.009119177069712854
-0.04200971734300466
-0.014957087872968391
0.06378069013307648
0.005882907740116527
0.008356281262687726
0.05233713819124297
0.023954035171275763
-0.03407848485965564
0.030775747754205406
-0.0243910319344938
-0.009763906806595097
-0.00018637079807517595
0.017372840080823456
-0.017742306063404874
0.008354633679909414
0.005886452552549026
-0.04368010048026295
0.061393920567078375
-0.028272222722800208
-0.07073088369320572
0.014059836333322901
0.014466332025922644
-0.0355866557690141
-0.05115313996653692
0.007993391340732809
-0.0024624293725930935
0.000583784706015091
-0.003993338496804041
0.021998457602024433
0.0021103509200110344
-0.01659134173677388
-0.033365720192675155
-0.062222330898965145
0.0259520312798522
-0.04366616905291445
-0.05403731911844189
0.013541227345417961
0.010452310221947538
0.04564924626305216
0.00212140631647438
-0.04282281114023683
0.0011226949436128173
0.05286113569657776
-0.034515131488141705
0.09875615042898095
-0.007670009792240864
0.008698526727492894
0.003114385505321155
0.014489285130418713
-0.01285603304728788
0.020582578569618166
0.0007302853882597576
0.059794385652627874
-0.019191651651845557
-0.029129144845632546
0.002770545445740292
-0.022283268628340985
0.006344395210588997
0.028205227830115955
-0.007914596207862301
-0.01959683828975669
-0.03565384507055671
-0.012540785510026959
0.0008985551066083868
-0.007072810201993993
0.024548002680813315
0.030203572623292898
0.012593072640742404
-0.003911987753217833
0.011411454129610076
-0.0081080917827445
0.0005657751903880055
-0.041852827681590724
-0.0321903116848787
0.020654733793895957
-0.018716737061840103
0.010643777643773182
0.024699960809523473
-0.0373924569887626
-0.012944486800570245
-0.01152066776330629
-0.010350782297004226
-0.012081752535197303
-0.0030755515647870103
-0.0617196844532367
-0.023436439995367365
-0.0031564185714905296
0.06023947322244041
0.059329695080113085
-0.024243018785608614
0.003802627759790834
0.008723259377132316
0.013029997695627904
0.011926293326388908
0.014481648487012904
0.04156938610972643
0.031533344221366694
-0.031811950843122105
0.051997827829577584
0.005328661429957684
-0.015926596410326163
-0.0031033473412485158
-0.015418581628678648
0.021402979333819353
-0.0040539333282302885
0.0035881943800455704
-0.0003126689672823236
0.0028504550431221382
0.03590063157235017
0.014751945671207925
-0.0076379318817619635
-0.061416685688012417
0.02940018899112922
0.10339123612590453
0.015934638003815067
0.015609475139111975
0.024897529800120412
0.05183779332704375
0.012570312425078773
-0.004971242199357371
0.028584140939543968
0.022632798302933806
0.004146602037404974
-0.027676998425821817
-0.01739425371662776
0.023919500566508833
-0.026827904128321648
-0.012060815615525196
0.03420942878330587
-0.020554367788060187
0.05877989224007541
-0.030488743154910233
-0.02493234822089451
-0.011238426567272844
-0.016398590083943957
-0.022119552580806248
-0.005699546068161889
0.03179107562203524
0.04125914308052009
0.00577840481009373
0.013349573173762584
-0.0002481875746397664
0.010958210072795444
0.013764822787264226
-0.0013521380136159904
0.04454333617666137
0.01085474258821861
-0.0035377286043953545
0.0221221577369225
-0.02949960142025731
-0.01992550422347467
-0.029653829030247294
0.07285063413653241
0.031474025245666025
0.020156964523460174
-0.018420203953825112
-0.020044404614120784
-0.017402305530392632
0.022113185961575757
0.0582461588525079
-0.0060788612145126495
-0.019488281406027777
0.038788463017202804
0.027557006449288973
0.0022564838304043595
-0.010155424971710498
0.01797547051308844
-0.00900323949700377
0.013534329881575359
0.016371240001361573
0.032822656204687745
-0.01703881746694699
-0.034966097829432344
-0.011708171701581158
0.02956523042668672
0.011936229861878929
0.06310135461513054
-0.010642847009661787
0.02043727724364249
-0.013019027382250256
0.0017358136031827348
0.0013797541150113164
-0.03133111668070586
-0.007089767833195937
0.04102351018147763
0.022014520016860536
-0.07016136566491185
-0.04773329302888976
0.00473588675677661
0.05084286038652267
-0.054721341954641976
0.04021611717674782
-0.02465959337977129
-0.03209757084816803
0.019186563606228356
0.019471083204908948
-0.020127475764215693
-0.027641896074811562
0.005168547368161682
0.0011808030103050943
0.022835965091498534
-0.04250046276795637
0.02758017523164639
-0.026850857635153633
0.006279205789154765
-0.0314292832837682
-0.0363646918318266
-0.027513466040098095
0.008883703438831785
0.030875365224067742
0.018352094043735757
0.007854587721092382
0.015365757188064853
-0.017482811425402683
0.0032307131796407975
-0.026493195643876023
0.03085636448637056
-0.010571549078080205
0.018112411314077644
0.029321647489031117
-0.09778002828678037
0.014574915589291807
0.025694778268307173
-0.03673631430831631
0.02407359780446137
-0.021553046732424804
-0.047792555661928714
-0.010354679517411336
0.031175394266840774
-0.014737234484725283
0.06948775095089538
0.00880448390670103
0.020087118526539126
-0.016246103753658474
0.013424775812536314
0.01749124342290719
-0.05811819737321387
-0.03994598115288308
0.013890180463416528
0.008805572535188905
-0.005519911143823668
-0.004240470775864741
0.044918890164928206
0.030685643050048856
-0.042258378048183304
0.027935047608156495
-0.03083596336563237
0.050658141832705374
-0.02244545280566426
-0.03148433608965888
-0.027081076113364008
-0.00900298678239473
-0.015770359165580963
0.002554694525230184
0.04795421107703517
0.02016359267970102
-0.007119024519089937
-0.017843990108900094
-0.002914110022296418
-0.010547761168002868
-0.012467866233860326
-0.0065295736851094695
0.031038466284017945
0.0038516922820456653
0.0049816469537475394
-0.00657163689932587
-0.00836506890726048
0.011724416492563002
-0.0017687618721870257
-0.009779606701429857
-0.013198119261809702
-0.004586256422024556
0.006028821363304174
0.029798224750576113
0.02168574348650451
-0.0258651305480222
0.03789510641474549
0.023163581275890695
-0.0009737624373318308
-0.004042290721338619
-0.07651345152708741
-0.01939378604768566
-0.014205265440575609
-0.030112797091038767
0.017155862146126855
-0.0010333679824281572
0.006522771454494816
-0.020151527538067662
-0.020099966168791762
0.06914912247008285
0.05242151378333253
-0.008021815553054298
-0.003989253763751828
0.026571426261906842
-0.002828649473451842
-0.04460481255810199
-0.018010704504115394
0.015721194871746207
0.023418559651339352
-0.052112731661537785
0.005271748980006021
-0.02243828741673147
0.03661475451126708
0.011003267102325529
-0.022751449696751847
0.0019421280502960826
0.05201494892069867
0.01620189968450309
-0.045461847369316986
-0.027479633892055537
0.04204966356416151
-0.005053757998223866
0.041152502203072296
0.036715070972467394
0.011691079605900613
-0.01093582709755665
-0.028559788645557745
-0.01415294964353224
0.037110566753515865
-0.014594115694533996
-0.00028513521551387606
-0.03670306954862329
-0.018438181147190966
0.04032403582973947
-0.027848802002270877
0.02647202133080981
0.06459449642612987
0.002167630109963244
0.03390901677730569
-0.00669824511690227
-0.004526509930500093
0.021234148583730943
-0.040294340967328514
0.012257505444451046
0.00039519679890189934
-0.04449013169667156
0.07247600564158563
-0.0053381327420975785
0.014148379320869769
0.004130292090278535
-0.016797292572110177
-0.03275759509626572
0.011562310620845423
-0.01801730208977079
-0.02324098189612279
-0.024895507623741542
0.0235047918149966
0.012940240095623239
-0.004020302832282912
0.03393369847676571
-0.021272160908568136
0.01073321540372449
-0.02849483851385871
-0.0032999959118650184
-0.007721709636323314
0.018675974095092966
-0.012853605909672057
0.00038092481624482156
0.05519937083394267
-0.011235358190270116
0.021080382260551082
0.0015836470542367634
0.010186405180120369
-0.0027588739909615374
0.02961490325145388
-0.002179412728241128
0.01342103517424672
-0.015109243228899673
-0.012445611189477498
-0.014526233274145633
0.003319471370964079
-0.03410331643230168
0.02419746415582385
-0.01813070335760967
-0.0069447415087904455
-0.021407031962248076
0.02042073465096628
-0.007000601032169299
-0.008475566869880255
0.047391872666329084
0.021899952032781903
0.009313861417379972
0.0010180285118449853
0.027183686987458114
-0.05023155107256216
-0.008370430191659874
0.025839813529357547
-0.022018843452696397
-0.049162490531414436
-0.0236742736914562
0.006147964263974753
0.03663113847351441
-0.01502181569124766
-0.015469079434418023
0.027201240089368535
0.05297753242627515
0.008736136389445872
0.0519078900186167
0.01650503091712162
-0.020352541060506105
0.04793820530606599
0.011620803398342108
-0.0018404231469334588
0.010283093142773956
0.01802555661578772
0.015664502204725397
-0.022286367814972154
-0.001965516491462251
0.016625843127110188
0.021979258120607605
0.01892902489602845
-0.06122800035232517
0.010024595556960066
-0.02418592452448107
0.0025011809507213783
-0.007157637327805859
-0.0028169232437665684
0.019024227261629452
0.023744783165973112
-0.030771739836095692
-0.007796188857793574
0.0069358700572622395
-0.020653789979440444
0.07182244285923203
-0.007512326605799444
-0.0020199675147082414
-0.06517631040363679
0.019985002989069783
-0.014704966121873008
0.008650754523882566
-0.0145223271147241
-0.004815709503345695
0.014092082232070969
-0.04725783758176019
0.030876249338599254
0.0019652095889420057
-0.04322440033457027
0.07013722206244057
0.022776664544626887
0.0735683328829677
-0.011867884674908449
-0.02487782459833258
0.0210252504359528
0.022371945140222425
0.02080384418530654
-0.0009317743523194622
-0.022024271839335873
-0.0022895716360961933
-0.021526771207339684
-0.04477751964051731
0.03103075568853614
0.013067944879361061
0.025874199350704088
-0.019026471410233406
-0.03041192091192086
-0.026487525564730472
-0.04381508075505613
0.024803128592907016
0.0020366882211602226
-0.013841721595360212
-0.007133397053440846
-0.01559442714095089
0.03618613563002301
-0.032407310045672495
-0.02828517492742419
-0.030516060647284834
-0.0348151410933722
-0.011006393937161706
0.020714984181292494
0.04651408311980457
-0.027011827686319104
-0.05631584267547971
0.044331661519765676
-0.03940346889605772
-0.046211361738968997
0.02181738002243537
0.023275596089741373
-0.05558131552242
-0.008559647023525288
-0.0021643445573363415
0.05242634759565649
-0.025145660884181718
0.012784756634076303
0.009818999496342004
-0.031972084840890314
-0.015323089770515323
0.016089641090348446
-0.021235228715612356
-0.030636278483685154
0.009196179405555857
0.008895360817439298
-0.026255048953556983
-0.03444220275800373
-0.01649448852986301
-0.019434361983497687
-0.019471054166206765
0.01316175664848548
0.013977573971093456
0.0048316240639660266
0.017288396236245618
0.024390258640893905
0.004132601397241406
0.05415280663789459
-0.016791574952038483
-0.010473323442371023
-0.02362829056390674
-0.01738777673702744
-0.006860589342582063
-0.0367849309936188
0.018942432737745422
0.025445402593290135
0.008063021860348966
-0.009484765462734064
0.016092934646153266
0.07271915416569089
-0.016241987391938845
-0.04486291238215438
0.01089525337825738
0.0069191716009371134
-0.0006027038472926137
-0.0018879527365426808
0.05861451822028029
0.01353037315699796
-0.011705354642865116
0.01225324465325492
-0.07095210448176524
-0.022255402115341688
0.03750673799636601
-0.005222149508842549
0.008094035147060854
0.05450973102740927
-0.015141050690621122
0.010908345952274945
0.04306722661052577
-0.057696809036385854
-0.08030481979562398
0.03388945893333666
-0.06327085338164297
0.007539605462587925
-0.01074286788874771
-0.030568097777291012
0.025072388829343446
-0.03578437114155628
0.02644211722423046
-0.025773384477789978
-0.0076227064918227665
0.011965445956314144
0.04070322291268939
0.026062527961678395
-0.011370377544193242
0.025580796927382365
0.02847264447831041
-0.011148428695628172
-0.01468129003319089
0.03199279077472847
0.03811499070496243
-0.043184715802208444
0.005630104877802237
0.0127582860423065
-0.01051201654146293
0.0017008482863849553
0.022310431757948227
0.02908910959678618
-0.014455903364897948
-0.021626233896154357
0.031492778622344536
-0.007633529865519983
-0.007839238830725726
-0.03332623742879345
0.013005950925857135
0.007254116652961654
0.02258766157934389
-0.031303565657118136
-0.02402073344691399
-0.00383826690693465
0.04796892802105335
