-0.04192104238190504
0.0037850219556336204
-0.030645658765582364
-0.013910005589937482
-0.06596277466265427
0.0075592422760654785
-0.002210619842944797
-0.007715358210917646
0.004782088826056715
0.03165909842396476
0.015106735801353953
-0.04353018971038191
0.07442469658411308
0.00850735409975268
0.007616874212695275
0.03230992334332794
0.02424357175399024
0.00030981589947892994
0.011554661522759978
-0.011274677622145058
-0.003732628701832818
0.019355406315411113
-0.06832892309139205
-0.021690609291585387
0.005975520753419338
0.034571818105882966
0.016131034033094533
-0.04593742935708692
0.02803220822068662
0.04150005388621416
0.024124386234397555
-0.013002564219455394
-0.0282155339619468
-0.012823705294202584
-0.025576630572931344
-0.010840289965255101
-0.03576089461774707
-0.011894646974700832
0.0002530858585987057
0.02643109121458608
0.005037018728076802
0.00038399992995280296
0.004542749149565273
-0.02379244597425848
0.012650805049848286
0.07386589057963566
-0.035544485843137616
0.004732206581675468
0.004506756990264833
0.005213791439716957
-0.05997556354410312
0.03775724807210095
0.030439366776057318
0.051847149330445055
0.02420718327257874
0.018393078529602303
-0.04879944938678349
0.09620095025097647
0.00482105127777671
-0.06343650054538061
-0.006504524425476505
-0.024018172762639376
-0.011637477939276858
-0.03407862816358324
-0.0045999857422861865
0.005540717171841064
0.001227182916431586
-0.0009983082875815934
-0.013855098545887828
0.013788371523933968
0.0181934899477107
-0.03659438886795264
0.0009472151487549352
-0.03416778845356443
-0.034496404644971085
-0.0009638214721792798
0.028523799335824263
0.023621534665869734
-0.06937849564649917
0.06925544794150743
-0.037999271847473426
-0.01472987804429016
0.018686874129662044
0.024818206242150743
-0.02398046426056614
-0.01559703284369513
-0.049825362671021535
0.010675403409530972
0.03539519755538033
-0.05121385443589345
-0.001609998097433806
-0.010224308708716464
-0.0012761870821529453
0.03184887102706845
-0.04015528836783403
0.036190507169798304
0.011124785294160847
0.06556182789418885
0.026308756548044758
-0.037096492143925616
0.022263094424205817
-0.0012729780438084102
0.022704173175080118
-0.01716718312807724
0.02316836639921799
0.0020169226536708093
-0.06244701468999267
-0.0041063740654973205
-0.039882453444252876
0.05518592832330278
-0.008929923911754139
-0.012608495958006945
0.011446171784931621
-0.002842526381546906
0.013567735364333108
0.0017526137603590189
0.016997429803119257
0.04687147769859549
-0.019011380432766498
0.000320176268442915
-0.0007599019489887858
0.033829058446239416
-0.03018406609973596
0.012190471691878927
0.0013313575947714257
-0.02442998632903721
0.01141343605768587
-0.013265478034895724
-0.03934526119673073
-0.038777958873140526
-0.10095297512738008
-0.01167313761675859
0.03203894782877395
-0.005386005564663444
-0.018937196830354802
0.03766425680907301
-0.005645429645624781
-0.028297164290027543
0.006230678068414464
-0.02762762502484061
0.026973809513139255
-0.0215721053244102
0.0035264152952241617
-0.011518091557555277
0.03276391029831309
-0.017025962921931606
0.038881368589975304
-0.0277233767900695
0.013238910032975842
0.020908820587495186
-0.011368182444195414
0.041251224655997475
-0.0089891159758958
0.024634889265828526
-0.003013633270794675
0.003927352127794054
0.04934092064358755
0.05099081450660296
-0.043737914432084635
0.028721759930673763
-0.0527019296448024
0.04546762868583613
0.0015881575120048096
0.01089378904072283
-0.06872753227462
-0.02982967615673181
-0.027574682657600956
0.023316448272498725
0.032483813638658654
-0.0022910335032261227
0.024253126701782163
-0.0203458574712506
0.029784391282427096
0.023081648231699507
-0.01737401047213197
-0.015202845093041872
0.008523489072428897
-0.022250196327172973
0.026308487334293244
-0.005902532272077173
0.06204697218979356
-0.0508876140978163
0.031595611477403945
0.019149473836443175
-0.019667003046127226
-0.03628213873414355
-0.003117832041381554
-0.002170459945062819
-0.014611071758684832
-0.011292103838542985
0.023303048411883794
0.011462778725990606
0.01547345155711165
-0.018229698433062522
-0.010203696489873229
-0.017334127322670364
0.014983292680927518
0.03994779413810553
-0.04432792384517409
-0.007705863905787436
-0.007811040859196932
-0.03908302900114647
0.04676158084186141
0.01319142109464584
0.015872735089005635
-0.005014939739342199
0.025757017679501823
0.012017125686933878
0.012402225603771985
1.1208170244704876e-05
-0.030477809593989342
0.039127992702284856
-0.036657665722418395
-0.042183040461456954
-0.02717812099451827
-0.038362352909248894
0.017739470774747874
0.016363776827178402
-0.01917001742625489
-0.010259473715527215
0.027311125036904867
-0.007725052915891967
0.008723176639719391
-0.010814080204595821
-0.053357821014185305
-0.039447984533655236
0.008087575126454267
-0.0016449768492350627
-0.0036783612222841514
0.0006281108264775773
0.0029684223508666236
-0.006452343488765188
-0.011542292179599756
-0.005992134948605011
-0.0029222109095488873
0.023191149301654935
-0.04056833477244459
0.002774290613983798
-0.01137642056954142
-0.023718363997483036
0.007337821829438514
0.0232264934981333
0.00263499534277848
-0.02484726032941658
0.013252959849865836
-0.009706330586220165
-0.009331667861821182
-0.01318017626004964
0.016161424469616877
-0.0035600953315266
-0.035725516136320495
0.021902386311313377
-0.012563983131149275
-0.004915612950330778
0.020993007119089687
0.023846951363386392
0.011420844302465018
-0.028325116090048792
0.007994448463350323
0.029289213272285224
0.04659200957287538
-0.02790636324180733
-0.03623305750765322
-0.011063712937784607
0.019243225299688655
0.0603135312152306
-0.0073925975878933676
-0.015214905869895197
-0.02163957685814275
-0.056409958040187946
0.015075677470559715
-0.030188173111407302
0.023025300312542307
0.03033132756699301
-0.026211593989608668
-0.013498507796846741
-0.010319213305568996
-0.02860880655361053
0.007540029797705126
0.028355106104400465
0.062203507255661025
0.0038388546366060414
0.030487476927563897
-0.03357776470462483
-0.01534268180941634
0.01879724599646719
-0.022363647870298455
0.02131506116227975
-0.02167313727209809
0.005939819169157534
-0.017910922991762133
0.02657213756029917
-0.019113292982037153
-0.01750114491691777
-0.03571368903185208
-0.00796036060036884
0.02189207820905282
0.011896583170043634
-0.02854622327705261
-0.033535569830289616
0.015590570415161658
0.02989167648562502
0.03671258016948503
0.08417449119835509
-0.008079774088531663
0.03855399073126493
-0.03843866527544917
0.10673233767244238
0.03071259677831463
-0.006204369463478955
-0.0021506990454635906
-0.05153184816452327
-0.010917700037558419
-0.02594821647319843
0.009302128583315528
0.02158429465819986
0.024256973399875214
-0.019237585172697493
0.002900159108810239
0.0325312509878509
-0.007598801851123952
0.015924725749057806
0.01636686353546378
-0.06973490080164349
-0.009430163299930367
-0.05739949631853653
-0.00014041555163049464
0.002684216155558518
0.01140806449076763
-0.03602703391673941
-0.0555893406494227
-0.013147562403762109
-0.01267312857622013
-0.030340633088250874
0.009075448017781167
0.000840447710709388
0.028834409961242192
0.044377744657610796
-0.018684894132891615
0.017391836950562966
0.012664852759871843
0.0006001101676922666
0.03563239158557471
0.008759826251297436
0.015774797299538013
0.011385972898363274
0.01026788710888881
0.0044269561623925075
0.0020732345762632717
-0.0602295290399134
0.023445740949884306
0.05082159763121069
0.03907934764971119
0.039302133266736504
0.023764720186153235
0.011340610592825248
0.030607215750989056
0.03047146580965242
0.015229274266151688
0.022630101433672414
-0.02091196237539861
-0.011513571628772827
-0.020203763029229337
-0.017888310050975704
-0.006790760793438002
0.024255038636158594
-0.021669260406424095
0.01733610117685262
-0.03725112410215566
0.032644132989139374
0.019127538025327545
0.052894958550624246
-0.02295844726164679
0.03379142642995301
0.0035883915244016742
0.03515724207235631
0.00500354965119261
0.0326952671084526
0.0024386539912762315
0.007459681773177077
-0.0031333658545434824
0.006017525920312313
-0.03031725696796663
-0.003274048632648676
-0.007530243218959227
0.020966977618948526
-0.048853920404461765
-0.01156079731219874
0.02571545609697901
0.017704703425642492
0.05234370556469114
-0.01932868706100286
-0.019823217124120437
-0.029168232983664378
0.014402773831656225
0.012222817228283066
-0.011194276675652452
-0.016850482681493296
0.008940414291853426
0.0517026012680953
0.024831850956182115
0.035214389923295675
0.004156713482929512
0.0015252438764840417
-0.03568921624383036
-0.049171905956754955
-0.029972267454934358
0.022869638961547308
-0.039877265001861006
-0.0005763823751023217
0.016561140462157547
0.03860460253688018
-0.034555627565807524
-0.013157984270482861
-0.010575670729795584
-0.010765724993735027
-0.004428371208342175
0.04028614350036686
0.023566291928847412
-0.040291487083867115
0.0019215173472229606
-0.004879454905909509
-0.021288947635549036
0.017541620565515323
0.0182687423612209
0.022117850439867425
0.025995946129746914
-0.037997811958053386
0.014796578734907567
-0.030469633794975002
-0.015164777473203774
-0.04128363916647697
-0.0128335323421088
0.029636973105854933
-0.0029311020120328588
-0.012030629128255232
-0.034398845221613426
0.003174797157854279
0.07717806379383738
-0.05314615495312874
-0.002753215645796042
-0.046385629414639036
-0.0015308647822618122
0.02014619943358036
0.00013090126610476062
0.030378689184131526
0.002529057837607734
0.009001807644745737
-0.021774248623268763
-0.03132380321995863
-0.04808490047443866
-0.035566059362661696
-0.005996109386081068
-0.010546565934227248
-0.018797883593519367
0.04769292065249348
0.013510005521157449
0.022019490529284723
0.04877029849120271
-0.012508096086423469
-0.048707323316201
-0.018756066347033883
-0.029108834132421428
0.0329582336823802
-0.009781012324152407
-0.006117426800348385
0.00710869911117129
0.002022463396311268
-0.019736452829837742
0.021006890572408045
0.029359091532708728
-0.05056497760689632
0.07128427671359838
0.06372553394359233
-0.06013742857122591
-0.014492818838064274
-0.010734978419185755
0.00568341654439209
-0.0140524464161281
-0.05151338552242375
0.0086110328419917
0.023029064462699266
0.039426643875030976
-0.07938668771505934
-0.03020876837586519
-0.013816768833213594
-0.024116121970610638
0.006456354790880381
0.022570592616672054
0.04145090211271404
0.009255337030980696
-0.038219267823260315
-0.020077542044337277
-0.04288681616730325
0.010127702171382433
0.03853371947103274
0.053913023238146694
-0.0021852850927663375
-0.0025543119993754557
0.030395201787778384
-0.051956909751288714
-0.06712175379754579
0.05013215407335079
-0.036592583212773054
0.009833016872186668
0.008196321161770378
-0.020179762685803685
0.007169940617513763
0.03190800858093663
-0.017686585517736088
0.011786040620043228
-0.0036696090316868037
-0.006969152133831021
0.07375280154699941
0.005191513878127874
-0.0023399234180267524
-0.04876824600612083
-0.02316504040398759
0.01895728456080717
-0.010493957457465102
-0.01337308603322301
-0.04781040327123068
-0.05152362599587258
-0.042603159358204565
-0.01558637401252423
-0.04662636524509766
0.00812429847572678
0.026530970012167615
-0.010914527844020663
0.0049659062089296695
0.012007211716699025
-0.012474270633293934
-0.04844301612200824
0.040017268529179355
0.013357814292267173
-0.01973748627010239
-0.009372031993740246
-0.0035314843062942826
0.001019362663424838
0.02671262633201202
0.02115287455919796
0.017224266585550367
-0.04830031158460992
-0.004640405505091555
-0.007820917771634543
0.02322910563528135
-0.02886791110057339
0.004813369946901559
-0.033916317705056084
0.005129296620882224
-0.001746418999749242
0.03091076156446866
0.016064102020921678
0.02127864309917655
-0.055599498623123335
0.0036828447262418607
-0.02077482275308893
0.0006950639934022162
0.006193887110987976
0.017899540229722014
0.015512960745469666
0.05726060315548131
0.007587116843752723
0.01594762879874647
0.028749197432026252
-0.03459794496217851
-0.0047454766633130575
-0.016078210274583667
-0.0006200377820046613
0.012059093627504682
-0.03979906322029835
0.07228673931611607
-0.0256594950372893
-0.018641315995970527
0.003813296781493639
-0.01854201885333173
-0.007913408147301938
-0.020972889592674675
0.025408610109519846
0.018386102627335872
0.0744322745813293
-0.020794560181320393
-0.002050878550657174
-0.022121513801963484
0.004495492877256365
-0.024721847084770213
-0.005215555953760036
-0.013324396049749585
-0.01641782330349707
-0.03220287624247431
0.022767802392276618
-0.022014705507005256
-0.009642775523009668
-0.038845551931232
-0.0049053649048485725
-0.004082790090711348
-0.021743475807277007
0.0020476640777211644
0.002677523803856186
0.014342532872529089
-0.0003562759378658368
-0.0181511397364481
-0.0438815648134956
-0.005229010234148001
0.0012954828137202304
-0.022176745897666716
-0.01551004110428242
-0.04576988453355154
0.05119478148222573
0.036143939263616226
-0.01801441138609454
-0.015813622658180256
0.03461786649798913
0.010639772746545094
0.034249408930787685
0.01443038621548418
-0.040459643929218636
-0.012144913759971279
-0.02786492320996699
-0.0059118383895694635
0.014071824747000288
-0.030335462114525973
-0.02718926468877317
0.00018711017465384284
0.05118828962374155
0.007604947589680238
-0.01576624251134613
0.007413149570192383
-0.046785407422269096
0.008610423014128952
-0.05534215085688178
-0.06341566609424729
-0.007567763483324267
-0.02222441756562425
0.04090996855950614
-0.027538920726879093
0.025272804057918395
-0.008249320628214759
0.031148964695807153
-0.024306630050476903
0.007688077134909158
0.01945373226478078
-0.015954296952389677
0.006707640720179167
0.019659819576411768
0.008254308042266402
0.01425230627399528
0.02071555410096591
-0.008147283939588612
0.009121416849150094
0.046652799077575476
0.051296900136763336
0.01937793685492496
-0.014293728638911027
0.007195234335362822
0.016861475072228207
-0.011508268808654475
-0.02080592438897874
0.012572909817266966
-0.049660439950254244
0.0003935612725185078
-0.03386753389833354
0.020875967119406355
-0.045448822660763485
-0.04886080396868546
-0.034585240166089416
-0.007163426969388464
0.03819511741719066
-0.040416361229579006
0.02468729729887539
-0.0007286041053554924
0.01353390855069874
0.0186462559705071
-0.046901931694457014
0.046327557564504095
0.024103176554608776
0.038616936437608815
0.00994577019394668
-0.007265332838848463
-0.018734726163469374
0.07642939351842575
0.03886835205729906
0.030288345631358692
0.003144064003510513
-0.013888227253859983
0.031423373945403475
-0.00595519026192958
0.026414303557026415
0.03062802359648539
0.014852368942042374
-0.006047182146275448
-0.054753860260612144
0.05031842139899105
-0.02716242315153077
-0.05074357363200349
0.042638842817009866
0.005434394094846689
0.015907582641599548
0.020658114099522118
0.007904614487522306
-0.033480738861846465
-0.023251105598617268
0.007757615181437434
-0.0009669533434453747
0.022501479524843503
-0.007861774766157868
-0.047473130994835605
0.002606192850252935
0.02984939613352265
0.010426259172959567
-0.009516814158152719
0.020508645649223892
-0.03953245008333696
-0.07278359696818164
0.014803599246864429
-0.013624752685600268
-0.011673499186554361
-0.03919935169328872
0.01098687577309126
-0.03422697145913638
-0.02643270439827592
0.015750146572240185
-0.006645592427464985
0.026753006798331855
0.013161367396623875
-0.005926032395059976
-0.006019378474194784
0.027689314714079538
-0.04135099071354998
-0.01601027054604877
-0.021487887874635344
-0.033997400214834016
0.006768754543768871
0.004847941066303176
0.010005229059789216
0.0007278590057955729
-0.010810150111475224
0.0038074894134165404
-0.013444808829947842
0.058379893007548825
0.013763385200622591
0.04437182898631732
0.01457036674274341
-0.020338349121922828
0.02186797596822937
0.03421898382886233
-0.026515782846156896
-0.002873462402927129
0.060821881539964005
0.021672308795316994
0.022320315323638148
-0.030932529746727427
0.0006136436851038699
-0.014843045484327464
0.04133702919425282
-0.029828160373241985
0.043208407435502146
0.029838566806101453
-0.039320372917810445
0.045125842073080104
0.03613933425490468
-0.010205325436121487
0.033178858160146686
-0.0822864623797114
-0.02165350772097553
0.0363471219614756
-0.01066017047198529
-0.03903730277223467
-0.01044773304025805
-0.024457741102957967
0.04719806074701544
-0.025661783351509364
-0.01071557543392031
0.01152817703935684
0.05918522205021969
0.0068566080352860355
-0.06725689521322258
0.00041360475976144975
-0.012684612248373802
-0.004349297329261873
-0.006023318819430431
0.10382723361002678
0.018229831943000284
-0.007813245650547352
0.04330614158354704
-0.03761196042959795
-0.010040330146363264
-0.009404764821494375
0.01599183925009247
0.023779398374652427
-0.017520337943722573
-0.02251953560268971
0.012917656373153799
-0.009708212501423338
0.015449563762414182
0.013055487371619871
-0.032398238136556574
-0.020064745941406954
0.05580992308268075
0.027950702250242203
0.03506989212072443
-0.014198190290372992
0.0021409821516364972
-0.06922688188981278
-0.009357223364662808
0.01954805641520913
0.08655197285446821
-0.033458754603004445
-0.013944344434579847
0.006198904022592896
-0.038934800890692955
-0.011177898276209668
-0.0011388208457098548
-0.0008345141028642188
-0.04034294677279616
0.036760126592315485
-0.019830039775238353
0.023848985352138134
0.014532146729605911
-0.013779364771982985
-0.015013434273252295
-0.01751795055324572
0.006458363161024889
0.013664388883427856
-0.0044701968790372545
-0.06309073190030752
0.08171186173546399
0.002285824180171458
-0.042575056401580276
0.008924460906426287
-0.004679056230785212
-0.006916467749401374
-0.005824511311872795
0.021342396437745204
0.016004103659904623
-0.02458871870079807
0.004461794034040863
0.044920995976039914
-0.037895492319646874
0.015409557842203875
0.03198238424193979
-0.025399138266904958
-0.0064885870944741365
-0.028041038418043493
0.02545616228261886
-0.014926051824655675
-0.008431817650330483
0.031100627538293894
-0.07241298437205054
-0.009094513300790337
0.00712843697719704
0.0378787707045341
-0.000734226712289081
-0.03174938821352298
-0.017746791467945024
0.021550294426532654
-0.012047792226083383
0.007318579575692161
0.0322102110940096
0.015748209807661524
-0.06925365597806954
0.007683588668058853
0.021870095401618817
0.017052359283945967
0.045863540200454175
-0.001094918417720276
0.061005910738466194
-0.06587527129893453
-0.00751417491249328
-0.005346240207499724
0.031224985480945888
-0.01060184425095374
0.06695462237978922
-0.01874322384420089
-0.03679584991714124
0.007447582764124993
0.021616598705052562
-0.027513598493665612
-0.0011542175937893384
0.0048714259205396735
-0.004994352617281796
0.010144941978509557
0.03335442230155509
0.023575162598029574
-0.0008145672802435509
-0.028387804698097097
0.0018480818058975359
-0.04341900096910703
-0.024328114916365363
0.012374625514096916
-0.03548800314597588
-0.06646680228060525
0.05106470908598099
-0.011547019110902945
0.01584405902213884
-0.004268452428211149
0.002866751386257279
-0.013824257672074803
0.01252288710388163
0.03972528586099878
0.011414921803341993
0.0007763389120516999
-0.017927277284647374
-0.005020184396707132
-0.007673025986858846
0.04198782838010419
0.021575693447531945
-0.03672121022832072
0.031377486657364485
0.023222851399114012
-0.01813817735749675
-0.0014752382353441257
0.01696766576229874
-0.01768562048807485
0.013801188231165986
-0.03392112093904468
0.008885712615609675
0.04135784510196359
-0.008616732754781305
-0.021675257827567834
0.05271332413651519
0.010546189623935944
-0.02150314125254146
-0.02271241907077263
0.032959633551088656
-0.04367785951030434
-0.008058956234743371
-0.0178608193995915
-0.00680627701382388
0.046827976336972804
0.004847415972835767
-0.006592131346794745
0.04125864841078363
-0.008008694825142815
-0.022468569173908576
0.012380168194752838
-0.011892240385941789
-0.012177434326417888
0.016308303295223113
0.010824965732747329
0.0018445743367622488
-0.024651934093216397
0.004361546904700247
-0.03725973078233981
-0.018036915808821174
0.05710936393795546
-0.019544474822913643
0.018662525013810716
-0.004879902478541065
0.05217395665890007
0.008133981801766568
-0.03719871343679014
0.037102728712446326
-0.019846724309796854
0.0017676593409940505
0.015211300944062084
-0.035956598855089436
0.0021423228643408093
-0.04264879259354527
-0.01895460756805024
-0.046096372142575164
-0.05298552184138629
-0.03695683421238354
-0.042453472174462506
-0.002848559781746303
-0.026176579705117307
-0.02936324549458359
-0.03609694001429854
-0.004710830026247985
0.044565751608271184
-0.011026587908806434
0.03829369116416651
0.016418343739198437
0.010339353849630351
-0.015817594756137587
0.026211797622457206
0.015998903596769486
0.011542681240731108
-0.02012727914718561
0.005824976575706268
-0.006030704831799932
-0.018865883390247175
-0.019770000909830127
0.06355443697310151
-0.023611856138867453
0.029884020824477525
-0.0338611800586369
-0.01161944610290375
0.0034670953979447795
-0.017995197337848465
-0.03539153272923504
-0.0014609861279561535
0.05247128870785148
0.005579576912460536
0.019646197214712235
-0.0034375880607739537
0.01718530013514401
0.022973388681391257
-0.0013232825478535304
0.01746715190366981
-0.014801263372416634
-0.032507471773638656
0.013033404983541871
0.028496443106929243
-0.012368416658291597
0.008983497726058021
-0.0059585195169419795
-0.028382541125277945
-0.0015828649335826459
0.015328515159079016
-0.04131293991817201
0.0007470255703850324
0.05023788986954476
0.05049197020170333
0.015098438386216669
0.005507873086676065
-0.009222475566244764
0.022999985273884704
0.010896828114193777
0.008548439547928124
0.013073476992500433
0.010316037191426888
0.01314947849785828
-0.002565764520981089
-0.009153951013866044
-0.02733551442426117
0.01962866339275998
-0.007113136335130637
-0.01583419029295866
-0.0022963621561378914
-0.016285877503242813
-0.00359394203541558
0.03577674032727602
0.004154611433218877
-0.008757872987948676
-0.00939786567406573
0.026301896432972392
-0.008928205698599275
0.005073154260258437
-0.00838081358447085
0.0017157768699182278
0.012419495694932824
0.021599023192015572
0.003072045168945303
-0.01761164071925655
0.005370648972371117
-0.04597567361436871
-0.007161827659801178
0.030680946063731916
0.01890851835176041
-0.006635985273562614
0.04182728083028734
-0.0003726804175520997
0.009369987037385515
0.032973182478246356
0.010318307606886849
-0.018903973903110136
-0.05652798208984275
0.02973081428556852
0.038732598600287015
0.00715556841976727
0.03259794336364609
0.02854413754284343
0.0387294089713672
0.0010190559633666686
-0.0028278543376390568
0.011632040145026539
-0.02279045401484602
-0.04709036066419422
0.02299240252748513
0.01831467813119514
-0.006959011890791032
0.0025378592049533134
-0.02125310425689944
0.02124649473699187
-0.032343847159593944
-0.014810923571598722
0.05201672547575586
0.007322904144719655
-0.012117069114691273
-0.019681896113233902
-0.017581471055951464
-0.03719370267386448
-0.00592693673579811
0.007473737879348618
0.009595420821575574
-0.025150895926407985
0.010951474697209748
-0.05480743720261234
-0.028095465611340038
0.0007590803323554997
0.015669729328254865
-0.023516330353969096
0.02409502792826212
0.001941016169983989
0.010054793581059249
-0.014000077815249628
-0.007843622898607608
0.01522485862883723
-0.03942329450987351
0.001991537776699311
-0.017171080438033202
-0.012476659001429996
-0.030592798297053424
0.008175362230897992
-0.0015404697005208271
-0.017398532236064832
-0.031047426703717358
-0.04399938847974326
0.0705274052500119
0.019012832939837986
0.022512671104150606
0.0011666878462770198
-0.010396641755835207
-0.0010839008416683236
0.014652017211668018
0.01633474719970165
-0.008277999411826236
-0.00465135133323255
0.011332163259480556
0.003087580607113332
-0.013099922335835533
-0.10347973422173633
0.018719440110945507
0.03295138861078059
0.027053568944272625
0.028693296916395706
0.010567801385541578
-0.003186286061535657
0.017687149609629027
-0.026537540652626868
0.04275411197081459
-0.013042870629207498
-0.002323324033374384
0.06111578527677723
-0.0002929793080245598
0.01859606948025997
-0.009105257170458287
-0.02910112208379347
0.006217086342749418
0.05919649407434395
-0.03066595242192782
0.0016987105604344451
-0.0020424149097218593
-0.005864923834440307
-0.0016758349887396131
-0.006553829877790811
-0.03287324714735428
0.0071904328069175355
-0.05041597058354392
0.035667305006178644
0.09566144045026458
-0.01328468783677126
0.01340547201097215
-0.022521789343558564
0.01123625443968805
0.0025102624575437976
0.025649790818082517
0.017816914059976617
0.006849527888930148
-0.026694447739699572
0.017821651830104885
-0.013931276469226317
0.019962227592575762
0.014237392716616119
0.0020509291541943096
-0.034823127585680375
-0.007157444383244372
0.007629439163547665
-0.03486078570965942
-0.008760201505475627
-0.003854016187208179
0.013528156455903833
0.02083015756362048
-0.07486284871516002
0.0009145628630083443
0.00709717171363964
-0.010712556527503489
-0.017225714228178358
-0.06990017780859173
0.0503868559229341
0.04451049406272606
0.018143775594435915
0.029608040670509622
0.01085424720635253
-0.019219665119987687
0.040842726761679424
-0.012674472692144325
0.043519419860593024
0.014997259436982761
-0.05543463615213166
-0.03493392985175907
0.000541255947105373
-0.02525510384216269
-0.027574439100645373
-0.014693057608166563
0.016034802578218522
0.015046747573311025
-0.048139074447251316
0.0407045422535664
-0.03567144410556097
-0.02888207711670525
0.02295985395394203
0.016864812198120003
