0.021355467967082518
0.0023815269970867093
-0.019150699160943613
0.011938495251403043
0.005171443391769155
-0.0029540963660659066
0.01042673425367049
0.0063780650385597965
0.0207150989856046
0.015621021411530002
0.035475496338616776
-0.029217225313382486
0.0145465851320856
0.029194040706744476
0.08648280768078995
-0.06119729142768172
0.010147833932458161
0.010616281823671808
-0.010164984154974627
-0.018514316058453415
-0.02341110197246266
-0.0030871324379423714
0.020916378939957177
0.012384279230509727
0.011106740739587243
0.02940679749432897
-0.0027026634901891338
0.03216248324313902
-0.028565546503547562
0.07075093609445439
-0.03731922261634329
-0.0030555192453081393
-0.02741122251955402
-0.018607697323918686
0.020761529233550197
-0.07722527772034951
-0.013871844021988647
-0.018465622853264887
-0.010771870537039818
-0.004140131148163677
0.08552950992739855
-0.00984872066885719
-0.04021909184335082
-0.0013959650305696823
0.009685072992707844
0.011766498067094077
-0.019445365131749402
-0.00341641838902485
0.007996290753703504
-0.016284035779930105
-0.012507414698039064
0.025015097080006498
-0.040184176499899124
-0.017486369636756427
0.04938943889721528
0.00022785995617569845
-0.017695299576768284
0.061539925989808716
-0.02422810260546398
0.006694544198077211
0.015228306893177473
-0.04001721902465473
-0.0007167995405111134
-0.01949932444191075
-0.005805277399946712
0.02339627536012431
-0.03037023454500161
-0.007977585936491692
0.032005360806897275
0.06193275081338027
-0.01386137981316306
0.06405557346170682
0.004561524448746516
0.008848994365547428
-0.03096676172243063
-0.012217157043123658
-0.023139204605130477
0.019982802953468895
0.01737953203608311
0.04146009745073857
0.014069947646753865
0.0669341883113012
-0.04706128796495853
0.011549839933730807
0.06553509072559131
-0.010585670949477889
-0.02945596322096337
-0.025651170695071026
-0.059936813227480124
-0.02627401344522481
0.02071302668117138
-0.026783896830168977
0.03153706317904504
-0.0133713293294501
0.0042056569302015645
0.03729064867093825
-0.03207629203091925
0.014056501909330079
-0.016118791708039718
-0.009799378817606522
0.05343094242815556
0.016758354352378952
-0.04004482923421499
-0.053137122175385104
0.0031355018631652964
0.015606900089686682
-0.017843420324887848
-0.006206721110578075
-0.012704856690885625
0.010869010846878675
-0.04057639837869792
-0.006763907848464243
0.010326211681994426
0.0064448097976452625
-0.006870374998488722
-0.0007987567609575288
0.03975427012684999
-0.032124418833632123
-0.00636258756321177
0.06254355285983637
-0.014880043168155522
0.015818862167906754
0.009805494120848019
0.011231247386968613
0.004460953162064964
-0.028903974870304175
0.005172700778264749
-0.01081048922475575
0.02828766820758034
0.016366920887262645
-0.03941816503423406
-0.0710205599733729
0.006320015245889793
0.011540825547186452
-0.009971297555093378
0.003940655362889228
0.004618742520970482
-0.03279338469555679
0.004191716333056251
-0.01845697221954529
0.02984381200662568
-0.015575653867702195
0.008318967085926053
-0.04340322753269184
-0.0011548530514898635
-0.010121240570600548
0.047551777580687724
-0.06760144960683417
0.014251865581680845
0.024851553574938772
0.028414746615108066
0.0038887495099550915
0.021394197878088685
0.013088038463473055
0.0014737581201033792
0.015209145065174392
0.08680171905136583
0.006546024638091126
-0.026958893785166808
0.02405392555644721
-0.01076502020628322
0.016707722469719386
0.005834895732277069
-0.015261442672349124
0.05250492976580342
-0.015445921966582806
-0.008610922318991358
0.011664257548700412
-0.01967552548079768
-0.024079025391418513
-0.003201849255294283
0.04184536087579782
-0.043485140126460396
-0.003916285874654874
-0.0003878105233871414
-0.0021517518438480543
-0.026221509227492782
0.02226200155145661
-0.008272019301925232
0.0054069106441994585
0.04723223482792466
-0.002561122765392586
-0.009537432731853129
-0.022584707605255664
-0.007036135272906448
-0.03052622653042085
-0.02153989464921449
-0.023621695689128076
0.0006139813401545251
0.004261173055655738
0.027022343115217635
0.0035158330953849602
0.029290628957009783
-0.016212211686333085
0.0126796715010743
-0.012128938237405613
-0.02387162536105376
0.003351161091034749
-0.03610533894246054
-0.02750672547753272
-0.005022402395638561
0.08120423663264137
-0.0633376509597855
-0.014632981890554954
0.015604947745896675
-0.025915677616174373
-0.024305013865516326
0.006369837116725029
0.008790008396226111
-0.010035604264296163
-0.01514983494730087
0.01230140422687964
-0.01498144634773362
0.015350516006555535
-0.019297549916255655
0.025475105539638415
-0.0009897096097728339
0.005357686402875548
0.020021918981302383
-0.02804181224859823
-0.01642506732189048
0.013781158755520495
-0.012157063716575305
-0.004773511960351073
0.027683410969812087
0.034131642180826795
0.021822240642196834
0.02665400629287435
-0.010790491090982311
-0.024231880291435637
0.020111184803465913
-0.02915440496615274
-0.006200634484450504
0.0005795039177032444
-0.023587946886042887
-0.009472204700990732
0.04371097596213558
0.03789996511452248
0.014739457761433913
0.0009178200977354517
0.01730977927615156
0.0513260900656468
0.013030007697176984
0.006477880212485897
0.037447220141907725
0.018168000427586695
0.04771150335470252
-0.04452583859573288
0.01923197222107363
-0.021103142496766588
-0.034268936405127334
-0.009853055281619132
0.04776755399643415
-0.023531197703850436
0.045314026452924566
0.042138914076176925
-0.03134252477886149
-0.016242942170884483
0.014558262068556932
-0.05406752033184224
0.020907660609917316
0.0208147054341767
0.04512034135870827
-0.005903331675067807
-0.01146868939187361
-0.02178119788521098
-0.013759037971029637
0.003863180123728325
0.027034751974372558
-0.009958985190006098
0.03584871647633689
0.006851725154436781
0.03934506158659134
0.02464207973382807
0.020736521150435394
0.005209598519516618
-0.03011721597005277
0.004828948535668046
0.0205981659791033
0.007756406882094833
0.007454976672724216
0.047053078452684936
0.0011715965202305668
0.08064098344611989
-0.0013393278444879546
0.008243137719190576
0.013358078962135096
0.007369583847797394
-0.01914253663797483
-0.007185938080527597
0.004170949494101542
-0.05125301470371227
-0.03344844131727618
0.007307217963171159
-0.09888785687742693
-0.01591292746113429
-0.002164834215940642
-0.05981942042105789
0.014428422097796807
0.01873561971894215
0.024431495379844452
-0.004837533529983547
0.007599835728704355
-0.006110259982776217
0.013609819210019056
-0.08462763214637423
0.004596457095698591
0.006988444197204586
0.001627846622707096
0.026146398330018493
0.03234507796252719
-0.05291055916885086
-0.026618154214639506
-0.02828685069076904
0.037212394806063274
-0.01775878440655582
0.018909412544553087
0.043168116116043626
-0.016299246950877276
-0.014224831004251709
-0.013487696038459285
-0.053210145812189996
-0.01864886074827164
0.020828784257076266
-0.04419141868407701
0.08222664547778835
0.02314180496194577
0.016656219923456485
-0.01639332526849306
-0.03831405644323125
-0.030315571868351
-0.0483829099853468
-0.023718637147664673
0.021727111589008582
0.010310975444358111
-0.027678852089931025
-0.022221215444468125
-0.025208782361526558
0.07980992605654276
-0.02510017411402072
0.01128833523212059
-0.03743325533715851
-0.034980992824483165
-0.011659520938566367
0.07515204562537502
0.010477355385286392
0.0023317790481223876
-0.013872240581633175
0.0033442376658035463
0.008238162708400837
0.015333231781314743
-0.031239130976001155
0.027811861162454647
0.013094814777031085
-0.004341584317934267
0.05035946618984255
-0.03715665384880708
-0.02343268186439027
0.009066728699769478
-0.02352508762539469
0.024229403578595175
0.012428313992373029
-0.012502088290272885
0.030072284374880603
0.012679938383887528
0.014862531740189566
-0.0517376047559766
-0.062391335518732535
0.021194076817271094
-0.0019749198587670613
-0.010902735871151531
0.046232254791367965
0.049681993916489996
0.020440736464220507
-0.005188771042163987
-0.023383530299829904
-0.017549946981888703
0.00966165258101608
-0.05109347276606309
-0.04144196967851628
-0.006175347888430444
-0.0574565123481431
1.4410536100894801e-05
0.03918948487194588
-0.00480371059321117
-0.05865257337949499
-0.003818488812310998
-0.013309100953574857
0.024729590466252477
-0.024479935799839102
0.010676216724902645
-0.026788820349271315
0.0277771671075015
-0.013618883933924781
-0.009867139329749681
0.004502856752030424
-0.006249423926076468
0.021456636601008768
-0.006855676522487765
0.010713193415519752
-0.03593413989475122
-0.03383906071622739
-0.005162586635255615
-0.015097457502560403
0.012615438040137424
0.0031427816275369372
-0.055043632984060877
-0.005594576255386499
0.028059313143165978
-0.010245561684521136
0.007659751863756649
0.006597079908307578
0.03230098431438604
0.008708031427915824
-0.01877211419570674
-0.055957171893717135
-0.031241971135336027
-0.02240909292274968
0.0071050264944189714
0.04505257311051451
-0.007737214379521835
-0.004648740853890243
-0.0010666806670643072
0.03204868474556735
-0.03898494770098911
0.034832369634967095
-0.0058360500329035165
-0.01324968227774033
0.000663514450458222
0.003887310702274006
0.012912781433798636
0.05065465666278439
-0.0002235762345959226
0.039650306640202054
0.01071663998351584
-0.006186481280277222
-0.01673085281299242
-0.01704162980292526
0.0018184291780766419
0.031007370042314072
-0.08733019501632715
0.03890510384476616
-0.0038328964843708136
-0.04608894232527044
-0.01855942847649014
0.014924694132554348
0.01876116222168753
-0.002044269037448603
0.013957604656751315
-0.05141403005557173
0.022462646001744684
-0.022808076410613526
-0.01068662477682281
-0.04054318829444716
-0.021642812394107043
0.015371195910124105
-0.022224347491727182
-0.031512786953389736
-0.031100848239737886
-0.020708260746669354
0.022971028694372585
0.007660929244569019
-0.011870530786931345
-0.026612865718977308
0.03340622466282578
-0.02119011247428096
-0.009929449127339271
-0.005666610610853863
-0.0032182792173382647
-0.007032823221656623
0.011302675303051866
-0.008238071786970808
0.019592426919026504
-0.03251409779225218
-0.027901824292109096
-0.01284511451618797
-0.005253333593351789
0.012112323983723259
0.04317543398457454
0.036624199916579885
9.965247287561463e-05
0.01655308241713317
0.008512623922425367
-0.04839317528155061
-0.000975240958392407
-0.01960333421987991
0.016906696244878415
0.006591642291511648
0.034476817299783254
0.0705738139081577
0.0262401939341676
-0.017296856558502702
0.017409425505367164
-0.01780843768638737
-0.0009936645801793137
-0.0018741005927414322
-0.012809360645342105
0.011745436248891017
0.04778694725859196
-0.004958365310673462
0.007588979752712537
-0.014309399219601471
-0.018546628705277075
0.05401869905409801
0.014402465867648475
0.01035182427611703
0.027637213296700446
-0.004371101145756554
0.005173950654426458
0.018124845094951637
0.018050588159983855
0.01368028605214293
0.009114816879782996
0.018051170793271804
-0.03186877214051392
0.019614502972522704
-0.009992235218610424
0.019901580767597116
0.01641636588252735
0.0014004588043278706
0.030912525621904375
0.03313077942755654
-0.04711653727704597
0.014587543772172664
0.011386146474456167
0.01393358826642222
-0.022518292136752882
0.038509898394224175
-0.019645803530918375
0.0064630464821479276
0.040225778043009766
-0.01086815005816787
0.019934802775399045
-0.023073858448382976
0.04125319090331002
0.027777888352506105
0.05894547564843357
0.03402031285135473
0.003366893900126314
-0.05753024807545566
-0.001650614555789775
0.0013824390716452074
0.03253674080286961
0.022430759546749293
0.01841308876153356
0.02921872006199407
0.005935365063015922
-0.01420949134524816
-0.009422065461119374
0.007458444781118442
-0.013681548289033596
-0.056006250892297015
0.021438368635958483
-0.015215160470625346
-0.07914222549047885
-0.040621520428122726
-0.0025601368211694117
-0.011367476249875745
0.0015596747715645512
-0.06249786957380274
0.025822938324972546
0.032357671988023286
-0.007271542234007532
-0.017981154131547276
0.030040547291061242
-0.021913690719762027
-0.04948690061346806
0.001332558224815166
0.014267773007813928
0.01689214584325692
0.023789330599343492
0.0013956033769081662
0.004515247626028341
0.02896028399324941
0.0024814467751398004
0.014480915090909235
0.002356071968862321
-0.005763464577448026
-0.005765024814390057
-0.006947228352934111
-0.04781930839370056
0.06299044393007441
-0.007958942996771693
-0.040709711991358255
-0.008699698302820741
-0.009143913171821323
0.011162673526869532
0.011324315423085688
-0.025300580223316205
-0.015192957311752719
0.002953588898739383
0.0005942464205613787
-0.033533225943376814
-0.0029448315766804675
-0.019257796389586804
-0.029508831534761158
-0.041226769378334104
-0.051823260106545414
0.007958147210130134
0.017593460582123813
0.004592070824746345
0.026513229923865397
0.03251420697658822
-0.006222431476966012
-0.021028465846963395
-0.0005986443449534874
-0.0035154974266821777
0.05438526285753475
0.009147751455919952
-0.039143114692838835
0.025064247287115326
0.017300936569140578
-0.0091022730850728
0.018603599332539182
0.01260313062213011
-0.009592409772688743
0.01872829316954241
0.06475380448960562
-0.018297008419293073
-0.03639633876898658
-0.019936199241704932
-0.027056411154385958
0.04171870491079705
-0.008157026967907465
-0.06161265019255187
0.023485727495292697
-0.007548456736907321
0.016605504407644887
-0.02910669932088606
-0.02419007870224281
-0.007193483456584858
-0.0018238852591340425
-0.004856219300228219
-0.042213418221347915
0.021377679354732636
-0.021212332916077516
-0.0018819630090689877
0.03444954795238247
-0.025797102154639026
0.007549677918106359
0.022693573006061677
-0.0011508688571986948
0.0014847213547911529
-0.011839412666561421
-0.005551800475427386
-0.0014039394999415728
0.021303603194818097
-0.06087028731568515
-0.026622818667857144
-0.020898833829220614
-0.01033506933828829
-0.01280554578952941
-0.00841613238983735
0.030215531063784867
-0.07063148561334358
-0.01622958861716185
-0.006447114553410672
-0.0011620547480789972
-0.0020933306633960785
0.030065027104630396
0.02398036303835785
0.023015000651904146
-0.028520470511623326
0.01934175913594858
-0.00028685412184708924
-0.030343843957545254
0.017969739707122942
0.02607447879497888
0.007022948852199825
-0.012069828147453302
0.028991580314021808
0.014366170954519425
-0.030508005439910345
-0.01167431224246169
0.020759702915499178
-0.022887450961311617
0.05910788265194919
0.014352065055287964
-0.02198814065192455
-0.031104000248743286
-0.0006051008651838343
0.03238722206885343
0.011330771550358833
-0.03356863426919063
-0.005806406215521356
0.022952442160914622
0.01667368087052404
0.026516370122627052
0.005552002236660467
-0.0009385539069261291
0.011875665594676163
0.03174229275297727
0.02804764829370123
0.033636610142800304
0.0024315054653896028
-0.07602170843641437
-0.019970932073763808
-0.0314418393647419
0.04033725091091819
-0.03953527403570037
-0.013136485694157275
-0.036879663761219504
-0.018265654163480225
-0.014325023704526934
0.0028015470668949147
-0.03226311822355402
0.019516002167501902
-0.008388235759104827
-9.539905856133421e-05
0.0723205593647755
0.004248708248203461
-0.02021654567101775
0.029948827302922917
-0.042833561073888096
0.00904829646526211
-0.041310146420820086
-0.016887833974881628
0.010088771703716672
0.019441956717945276
-0.0019620692019053183
0.05137041837374072
0.02287046279044628
0.011266338376093052
-0.02765589294899174
-0.027129098554654674
-0.01180762868777636
-0.013927084609279095
0.07388919079874655
0.02453696914408464
-0.05624515986678177
-0.024619122045733067
-0.010839267526993478
-0.01688844762575631
0.02636639711159725
-0.0038451139719697463
0.014957701786468382
-0.027815909811910896
-0.05191588895107123
0.009206075772028506
-0.0007062227870531886
0.011643296943066869
0.0026488383810952002
0.014287972412696321
-0.028917482847236185
-0.018194081148300283
0.012234237910233333
-0.0019153270835080038
0.004923766199938647
0.020242598044590707
0.03229665686702398
0.0017500307022542659
0.053289719190963154
0.022247030972915343
-0.00637477453660347
0.007062828366676576
0.01656233886840963
-0.0017785917944783012
-0.00924420112374619
-0.04465108949319193
0.01729917026579782
0.01341472447388125
-0.024451531549848186
0.03836432568265516
-0.018976961884665137
0.038610132437884845
-0.005031707549917046
0.013949760991038769
0.03589628066575884
-0.0015540771866947296
0.013654214376663126
0.021843827043270637
-0.014541828654912962
-0.0037382641553334265
0.04759284641684677
0.03221997104271112
-0.04754920049630016
-0.03923725840703445
0.029596240974647886
-0.009054897180463732
0.013566596033461395
0.033609906050974414
-0.06723346306015265
0.0013774242694572381
0.0008508302750147357
-0.011441196685699049
0.016519356899956567
-0.038563538288022246
0.01047003441687966
-0.03585938468444118
-0.03212256890235309
0.020832413800333103
0.02717768018084749
-0.04653265901404932
0.04160218401389118
0.022733205243771818
0.0539301891234314
0.011103437756890159
0.03002792522152151
0.08103994116993073
0.03530027228515439
-0.0022632275229917424
-0.013472512024532337
-0.04033223992045867
0.004928533545520736
0.020907450636862356
0.022842052300794766
0.04525681425468538
0.021747794400485992
-0.0061487050115078675
-0.008618076246589123
-0.02708151949895334
0.07504215474627517
-0.0236603211629998
0.013470827898703878
0.06978026591134619
0.011712968786791234
0.0011478375591419236
0.020458976235958437
-0.04051800211911654
-0.00631321801911112
-0.03349390038901725
-0.0105992604989216
-0.002720920352637171
0.004435099927023846
0.0023241766350447384
0.019869647124312318
-0.0018919887894314983
0.023524728826740397
0.05432000138580497
0.009347557830467307
-0.011427577019389798
0.00013247296158855776
0.022515123140523327
-0.01086091281537379
0.003129028186612446
-0.025271627270118474
-0.04307928932938007
0.010020110540692916
-0.0442867620213902
0.018154266044994215
0.003480471233699387
-0.021388283753888137
-0.021938550091111116
0.036030873834070325
0.020778949552849254
-0.051846516537140626
0.008919867666202438
-0.028219458322820874
0.03607304989830064
-0.03678551956233587
-0.01964287662069226
-0.03668581544362759
-0.01392557914972205
0.024203047753281918
-0.0067902093283725585
0.005200705849396966
-0.004472580562896002
-0.003133295869449616
-0.020980458299200033
0.02973757731659989
0.013953031225725792
0.01563379329037617
-0.008266049911750652
0.03577003257506788
0.025156863974485466
-0.05916452524140934
0.01110502710960901
-0.033876316827993934
0.011374627674765055
0.0062645904179915056
0.0027728877699757064
0.017702434093515504
-0.00830903795961309
-0.03918638658026158
0.00930820880312563
0.033030606053949564
0.03919756860968053
0.024891109791584
0.06733998934494388
0.069645614721171
-0.0062356920026668
0.04558640402596763
0.0627555081575434
-0.004666466644056626
0.0021081792596831057
0.0145782341092392
0.0004604300388703779
-0.025171420609150584
-0.01853892132826668
0.010624094064909403
-0.01927603065405414
0.03519416810035792
-0.011907030028761915
0.05769711906055544
0.04301172209477078
-0.0286677104626468
0.034607689677885425
-0.013554672543131157
-0.008359874160079502
0.005544502106825824
0.008848242220662106
0.02115374937524535
0.0035162814233133492
-0.03680342759912748
0.03623633156342553
0.002697689025093284
0.0110333856989275
-0.03851332371300315
-0.07398881074531637
-0.022761876634450288
0.012922594317339688
0.051464857181608266
0.006033951107873247
0.02548042871198206
0.040700102099041756
0.028932524725090544
-0.016594449012475317
-0.012024646807226437
0.028525531870331265
-0.051237212779538126
-0.07133382393382383
-0.018094386454970877
0.03645836868673597
0.0071657435749194354
0.006011875909284292
-0.07939392006311445
0.009649764209359485
0.025043264872294742
0.020703948624751098
0.007167455731346392
0.01717355053560281
-0.06995237939246719
0.011715428506632588
-0.024723744379328897
0.012539154478037662
0.0148923770499928
0.04422147536192606
0.03636146436211242
0.03222059138282669
-0.04238707444600629
0.011283292075761737
0.033031030984895224
-0.018051885317246965
0.03838565656128932
0.006054394642213955
-0.00635054081548985
-0.03614322978882882
0.006798918336521422
-0.00459064555296827
0.034400943591059
0.038239675347007354
0.01337703217748836
0.024161431918295853
0.05496518847543806
0.024579074770891187
-0.02303990634178543
0.03131884297973222
0.012024207559766334
-0.02776277648515431
-0.012148885851684001
-0.006042445061204642
0.0015700869648931043
-0.0543225109253332
-0.014355462966370955
-0.017486367457330218
-0.011691605052091776
0.01762749582645572
-0.00023619169723423003
-0.009110512063727877
0.04134431421639841
-0.018218187530174627
0.04750964264162856
-0.027461105772300185
-0.06804937951486033
-0.026159631219938216
0.008838562426283472
-0.014780960518900689
0.023115875154734754
0.019562430811134828
-0.022253539155626462
0.0072756175045535325
-0.002618659264344992
0.0063731947526707335
0.02852403935653063
0.004491027690728059
0.0024585707276648066
-0.019012242921706057
-0.03992083514358445
0.010398160299399951
-0.0006928495047195763
-0.028985708370749316
-0.03383382254261632
0.05104870610709677
0.02694698630594872
0.007879498426220547
-0.015485061881434238
0.054000341120129865
-0.005244932413472392
0.06841360609381497
-0.015083656328278718
0.012461167329461847
-0.02321957202743908
-0.022829131891916724
0.06919830991879841
0.08209052636413197
0.015443629637601318
0.007922954741017438
-0.016998607735434223
-0.009512405592188005
-0.03177493581433811
-0.0017511523025265006
0.006367113886043234
-0.0019534448326628856
-0.022101232393525825
-0.007821365446540137
-0.009252652331582257
-0.013539903729415978
0.024987044565136892
-0.017415248411518928
-0.03822282070390636
-0.001395693513190333
0.016705037423774962
-0.0003795042262785779
0.03677319271406033
0.006698042355071486
-0.033892343650447125
-0.023197580003284365
-0.05024972812516984
-0.014615095450322852
0.04459135600412403
-0.0015670007715170478
0.0007295851925810193
-0.027139568489539082
-0.06474162155172414
0.03470741889982015
0.014167591761407557
-0.046281158756055665
0.003839416028840329
0.0015031161468304953
0.007450945928175483
0.025120377765960118
-0.006965259110152926
-0.012607586681943797
-0.0007030447526486552
-0.029537126173429046
0.0064341072812716974
-0.00954671069631962
-0.0020969060599796132
-0.027775205668645497
-0.0005930364741327644
-0.017732571062795313
0.0112094517926637
0.010098421398478327
-0.006894578569919151
0.016185227646901938
-0.014154235976559406
-0.0012398849074692405
0.02838928144105018
-0.012357859125304987
-0.004603233077652894
-0.015320506238110841
-0.0423519258410766
0.0068821144643528565
-0.023715944236280578
0.0013244477338640807
0.023533452555893387
0.004191248808035017
-0.09593707487236683
0.013856508344591956
-0.05818856027434346
0.06615462099622557
-0.01934492297121887
-0.003370615476950936
0.01731989018840208
0.012241157534906956
-0.0003146542772857694
-0.002826442243188829
0.007326219703566231
-0.0307245235993165
0.023373914654795793
-0.00048144202775612493
-0.001977865928142115
-0.015467214332872615
-0.053458439708399176
0.03368795171023537
0.008396306294263306
0.013969546250484024
0.01594515101398614
0.08538372606780521
0.007118121187910777
-0.000648096870247998
-0.01187564267180687
0.03532987654296263
-0.0017410371268325095
0.008812525381315618
0.013109329827636552
0.032515452962332915
0.0019612563841745296
0.013375505766455801
0.013089397277890604
-0.022171212078632974
-0.03939118161722543
-0.0307821899290852
-0.032915227778392904
0.05636903431681356
0.014972114871535382
-0.029964440205389808
0.015749961558301145
0.014341766381595665
-0.010119606960852645
0.05740463694998913
0.004945881717142362
0.024427656457360943
0.00484467607122768
0.005857375626014607
0.008350714690264764
-0.009958631833811042
-0.025711852076545937
-0.03299367021030896
-0.0033830207048715093
0.012263066224040001
0.013196333428533711
-0.0006423447106157202
0.004262805693964319
0.003463448399413386
0.008799717857434669
0.029054072337428283
-0.01586655873900517
0.014928742536780164
-0.020588066170966892
-0.05533480077815893
-0.004751270240231625
0.0015563411399664069
0.01615776855262482
0.05828120828957412
-0.02648225387548457
-0.04517457588058666
-0.013726042263522786
-0.007672828921364953
0.029643617045350384
-0.08765025390831568
-0.03157009239289085
-0.023113383198611087
0.01687752055572341
-0.025183085155808284
-0.006215448465744534
0.06412338239414736
-0.016822077226454936
-0.03335694080672259
-0.015342919645403264
-0.018851528081769132
-0.06932087276271076
0.0028450702527080397
-0.06133659110156094
0.0006900865236543907
-0.0326503774490753
-0.026667273091879013
0.028994975420517426
0.03369852493558088
0.04327942901738678
-0.03915820157324655
-0.033416301758124295
0.02006089193026466
0.03236691895567115
0.04355540438582072
-0.060262763106038626
0.046587415923705744
0.008616124058150619
0.008851114467860565
0.014637464576433808
-0.040214214690894125
-0.004956426945262165
0.009083044620180525
-0.01400649304836443
-0.041599903893621504
0.06070258600886254
0.014438915376943397
0.02058813323103956
0.05550497847320343
-0.005383015279085777
-0.025062728139752175
-0.08366507830536128
0.057684267932460884
0.035443260336144596
-0.016446299632008627
0.019597898916676623
-0.0469863318897884
0.006551949806534342
-0.047507786093344856
-0.01842042964251401
0.0018316371822451566
0.03451022014787363
-0.009090404739698774
-0.001732319055594252
0.03756314588309947
-0.023727427025190765
0.014185498126282638
0.009280166227787266
-0.004462158129970545
-0.027352282330924158
0.00047853805832459714
0.006145686414879367
0.01811264200244573
-0.008542662373064046
