-0.016450144119727936
-0.01801928587649097
0.04454337018313567
0.018056801349972305
-0.024656715639455557
-0.027472995077074146
0.026231360450461778
0.044909341271529665
0.006717353965425095
-0.04088192290054703
-0.003476084612812035
0.0424530594323531
0.026041610179270345
0.0602423247458302
-0.03359075306061744
-0.015958218783014524
0.032089445065635
-0.008027012208033837
0.026545823837391007
0.02370467991035853
0.03921028417157736
-0.044358986644661945
-0.03116375551297495
0.023822745755617332
0.005537255540121983
-0.047725208501674166
-0.042041485081388295
0.025518674709708016
-0.0002725961984065175
0.03103437867052721
-0.02437666352707581
-0.008343520920238464
-0.06894376170754468
-0.003008063914429232
0.01432956328919376
-0.018248548029266988
-0.036508549799555715
-0.004389786193490527
0.03032743618941523
0.017851229490540972
-0.012664461265047833
-0.03622664997509043
0.023271736583709398
-0.04093900870682911
0.03415524724386255
-0.009601268227405835
0.023657343799557896
0.029809214543095177
-0.01831321048157533
0.013055553011803884
0.0015789162551456903
0.010602332049117862
-0.0036007274890738307
0.007699523261604531
-0.004876986461990982
0.034426668462872165
-0.018699139129453816
0.008900547165575777
0.06800969798630284
-0.012201176474261742
0.001009528528303962
-0.03085035315435008
-0.03417624108851116
0.022834371383421172
-0.02015794067475492
0.00041006515852424596
-0.048746882224990004
-0.03066646249633417
-0.0031919765629017235
-0.020288119749108876
-0.03392874497203615
0.033019979574876894
-0.02892707763129947
-0.023142912706556003
-0.04329590752596718
-0.02625540187127725
0.009035832347572246
-0.010725878312888699
0.0030173233616535276
0.010611489520852549
-0.004170460769646645
-0.03905827317906288
-0.009153801354225038
0.02927681870590137
-0.0023617672303997733
0.03402221718157184
0.028726220322996064
-0.03435594465160136
0.007347139279537694
-0.0008827128948898495
0.02924870567747222
0.03605881800565686
0.02599392773343623
-0.006392431680046979
-0.005859617338897138
-0.003230315173360682
-0.01105220868119185
-0.03425004592239191
-0.00031578109168822586
0.019908331472037993
0.021951607910422357
0.0017034527813742466
0.016147891828476667
-0.03196473987403019
-0.01996860945534934
-0.00529845903671079
-0.0011872676655467348
-0.007380290688972573
-0.06071793161409256
0.0001616244879831621
-0.027695845881118144
-0.002442888251989192
0.00972545189463391
0.018960536420888616
0.009897503527576065
-0.018611743764147703
0.033036937682481636
-0.050720055391578485
-0.002332127749824012
-0.07983674756220714
0.014140427609731727
0.031420197379647005
-0.010627688519186959
-0.01384458816639591
-0.015489713892133649
0.005443998163643239
-0.031210882415941294
0.020607152303360944
-0.014599335780898776
0.004851037019602644
0.018689468278124306
-0.002043658812516977
0.001878158606316145
-0.009105513274824199
-0.0443865246637093
-0.02637178565321456
0.014706364825714826
0.011222265259174812
0.03101829101867942
0.0017823968978971454
-0.016629195918977907
-0.022487473860946735
-0.024371326321543155
0.018386718631109026
0.0058936656180319374
0.028122209719007522
-0.02860421993782539
0.007012113668926617
-0.028729404367351326
-0.02874469265096666
0.001252188003038973
0.02021415019883115
-0.007325387786492833
0.046469841925492736
-0.014379404666316035
0.03169376028487564
-0.018230928962594584
0.018994550766943386
-0.05755222752681904
0.035043701346417454
-0.03480717015395303
0.01816766003117509
-0.014305804988795818
-0.006115665825058032
0.036658737577732546
0.04097797188778767
-0.0032993139692146303
-0.022812479875221524
-0.002466956785905945
-0.00800930652131658
-0.00566298432549521
-0.027845366899343683
0.018162610382945154
0.03087456737172503
0.010566962347480417
-0.08513709411987115
-0.009153576174423531
0.019742089843085456
0.009832227602777362
0.018987193394721574
-0.024053579877877363
-0.0033249828595855653
-0.037725922454095215
0.03572506098693552
0.030668889618996022
0.005250740786728212
-0.03529139727349731
0.019442084067944298
0.016831261533605573
-0.03593842111054729
0.0011911802204882284
-0.029974772896742816
0.021092608324956037
0.02327238023412182
-0.011501065651218998
-0.06316900654709903
-0.03206742142643334
0.0034619608611472998
-0.08024053778770406
0.0251909153711318
-0.048425959407238005
-0.026101371717318016
-0.005087058432874385
0.02513057602543931
-0.046978665748403245
0.0026159415848632877
-0.0022461784783038
0.012675619732028819
-0.01761671539668823
0.0611930507114553
-0.04487204086246736
-0.03911934545354931
-0.005300710183117339
0.05116830782370037
-0.005898744927143508
0.01577579479339392
-0.010022038585725352
0.024034771260654154
0.010357572955873449
-0.03191306859894212
0.06760805951528907
-0.007916117892418419
0.04740758131785485
0.05362867005877978
-0.014431068325175048
-0.013745882509267381
-0.013074700830742655
-0.018071980910326624
0.0068015403683725625
0.015327696711570828
-0.029280536843235727
0.015659423915653878
-0.034603900492890784
-0.0014443276598263255
0.05187522250779892
-0.03381247300071334
-0.03826147670255675
0.00857192057224272
0.021073181329830437
-0.0016837411262935454
0.0047084325756709755
-0.011785770760036288
-0.0005169558671346265
0.008858952541577732
-0.030657044692183808
0.0004746787177100634
-0.006904995431214842
-0.015766592575596244
0.020831327875859378
0.018140061306361022
-0.042861729455430334
-0.06349167737094842
0.029110117068281025
0.030028808348854026
0.001242337841714313
0.025041189938441736
-0.019322159196836157
0.037803353800231546
-0.00014608918150791944
-0.02788399990581587
-0.009106190594846615
0.007710082053421136
-0.016652555365238346
-0.010090691068740333
-0.015694168929723994
-0.028746958507841203
-0.03654996399201783
0.012214607310817506
-0.03578277829802173
0.017501762542059863
-0.037492038323840675
0.04470426604300575
0.005802139433623374
-0.029768039786893706
0.07630537328750804
0.008630854774107577
0.021304893177603357
0.021048162243183156
-0.001275718039788796
-0.04618625682351354
-0.024942187373376303
-0.007495296001186865
0.04468698755742147
-0.013828287079122833
-0.005715432321404302
0.04269518954634682
-0.019713164052078583
0.00848754037914499
-0.004282701462876696
0.014978425793089627
-0.028269721555236375
0.0011924167112863757
-0.00016379081137372242
-0.023683704788554187
-0.04594009892635894
0.039347584058520464
0.015533626232409866
0.05003638718582556
-0.026158874917334058
-0.036096892168632204
-0.01952548494613855
0.02811711420969607
-0.0024945300659990517
0.016115228981843352
-0.03352901809967464
0.02008109989405645
-0.005571304860417822
0.0051979821610744804
-0.010661181454327977
0.011637329770214824
0.002822389842329759
-0.007509420067701653
-0.006437468410610654
-0.007962621953924394
-0.031353607927208746
0.0023835683730041714
0.013269721670178189
0.005203713382532866
-0.019920352448125137
-0.013715147696695903
0.006597014270533393
-0.019827268638961688
-0.042713393964170655
-0.0069851100167564704
-0.0010651738959726823
0.026979260879934578
-0.004180790050836593
-0.0065750045007054855
0.018919519490276378
0.04258453405222223
0.013467965559474852
0.02479706889060801
0.015634027073101308
-0.03937786821922087
0.0014358360298071607
-0.021924821613672093
-0.009745016960339732
0.018525645936608933
-0.02460479695747132
0.0370353014756987
-0.006295604007261222
-0.012244134208732656
-0.0003388233711764763
0.0399959484121703
-0.004541308167621342
-0.023137272468257395
-0.054525913429899785
-0.03628600833685745
0.021243390723763123
-0.0037065099345752464
0.012413805720889697
-0.0018693657502912345
0.012621417396288463
0.04357206134290209
0.0334285822764676
0.022087224189622955
-0.004814385350171187
-0.013397646696189067
0.008799358293601046
-0.0228515898533648
-0.014872365283735218
0.007042680549141288
-0.030698008086903983
0.02697950050834171
0.005717665444120268
-0.016581567393548487
0.015321214576610733
-0.029948207283593303
0.047071429510159205
0.019841895680251076
0.011572558736111627
3.5390225502149636e-06
-0.015440638016180461
-0.026455351510325294
0.005602299077437137
-0.02585301217148959
-0.006689386064768013
0.008026397947373287
0.006437250804044103
0.008778001519557524
-0.005830403333865648
0.0037722122001534034
0.010240182599821339
-0.015263554288582863
-0.006931025964879915
-0.018450547651940357
-0.0009414055434214214
0.0480580904628122
0.0025297302672201492
-0.001866190811165983
-0.055230812458463924
-0.031022954158695708
0.03205047690838555
0.04592819369761217
-0.08076407040817976
-0.007726709314238722
-0.02840128715027961
0.022027575022632702
-0.016611945078209886
0.003785749683238121
0.02102322936755422
-0.004829997684167119
-0.011837331260323066
0.0123339381952174
-0.015131460923825078
0.006574331966055883
0.009982706098266517
0.002359054309777358
0.022198931796527595
0.018966734956354987
0.010132906952370301
-0.024780553999348164
-0.056832269432246764
-0.004704373074603268
-0.07609492928078743
0.04297846829547669
-0.021506791140350427
0.002933742674657664
0.01880195016904531
-0.036735182513458996
-0.010242852006381772
0.06121615143767926
0.01670288462621096
0.07059062885677131
0.025939642173381038
0.004605593461574401
-0.005710456458282485
-0.0015165155713332188
-0.03043093493664407
-0.011936237633203136
-0.036998293021301365
0.05660837163291975
0.008939717215919846
-0.012383266820584358
0.0335452075527981
-0.0030905083456447616
0.021104295593988538
0.039151717292199295
0.0387775011899457
-0.0017257220556382209
-0.030465847664452258
-0.009148895416534087
-0.00750984878468926
-0.0468226176096512
0.020442861867264586
0.0374549843499733
-0.06838281368711553
-0.02309659242469472
-0.013193065309954026
-0.053643891783558384
0.00886109415665834
-0.018218189043408696
-0.004681340886362177
0.006411536606258398
0.08547449234447144
0.003926037329085581
0.012393066400095397
-0.0016384185577417863
0.056493023465879616
0.07211175006169458
0.002936438778095959
0.009820538953109258
-0.01447721474967649
-0.007480972681238726
-0.015245621143293829
0.06527585239267736
0.0008811408494711414
0.03883890516083351
-0.01326357834576133
-0.023161137594980844
0.011975373311396881
0.001129808634713213
0.006973105463598067
-0.044436425460452476
-0.05283060808340537
-0.008044201553358611
0.04703360493849923
-0.0110811156286533
-0.029795206594235308
0.04502121118925027
0.0016449782525310064
-0.006748914266809846
-0.04191213947786992
0.051864567933774634
-0.042012747586760185
-0.006838062430922723
0.10995478503872108
-0.008501632218949059
-0.020790763694658747
-0.003662567656675482
0.058117300558032776
0.07077523311537885
-0.005924820186088687
0.008751455718194393
-0.047637485816008886
-0.00434768261118089
-0.003191302662372329
0.052134947956127276
-0.008311992502716702
0.0076637123629022435
0.059384380741102756
-0.0056034375198466555
0.013577311413264436
0.02112251778918963
-0.0025896381272301075
-0.020762865803535032
0.008408639231549365
-0.009345347448899453
-0.06755494376087566
0.04327924398994595
-0.011721493562742305
0.00711118994305168
0.04056247926717141
-0.06566365017238425
-0.012821081022351064
0.004397587901086367
0.0033627631123836522
0.024041398123527714
-0.022462327601852832
0.041072117784502954
-0.0014167394190719334
0.015678987954895484
0.018596928562701606
0.0055159917997075055
0.0013546219714172744
0.041916859650213134
0.011105265270660414
0.03272044659333152
0.02104755841615347
0.031206187326947583
0.02026236411682475
0.005566207788225742
-0.006695207222819977
-0.012190172420220129
0.03398369677084525
0.014583360570436271
0.01699414052454078
-0.014823000358033613
-0.04301080200146416
0.020966454024402587
-0.003058969940538194
-0.011660940046761631
0.06732630671476048
0.0029257285489836925
-0.009803317681120423
0.007584493348537193
-0.0097298469620724
-0.015558247835631667
-0.03252932472052313
-0.0028397075888668423
-0.059938923940241376
0.03025942501698967
0.010401314038912476
0.02263828709596255
0.009405178369146882
-0.05905136991270442
-0.00450050244325709
-0.07150702569333203
-0.040084539212801196
0.011741823138128687
0.023483429131178686
0.00837023622189378
-0.01745547101399813
0.008782351478931763
0.016391455624864295
0.02886021065618603
0.04011749759609445
0.03433691453674021
-0.008106833864813801
0.016118414876946697
0.026937162485038357
-0.004362121189023687
0.037750043161385166
-0.005479274183629276
-0.0470913184389972
0.0009790336271397763
-0.005432087681327407
-0.007373227054068848
0.005690574238981071
0.03127180661234709
-0.025703018173199838
0.028143998552830292
-0.0012604441126533516
0.010029049281625013
-0.041515968319572466
-0.027116062553478044
-0.02755764146234033
-0.034402810594503286
-0.02495505914144285
-0.021901671659503085
-0.0010474311008666487
0.024154506289159987
-0.02232971283303026
-0.020970301811068095
-0.012496530635413094
0.0157250065698695
-0.05419400098549947
-0.03329696102428778
-0.031882569813136766
-0.0047728570916327935
0.01408327806443776
-0.014304790692630548
0.06291550961094089
-0.007279464822363862
0.010567570445524033
0.024111539289936045
0.0022108912773118835
0.033364929289302826
-0.009380703254201891
0.012366661648030202
-0.031499772447560984
0.0073313210056181405
-0.008880269064845101
0.01874981932736579
-0.006605050342826265
0.041455782365407465
-0.033109509610740856
-0.017086107872340175
0.0020536694302995292
-0.033260468733877196
-0.02471480513163325
-0.029791181399453658
-0.004514720873920007
-0.0070922328322816424
0.02068648378562827
-0.009761796535889461
-0.01010355361853969
-0.011614158839412239
0.03789041094501636
0.036547436699934086
0.032986044336739025
0.004967141210875755
-0.00914788613494679
0.011881339631492419
0.007849498020973938
-0.00826345236889748
0.018259516787732424
0.032911775926569124
0.027088771925737977
0.0007037712672677089
0.026689631690237955
-0.034580154220049626
0.025097738116944265
-0.010859142733832186
-0.00683227634849981
-0.00888076209011534
-0.007705385724784788
0.019895228446020836
-0.013524970412203146
0.009349317328293227
-0.08167545965571055
-0.04702066291898113
0.011214953100449806
0.029091353865398233
-0.019353799156732313
-0.046146316348027426
-0.006365338075144934
0.044411960558567956
0.028198971706838
0.002274163357555016
0.0195873122532188
0.04279192240586102
-0.0071506519596050665
-0.029496774293284615
-0.0007889629729944536
-0.011365116657965578
-0.03931042014474363
-0.008724581738419121
0.04862059240780384
0.001134840619750721
0.004319961597758675
0.011525259575531388
0.000996260887678613
-0.056152877620543405
0.05917452140632995
-0.02217180793857454
0.002160627347657276
-0.003227763190794428
-0.02759600247262013
0.008680150723449829
-0.04261909633157816
0.005653946139050688
0.054082356789188234
0.03716073900316428
-0.03696409280217108
0.02704652466928704
-0.019671769143839574
-0.018324504564210406
-0.021510883099236863
-0.030986339828631304
-0.0339778842958009
0.018271361997385268
0.03741499007296965
0.006077771947707129
-0.01124908827437957
-0.035605362371513016
0.002257338585423811
0.022470225215009156
-0.003129728976292959
-0.036656517587649436
-0.02127272945506512
-0.0029049377105998266
0.0108263514764452
0.04541895879460496
0.0024375892927267673
0.006857239925823017
0.04107311701388321
0.04944710173614006
-0.01690134806934445
0.034375687612743705
0.03530437499007406
0.04460794826411423
-0.002910030731888124
0.0280161905326729
-0.01611342282127969
-0.03788877216005207
-0.010956352725815119
-0.00947558935838991
0.0027224716641706063
-0.010810855409495035
0.0004252287363512749
0.030449803449908833
-0.021794597122640647
0.000801439603340445
0.08146704570072415
-0.016862214659518752
-0.0501287055941321
-0.09391160266844825
0.018276980593840236
0.03645870999228191
0.023625784946559383
0.03845181083778983
-0.012542756089085342
0.012727488670632349
-0.018096342023032293
0.0008535765077093984
-0.027748286662399195
0.02420527131415842
0.06893309837915948
-0.03476210920827035
-0.004192899977646023
0.0031202919383498235
-0.014808935801957768
0.05598684134231515
-0.02985127960417632
0.00523635910805481
0.004500457073880509
0.030833046845359167
-0.0017396030298802605
-0.0013281049585781508
0.036091622355536576
0.008500571211050105
-0.01078743832428411
0.005022783787340205
0.0009311062248720723
0.054200489737932886
0.006115308239161994
-0.005692577519497975
0.018593525755693063
0.028800365632340418
2.2111656492552915e-05
0.014946369055526846
-0.007124151944141964
0.007946226827319313
0.03788538351050841
-0.0038992047973129365
-0.02041442433174873
-0.00963361775185458
-0.007167567796690177
0.004429422167707156
0.011925015481762365
-0.0017590005321228342
0.0031920099275276658
0.002367389118741545
0.04027413843924068
-0.021482854248705028
0.042740313281335617
0.00588288649930641
0.0203305079680414
0.007183063149846866
0.044444205387467954
0.002885368812114563
-0.011920060547879413
-0.004388985421086662
-0.06907534469352333
0.03257969921619133
0.015095609628405886
-0.035642278361423405
-3.5235403166575487e-05
-0.025559274459886965
0.024297416479458368
-0.05166328185601847
0.015178367322091855
0.027521556153580273
0.01572406064657738
-0.007340217499106899
0.004210721843440599
0.022641001268023
-0.030161860746107955
0.01994967451847259
0.04218629933476153
-0.004982462203444742
-0.056529563488201595
-0.05790783138469301
-0.028330697899742442
-0.019262879339762295
0.018416260121049285
-0.042817565765158425
-0.012952489408200468
-0.02447329608621894
-0.019543115459844933
0.00022712605068289852
0.010931424397565703
0.006962428610020567
0.033715639012409614
-0.01262387898839468
0.039152186354858884
-0.017296466419136708
0.05547519484175424
-0.018512654601292654
-0.01787445898178513
-0.020323843498451313
0.011626207780992288
-0.09121030025324484
0.046908141067396
0.012950648414134569
-0.05473414195226485
-0.00754954593871892
-0.03269830750677993
-0.022339137905959275
-0.005582475183301003
0.009378736923623614
0.05424492167723382
0.024010859476284063
-0.0012147455081911048
-0.006482278504293686
-0.0152564883024332
0.027795395988850186
-0.029324427382478823
-0.03403990389976172
0.03569230798756075
-0.022236234538737784
-0.03566602967415667
0.017976299209597396
-0.0339930720661122
-0.003160947683689116
0.023318442117779444
0.009508932348488751
-0.03432056894277305
-0.03765057319525691
0.05543198878442886
0.038979998360757606
-0.04563375490906181
0.052094407372552505
-0.004753834929726007
-0.04984248773993274
0.039135005900409275
0.013188922841380287
0.011515078453602902
0.02321301146797457
-0.02236202550593644
-0.007867619697835388
0.008301297870983498
-0.013598813842119929
-0.0360486515495081
0.04066548300489253
0.05804339625978532
-0.0039510488414219586
0.010499271227827322
-0.07445710891842466
-0.010491592491259015
0.05263459013542689
-0.017546011706749985
-0.060308416816368844
-0.011563388742712722
-0.021917615549052333
0.0006396877455806682
0.030244291598665454
0.02236162873967339
0.02881474496566007
-0.04405260382598002
-0.008718646614132085
-0.013875860682693822
0.006504552527670831
0.055883797134145194
-0.018814501794949093
0.05159571359587397
0.028926266153105482
0.019743389064076643
0.004430588566918854
-0.015200959229190462
-0.02019148503054418
-0.0029239181663507684
-0.013303652201625655
0.07050118518747818
0.03594345370476289
-0.04923814728251014
-0.013072459425567342
-0.031582915385476515
0.03123207780713667
-0.040470976801723416
-0.06596383872385211
0.0010664933857011227
-0.021215973733864798
-0.02327657059056023
-0.026772690384995454
0.05691032216288083
0.007092765964043028
0.03328717682808282
0.026092458533493207
0.0018490824261784636
-0.004579094637652903
0.0328701154425682
-0.020182010807086103
0.016013166433896536
-0.02504973578159475
0.019617011136548936
0.022944480975442053
-0.031499275336739845
-0.02180051683708323
0.1273434821681388
0.004401725106472925
-0.028065930580902253
0.04316473094985932
0.01072511427699028
-0.05787362082829565
0.040572053131367136
0.006836124611228312
-0.017114193585083436
0.04347029737566869
-0.0008564901501125647
0.03210626179303516
0.015390353924318352
0.03103106085074075
-0.0036831495242791073
0.004588625977843088
-0.01719976052752395
0.007971430429450864
-0.04092036725697899
-0.007861099074188202
0.034349042126058035
-0.04896071132468502
-0.07785455373663898
0.032836832310257684
0.01880824109875143
-0.019503544263117432
-0.009190761210938687
-0.003092376614141885
-0.03684098869169769
0.03916854668124468
0.02653014119516493
-0.06724416028785543
-0.02549068757492335
0.001659288937053278
0.05564047016738298
-0.0014061801388130053
-0.06273975452313639
-0.004829298099821759
-0.015492163972467485
-0.04359419096308857
-0.041268424503838975
0.008495635064282846
0.026603521480616052
-0.043374005940025356
0.09184689795091622
-0.002355976079903156
-0.007728379714632021
-0.009866954107396677
-0.03112546561768473
0.00788214597828529
-0.018121905481844714
-0.015343065682010402
0.08084487702653459
0.07322657776955205
0.010719274944627953
-0.03653227898280069
0.028642973213092716
0.020667645715580225
0.0142119600581713
-0.002115667586547291
0.025351499264566174
0.020728356180571568
0.006186353414471065
0.04492808041150397
-0.016398219680043385
-0.005760291167993019
-0.01659085530489116
-0.035653841935303014
0.00017594059932952356
0.01502429453089297
0.023047418275449257
-0.00044236095168458296
0.040295767135774076
-0.02733111730030604
0.008217374815637104
-0.00833994714527532
-0.008287106684552953
0.012637707871454679
-0.06932148996021807
-0.009506472731063554
-0.019960516059052406
-0.01306248024181095
-0.004094779557957318
-0.02566066119555453
-0.039649905129762866
0.007016427816804969
-0.005392993591404207
-0.02486346658030267
-0.029400373342490425
-0.005468711502844762
-0.02961581710259576
-0.014277745447379668
0.014100351521683404
0.0005908294958165289
-0.00877017699805213
0.02098834929778211
-0.06940139804155081
0.006983372890563401
-0.01058280793500627
-0.02650429175889568
-0.001523268104087971
0.03607969942858927
-0.013318030817630649
-0.03298996731193102
-0.03278086232530299
0.002323977815418759
-0.0085164806779607
0.0420065648759936
0.005339028128843511
0.04653712411681021
0.027657030055908097
-0.009263982448340825
0.013248572315156427
0.035993897798958494
0.058989315283079366
-0.0017712436585136113
0.018344103191409538
0.024199079768616998
-0.0001572366760717548
0.003491367304422272
-0.009730855765649209
0.008968102907922179
0.015199805300406896
0.005739960814770841
0.0740047182177652
0.0017379828598179665
0.0016135929141249312
-0.01984830216881021
0.03726386428208768
-0.04504286736579078
-0.049762803711609564
-0.012100238822095745
-0.0001825839658698348
-0.013235953717801244
0.0033661470670841723
-0.0034601662152302904
-0.0041369723045508525
-0.023102330758814002
0.04934248977046659
0.037947657898536984
0.010301337275079633
0.007294768152721298
-0.004926253657969533
0.0017659863448850476
0.02999855345917093
0.007037141640074895
-0.025220563144154218
-0.02567857570932251
0.018760501410097163
-0.025149622868272093
0.026123508883158005
-0.0513740819566344
-0.0325677160175545
-0.01567678735243666
0.012853611527332703
0.03938952909292991
0.016419942502115446
-0.03944831919423441
-0.03528728410879456
-0.00810458665538949
0.03041602760815713
0.016754371248164607
-0.05828113312792025
0.010843111752898274
0.01695852036697232
0.013312420301152116
-0.01227199486323594
0.0019121723775835985
0.011237234126643379
0.03387634699763172
-0.022104789572464208
0.03133337724623442
-0.015036566591595303
0.020332059604383487
-0.02017204833139275
-0.01780122820856456
-0.0076546014586439965
-0.032827243915147276
0.0067369719703291725
-0.03885888381536102
0.03013920188892013
-0.03164058572171375
0.02748730300738164
-0.002895141849017006
0.012953153275271755
-0.054864833454127696
-0.001601062951280359
-0.008643303223736756
-0.015161643298643755
-0.04298603398447804
-0.004381269500977591
-0.0033515216422741515
-0.022526197503618114
-0.007756543469054965
0.0043306272099001356
-0.011327426448170315
-0.006945622127759896
0.012542213273921556
0.002025534640899317
-0.018984297781793016
-0.05990140318227013
0.010472169821875843
-0.005447015984881111
0.01242476182066105
-0.0022601083830141957
-0.01908510059466626
-0.03620453402734107
0.008324902651180558
-0.0022608849983603357
-0.017182280596452736
-0.023485276190935482
-0.015744411775507006
-0.010974650946699832
0.008008442862216062
0.03353669916769269
-0.028401144189297598
-0.024809692521557198
0.03568846683694045
0.022119220315348766
-0.00938317537860872
0.036754460452485864
0.02300489483644382
-0.01359148845925205
-0.0035865963773647966
0.015416952391216857
-0.02092336371233479
-0.036171790311257085
-0.003933107439211875
-0.017138806547316206
-0.01916168571527098
0.020945021077282522
0.0206001008378217
-0.019115703034286523
-0.04200774581099643
-0.005175180014300687
0.053889909633285334
0.03390607931079157
-0.034435859153215696
0.037141791817465686
0.05565458763098437
0.00483985342943666
-0.03433684618313936
0.0013720405603146488
-0.013303331874362
0.0034459578484330672
-0.012740137089739048
-0.032807548881607536
0.03344737697154818
0.0017405842387034002
0.01763206545228081
-0.0072887327466013415
0.05548251493756514
-0.03866602140045357
-0.018831991747657918
0.0221216721149512
0.049203062593213616
0.0015630404108547954
0.014768976721434726
-0.006558618828745688
-0.05109508050817217
-0.015964026704349467
-0.037545981296747265
0.009724210111096844
-0.010587553959950579
0.013165867702168325
-0.0460778762581918
-0.006842632335467987
0.011074866274013922
-0.008952660740237445
0.005267036693632913
0.01571981605611774
0.03189384848550028
0.007939662544142016
0.0500817473514148
0.006065459643282202
0.010128888809137725
-0.01540295697109744
0.009323275505660021
-0.04439256057740582
0.05949414310765428
-0.008480585293281166
0.01596953692621995
-0.02420292952651944
-0.03423608294249245
