0.004050926307557775
-0.03141855237442506
0.04008137237835107
0.012136240687931222
0.05656050168788551
-0.0005796547251300275
-0.006348537578602812
-0.02285035401817722
-0.011221920353890897
-0.032817998961770886
0.005596654434022866
0.0002400730454122755
-0.012331538962301826
-0.02653268223354839
-0.001586701283261874
-0.06673215716891033
-0.013816752825771125
-0.018390831527622775
-0.042008582719778816
0.01893912080341913
-0.056401290024566196
0.007526786559793756
0.0012463297981283455
0.07413303355783096
0.0027262360829966863
-0.03763633673758032
0.02563644750526097
-0.0073520691369074395
0.03668717101750249
0.00128635698122259
0.016681125355000003
-0.022016489878404204
-0.017984426061524814
0.004074849223383597
-0.008923960494887678
-0.017793099858615283
-0.037545174215666964
0.035131847017878894
0.06186260448216186
0.005540054320114586
0.0015921419893813057
0.014565356587502794
-0.020183269807582706
0.006466853567073466
-0.0035203759263445003
0.015046520020932479
0.018387561821872882
-0.021055601787726114
0.0070925734823601904
-0.0040635703856203905
-0.005992070704858469
0.01408263622290897
-0.053455032413221866
-0.04715334925398936
0.0013078139477042338
0.059065885356716474
0.030974778567920476
-0.0003023086252928977
-0.021554924327337417
0.04293474009970916
-0.057695274848027535
-0.05617546148508193
0.013054513577472749
0.001199321939262685
0.01768751372741611
0.015310321716245348
-0.002294301557044138
-0.015413276730165805
-0.06764450058189356
0.01163093101005243
0.01501144570718452
0.030907017539388074
-0.017189271311380795
-0.041252410294715325
-0.03470266115362187
-0.001318221455734291
-0.041708399127877493
0.04951225778450507
0.03518412085621263
-0.0055033422256122394
0.031514684156564325
0.013977860424184358
0.012439758768675643
0.035398204510348474
-0.09179427208045296
0.026611485291202153
-0.02766226680936144
-0.03543886035957913
0.002385555849542392
0.013369316719200705
0.004995180333011067
0.02398177035460914
-0.012794194010224497
-0.04720180811724153
0.012470902639966102
-0.02869300045714076
-0.00963898861865088
-0.040943609392925705
-0.02190471388673682
0.017619581005910462
-0.09774163866487771
-0.03902005467866472
0.013852424912354982
0.04974773082340013
0.005256565175047281
-0.012210719444765379
0.006678969475609013
-0.009252009005351365
0.0033906079211611425
-0.03407875589148173
-0.002424968297142114
-0.057475876243571415
-0.03233971558929844
0.037376177664343715
-0.010316358847151933
-0.0002695377673136016
0.03047224357499772
-0.010081785519153608
-0.037838026149691395
-0.0720262120783106
0.022089481323185934
-0.006584502697625188
0.0242063040720543
-0.004764559607034798
0.0004061353074851141
0.006696794997343517
-0.0036314108069542554
0.020759282883495826
-0.015017396470478303
0.004898734715611585
-0.04189759999245213
0.016228088818093473
0.0072100068229817744
0.015731985980601694
0.034591230536800965
-0.007686923293034946
-0.0061319549314810045
-0.00403375549648785
0.013988327356459546
0.014820977400169818
-0.03929187208195857
-0.01524297560247814
0.026274588066568856
-0.006028341829458646
0.023121151873809257
-0.008167249098111402
0.011937519253564531
0.024886431340123107
-0.004934578845413285
-0.05101258015554876
0.007666726835250432
0.02192384690953968
-0.0030530253023908008
-0.007673329409237317
-0.0024767429362539555
0.021419025268247655
-0.028804411752406313
0.03478174239016686
-0.005354348498791031
0.0320709956038108
0.02346545106844133
0.020332019117896345
0.07817721165451286
-0.001551914114273295
0.005953663276053768
0.013269537319817531
0.013595014362263623
-0.06354697587245814
-0.004093026427192773
-0.039402718607811575
0.02342580074104851
0.015195465547832965
-0.018932706590478993
-0.04638073942403918
0.02333309475965696
-0.004938289334725585
0.026841662777755015
0.0033697872906270493
-0.0060263014669202095
0.01650644860302333
-0.004110257350310305
0.014158925119844986
0.024036569486431243
-0.037944258739668425
0.01951333665882489
-0.0453411891613646
0.007354891390544473
0.00893450244531267
-0.0595038570226689
0.0056456954473282925
0.004103350384708256
-0.049180989243577534
0.004731738401378926
-0.019352802724627017
-0.015933614770257114
0.08859812848117103
0.017375426164309097
0.031122295993148082
-0.030459608177863126
-0.011716977126211347
-0.00037764308293148746
-0.027894466170218117
-0.021756191968443264
-0.024774104243666783
0.0184158696285497
-0.022402265265508727
0.019270636183456664
0.009749013532672764
0.00388259441275338
0.03851589414231057
-0.014442121627509408
-0.028438032471629848
0.034936166901150596
-0.007639893802976767
-0.07435668068539546
0.0003324016796442562
-0.03123028561968588
-0.05107169655051073
-0.06419523515606497
0.006817518815390614
-0.053685116717044706
-0.005948042014901142
0.008427990748194345
-0.006445136668502245
0.01789251777543938
-0.016559662610019003
0.02496061696849369
0.00504919626378091
-0.017361117197459607
0.05980855226597729
-0.03644335907002412
-0.01824448941880212
0.0019456730616692233
0.034736647583959696
0.03372949795272431
-0.011955879326781028
-0.002711511995956962
-0.030534045844661146
0.015610792065723784
0.0034520855986658328
0.008221315365571526
0.004795493989472187
-0.023547269096547706
0.00565817509082191
0.02859258970193799
-0.020835131917137664
0.027571384457286522
0.01216941281893887
-0.007236132638608863
-0.019923986938790397
0.02978545468891098
-0.01635740968587863
-0.05578941424507545
-0.010971156862604062
0.018064886287619694
0.016433344441507982
-0.030899996915292913
-0.015310595266176254
0.022014293800410346
-0.0016723556283721535
0.000268752804909154
-0.010628704866374671
0.007219632413990819
0.011374891744427972
-0.014836378942203896
-0.006873024753674328
-0.016908963208667808
0.0008816320479608878
-0.0234238795851173
-0.001768795994248237
0.047467780009149134
-0.06973816150003591
-0.011501473713153404
-0.02115223797138171
-0.001161798526768786
0.07466116176634403
-0.024280702013680273
0.017822251949398894
0.005278384282579347
-0.007577048865193203
0.012866807426892574
-0.014580170891860025
0.004213236869099894
-0.027923639991223156
0.009280468521613966
-0.0008595068066471729
0.061506130493743795
-0.01673715029842941
0.001215781890944337
-0.024512811848716436
0.0017668005645409045
0.007930163830750278
0.015310741706406462
-0.029320084949089453
0.02718740737086654
0.018055274760255438
0.00031288331860010823
-0.02782091484342619
0.030856104444669345
0.01405194154662565
0.02894354260521234
-0.03896100629874398
0.01165763625777826
0.006406119531096978
0.020855717164645005
-0.028701853291842716
0.002448081797541551
0.019277784649760068
-0.035032742411385216
0.032878809433977335
-0.008212501925923687
-0.01622478915609889
0.023651201764716166
0.01890793566896185
0.023306318468541202
-0.021652440351923305
-0.053318704049348256
-0.007772990959458576
-0.014441608393329655
0.00011066989735693868
0.009018921526138632
0.005889062396080895
-0.050768553060375275
-0.011582509750039698
-0.02909517293709933
0.030960419356107844
0.013853259217683154
-0.04441423931102387
0.01936764339611728
-0.03487063956221212
-0.03880985478345624
-0.04664526120063468
0.0017509548518277636
0.04921395412213505
0.014968507425167471
-0.008231575887171329
0.020186677578166386
0.09943926395657356
-2.8199533628339717e-05
0.07585416529197382
-0.025914489658421754
-0.009185963478672345
-0.009012150968772276
0.0040054180566167896
0.029659460044119484
0.04219994140671746
0.014926651342762817
0.05496523103748111
-0.029261890107436746
0.00935062511584261
0.031063531904255898
-0.03809863386454176
-0.04643026244161972
0.015424288947360665
-0.007510520163421984
-0.021579071672136296
-0.006770696584644165
-0.0017924707402650055
0.004978223885344213
-0.0037993234586653156
0.029658227601945534
-0.024399886084538552
0.066518998338353
0.02123723921613438
-0.031338420246135645
0.006980928621959077
-0.03518586464260188
0.019724039001832415
-0.012037946155317142
-0.014111580600729982
-0.03847649779660674
0.031233367407317785
0.05863391663579998
0.027900925537715244
-0.021616952879683984
0.03028650816466768
-0.0006847974991464265
-0.020873829459278688
0.02023495727275515
-0.015902015321196592
0.0258722904353237
0.025734219076179104
0.018342196600246344
0.020636485590794784
0.04787245829487078
-0.023407352131385437
-0.029448271722196752
0.024372271517723934
-0.03011754724524143
0.032386026393192664
0.07082026683353658
0.010460405752819419
0.0002579029601870435
0.0046339324155627686
-0.006127432485842691
-0.004236515321011266
-0.019609335327612464
0.010808145639418369
-0.034867363537529124
0.0004581811862016241
0.06639255611788049
-0.018313208435629422
-0.034515787663464685
-0.009605826368901463
0.019763111906267547
0.027979735250140334
0.011103041247308256
0.016891355915739082
0.03793704348352727
-0.020453368573627884
0.007992424764532696
0.003767926376685921
-0.0022656958633728934
-0.0037143023357086784
-0.014810676186357454
0.05394116884328196
-0.00019622681886632883
-0.01061455039364385
-0.0013010411307631982
0.016501965501630255
0.01652372717151508
-0.023771908585642973
-0.0006875888619070218
0.017023108817404962
-0.07334894157263148
-0.03349499253937177
0.005811220462678637
0.05602030668774567
0.013718911069618136
0.0403224997509265
0.06150805294159765
-0.03389450059773003
0.05332007582727188
0.02950453171453969
0.0033223462367914717
-0.021828509251410434
0.04245653326918709
-0.006013547296998868
-0.004049013953657277
-0.003294609131029839
-0.010820388001288267
-0.03434828830657472
0.022436929223467544
0.012394712595931974
-0.026549310511501025
-0.008781487140562025
0.05012169691639639
0.023280622641713548
-0.014874564807062016
0.020400754924177943
-0.022333445302381672
-0.005209049987190727
-0.0713450828770405
0.0355505916076366
0.008855606862670241
0.02482810514302717
0.015582924688130061
-0.037103693346202664
-0.03806461380397111
-0.020553789055073216
-0.03887021930207904
-0.022242338595252115
0.019329788854874314
0.022646539578261918
-0.04675366388032569
-0.0028248386199039755
-0.02308764820957525
-0.03955207562942171
-0.02346887926336743
0.017366841853220957
-0.020782833272564114
0.005510043093515587
-0.027657588210868018
-0.0078032155873185354
0.001420659914572403
0.01759950818242584
-0.011151725239516014
-0.040942960914949166
-0.03350307315277512
0.021075959764539402
-0.013199263979975484
0.001757920859764575
-0.022934386258816285
-0.04109735044467378
-0.0467670694790262
-0.03532048008914379
-0.022278690155933326
-0.036282543002176953
0.037451857164377225
0.01947543799768153
0.10448743832281852
-0.0854488126227848
0.02560529721966215
-0.016708518295881172
-0.01406651254120675
0.05112266300352243
0.02028667028558179
0.03162903990128181
0.033309314927400524
0.008632092044482719
0.022295640182596586
0.014337740194189819
-0.03360198764368486
0.013828450771458509
0.021910905130948215
0.07834098869871009
-0.0017567105211080155
0.0029366984718585338
0.031142509370622844
0.002741031102452157
-0.023104240343552674
-0.015934274034243277
0.004888125445299663
-0.018924681319228753
0.07250108715536534
0.0026000536576066373
-0.012116906159639429
0.015215815512929476
-0.08171451482352857
0.03205244663316067
-0.019853446228840457
-0.055620016948559475
0.014668155503709016
0.016371733096877627
0.008067345014852801
-0.002509035587120103
0.009570790548650912
0.06794540773281643
0.05575911124255289
-0.014310835660053374
-0.005211238679370116
-0.015287412756542619
0.0066763135973366755
0.032408025513435926
-0.006995197235511399
-0.002685654097438816
0.017685574591844805
-0.004284694098065541
-0.0022590352591788996
-0.04337415267123486
0.04437775331333173
0.02662603113014425
0.005096100575053487
-0.0006583443739312064
0.002388338142926187
-0.019576952921609568
-0.026859207306566005
0.02345571574555278
0.058470215639253184
-0.043337823352406685
0.016801471486203166
-0.01229788148083816
-0.004387252546830838
0.024476323610725905
0.0230226315726398
-0.02491133273339705
-0.08094803674033255
-0.03886385457951772
-0.03636160631405682
0.005267452196305139
0.005040038934384886
0.0071880479086160335
-0.01181623785714622
-0.04927335293143816
-0.03592006979612471
-0.08529303156916565
-0.022680472841921283
0.03779625011825471
0.0017537077040025478
-0.054588502788064465
-0.014487792880266704
0.0010418452720031154
0.021265043189218378
-0.019114237638983157
0.009617590978572782
-0.05229620452411506
0.07402409365074904
-0.0005091654162511954
0.004867755479193478
0.004004895854681725
0.0026268697455853218
-0.012698068199503107
0.019085847073891233
-0.01046385385624679
-0.0014933846856742708
0.033624512599531295
0.029370671676937948
-0.03183479696317168
0.0186379927252948
-0.023309310314736098
0.011132276821808115
-0.02217366232352413
-0.04756887939118194
-0.021436442797820154
-0.0370202488981576
-0.014854437977815155
-0.008230681761273726
0.028780839848469585
-0.020695560324126113
0.0038437264170495585
0.008844951391224421
0.03311839370942982
0.005573856642380211
0.014570888410971617
0.0025454856074434476
-0.013093564533335808
-0.01829791707134099
0.03828359563734187
0.015307543347572714
0.04129945889219807
-0.04371028877164006
-0.03480731221928631
0.034915733370481414
-0.021082111548934124
-0.0014221607592350652
0.043598685537028
0.014032872658544037
0.02091869572070535
0.005084069783343646
-0.025814293625365817
0.020851543479370616
0.01044803561418702
0.005861315722585089
0.03595226705908462
-0.009756836542420778
0.005455706122114877
-0.01588974745287564
-0.017024490973015102
0.03857848676924119
0.004737389409567766
0.026034328803357026
-0.03863240326165739
-0.05799977300526929
0.01275877019036179
0.02004951680885286
-0.037194927357005504
-0.027110620446819233
0.04405198982793203
-0.03683649223841513
0.02748556919278455
0.034921453938847276
-0.00900606774128174
0.016186915305855958
0.07261534573728474
0.0025785904537886286
0.041713928064776175
0.019840333501896932
-0.028619367603231152
-0.0235541054558657
-0.006879292175029397
-0.0012038721682776953
0.0424576410203197
-0.0007736812165725276
0.0030705256172405293
0.004506866947088378
-0.022392187377819915
0.015039722566074552
-0.02563543545643963
0.03741758809720705
0.04161801691673866
-0.056991783504114504
0.016816463836403624
0.03056704990805933
0.0015640977464916716
0.028406137816186432
0.030179271999155172
-0.03466721088771147
-0.002031431526928166
-0.032030673248471586
0.005976101084784676
0.0067219454933216145
-0.01656313166267125
0.017010989495288804
-0.022357625781538392
-0.014342989604681163
-0.05543260028384748
-0.020756187577421297
-0.014518375433861383
-0.00046719188332505556
0.0004606026417397459
0.012315841222562574
-0.01726598139078771
0.0032779944912274496
0.048739609949536154
-0.008464001725683795
-0.046817184884710226
0.026816724238003825
0.004597059928705673
-0.025133463469401644
-0.014875919806788566
-0.04011986255749517
-0.013594963454336811
-0.030055883632443565
-0.0427448135363538
-0.005868180433550696
0.009032517713278005
0.00073930992519253
-0.005038008545072559
0.0022907879183450327
-0.018003674362441227
0.029220086578539875
-0.0031175663738288928
0.02442060100497635
-0.024199649952572375
0.002861765328701388
-0.0021029541348216584
0.059914105325953364
-0.027574648288121867
-0.01248865795892948
-0.00916343347065697
-0.02388137954563665
-0.02438829272652466
0.05185419775157822
-0.00025270292011125574
-0.020486058569103075
-0.025087170459647718
0.033576997798379374
-0.011543782453971006
-0.009040197874749939
0.003636189600111917
-0.010327322298037754
0.025989855691367015
0.037623553711795876
-0.015218615889298879
-0.005163749216410435
0.0075703195402884475
-0.02884422989869367
-0.017114576525843916
0.024955779308266146
-0.001710257739442152
0.014981304548195651
-0.0002699663487362392
0.0077383007529137435
-0.036945792655162256
0.0229408171447969
0.014510671165113358
0.04464414151217652
0.005072444755478063
-0.04709806504744332
-0.04433650299442129
-0.005116652415807628
0.0035234945730987562
0.022019970084478376
0.050342813934137795
0.0702824934845223
-0.0021619294646827896
-0.041514085762823505
0.0015299701019396588
-0.024786342384048265
-0.014964594180382054
0.026411695314987025
0.009022124706276223
0.012093262284744602
0.0016629740986025144
-0.004878281518538523
0.02790531907551371
-0.0025991810044204504
-0.01719660378563338
0.0033434542671069638
-0.04882763917330738
0.027079167732104736
0.029229936827207405
0.04652213254935314
0.02754723448539339
0.013538488013524268
-0.047792008839074925
0.01984396920214861
-0.008140788415241813
0.04955097328568165
-0.02289162328654157
-0.008239223690935625
0.015854026730180507
0.009484170696182606
0.0020608522085866633
0.009079194044003404
0.013096167671773252
-0.007504140346777491
-0.002095494795268749
-0.034840916496986736
-0.002237693192298822
-0.030727329403425672
-0.05196451082238648
0.010393514089530318
0.00885130406749529
0.022047974022289068
-0.020279483825530555
0.027521226900373796
0.0011230520740309795
0.0508339920838169
0.005645403919634395
0.01653006899791631
-0.014568604716808127
-0.04303964061704674
0.016188896767454653
0.02746490908886636
0.03572062561590514
0.0244266347332848
0.005040177551938396
0.059832082571522255
-0.012870775120191212
0.035504490639546776
0.0009722876752225367
0.020193188615272462
-0.03338066386745639
-0.0234777420933519
0.026954561596518614
0.01962825989376141
-0.03255004308272706
-0.02007871178660884
-0.012674152454659813
-0.004170900160614309
-0.036431206677752966
-0.01449931272997825
7.531613097803053e-05
-0.05233302589582956
-0.012999018475474172
-0.03791365711321831
-0.015546916213817982
-0.034433178583495386
0.024204573121944763
0.02492625621122239
0.020810760241762486
-0.0190351539380789
-0.028047636237891867
-0.04977226412493186
0.025943535836805354
0.04633701587438809
0.02865735825268177
-0.028197105504978587
-0.04918483787841206
-0.053190799592690484
-0.0004717247814117007
0.005915415750654426
-0.03448515446429355
-0.004674562096512981
-0.024429743972039127
-0.020116475137922217
-0.012697704164931474
-0.05009356446603953
-0.0005097138054271896
-0.004106206535747881
0.031088116583747213
-0.04609628489546982
-0.0020130506172141315
-0.04673871963920968
0.027653585846629143
0.008550651858703297
-0.01823306235912216
-0.023432272619345898
-0.012409259576189356
0.02142198449343185
0.007862925411749643
0.008351258518587881
0.026456124573781614
-0.02122249313933556
0.029322916286810177
0.002259514525612394
-0.0022890287907198297
0.02090000274923633
0.00048007172229168685
-0.0016876451497613368
0.011075616302394458
0.015981296528503552
-0.008791613633393003
-0.016589845252760554
0.01324801174936495
0.03460084913173425
-0.05325228651132043
0.01930313983475749
-0.008068519079431886
0.05297381661492282
0.0032448627979807
-0.021045152943078498
-0.049188041268594176
0.032790342185049164
0.017999218934920652
0.0474730345842006
-0.034704254141284877
-0.039658744400581515
-0.016197485613781343
-0.006579182395514442
0.02052044477978434
-0.014692311169189582
0.009100676871231424
0.010713721731119142
-0.014843019921539332
-0.0001341716987594014
0.062056546486617216
-0.044530666504456556
0.04117852288234106
-0.01231797335822058
0.0018717853233871748
-0.0072834698964210414
-0.009419556265310788
0.030249166876286163
-0.039575595524106506
0.02709361823991817
-0.008576445101030276
0.02830635071549819
-0.05753734949124023
-0.025513852917927942
0.0005370363023725572
0.05264528366452727
0.016619623492043052
-0.06218124010329672
-0.008300725175515718
0.013692469730206632
-0.050453366097483146
0.027902114611613422
-0.011756363543367346
0.020865534692935485
-0.010492553935440838
-0.033896200045627246
-0.020631199423002462
-0.0026752266820684848
-0.012610668372653771
0.024231054285564973
-0.018034560730412458
-0.01614887473502477
0.014064537852028037
0.04379017800441666
0.03384705526447783
0.01048685687421191
0.007223540087929731
0.01254897201913936
-0.0643231271412048
0.03631575742174761
-7.136902006124481e-05
-0.024304131196722725
0.018248152263833098
-0.009340361375692581
-0.04738832415271122
-0.03765898781541093
-0.021402478482005587
0.006254797642010088
-0.012878588555840611
-0.0404345785375117
-0.010971514802255578
0.03806225147302189
-0.020811584766301423
0.00040678949770131734
-0.03256914436712343
0.058862067652645594
0.025493170750814823
-0.026041983297168718
0.011726327905786588
0.03456174389494445
0.021948243506605444
-0.0037182626990312465
0.004702009134178465
-0.03463404107150059
-0.08416685756994009
-0.07131814026851173
0.028366404440082912
0.019596762660221995
0.013298246450904456
0.050173191455019514
-0.004387396718397819
0.025362424926255792
-0.01598706248822284
-0.01845968663857709
-0.001784998629879745
-0.030122525913698524
-0.004850105149271859
0.005458327785707002
-0.004401813604589921
-0.025550098775412252
-0.016047844763643047
-0.006348826995715514
0.016064476733433326
-0.0004047819382833503
0.02482089641312674
-0.001105213999139415
-0.0010124536082313628
0.022275899929964905
-0.04720638632754201
0.0339042470292681
-0.007077437405823933
0.006764296534657708
0.00460469299334432
0.0066051453011777336
-0.0176838711308474
0.029615857400055356
0.030532354786696112
0.013564053833493442
0.04656020911301174
-0.003663428040811536
0.05077677010612528
0.005046912290816098
0.03488850872791394
-0.04036985564486046
-0.02368794163543155
-0.04133162431032411
-0.0031201890088676048
0.005669343621557698
0.008170910160619445
0.01583708109066497
-0.018128712695054238
-0.010166818263500807
0.02720451517060591
0.01226936904035839
-0.030451480677805204
-0.009704944683918759
0.04922136242759114
0.009442479983305531
0.012660703560012062
-0.03280568588490427
-0.011257852997751965
0.017520065083272435
-0.03558480333359959
-0.005696606125917798
0.004401313229587831
-0.037299500731534256
0.03922281141282483
-0.009087878659137115
-0.04143226019674033
0.039345667569616244
0.02610323323153575
-0.0026779038202687303
0.001899458250997525
-0.05215442505847924
-0.021296478990629374
0.016582381326090335
0.007746131845388653
0.04903148756931211
0.05124728599791562
-0.030095573882694824
-0.042586760465831736
-0.04299340600409885
0.01741310702981421
0.011826462744435775
-0.010054635755809893
0.015892022369517273
0.015253391987107104
0.01931116954798271
0.009338167720079869
0.04504027831935305
0.05697428985664262
0.0004292631581381947
-0.0018357595849931132
0.04178269849286774
0.018748817604304555
0.0002135666113875792
0.012920476418311868
0.013221663664030875
-0.015003479117148577
0.034182459421115495
0.06902344696421202
0.026842621561533036
-0.019065745500854766
0.020391066750924603
0.012197927892813378
-0.003428792697684244
0.0030230521110100102
-0.03218610060509725
-0.009608421873895032
0.014856691011835167
0.06884567033554137
0.0021633632407198292
0.059207496503175354
-0.053157632072610754
-0.03754079707296668
0.026799196025798746
0.014123818638256482
-0.02713101085886467
-0.004681481014756056
-0.01058783937424147
0.008620065588114867
-0.0749778259167609
0.0652651311219535
-0.034789588770560854
0.006558788379870644
0.019980976166170967
-0.0451064283332828
-0.001007522695119904
0.003460011332434663
0.011470663524803337
0.02196803067521562
-0.025562343264475727
0.013579480074969598
-0.010571904285453324
-0.0316586245769617
-0.009808580174120004
-0.01368483234868617
0.057800500910882804
-0.021738699401975422
0.007847635798191265
0.025923697894460345
-0.009198392710282352
0.029690266692696483
-0.0315398960230984
-0.00755134812528844
0.02012790888746164
0.03571467034226856
0.01906566738521488
0.022791853648708026
0.021014894034653536
-0.024999629513540365
0.021320111365994477
0.04299221958802394
0.016744270229112127
-0.008434204973599488
0.005003984252118628
0.004727431994937794
0.05320957415640637
-0.004757644852856585
-0.02507657631720293
0.057945942927210295
-0.02365973451683574
0.012906265487008092
-0.00810180762595098
-0.0039313652161607
0.0002635813309960436
-0.004501336080492728
-0.009441246275741663
-0.016697886548216443
0.007084787843815309
0.0189640434149591
0.030455824292441414
0.013395402938311336
-0.0314691132096956
-0.009483744873674252
0.02732152320189559
-0.009462444802015023
0.012878725785223595
-0.004142088736232577
-0.029231713617965116
0.0025492466681421074
-0.006052390489496366
0.021890095181821292
0.015774284020922538
-0.02643375503342922
-0.0032010679824710183
-0.014534345937637885
0.015994275951206186
-0.003069502923630104
-0.011986291869603552
0.011494917386955121
0.05956900618109615
0.045191316478901386
0.02406309385124948
0.03704495855938057
-0.02358199989606147
0.003604157520151877
0.011908501457748152
0.015448135959774935
0.04615562783312053
-0.0253708032511167
-0.004793453563196656
-0.008168223105876936
0.004803070905216403
0.005294526338071084
-0.005225342112799136
-0.03205834987844151
0.0060994850093839745
-0.011347580849753536
0.019910694127521018
0.02423621607634013
0.019082137303066838
-0.08618181021091709
0.010116791057515262
0.021313032379753488
-0.0018804965837967548
0.03512570458721069
0.020475478929837976
-0.006274836619160107
-0.026114945837103026
-0.02741920810750593
0.0006828818623058049
-0.02864136805693681
-0.05562598014685895
-0.015215718456554951
-0.005995377625204521
0.01609880461303844
0.008047781247011582
-0.006271337080773687
0.018406011241460022
0.02656981488990914
-0.024056737652822055
-0.03332124300958469
-0.04455070273967404
0.08144259438885537
-0.037728876995647934
-0.025005793170597937
-0.01359094466294482
-0.015788216385016755
0.037349765716777755
0.01848453229523522
0.04775444262979061
0.011909586619097374
0.04518009219816524
0.019327497685315696
0.07160399268638926
-0.008727769674948423
-0.035351188628831236
-0.025472853607225506
-0.02543651353055216
0.011662693868110368
0.02843445540892389
-0.005593770520881564
0.014010809839250194
0.042815986181264386
-0.020318158245304106
-0.03889072039956897
