0.035077106711434484
-0.04227306828413358
-0.03621582966422849
0.0003294872038386854
0.021031949474327995
0.04865712469720282
0.05397738028305939
-0.017799260654050495
-0.014801503492254531
0.041160968129293374
-0.004342672815198949
-0.02273732838817054
-0.0001840802328451785
-0.01680305817635312
-0.017604783132882128
-0.014482235912378261
-0.018246613131457055
-0.00188434836929697
-0.024482344661405486
0.009374283676092604
0.04170134690002785
-0.06969271879680615
0.026906867898744573
-0.026385519916090658
-0.04261279881442396
0.03816631018522716
0.01954002770485176
0.032988909728592454
0.0021228327216603056
-0.012940613866276731
0.00024020019440730897
-0.008180573718127571
-0.061723567096558817
0.005450758374308128
-0.004511357872918689
0.05352786011686354
0.0054690418341672336
0.029974395289383605
0.0358220691750958
-0.05048057892957578
0.003760115159098557
0.007095117871564862
0.037455395965885624
-0.001546677330912364
0.02092392065997295
-0.015567518463707592
-0.011945991404966548
0.022945915393806384
-0.08969602562662418
0.014109765302097371
0.011541975214072582
-0.05891967726946963
-0.0331107748883456
-0.024367192803694055
0.03551512153636047
-0.025439520383467244
0.07097363550146656
-0.0030306951208069737
-0.015316559851450017
-0.022518857760793768
-0.01033317718283175
-0.046606690902513494
-0.061656945868376084
0.01341899867526307
-0.02351637489546758
0.005813867774545091
-0.023919132866031104
0.06105867264933416
0.017003315388561462
-0.016584735453185607
0.04213201745693482
0.019970318095277936
0.028394925592982217
0.008612636786184995
-0.013435524527214806
0.011745580005206448
0.041947589411390256
-0.0004612964892550939
-0.022836513076446706
0.018635293081360176
0.022784109015802346
-0.01864708798408229
-0.0068139711181489605
-0.0014565542119014208
-0.012366234916869242
0.04794554973256428
0.0018341514253425656
-0.008067552883899246
-0.012964931029960592
0.00843177275728908
0.023955051832552268
-0.05881852990634239
-0.0044375271278381395
0.01151465506487895
-0.010644435311946964
0.03401183917583148
0.0908366425634321
-0.02218016571596323
0.012048980375120824
0.009109565217139515
0.004680397736184608
0.004120202035478966
0.010497921912767414
-0.01935195090678262
0.010746317049692124
-0.006580924008091341
-0.01944995150563862
-0.008394456809978808
0.021552945075937777
0.0055352310740790925
-0.009458434034558778
-0.02290344142513086
0.010419530709368461
-0.018924011242161996
0.011021952773253105
-0.004306941593196127
-0.02571785925162085
0.015680092408980075
0.05508423052330817
0.006520149509264111
-0.02180758070283208
-0.04478381881470914
-0.032574892354347795
0.010875040181347372
0.04305439650474207
-0.027941896763118233
-0.005572094696862834
0.00031260403281684014
-0.026048923870717795
0.0240576132869947
-0.02458564839559575
-0.005971026034509089
-0.019757734616709068
0.0061520841992559186
0.04089857325291154
0.004659410979310337
0.0034118942630886064
-0.02047463642801248
0.020363913834552428
0.05082332290323448
0.03668782174219108
0.060781722162941816
0.0028276390206481905
0.00798056863679523
0.00592445426008053
-0.011599970289904882
-0.010747381811957616
-0.005628393820379544
0.04797930633521281
0.01903356673074176
0.011000669189146745
0.027880448379962144
0.0072607874060602725
-0.0028744242312847734
-0.016021670330196674
0.02540892432397349
-0.03455849902970351
-0.020161902630727247
-0.015843186344607355
0.002610245067188433
0.013174972263521757
-0.021225677564976772
-0.04126514959838898
-0.022989221843236204
0.012927710970965933
0.010002600027965965
-0.006275603607452897
0.019173167207883132
-0.04832122479167881
0.029147412569401718
-0.009386149378710809
0.017139378100250402
0.024324424992314516
-0.035561668111336035
-0.027230113444528647
-0.011848126592199708
-0.010213270954465637
-0.002884076940977677
-0.011917997125473482
-0.019096738500735705
0.02242232071726128
0.01229605922515598
-0.004802768083406644
-0.007836325419174934
-0.015697402547481067
-0.015266290476087555
-0.0003369545914588978
0.002337348747255101
-0.000790503202872662
-0.03798185263359979
0.041330823190914974
-0.011093116350054466
0.005525722015947755
-0.06011372537935304
-0.048053860602463264
0.02374348459045282
-0.01028860714067167
-0.009808176606455058
-0.02640679850032932
0.020549681007316203
-0.0068724657875463505
-0.024655274851682663
-0.002067880039055854
0.01841652118627355
0.023807222797584824
0.053384862983068625
-0.028043257587420975
0.01555539659527173
-0.0029776936963189504
-0.007930197464264025
0.00977354147934128
-0.039805418491638725
-0.019346276467732754
0.009490048039572407
-0.04089551483950676
-0.01629166143390322
-0.008577345564215966
0.062143162686991577
-0.027223109085972225
0.028501060510071636
0.01808641771955355
0.0417273158671211
0.011779296732856352
-0.04972585339569714
-0.015389994550305161
-0.03093182419979896
0.005232952559494438
0.006047931673611424
-0.019475831588879753
-0.012461206870613164
0.04504695938275372
-0.029356612965123912
0.024406564370528357
-0.03671621395861734
-0.0077376444960707705
0.00465367974741476
0.06514118724658378
0.016448701500889996
0.0096562830573487
0.027539752222513467
0.020003395979864905
-0.025998165751120583
0.011808960321952533
-0.013480628823604018
-0.005492074062441374
-0.008291659271081765
-0.04541881823776435
-0.006197277019250292
0.006937859304198162
-0.03431128968981403
0.05479402209691216
-0.019000076725086548
-0.007835456140159682
-0.01283804392258806
-0.041791401893645476
5.24189199992956e-06
-0.01144881336452915
0.02878834471880824
0.01585330191031726
-0.041812467519605157
-0.007651736958845341
0.013122548397600813
-0.01726903829099066
0.008339069049525779
0.016494577907156006
-0.009829203180541113
-0.009045534450499458
-0.0020523552939341713
-0.03777884401204319
0.015333088857741678
0.019348819236839766
-0.014434018105022445
-0.024765855173208593
-0.023787926001997316
-0.011211928950152151
-0.02231246180319654
-0.022194880128211105
0.005421763074218788
0.031056206300678173
-0.04575163568647714
-0.057461656255239954
0.030345991465511066
0.08072100414066441
-0.007336415991474501
0.058251665515803186
-0.015604103562389329
0.07119425284114823
-0.012758926227707539
-0.04430687715255126
0.0281319045973745
-0.021605269352994044
0.10262876238943414
0.01850509775685339
0.024320584020216494
0.04447884420198575
-0.024300880590000535
0.03605380177971193
0.043182118828776345
0.04624680374771854
-0.018075200224377214
-0.017008954026843822
0.040563115448159805
0.012689823487698359
0.005411602917411351
0.03842645018076903
-0.008069879106076537
-0.027189428504911812
-0.03257559765417384
0.012943478058923045
0.018503950491903703
-0.03438600704257749
-0.011836141936643162
-0.058791142271826684
0.00615823943225882
0.07387525187656666
0.0008086010480044564
0.005730770702031502
0.002309343559241623
0.01632390969030744
-0.023171995531797093
0.025659683374543916
-0.01632495951988962
-0.0353143530749906
0.029356226309988746
0.004476335871605473
0.04063550177479552
-0.009826984626409185
-0.0043142610418278335
-0.04816380217333399
-0.0037207251211610307
-0.004127120519951387
0.005074197667092339
-0.005805173167785214
-0.028950300716972254
-0.008355773943546614
0.05792436449537176
0.03241012293799109
-0.004020639700844776
-0.03423942714045792
0.019540447169092527
0.0014462454532606947
0.003657047749660184
-0.03672843334928746
-0.015523329783054061
0.006894907833245441
0.004704242421747816
0.0175828861104959
-0.025720478249080747
0.014432501893399598
-0.022698109529791993
0.017270876422554794
0.047715628762080665
0.026187330581975286
0.023028380220149944
0.04454362774725861
0.013077563179409947
-0.03220071896020435
0.0007342474159838895
0.039614475521211126
-0.0021944872793539624
-0.0242016578677133
0.00843733129070667
0.025283887714244262
-0.01573482504656556
0.02043537918205886
0.012496503264293012
0.04820448903520896
0.035057184656768846
0.01341852409173558
-0.0023723921714239233
0.016132366076233175
0.057652923318735165
0.0070665664273176065
-0.05626420603858884
-0.018860095818578445
0.03032457747939452
0.031497163073193814
-0.08654176829316311
-0.02514740785381799
0.013948732408131909
0.020871421888813548
-0.022575743667837
-0.02001354394583256
-0.006702877070745419
-0.009524915286641074
0.009922201146041297
-0.02204667058272424
0.060497911396399144
0.012793098275887078
-0.02330124874873291
-0.022065969570398997
0.0035103794664755688
0.0334596577803729
-0.016664448604370833
0.021407715497987284
0.009001440262900241
-0.012456038686001614
-0.011394605575092248
-0.02903299960594377
0.006537618091354385
0.02528343489145671
-0.043088676200554794
0.03984544248542217
0.014411068926616047
0.021495652260437592
0.001184384788103654
0.00027933250840546646
0.008021162031594373
-0.03456575205667144
0.014321060390012288
-0.012627908374750356
0.0190120335146027
0.024185720258172803
-0.0068624411861953815
-0.040939072841871406
-0.03704113304094846
0.002079620723892962
0.001579699590614899
0.053331421861797124
0.0035339398856365513
0.01888044932839487
-0.00775216690914132
-0.01194619711559547
-0.007882280501893801
-0.01396116696215269
0.014147073701809175
0.012408816460298254
0.006528800609097678
-0.05061946905008382
0.01956902263702741
0.02777511185542927
0.030459336265797263
0.02684284833385708
-0.038688797230095634
0.0072251555190736
0.017075457242800827
-0.026379779554889318
-0.03998341548855066
0.021086584470425936
0.011673073390677772
-0.0075291942727035155
-0.014477714567799484
0.013451974084764248
-0.03542483958574309
-0.02512442613285057
0.007588449144188765
0.02498152398706112
-0.011452656672043347
-0.007574523024774884
-0.0008468849487312751
0.03691638259162814
-0.009473140222606351
0.01775719883043336
0.004267834935423592
-0.013178114837155395
0.00930795052045272
-0.0208395331985765
-0.036452349846547404
-0.015664523114390264
-0.04773321860721424
0.03328386431677596
0.0028313363007439582
0.01880279964613902
0.007246589924217715
-0.004747504750516519
0.07262509079430403
-0.016396121111067228
-0.02357743193228151
-0.011870475852607726
-0.011472751944877069
0.016128657598532516
-0.012517048451492459
0.022992414614911104
-0.015463766738252496
0.0038093494806973167
-0.04896640631644501
0.007031978064208692
0.012801855110470647
0.0075135180052614756
-0.007993589654103817
0.02831771094346025
-0.008335439287980372
0.0019767732515774635
0.035638590753637095
-0.09043244038660297
-0.03106517917352524
0.02032149734006531
0.027053303489303362
-0.051905348552172666
0.012598817262129892
-0.054575734342594884
0.021334263931101213
0.05494388983960891
-0.014517545329457655
-0.0015648556165208751
-0.008119593752726561
0.05866925403718907
-0.03425655584010536
0.015879395224392547
0.002055260402119532
0.05141108680316229
0.03291466090009429
0.034059101878453804
0.021712201872538986
0.004346741255979948
0.0125365919181517
-0.009038948144201019
0.01190826137101563
0.009290112934759651
0.02986375892237715
-0.001976965997657544
-0.00928349149823657
-0.002635102744153551
0.018589035589083234
0.000787305325678896
-0.004074081644630107
-0.007241822834593689
0.053570061531291964
-0.014566737136090802
0.0400611921711463
0.038950866601220886
-0.018338683002128747
0.0630249729689041
-0.040154165031129535
0.01634764999455111
-0.00018515022685334457
-0.037141147967729125
0.01634812332199901
-0.041025928826490816
-0.0263460880837702
0.044649935470427816
0.03582416171728702
0.03284537436586731
-0.008164325661563115
-0.017991650889998115
0.0471096564095799
0.05416599567424017
-0.03893536440380456
-0.012235269292842906
0.0020386015548695307
-0.0557181215836926
-0.019124816899048738
-0.015050829746073342
0.009961268799278769
0.029577088880038484
-0.03206959359300881
0.019713019859320013
0.024358358290442743
0.015142548982815508
-0.01811433040772106
0.023783822612932642
0.004927820085864652
-0.010181169606273436
-0.04488225613175032
-0.04916189598647335
0.024645172313533744
-0.013536846827074808
0.026888818742038887
0.044949873331828066
0.015719149695558415
-0.019646782851080673
-0.005416739234778736
-0.020491202366397697
-0.01282706041934736
0.020808848381269167
-0.08245492235458872
0.007428371266369598
-0.03481814551944868
0.005871783773759389
0.013072865419548009
-0.012374356372943198
0.0518230884686596
-0.011567896998345243
-0.011065539865533188
-0.00479991758600178
-0.04005543699474329
-0.004834030448155763
0.0103512007699543
-0.023976157137811024
0.0061450047416572945
0.021112138788882615
-0.031422984874513046
-0.0378463950815277
0.0056472065292372305
-0.030760480931344533
-0.02037929398662861
-0.023782482378694257
-0.018555735138974887
0.034430317663247036
-0.007014724511635561
-0.0200663735293828
0.04859922211315708
-0.003482987113040148
0.020456466525881598
0.007901097782229909
0.022394872426090038
0.03318536922554491
-0.01805155650756263
-0.0002608676496958805
-0.019984868327902652
-0.012327941000548253
-0.0012026372221710397
0.02506346311371651
0.008016267320765096
-0.024497847603961505
-0.014683578960465212
0.03199928798448148
-0.006888077709191021
-0.0534400344310563
-0.020245379920469788
-0.017766762931914853
0.020733193016729202
-0.019602404419892517
0.044750572044731804
0.008577738136554448
-0.01190157271352648
0.01031061500446512
-0.012241352975521943
0.009170629721007267
-0.007811410427130764
-0.024336176226766867
-0.007329243171915042
-0.020473864068016816
0.0004854914075891045
0.04871477611635993
0.0029348878798144697
-0.03714422547048963
-0.026294467958018423
0.06685687337641653
-0.018649839259074062
0.023954317685394893
0.017607835117023247
-0.024494619328267294
0.017398226688646958
-0.0018373370768355083
-0.010719232919468084
-0.001738546081290448
0.037035825109296795
0.021079220503300307
-0.01478251390471418
0.02849780399832345
-0.0005588708044764181
-0.010009385144475615
0.06686167448397162
0.023247311879280187
0.024471376362299246
-0.0033757012796007736
-0.021571004862930857
0.02722726042853231
-0.038558840654512996
0.0028732984708542664
0.03600666192670086
0.015388819646752096
-0.010080883903961117
0.03633748938140012
0.004301905006277719
0.0004036806981873446
-0.003207867827136424
-0.021820741306654325
-0.005161472038484688
0.003971661999269219
0.009812071325654809
-0.009539799399661581
-0.031389905746572196
-0.028783467736314135
-0.0026189702845502453
0.03126331612677496
0.004008140133252485
0.014220073156715895
0.03080143922944069
0.00505673502900733
-0.0086550963242375
-0.03756981099570686
-0.02815471847156595
0.012371913218507932
0.040504649503735494
0.03583681293961656
0.011886724908880904
0.07676011050281639
-0.007335265585493467
0.0424044323432112
0.026937096253647406
0.026488025478300148
0.03671196245267627
-0.007959226576717854
0.018304920341347165
0.02884737353166629
0.045700962328084245
0.01320838365675879
-0.009982907447635041
-0.004822937926182094
0.016531387470506198
-0.02437236287884942
-0.025726797565716324
0.036012151787976794
0.01651971093043368
0.0013532094450920543
0.04387781005785217
0.009620275696174426
0.034726282524645546
-0.0009453893554148574
0.013128340422781678
0.04250372673348242
-0.01780854518739505
0.03100250702927271
0.010309382222020849
-0.007147377695963861
0.04489736578309137
0.008182154165771213
-0.07213871806416382
0.018559139398482905
0.006132388431063783
-0.02493931410576471
-0.00510164895423611
0.005158193519400182
0.037564264618188056
0.0063159106521950194
-0.009681121994914957
0.002849121123925232
-0.034076283887213996
0.06547033233305115
-0.009393311442085054
-0.015759190717707847
0.05413954671540344
-0.03941295922123295
0.036210954128930994
-0.047788912346755745
0.027584926845291013
-0.029902927833455984
0.003241332206084349
0.025742020431735343
0.04866994476181836
0.0002161500977928326
-0.013709600392852527
0.009888135584735943
-0.03400143549824472
-0.04621170056719192
-0.042890725751787824
-0.024846921971865592
0.07990130620798522
-0.021127844460568024
-0.02369631540419056
-0.02048154289479167
0.0007763689191537037
0.03565803463412953
-0.002889221586755565
-0.0004246575653934786
0.031646199922459456
-0.0626579451495185
-0.032500571156108625
-0.0069976468867299834
0.00014833440322501592
0.024677027388449364
-0.02507332672148346
-0.012458353440830107
-0.01740714435144942
-0.04476649791613642
0.03008512078142592
0.00986286542877298
0.07548695637496992
0.02579645429283566
0.011310814372812806
0.02733182063859556
0.03296685557477385
-0.037324918780474926
-0.020299242476485298
0.03179485609802845
0.01468025036819204
-0.013033998797895416
-0.022778036649575464
-0.01428812618770879
-0.030202404858071318
0.0007346196866881842
0.037807787955620696
-0.022895362511094784
0.007531168997098402
-0.013784936396441983
-0.03395802680432046
-0.01432428647811433
0.03532645091730219
0.03775217432367122
0.021829849048605018
-0.023826197376687046
0.017938908843786048
0.006968396880366609
0.05188383180276156
0.025589089908798154
0.06430106015558346
-0.012784518682226171
-0.003556999567877081
0.06271112027552936
0.04132893764856407
0.012510688227914272
-0.028520925873455033
-0.03111580767895273
0.01863943973046176
-0.057452250998922226
-0.0013149133367765414
-0.05099181874835158
-0.004870154627108366
0.008121855712162297
0.04069474610758088
-0.045166440816799935
0.008766578773030278
-0.011661640485868362
0.008022456321264006
0.005590089016910732
-0.038546146535370585
0.031575277894034484
0.03819862909548699
-0.033516337370958875
-0.052899529055640514
-0.022859415140728746
-0.01750539223055756
0.007351652690900615
-0.01084193348594208
-0.04374203802755307
-0.03832537175366757
-0.055431485151216216
-0.019919059427372394
0.019988958219965314
-0.04927798023490131
-0.034933333740690006
0.011816872238335697
0.00035162859898534753
0.022206542142674902
-0.011255042047704828
0.04472837579368627
-0.03224879598442798
0.008738473901950946
-0.005585753171147099
-0.012867962175438381
-0.009803050564817102
-0.003459012567827632
-0.021121290089658316
-0.04250272913378212
0.008754196989977432
0.039219185040492634
-0.055099209655799355
-0.023927753911585307
0.00960222808176748
-0.006012168846140272
8.948240323011828e-05
0.03942128394874613
0.028216879429756602
0.025544143627415323
0.02029971697170801
0.042583093342174055
0.004727475914127207
-0.015221604282113388
-0.039967602673137516
-0.0005837746568481854
-0.006547546428359106
-0.025241666631860355
-0.0039707166525282615
0.00041830996537515623
-0.008875843173125234
-0.023626326975606488
0.0034079576307157787
-0.03360494921829401
0.0020435134813176544
-0.025533166672678728
-0.021200145485264183
-0.00534423881528807
-0.02532713963749071
0.03894635810662474
0.02383893323515145
-0.0245166304544335
-0.035550045464272845
-0.00991203937785096
-0.019711944912341857
-0.04081459808864311
0.012302346299501485
-0.007896573257759968
0.007840243625706442
-0.035829398166266735
-0.007146602584625804
-0.06252206121488547
0.02051517918053797
-0.028521167892325568
-0.003258063085658382
0.10439489796222753
0.014040031595997643
0.028562388498745143
-0.012580082666830332
0.05544898190648154
0.019239041185440918
0.034879526255920286
-0.07029045040607965
-0.0072147691152338305
0.034153484939036964
0.02000825502510799
0.012685696126284177
0.02652707171572455
0.031482482941526974
-0.0180864654817633
0.024658490338579937
-0.02010282461121094
-0.02157031443021855
0.01113734852514368
-0.0198560337788124
-0.03464902736199602
-0.033290978763500075
-0.019290501632016177
0.014249955572873145
-0.0165664187032729
0.0368173918343526
-0.06485355654705897
0.05326732675017908
0.06818546313456532
4.545365171067998e-05
0.009760188933149661
-0.013569266382676163
-0.0023513004215636162
0.013083181875962833
0.028650842870147228
-0.022400491495208362
0.021785771650456934
-0.05412011930926579
0.017834459851617055
0.01220935597957828
0.007188605739933845
0.013118157972366793
-0.01197874869933357
-0.016346316615396695
0.021567205881790293
0.021378119732918376
0.0450166849687923
-0.0177220534775695
-0.04780648839024804
-0.01710565408339661
0.0027183502933631537
-0.024066306602973948
0.0021818161574522175
-0.004389280326989443
0.037957695192759884
0.042662053718815915
0.029521552769693316
0.02401341221108673
-0.00991049602021243
0.014083132735756558
-0.01879425238983672
-0.028518885896164508
-0.04575380061157593
-0.053761087273587256
-0.02929557699688938
0.026865667730840374
-0.003404410767987513
-0.01011437288130206
0.06221371420120297
-0.014538292104155496
-0.013679411165091996
-0.02665941408182566
0.0032278946126551634
0.007855907757508471
0.02512818909837647
0.038180165620551154
-0.007752176937157038
-0.018192516114058675
-0.020268050474546575
-0.032744924521250995
-0.018925649374030868
-0.03765519488829276
0.08492507116750597
-0.024350664501052117
-0.03928981907566022
0.003272778490042925
0.032031478417105484
0.018696352123033184
0.019381579387597443
-0.008798771127486681
-0.005406257406594954
0.016516880483681076
-0.003924532932908021
-0.005989873806785549
0.03012914082142325
-0.01190994737546025
-0.01710183690582395
-0.01826258057806412
-0.003730348391219483
-0.00931995669067409
-0.013523098329806561
-0.03775494070039886
-0.0014889183501905028
-0.025924252774689044
-0.010159321741564276
-0.014071413862208598
-0.017940192934739713
0.0010611761463046234
0.025389015802919704
0.00967678553055586
0.01114041174343708
0.006138942413898649
0.03787637820512919
-0.019827547551765527
0.0337318996350662
-0.0074576598538468935
0.0034665722125184592
0.004753696844905447
0.03507104877014964
-0.020072322591838034
0.01114121548927676
-0.005584517428964255
-0.02773324737107487
-0.026979964701733205
0.02362101602813412
-0.020164861186380265
-0.041864526208050444
-0.004843324203251421
-0.0005104355215706329
-0.016473461854575287
0.0016290324288602506
0.04724758346657174
-0.027369310199757173
-0.0016386842492229377
-0.03293955113045067
0.023788116023637337
-0.04097889483612431
-0.023436113314075253
0.05854058365109937
0.09215987430214502
0.011440300096946616
-0.043444081429589596
0.008726068777006138
-0.01232226553901442
0.03567953212027732
-0.04412316075544926
-0.04889642661787875
0.017290827223953593
-0.006012388210056269
0.002127161825591461
-0.020782435615492718
-0.052817997453578125
0.022567573436841078
0.05256368916633568
0.007193254977597758
-0.002021399228032581
-0.06878792367751212
0.02929362395006291
-0.01734559821763005
-0.0172769128409758
0.0036123520142318207
-0.030096098907330046
0.014880511915416056
-0.009392976778914562
0.0045666459095345556
-0.07422889338234513
-0.07285544736706882
0.004802828687099021
-0.0016236740823216541
-0.012429587498771918
0.014806372486998187
0.0285324692646065
-0.012219920763989846
0.02494372485988844
0.007614741331993502
-0.002367892065792423
0.0028385309127290374
-0.0026954823078066074
0.015917202287781627
0.03921505421162676
-0.05083321121065827
-0.06422185559051015
-0.028333389322998854
-0.06077421959471045
-0.009748594742013929
0.007905046133734486
-0.017710517827330553
0.005205193714169579
0.06941483207336244
0.002304236553870369
0.0034666861550566967
-0.023294427454785646
-0.02251912345950709
-0.03460999617382356
0.03924204858358144
0.03197133176236249
0.009001709584021352
-0.023413610080591608
0.0128719249083901
0.03303035405208412
0.005144455330276565
0.007979393867515817
-0.022575915534220115
-0.011096470287808384
0.009823343132716458
-0.05849104959089634
-0.034665591869408895
0.03927320258941937
-0.0027053717336321744
0.022673666348353966
0.004612155735912254
-0.004838692465098794
-0.009330035781228487
0.002539731357892427
-0.0006692517684631851
-0.04703254877223794
0.08710659700331799
-0.02007656005362176
-0.0433041129822057
0.03609561509927665
0.0007224921442588359
0.0003542106581813238
-0.010790351871804075
0.017177994677835574
-0.029071662881830777
0.01980313305626278
0.035741813351141405
0.019863665283048167
-0.07596028127099264
0.02214250388115253
-0.01728963006008347
-0.009245841916010323
0.001435399974849091
0.022233127568205304
0.012136293715598679
-0.03802474865948492
0.006805367133292104
0.011381139701207578
0.005600916268634569
0.013632201294194365
-0.026417116953202157
0.01745892924036999
0.0048037442157651935
0.020754375593041993
0.051237074852107
-0.01947331133708119
0.04074564215536849
0.009050712940003187
0.04196284049336812
-0.012408940888693255
0.032494366048428175
0.0012566018840037085
-0.004229511489297349
-0.0063297538793141974
0.017044097759594083
8.592592643792254e-05
0.0012214761879490352
-0.01483206848138585
-0.07140654571671742
-0.027038320317126895
-0.021068036301403366
0.01781217159929266
0.02775014162895269
-0.05601257336661179
0.017330458647933863
-0.061348906950858345
0.004457519746735574
-0.00013178238891718756
0.058640588717042245
0.02621983448071497
-0.04469941294078937
0.0075596333698261025
-0.026826455414999176
-0.013011368244718635
0.003780805934265005
-0.035297193549017926
-0.020467350560296672
-0.031114029744257556
-0.0153450509419638
-0.007832587698885451
-0.008506806198460174
0.010368769423447447
-0.0007497961282348899
0.0004996735025112379
-0.05747117720838807
0.0032095201159864444
-0.011140534534221385
0.001480367722426648
-0.030969746448450325
-0.022586897508238366
0.005301997174944228
0.058922715820461435
0.0804044214550364
0.01701083864614349
-0.008829195668536563
0.008759891579065615
0.0011258654097894734
0.005990526718257596
-0.02032083385499359
-0.03684190501623316
0.009438384323540935
0.0038377353706798936
0.06036930687591917
-0.03245992406883133
-0.02643192895171174
0.013682662079825459
0.03927709626475298
0.013269551771355387
0.035104081561012565
0.02498610827044691
0.012991316477148577
-0.01550732339027533
8.05294711311277e-05
-0.07855767364033382
-0.023819047293512932
-0.03251247700692458
-0.029385124299420314
0.02755312203591875
-0.03142414557331096
-0.012829334622358694
0.02005082592979513
-0.021330514416100205
-0.058330393403749306
