0.034703228774354104
-0.0019496073057088958
-0.033274436762042454
-0.0986563473522198
0.013989102995082043
0.015424226893760004
-0.04703014733691832
-0.05337354000839217
0.03081112559730769
0.004297005058587989
0.013548318939214474
0.09094245487403861
-0.0030318172179658064
-0.033223776438657864
0.015375300073468984
-0.03399416814475789
0.08658469822706986
-0.01042744088218812
0.04561194876248391
0.0316361552590753
0.01432622221507809
-0.03460913197775383
0.003482173340314536
0.03714658508184728
-0.025334305611677425
0.024727822318545707
-0.04098736711225461
0.00475166151564678
0.03402568672012894
0.08126873040749764
0.008567034309056908
0.025372296068997883
0.028635691313339595
-0.003056874800098548
-0.006202556158136987
0.0024247145147436367
0.0563429560878932
-0.0209067269816744
-0.02880831513691405
-0.03768207255148837
-0.008684136566731218
-0.04080359428982413
0.00840051392207202
0.024228793895572216
-0.0008665011658397485
0.02221541612837939
0.014341059602356158
0.05169015186292228
0.01743042470711227
0.015566661662345667
-0.00899010984946606
0.017263162436774126
0.05923156516491556
-0.04228592837498276
-0.005480640200944368
-0.036058364676927614
0.03265565191272598
-0.008161082399681701
0.0009805650090679244
0.020553486345856204
-0.01680782355546609
-0.011644755506175981
-0.024558778325651447
0.026195791496155935
-0.002280139320123933
-0.011966317854891674
-0.021306021004890235
-0.01569183584566779
0.0005891170912079392
0.044705327333061325
0.021292087667090592
-0.04296098971533195
-0.05381705023094404
0.010048073298956007
-0.043754007845002454
0.013761966402789582
0.001982755288644867
0.0017412736456395674
0.00995333411932411
0.014269097401205267
-0.042182964840317076
-0.041878426001642564
0.027536588517225267
0.008953553658599745
0.02014238030970805
0.02098978456550044
-0.028293673146984027
0.004069488785781422
-0.04220690022622373
0.0759272003495189
-0.025255006348796953
0.051362752570441594
-0.007524853629378676
0.055003820991598146
-0.036840705820595836
-0.0035450056305733686
0.024230977000267256
-0.033068142377659586
0.015578123167795704
-0.006176369874629788
-0.01743868001312009
-0.014806313990881984
0.04132237726879565
0.008302016664153164
0.011779312492617041
0.0044245023491506115
-0.0020720095408507844
-0.012702942901482616
-0.027035576660310492
0.01663496023365434
0.08424777421279454
0.021148450040956432
-0.05542540818866962
-0.004312370020392978
-0.03311105701187472
-0.010134018233022577
-0.03472499961900089
0.015818526762664164
0.009483084085205144
0.03028940347462576
-0.07237074557165017
0.053639061898226446
0.01014057461629274
0.036245976169578815
0.03437782776389187
-0.039532303461488186
0.0037999164730682248
0.03728824854953363
0.026418136945959875
-0.051184740899960696
-0.003606208339465439
0.006293523620145233
0.036287852086659994
0.009071909958811103
0.009724257523130398
-0.014312886265812104
0.013749620611904906
0.015351102092006708
-0.02097393641183653
0.010228958912381462
-0.017201496425759986
0.01597420201865799
0.038667396096150684
0.007366483825609147
0.02496561668262784
0.014981387667926206
-0.033318614525146895
-0.040962441330996496
-0.024554503046343275
0.020847192414796916
0.008974598724410665
0.012481278923240637
0.010425718355175117
-0.02476448084246791
0.031562395695674546
-0.015077196115911143
0.0007971772970913298
-0.009593892838462556
-0.006033621325506697
0.013552870976354723
0.02502734253020345
-0.06784993363230987
0.032967174005513765
0.03122748504454298
-0.007273523877735046
0.034798991759592536
-0.051738359179403656
0.0010583586815737264
-0.01953191197541928
-0.018651023764339632
-0.02320802979557967
-0.013452371371172486
-0.06499391933794832
0.03112546580425219
0.025863086555484915
-0.05563110533107593
-0.006112424629330278
0.037520963205360816
0.049789559319220814
0.00714835016386931
-0.03743298374667768
-0.042743508840657966
0.04498814085132056
0.0064992480030710495
0.006029774496127785
-0.008854451310809449
0.023143883117411283
0.002943963750251655
0.0489737662772486
-0.027846397010354938
0.007105509224547016
-0.01610060903819097
-0.018594351615627107
0.0393022691929928
0.04070051164894437
-0.005868639149922982
0.01250779904152219
0.007444371850939416
-0.024682714507952796
0.014858978122855285
0.012745209261060946
0.019957609897688387
0.01213272533886112
0.003679624287589462
-0.04604624744084397
0.03306543139971014
0.01006948282730683
0.031872809517140964
0.03677980394239622
0.01141848022107476
0.022136598205451857
0.019485031469575614
-0.019415051484920374
-0.039422116036907436
0.008258535488986966
0.024445432262275135
0.026733336466917806
0.02853247722679183
-0.042784830673879316
0.006684384222929916
-0.0020042020151086
-0.006415876927050514
-0.014219348595616346
0.037343518780189565
0.025601827840167676
0.002251503170663667
0.004845245480827447
-0.0026233311722083006
-0.026505396606836044
-0.004426751447013905
0.024276804975394015
-0.015509928581402573
0.02048427359971607
-0.007187523286159097
0.019502555941958422
-0.0235161133900653
-8.32812485512819e-05
-0.007509051843966906
0.008718932301395713
-0.035873225532982875
-0.007711562566808212
0.00725752141610361
-0.013189761894111357
0.012076008687333991
-0.023514059292161948
-0.006494316050797678
0.0017915304272024877
-0.02837972262144673
0.054619953473786384
0.059327117392907386
0.07403570074145725
-0.025344492476607104
0.03308363686301894
-0.006002235070663817
0.02133390865240798
0.03307163914560762
-0.017785993352668013
0.04597106210531606
0.018150028514855972
0.07121040723918447
0.018949840926311416
-0.00881901634752153
0.027328783627521353
-0.020649051707454475
0.010310277824290674
-0.00848561546875571
0.02082273887509556
-0.024337174130117975
0.015553787107527264
-0.06739122505648346
-0.0152660913911776
-0.010863202877826793
-0.0011793148067822366
-0.0057474312452234794
-0.004324996870375104
0.020148012849131952
0.014205649170895897
-0.03340482315033706
0.03160550007828572
-0.02870516758682307
-0.02829784963419417
-0.006307478300541005
-0.008016848505278474
-0.0022463053281817167
-0.06425131070507774
-0.04079340730899508
-0.02402922475908619
-0.020955166071216547
0.0033432269145307965
-0.01110578193619009
-0.01664444967040448
0.08602988059431871
-0.017093465492005376
0.014108334740876357
-0.042359397026975616
0.011016879131061563
-0.0018094388317331416
-0.0024276975099592583
0.026124404274107556
0.01481249046029393
-0.0022711100269285
0.04935621681805029
-0.016112262311585863
0.021080583935766447
-0.027573197761365787
0.023708136751247298
0.0021976794575271443
0.029675236056697345
0.008622506844796056
-0.05186821425819508
0.04390340879458586
0.031346956719368595
-0.01007180572648327
0.0682054898684463
0.02938257886956214
0.016266716457565212
-0.012999048495472055
-0.010888333801246932
0.006761634507076526
0.058597033624525244
-0.04505773571137424
0.030704076854001686
-0.009468959007122526
0.029730549454186815
-0.018819838580005327
-0.01591830676958765
-0.031540016443596386
-0.03371414941208979
-0.03959556691911585
0.00737954171432198
0.0066176546925560825
-0.025808681849739102
-0.02467733810149153
0.009286486010008862
-0.02725327121388288
0.017630454340424265
0.007899491148427942
-0.011274848421903398
-0.028592126298574463
0.054827314495095245
-0.0009354791604143318
0.0021132690247047856
0.01616260135364802
0.02522944964285684
0.04383701760984292
-0.008570863739383002
-0.019134446016588442
0.05086170017668368
-0.005125335528486478
0.03829710082299128
0.002936096942753484
0.02189919084516644
0.029756121202461246
0.023202476880773634
-0.036994744922247934
-0.015267349119055657
0.005920243515852384
0.007426181470632101
-0.024534567185041177
0.007738935988346405
0.038784130253183134
0.011520272061913788
0.06429836894539431
0.012386073201278217
-0.008740130197261048
0.05388421595104484
0.010041913160205725
-0.016676776524808947
0.05833338952576833
-0.04591444015380912
-0.020181340620478844
0.020113587005077743
-0.06121472723365715
0.0022463413066268804
0.007158481402312237
0.002493764750214373
-0.00560848936127682
0.07323866039379122
0.005333035986579643
0.0773555459706386
0.016018978600435625
0.06720878138749932
0.016815983916312817
0.006301235229757164
-0.022545152134937296
-0.015786600611806013
-0.007449025769470002
0.02582600566901099
-0.0200356831899693
-0.03728239031057611
0.003980425376682796
0.005519255179051836
-0.038784061316257085
-0.02609716690225813
-0.01613492335520666
-0.011199278166844987
0.07332825041062459
0.01833635098006414
0.03132249041926644
0.0016290362759059142
0.02233057508978697
0.013386729032005001
0.012021845615968725
-0.016572018405191735
0.03593691051918593
-0.07965891225239714
-0.03767414647135801
-0.07311045905371436
0.02078536250989057
-0.02249811790900499
-0.009733790102683274
0.018760143329282965
0.03570284557174902
0.011762367611938124
0.03373244469357479
-0.000906357697485913
-0.017520212435867683
-2.974962987789958e-05
0.045932430159175676
-0.012078606292707003
-0.0374975636895921
-0.009597110663076834
-0.00010353456529334915
-0.033109881022731026
-0.023163675720678678
-0.025289857726098222
-0.027972333291101922
0.009472789609968687
-0.021517886534915022
0.019706053269049156
-0.008642586999909697
0.03205868951875049
0.036681973112073725
-0.004695993483192971
0.0013183394648943346
0.008620084059643335
0.00943103152544042
-0.022920876303040138
0.0016406933442128795
-0.00374552476141857
-0.004459722546311357
-0.010155509630686912
0.006709879800076887
0.0462951636859268
0.0013076268130825866
0.055324626446040824
0.003217262135683771
0.011351149897748622
-0.018660322048664652
-0.07939104425548034
0.06202580610291845
0.02589572968656272
0.01969385041157365
-0.012357945687992623
0.04710285862849793
-0.07624967994314763
0.05806650836680292
0.0012776137512853067
-0.040199767634164864
0.07950641472354891
0.01616643491932071
-0.022441333078588928
-0.00520812892550238
0.004198260903789614
-0.001767792822604008
0.010372079717100104
-0.006590402021947281
-0.02062837206231017
-0.015298234363246533
0.014270650448662835
0.048327938147746545
0.027319916842223946
-0.022458903936464637
-0.008845324425674574
-0.0393361856189838
-0.030114228091579504
0.008636156610126448
-0.03370330617020316
-0.015189550122858775
-0.033965043661764324
-0.02751015902569557
0.017201259472114046
-0.028918860723888124
0.027490961951713664
0.004016015444341026
-0.04441070400425532
-0.007426067440985499
-0.018510316829661533
0.015936850126788537
-0.014390867628304617
-0.08123464819777325
-0.06767292280564745
-0.024633736021861585
-0.01069949852872434
-0.03517345220079982
0.01571480296451353
-0.010105871736425914
-0.009972560538322477
0.06023173628279243
0.0016030065058192549
0.03529002721864518
0.008942777243664784
0.009970091585172739
0.008044348417214511
-0.03954094559988543
0.011836198969629704
-0.023815546476077802
-0.036628669754440554
-0.029588604209407194
0.004128092881049776
-0.05614697709331182
0.027555911809440843
0.006888592008896041
-0.013519238743054805
-0.01334485466310193
0.011006838841394199
-0.00683576531708473
-0.05046025988424784
-0.045544000245780945
0.0038631687137278404
-0.009710978407222178
-0.08897594184914853
-0.029390675213227715
-0.005255135610419623
0.00500290616828562
0.010219767916306851
-0.013214782329365479
-0.014442555344039243
0.005450269829867825
-0.00985039125183534
0.03879618137490259
0.015571249343589128
-0.023768012722393067
0.01510612784764769
0.027646628879219096
-0.027901670318291237
0.04149632841435289
-0.0032260095374279634
-0.030795283645906203
-0.0848829686217083
0.035393188869619285
0.006292943567741783
0.05686481690276526
-0.01553579962774268
0.007586108790089992
0.006760576589511978
-0.026857375342685386
0.0030822041636767027
-0.009113324128442684
0.00010141817879656035
0.009489854909514477
0.010824671213621235
-0.032812787864295714
0.016579132842746015
0.0035175124911519763
0.0252730706104661
0.0014383688148357603
-0.048196929113408664
-0.028219267044963012
0.022646790607801625
0.05428053775004051
0.04981858027227495
0.0271523603338027
0.0050604013397028864
0.014210908722365658
-0.006457188477485294
0.022556657826469796
-0.06260220201588362
0.05653928535616579
0.013592813884000068
-0.004369796151853572
-0.01932056839061485
-0.015163021850671254
0.040028440998966346
-0.022041614250879794
-0.0015971367072397061
0.04356377305530431
-0.05531748258620033
-0.000494298035880943
-0.03903654045100915
0.0033967243546767652
-0.009046641880283373
0.008764358205581402
0.008269589961050957
0.03760350503712515
0.022846345742450917
0.0199585248772136
-0.04037800763833407
-0.0331184534600352
0.01272610733886073
0.00955548928513195
0.022310883632080093
-0.014161783610287523
0.001666895343340856
0.025483247095875527
-0.02048508606559371
0.03776277017273225
0.002659743496317788
0.011606020433188115
-0.010459035427886709
-0.0009734663531118888
-0.014550505746043395
0.021289947148647625
-0.0120508039633938
0.03312041330815873
0.03292235273859331
-0.037455241493060086
0.027247151245437393
0.009129723274605456
0.007261898858697246
-0.01904541821178658
0.01863025481411728
-0.012689966334680136
-0.0028963316660553058
-0.028854945455612062
0.003055093590197723
0.04996568764988654
0.0071654921468673315
0.007826451903363105
0.0024134326865372225
-0.021838887174762883
0.024932257804362295
0.026495177230706463
0.017592665304074592
0.0157689037014963
-0.004631676959157
0.014550924228106759
0.0009669587460886839
-0.012753790588323323
-0.03112590239368949
0.012968691013552282
0.029837010950659666
-0.00020063912431746712
0.0005182549335404378
0.0213115489059937
-0.008036019748284304
0.013862614719910571
-0.017631167695825633
-0.041948983526817425
0.012626748336737072
-0.05329041767234522
0.0017212959610151727
0.03535038935447304
-0.024498386295319387
0.029411688135080456
-0.00963238216179974
0.009194687937676875
-0.02860825113033668
-0.004183706149821824
-0.010560044136194777
-0.02470422901210975
0.019595275916717957
-0.0036814378448573252
0.030637318311337005
-0.010980292996428708
0.0029833739337484177
0.0071236401626105705
-0.0006896401742009233
-0.004724922008094292
0.02070448446132676
-0.00505371239825895
-0.045730091772089386
0.042799345219712286
-0.0014608363045674297
-0.02348320101219847
0.0030447243281636733
-0.006783154428337413
-0.011569120890955355
0.00036354678700587466
0.0022986582271686614
-0.010740416430555587
-0.0041520111159641625
-0.029797116427590035
0.012492810695946523
-0.035713794419231025
-0.021655265703749427
0.00718642987212935
-0.024153103144238842
0.055858187087829074
0.021241162490899884
0.025037586027153953
-0.009198204163183746
0.010280893925148823
-0.02811124463351199
0.009695669063767983
-0.032796216237393996
-0.06631292411199317
-0.036666827120478196
0.028761410209056447
-0.05222274445201176
-0.019207299784469976
0.06705010281729713
0.0386931516560795
-0.022444390272074923
0.07656461872461785
0.012428789309329797
-0.006406000469331663
-0.01869722497261272
-0.02654483250301633
0.01367049888717789
-0.009701086007211196
0.010629843279554971
0.021640832182579176
-0.008315228508183385
0.007162214785111079
0.005788637641067042
0.02931605024887938
-0.04458617021231481
-0.03488766750578374
7.455623297440082e-05
-0.053784575176689164
0.028115755877411
0.004157751920410788
0.011768373696662005
-0.002533097081836974
-0.010725968567786182
-0.031964762990669214
0.020545289691066518
0.0037979683111944783
-0.03834596411766012
0.0499926691813313
0.02809448518044154
0.0053201517257979855
0.025135356452170306
-0.022406958256313374
-0.03517604251216249
-0.029725320620000585
-0.0025996035763281933
-0.01310766032555365
-0.01754039957412729
0.031608136783001395
-0.0035871275151581894
0.030254443539904415
0.009557743319715345
0.011341259263008533
-0.04134209825713032
-0.019399733630672683
-0.029188432198639726
-0.02827322313671777
0.0445588320338169
-0.019196571544590525
-0.03111979354603015
0.011565086218386467
-0.0009389143049524132
0.014847503723308342
0.006372760930459457
-0.010408682639698207
-0.050384904068967125
-0.04809590316631987
0.0008218042632211618
0.017728178312528108
0.004690825379305429
-0.012013986116143687
0.003778042030511628
0.02283872629918832
-0.010121094514112205
0.04210456826134621
0.031738157591436854
0.012847240533074698
-0.036294705227018526
-0.0039522887662439875
0.014615310999970111
0.006919547774911781
-0.03129416824997721
-0.021936834449176223
0.061437401865800864
-0.032373600489862785
-0.018706483772795386
0.015587176406981837
0.003749079060919781
0.014559451745017112
0.04258207678794426
-0.023921391668661054
-0.015786680905191943
0.051648986232384814
0.009719889807753202
0.023851392121207637
-0.00351370641165969
-0.0046231121238129985
-0.02346968013114222
-0.02740039560628245
-0.03597471909109798
-0.0283932388179324
-0.019273212341036985
-0.053977792253030704
0.042598214173999574
-0.016514099107276716
-0.0017796060096752692
0.016538470495836104
-0.018767442977883814
0.010066091166863972
-0.03871407835296821
-0.01776885079630725
-0.047538090000858645
-0.013207552754618362
0.013914915317985164
-0.01881060839171309
-0.02106672416964805
0.027286691723225343
0.011558575769312485
-0.02015986113534727
-0.003868526149894758
-0.04182487420200854
0.02580428826273026
0.009836396469293827
0.002930545649841503
0.030805890844738462
0.009316567556278852
0.02278589927699883
0.013532976817387982
-0.027705098327187844
0.023390270827991673
-0.07076983045225763
0.031109996309478243
0.05771351168412816
-0.016509766360641744
-0.04429813414389285
0.003843734785159413
0.06139691132744987
0.03227570609765252
0.0014771726982544793
0.0006788265821370076
-0.0019976248598297195
-0.008978961476364697
-0.015178735036919857
-0.011247957263852953
-0.00046487187455313244
-0.005204206215478834
0.009163211085932158
0.01329724317226927
0.008370033387781993
-0.003458062810302963
0.006707096273901991
0.03739892938368158
-0.020030393227516288
-0.031831527939780994
-0.005159587386554165
-0.0026160370242132355
0.004394388932481714
0.024871161164742122
-0.050470826540289726
0.062307073631578135
0.020435887898625157
-0.05000437020633879
-0.04204599074179648
0.012652667696120175
0.010012041137577355
-0.01151831633267956
-0.01245385167723313
-0.031322547617596695
-0.03462868685168027
-0.03347116225920674
-0.028042922746182832
-0.00041246386320421813
0.024421138004952585
0.009030404935414496
0.00790436948945309
-0.014163054336955874
0.004165701763348491
-0.05238474193506793
0.007167045352436053
-0.033761520213461
-0.02603873103257001
0.0059401654930979035
0.030847921181817794
-0.03322085784978541
0.020429080041078525
-0.013444090693376607
-0.009027212461596766
-0.08122256264369708
-0.010199350308674615
-0.00320281029704385
0.001143788392442302
0.0012910810425460061
-0.07942614839973305
-0.03554805834139102
0.03644723950340877
0.009438220909236933
0.06831829368097142
-0.019545457153136752
0.043084555571512785
-0.00124330723624892
0.029298410893523832
0.007824577574444953
-0.03800911779967254
-0.021720212341465196
0.00462810019781575
-0.02040543570404675
0.005676949112412713
0.015052727908889953
-0.0023427392170852325
-0.009907204796980474
0.010090083309078875
0.011233420393627213
0.005401171531827461
0.003941649503478265
-0.03541168164302074
-0.03690051353364018
0.045584892411947235
-0.01703756547331613
-0.011174326076318205
-0.0048598580782629386
0.007509395327370682
-0.002059789074729483
-0.00428703918896011
-0.038375293504739984
-0.04152512057239063
0.031119513300377228
-0.03799262543204009
-0.0001806364319758104
-0.01251474370434728
-0.02534260783455376
0.011892366210820024
0.011568411379104698
0.005040161844606295
0.044626179259954116
0.0010369656095388716
-0.04044553946099737
0.010803084051439602
0.004437908521036696
0.0029409965947911503
-0.012364988315867862
-0.061304513267226274
0.03270408558705637
-0.0031725980229056878
-0.0022382459843950744
0.028219140425960413
-0.03823256337907662
0.01250974403692646
-0.00582338049717811
0.03436710863320794
-0.022797130727901713
0.01748486441268239
0.006139164448260641
0.012242170856159036
-0.0029319037953060858
-0.010322605576083544
0.06015524948121698
0.03175235531402451
-0.0555288499190567
-0.018329717363399355
-0.0012103868304845693
-0.015389951821107762
-0.012166724420341168
0.009083361329863824
-0.01846218827114723
-0.012058301910371615
0.008372037207459885
0.0717586452841524
-0.030101471596014208
0.007512953069236389
0.01571471085176626
-0.013356749817188329
0.0012000462749515608
-0.013029900116762744
-0.013886242589024444
-0.04195795659316906
-0.04208037453766767
-0.034523151416934024
-0.013962827004164019
0.00690151458363946
-0.013365214628312949
-0.007430903129341542
0.04324243415962997
0.014627818073917016
-0.01782536075924039
-0.026821739490421822
-0.01791597645960579
-0.030729092880919007
0.007753060335563957
0.006958997983553892
-0.0010763548972513488
0.005783115825983134
-0.07369712689593472
0.04114494638581894
-0.013421996190885322
-0.04011170768272361
0.04142194741935838
0.019586326484242387
-0.018688127989167372
-0.035057468040452525
-0.009423503394636632
0.03780093655220979
0.006899993302419009
-0.0004349645039252601
0.002136434701418052
0.024947518303310694
0.04971520720201682
-0.009931410240589267
-0.015222124028357572
-0.01903500466100737
0.016042373259644856
0.05981657693233378
0.03902929043213318
0.014640352914643509
-0.00490358718554233
-0.04721357874254809
0.005954588183268474
-0.031217877708565468
-0.01598148621252502
0.011302296129516309
-0.0846721192269202
-0.024056310634852123
-0.043242289177832856
0.05883016222931201
0.08996631725677452
-0.0006452811220459646
0.000928297822304535
-0.03153788574503398
-0.005894058319439595
-0.0245919325519055
-0.05021448541567044
0.010062424054733047
-0.005802424040516407
0.021760435021812536
-0.0032945189653337385
-0.026152669172807497
0.03525369213184677
0.014069201459574639
-0.015814074572525816
0.02747699296533835
-0.02658163199089434
-0.016701511501370368
-0.025245050150627783
-0.023632061296040934
0.059962386195109324
0.007327757772507694
-0.0251931665748764
-0.01195016407707373
0.019574858185543338
-0.014672359628865839
-0.012334327208624419
-0.029599194097388388
0.03605337462340831
-0.05684683737968517
0.005469905839739544
-0.06996936252206375
-0.027734513801139792
0.017073830272974582
0.004031969148581546
-0.006753356521381796
0.0033259464887152278
-0.03577029940825013
-0.06272553620568583
0.007594647469785815
0.018811935783217562
-0.011395688595976098
-0.01511558965197053
0.019883245722116638
0.052356046560946425
0.025678475578992905
-0.014811079265201508
0.0030551016038097355
0.06068062129073168
0.03709746879739211
0.0007644822111896267
0.03561427208321167
-0.025110937044625293
-0.030303409869732675
-0.0035847021934825233
-0.06279456282304859
-0.009590267604848126
-0.029064614517949592
0.022900105470435823
-0.008890157664843466
0.010037743790915186
-0.043702730188839134
-0.006252177007339705
-0.004218928177718347
0.020905465257065155
-0.029576320311761065
0.046346382777202925
-0.014310486869552552
-0.011111660681877238
-0.009053814759796334
-0.01089517841655399
-0.006623463454730931
-0.04003267454923052
0.04557991721013955
-0.016082297419507893
-0.018878167115964614
0.022024843131478303
0.03002550983402617
0.015369683411118294
-0.018871485110723948
0.0008311499412647304
-0.012895846851553183
-0.027668081447764004
-0.005494508160793331
-0.022578587206798124
-0.061995705502703786
-0.02943694696131424
0.028705900726083877
-0.023093427643071547
-0.02326749307891702
0.0010920074453564426
-0.034246952210138286
0.050657846592688405
0.0335396944153943
0.020779363040222404
0.005454831116619731
-0.07406017580857295
0.003381421648293131
0.007438818060459168
-0.0027986010015301965
-0.02309060697116648
-0.04059669351641503
-0.011546590371112667
-0.005522336172399597
0.008180016610626704
0.0008748762547966968
-0.030731953311433063
0.02072820469669317
0.030587712030229437
-0.021495185195873043
0.023169056674221814
0.020328267540437914
0.02403140929487861
-0.0049048598538248365
0.024177667246898807
-0.011873501326163861
-0.00819901415229792
0.006679080246182952
0.03410610168277359
-0.013638805916729177
0.023295856000000836
-0.013024870163594908
0.010837420900936763
0.006173377210887228
-0.030284622624877956
-0.002804396401637936
-0.01340552937763123
0.009417157723095636
-0.023914435448471952
0.017454343640220832
0.0008312608499249254
-0.03644936362916203
0.008979709693145623
0.0037592185645232874
0.025074739098826907
0.04884171430645503
0.011770726104874498
0.024950359968642068
0.053761843891990665
-0.011069178736239083
-0.004370899404119108
-0.014164962345040083
-0.04407637128767311
0.016597438818398008
0.016339158776320948
-0.03617669048600923
0.02200873195432441
0.018342645296372834
-0.016488164395163474
0.00976625928779686
0.0008079613654313752
0.016329587826239764
0.04974987438455707
-0.01989088260838226
-0.007407423822740917
0.005952833182702789
0.018183543618329155
-0.015092911867739423
-0.021683130145600325
-0.03450530016068004
-0.014761959018040996
0.022471758902837764
0.01081791102901087
0.0011522180945936031
0.017137194120471
0.02884797112189028
-0.05055710707395729
0.02518255134474657
-0.037525594418036184
0.030611770675825486
-0.057196963916438276
0.03694162393768128
0.012789998136459405
0.029680082340499344
-0.007188843416171131
0.04724071628745823
-0.004588271076243678
0.0118895593384759
0.014841620272153687
0.011722700047199976
-0.021550913695487978
0.033750285910174385
0.004949394250304506
0.005336556162526971
0.04882932964874746
-0.014300772374188852
0.004521773075832428
-0.018886042065561638
0.03786566457119116
-0.015024365033730206
-0.010603873833102294
-0.03823182323850505
0.0013144352262662062
-0.027190854456051874
-0.016162497114133992
-0.005490020796582235
-0.031638337495831524
-0.013432837560843942
0.015923588448966578
