0.026539745834761135
0.05219515716890536
-0.001877858428819879
-0.031468827183750984
-0.01675482887188917
-0.00723052104527543
0.045597387933594566
0.0395698518700995
-0.00016664640146722007
0.021924437353005064
0.006225355351006383
0.0014335759018870254
0.006315464874530478
-0.039436146633043484
0.012237527931613233
0.005561709525025579
-0.010640331471280233
0.0035239641425453137
0.0005256886596465226
-0.01107762630076443
-0.008113377460509377
0.022968223403608098
0.02484637614178813
0.006953890753484405
0.011786143348239303
-0.01786161794944663
0.03399058272512897
-0.015086222609716114
-0.011347862674811875
0.03202112418331304
-0.045513598753448674
-0.03483297428123012
-0.02171543253047962
0.021516311502060487
0.0348779557033224
-0.055717697879942164
-0.0024017742668058463
0.0034861432626704233
-0.033391919659097796
0.017288194993178078
-0.012840142011606112
-0.024273706648919088
-0.00914846458124062
0.01348526486818448
-0.010218920697890587
0.042149745580629665
0.004491850414775559
0.003860417407669343
0.0880446630022972
-0.02113048992010076
0.009963119575303365
-0.009849667806315876
0.013382512339928463
0.011670622408778863
0.023013315256873716
0.035487160266691624
0.049371168551553005
0.020929896659713322
0.006067463693989693
-0.018010931469746208
0.019122519682197744
-0.006862417256540289
-0.01667246116760437
0.017886885311098794
0.015734382073006856
-0.025442832563316753
-0.0062078417496282965
0.0149051039694588
-0.015259311653880479
-0.005833772820192112
0.005585212918932416
0.03838977616355178
-0.03795367268935326
0.0051821308635941424
0.004303259593413921
0.019427503301368748
-0.010912765128617158
-0.013467444551428997
0.034177191936379414
-0.015611705389197492
0.03795908606994393
0.01597537260997351
0.03212717799687363
-0.01796528267612683
0.03283658948942509
-0.001971473013748411
0.03738129857064137
-0.049853146810661234
-0.03638781869323654
-0.00982781895677843
-0.005358363668069968
0.017806785806302582
0.008617220066123829
-0.044584479218696946
-0.04849803985371989
0.004006208096552702
-0.004871078678014668
0.03181572721615777
0.017024239525958048
-0.03787877368484153
-0.04658303839219613
0.022285209906652653
-0.05318844252814838
0.00616286762819025
0.010950976321276085
0.017157179506953224
0.02449116809479918
0.03946745384025734
-0.02810421883120777
0.07950517223116879
-0.025457207823867643
-0.010276141382524865
0.049461417450468524
0.008895824849913952
0.037968886726401356
-0.008983810025459504
-0.003018165020272258
-0.01990547066350137
0.011708808055389706
-0.006878597886996224
0.01393269374903697
0.029499323848992877
-0.04957880142451754
0.01053424633777791
-0.04237650326062132
0.03558653057223917
-0.008500065046227015
-0.015483613691548994
-0.027536205061036382
-0.0016475301372460486
0.049123850378275435
-0.019073564019022948
-0.002875134757155209
-0.024152064713080904
-0.0006715860018391198
0.02225052373682994
-0.02023085251504116
-0.034076583442543294
-0.01530926855109408
0.03081809920162273
-0.004085349737546428
-0.019630968249836445
0.0002688267609445425
-0.029567274292307905
0.051682017506222394
0.04806294399884957
-0.03404423000481126
-0.0005200473773827114
0.055930487016741366
0.0382987148852015
-0.006718996452528849
-0.01394617868241636
-0.025654442791028853
0.03989105712896774
-0.003540668901360884
0.039905478349182094
-0.006068989579969329
0.03753588282101026
-0.05615414093813231
-0.0009348976095364757
0.06988418477536176
-0.010462349488957618
0.05003277537529402
-0.053121160975493645
0.0302181379184144
-0.02646462163747624
-0.020567386321975512
0.01664585737871905
-0.0024526866035438034
-0.007932835440378032
0.02146540845325396
0.01218328031883873
-0.011423474489040986
0.02118605432920966
0.030732065527327358
-0.004903248298766965
-0.024183386106719756
0.01951361776745619
0.038368157869084346
0.004978434620945669
-0.00235617714709347
-0.03582168527822937
0.0394327645238255
0.00339135208796186
-0.03708211606173258
0.025796474966432278
0.014878803380790643
0.0026070446292689267
0.07391000974334402
0.021376566642392403
0.03524509635964639
-0.04453838857326515
0.04148223091676515
0.02915518916335909
0.017745250425362593
-0.007548887874498886
0.01597906670736263
-0.0025447520238446146
0.02494501170275025
0.01100865895077703
-0.028314506662086816
0.056497121856475284
-0.014146204914115876
0.009453169172445899
0.011282475540081343
-0.009961624550496588
-0.04871268740493078
-0.04433796362719616
0.024065484535453468
-0.015510707251720301
-0.04541979292498484
0.009233756592490441
0.02934420391665113
0.03583609283138068
-0.04794743688971937
0.010115284855074843
0.037665586288344086
-0.06603221475148144
-0.05956087321257056
-0.003305230180711687
-0.016816633032609645
-0.02095403043168696
-0.05899539118955176
-0.025358817191222602
-0.02319335862907223
0.008205312443694768
-0.029215163373137804
-0.009015739039876286
-0.049930833985815194
0.05176686255298449
-0.024538865265615065
-0.04150361480885163
-0.02284733159122467
0.0023257688245624667
0.005529510137953565
0.024711749355380043
0.006869960802282947
-0.01395381069152593
-0.044734258367430814
-0.0164143824384867
-0.0005539789635604407
-0.0667195599226737
-0.03771683265313612
0.021429640615525374
-0.0246294839124252
0.01116794708209784
-0.01922016947515205
-0.07272608083093456
-0.0033038049658322428
0.007990575344916546
0.008878883587280723
0.06174331912070658
-0.030969762103009592
-0.02867614046659229
-0.026714562282175173
-0.04096791300089641
0.0022661722164391113
-0.0026294056229770883
0.019425666116813102
-0.0022387356019453945
0.008188047558972272
0.0037985215739230983
0.030317823140038124
-0.0036840047650398547
0.0134038911872712
-0.02273800417936953
0.028685380916337117
-0.008396305973366665
-0.007538809588260464
0.017110116823763618
-0.012039252433390059
-0.0073580858197632324
-0.007639116025562101
0.021919338406524883
-0.04328811451630235
-0.019141242411036184
0.07654238705994428
0.04843674984981766
-0.020744370207246517
0.0007363806700552637
-0.01619793171143266
0.024501924458257746
-0.003389569143564078
0.002302735375160199
0.01297875051619576
-0.002403398151350187
0.03285981997439671
0.04609122268136734
-0.037378191162465754
0.045076998514736774
0.001087199278472907
-0.06559236627152994
0.03927836127917734
0.0033546771441705894
-0.056523251751355565
-0.004330339750828657
-0.013375125910820709
-0.00866276590956508
0.019706531591283386
0.035636218335128866
-0.01489088131766615
0.001261566170490411
-0.05815075421125449
-0.017692740252069503
0.019021543571659225
0.006599706571244
-0.03704130720933087
0.024689056139062374
0.057274600276310865
0.04263454933724697
-0.043259329512614575
-0.024209542197126448
0.0002092469452591947
0.04748898278598857
-0.012252783927919514
0.0024036095164957404
-0.04545451273086227
0.03719212783365359
0.024444346677531714
0.03754313388375868
-0.009482211092583601
0.04990905835899272
0.003305107408379713
0.019473526388983926
0.049965802715752024
0.01285208683780482
-0.0283590874932592
0.018031788739610793
-0.05395672603442948
0.016844696723320476
0.008511689947943133
0.009925966689171034
-0.023059320319661812
0.02081653780920211
0.02502127454376485
0.00732798641184619
0.007515601202339204
-0.0002969632731398061
-0.000500165351865677
0.035209674788961226
-0.003632624547652135
0.0351713498576166
0.016405959037656227
0.012202129703760462
0.013147918262132132
-0.0016117248803387888
-0.09763868169990803
-0.03947088152222002
-0.007282338946102805
0.008538947054683093
0.033434250105821975
0.039362282891208085
-0.06413950198671013
0.04878365748563682
-0.018723665162923505
0.013144255036137175
0.0023966864752492153
0.012292531134390577
0.013514158400889537
-0.009888762091245742
-0.009756114936583135
-0.003809542409915569
-0.04238149101787478
0.0038556020578233365
-0.03439571885818683
-0.003616905229336958
-0.04309989122554921
0.0006687910005957235
-0.006489491687472093
0.016237933498185548
-0.011051264060948798
-0.028463924034934016
0.026933228098812195
0.0410486747916766
-0.016287336582483592
-0.00642055916750165
0.031179157850194136
-0.031016657897366063
0.0077195864523153185
0.033049743886363905
-0.06011429730395145
-0.025445219873228533
-0.019728978595395193
-0.006157866425974245
0.05052775166122105
0.022945327616025517
-0.012867053648245976
-0.0336688200664592
-0.00317716035125521
0.014885266778966058
-0.009165375859301918
0.016915312585587483
0.04953659559031288
0.04712065861648444
0.009582616020341198
0.057683056262283254
0.006759255938294011
-0.013709570474441718
-0.00974191081156495
0.055839439241564134
-0.027819154339615754
-0.014465577853381966
0.017349974610927958
0.01830728313235136
0.033383139611961286
-0.05509800283675613
-0.006287879527793203
-0.006688540621587526
0.006092111935698799
-0.00964040487226678
-0.008139099969839953
-0.03495405605981807
0.018076826213662446
0.0005210747467057833
0.008500621364001341
0.023513330640531606
-0.03491872560506194
0.010639967120992714
-0.016377543734234026
-0.015004060514725382
0.020258696921763887
0.03857246598839073
-0.018411990916776342
-0.008049333038185745
0.02685134926043026
0.021516942984977142
0.023533583260023118
0.029787895707236323
0.021757144324714872
0.03185007593634275
0.006541219744791412
-0.03463255733182195
0.04906370111543494
0.020228989843336296
0.0570383832042409
-0.02006306670021515
0.030556350752587974
0.051919084275384345
-0.033499902927842745
0.05200881902474271
0.009593437705865626
-0.04213385166438878
-0.04945678463585041
0.024708979365529814
-0.03384736756097312
0.005278594655442956
-0.060538178664880635
-0.009685051852431218
0.002766528466545967
0.0049856818656751406
-0.012203192744945223
-0.036346747812016154
-0.024284483497329368
-0.016640980658059377
-0.015758699715567783
-0.0019693486796690924
-0.048729259855836815
0.0012530606853395083
-0.013023277278939649
0.02077175262382777
-0.0374760278474482
0.05348980444167627
0.025032194595569594
0.033327078179988597
-0.013460864023606137
-0.0034957588508882755
-0.004328029252475238
-0.012215831176209979
0.017109761344742055
0.003505162177492087
0.02202024605399308
0.013185803225189701
0.010731255452363763
-0.0019428082385360822
0.029590575091226284
-0.011560029944355137
-0.009731591430152892
0.026584448997498813
-0.005501415882746796
-0.011011294486467588
0.04073728625529992
-0.012452586884620859
-0.008027062828264288
0.011182798622936741
0.02192480650107503
-0.031176314910989655
-0.03417947911718672
0.03490513005405611
0.003139753979919369
-0.042616445929629924
0.028655859522319322
0.005448758605333243
0.02180479824473942
0.02486089063442723
-0.030633511742751973
-0.04588141586104998
-0.015803777216096996
-0.030041316528007116
-1.701705321818337e-05
0.000773790573705645
0.020064925646869645
-0.01488926727579975
0.0150206392139842
0.02640941596588422
-0.02436039768807158
0.020980602982747138
0.008685807587813269
-0.003938538211079035
-0.03191763106417044
-0.03803033184671616
-0.007348729236949408
0.01572615787501702
0.02800274437235579
-0.002221870387570975
0.04681677014175351
0.03362311943721658
0.0003537478619785132
-0.037036580749867105
0.012573739670497103
0.04656653029576389
0.02345054585583045
0.00634567791641497
0.005974398913829287
0.004577092080392561
-0.013804333600410527
0.03057598212706147
-0.044509197569519175
-0.0012255047767846397
0.03605347293633194
0.018963979317501937
0.07565886298003865
0.031906493366887875
0.015178216887045824
-4.6338761490712645e-05
0.03043348697750979
0.04250752723960804
0.004807334029779228
0.02450568854795575
0.036798932853471106
-0.05479610921602542
-0.03753434983351128
0.0018892324312522512
-0.007248354065595184
-0.00898329970922169
0.0028907770896576916
0.014862577354553281
-0.005002455630579495
0.026989450049880098
-0.0166182656290453
-0.0329337455523645
0.0274929072221255
-0.0046162291357710675
0.0020100431178934775
-0.0074378701024546846
-0.025867369925392222
0.013676480989582738
-0.027817241494762873
-0.006712700962086155
-0.003889923247274865
-0.01665119789338015
-0.020919918878238217
-0.010242748060157413
-0.02166506018260518
0.04590869284028519
0.0462065730082763
0.019650291895254846
0.06439377266857133
-0.015346430859691097
0.02081292288213643
0.050021199854772894
-0.003643735835708395
0.015059328802601519
0.00281687055146241
0.007589154153204353
-0.010711284348722441
-0.05395188971168677
-0.07807339290723989
-0.00871783465676897
0.00959197205825915
0.019542637810040186
-0.0460147083116276
0.0023499790937550158
-0.019659637155096932
0.0104116690448523
-0.03911484045684884
0.03566770291142736
0.009670453919981534
0.0264985879662807
0.03078017207306645
0.002981931203929463
-0.02307874618085891
-0.04233313124143518
0.003923444981712094
-0.0031092773901517014
0.0035169384936702673
0.028155593301442846
-0.016682707207939625
-0.029150266471334448
-0.010624797389693186
-0.027204255404955673
0.036447516048469575
-0.0008665672642534872
-0.003844907667163744
-0.004506583584119819
-0.017856945987521515
-0.029124750068564177
-0.030661496152139672
-0.019240722844950545
0.014403820430502244
-0.03730212652376117
0.029603900507695523
0.03497603505658449
-0.027086490624914705
-0.014719459171114667
-0.0072036252200324315
-0.047757141039612316
-0.05020884973004138
-0.03957432060708259
-0.007280696808538832
-0.01828881578770177
-0.06773629655169479
0.008370127430760863
0.058356334392924356
-0.032012767690815236
-0.045926545694131835
0.02344157854316281
0.02547309037800634
0.049051526740077796
-0.012851711366752049
-0.00490933500414639
-0.012834104137689858
0.015723320919393213
0.017890488841755082
0.007846671375389342
-0.035651900887784534
0.008513876961493633
0.05327401363556232
-0.056981037637006446
-0.040607491450616866
0.04102910119197538
0.016170319987342256
0.008832622818467964
-0.010841568298173412
-0.016063623911269153
-0.045958158737382515
-0.04980138261585793
0.031814403603654465
-0.025089191777623483
0.02199278126256428
-0.010251876003803322
0.00016305807862923593
0.041057273293793266
-0.05409613356400533
0.010267664624812883
0.04073187278087765
0.02061237250174048
-0.0055281247328166985
-0.024935813557752734
0.02773923554269437
0.019467544420975858
-0.016393907712442975
-0.027905530290936106
0.025724615052270094
-0.022879609349376943
-0.010542465746328774
0.02546123750499403
0.02631031014922631
-0.0218889394294371
-0.05254924882565895
-0.05281648394529702
-0.05296486317048704
0.01342065672528976
0.0782159579223232
-0.01968475965548679
0.006255159604818223
0.036469968427669495
0.00616171053324039
0.0031110730541732013
-0.022692385269159558
-0.0023893738101037976
0.04042255932682798
-0.041594212317318115
-0.01578655087245373
0.017265352176026406
-0.022576866858726324
-0.026553571882629426
-0.02511388701441952
-0.007767877108006297
0.008729463435643306
0.011667323422024894
0.044703506622680966
0.02882283860485122
0.053506128416056446
0.0217838038887703
-0.07879454792971054
0.04632471020563746
-0.00632080036320436
0.008176353203943377
0.008394756349626423
-0.0003562770063171706
-0.05183033660470381
0.008456048687721322
0.03448485282970983
-0.01289967540477669
-0.03229293144684335
0.041741034697128754
-0.012959924898467598
-0.004036383841546206
0.014320589375533736
-0.07758642047585922
0.04308061857581085
0.015242893478389363
0.04800167259218211
0.059202779500939134
0.00998336842862608
0.03830398562140992
0.010915752540863513
-0.06586142176655951
0.012618036305758307
0.014293493539405315
0.03171938695154832
0.0189157029217871
0.03741208834097221
-0.005720698085040383
-0.03709677359115969
0.007878076929091789
-0.002998883397897343
0.005369211602341646
0.04030722786031474
0.002893485680863389
0.009027606481895942
0.024558032955289612
0.025931767976347095
-0.011977919173598101
-0.015765104901744504
-0.01637052124998682
0.012882799848998434
0.015564633664706576
0.017342779887134115
-0.006682561220639582
-0.0028151056899190486
-0.012492559094181701
0.0019645068335372834
0.0005848668288048493
-0.00078127697539411
-0.003075102847145049
0.047539897656350465
-0.006597291852231696
-0.040221871405395855
0.01923348892282656
0.008838202398258003
-0.00633788119034274
-0.03240495039883215
0.02197345268538191
-0.054075795786950556
-0.006746142433209106
-0.062147270105197175
0.01068816756013764
0.011230883536855814
0.020822969711503332
0.0670634220820809
0.004649641446481169
-0.017519805926277887
-0.0191040415232508
-0.016271843374760987
0.004834266638458209
0.02780613525685514
-0.0002741829286032918
-0.0065562795708587985
-0.00973799905151187
0.024338083630486427
-0.015099043929828913
-0.03796269369679106
0.016057355044594435
-0.01853859350581758
-0.008343723379755665
-0.00021347134580883165
0.0598095101014386
0.0010409357628194326
0.005107156930705634
-0.01983459813885199
-0.03370487611562146
-0.05654011389709524
0.033501001114266474
0.004778437343408121
0.08636582677787091
0.0019271052580579794
0.0005060223017960905
0.04092713898370872
-0.02805745329212085
-0.05122142547106166
-0.008938081721453509
-0.023638898000897798
-0.011500420570040613
0.0015679851692068374
-0.038868314627705715
-0.004499618015627423
-0.018860007531678102
0.019898079569425197
-0.008715073365644609
0.021881689675213527
-0.08348713458321537
-0.019564518587300662
-0.03044266775580807
0.02505357260439142
-0.009078478402305669
0.003984856498583834
-0.04369897806500578
0.019189228369493567
0.020440576290071382
0.0037044632234535823
-0.011387701620354924
-0.012705586111210027
0.0018459226287516946
0.024403363631931473
-0.004664192550528482
0.009483721108348709
-0.006911976076474825
-4.4787926298340565e-05
-0.034753500842013334
-0.029746232317849407
-0.07453887841888662
0.0201638602918135
-0.006308867733698066
-0.005671713358399461
0.01590355459678005
0.04750287272283394
0.02759882726078863
0.03714212416694366
0.054017394989901706
0.04381505015258994
0.009486097893248955
0.0369372626657084
-0.05220063216317978
-0.027506052425330673
-0.03318053380784206
-0.0011510751782537543
-0.007840937203970241
0.018448605771070752
0.01850783790803004
-0.022684299101253216
0.0005450830649621232
0.026683726341125542
-0.04040673575577588
-0.011414996866759368
-0.03022333333309156
0.019070137550966086
-0.011858638572667833
-0.033177416702719974
-0.0068483034915557735
-0.018450812105854284
0.06901547279009108
0.034631188272000776
0.01892884082318507
0.004296748042390206
-0.0354664856190144
0.0004585702755630395
0.002296172406893818
0.0013503451776596034
-0.025065936776246262
0.017671818704996484
-0.019892441123048783
0.027934857113989558
-0.00694198217538816
-0.027595820929713476
0.013851366355804582
0.03818087901167406
-0.029195349545843824
0.016471545695778134
0.008919214395137423
-0.008244824142392701
0.010380520317278577
0.082099989289172
-0.0015403815435141204
0.03847176496670103
0.09385086586385158
-0.008981486375360554
0.004591149338499498
-7.820596658966105e-05
-0.026604513007723575
0.04865467377748489
0.02590553895196088
-0.016468614908232017
-0.008488218683165936
-0.02948752808580839
-0.0046181353479096635
0.027332657866190973
0.04079136551164658
-0.06273860311475006
0.002411847947298737
-0.003596647941050637
0.01518291082430301
0.0421075158724994
-0.04992239803572701
0.018013631275770405
-0.06426343426544497
-0.08124666068309357
0.03486408447576511
0.0027431002075924624
0.0008520940004478675
-0.008541523143117364
0.0013400385496708008
-0.03020701377838884
0.0007117151982207219
0.04631183010204269
0.028554080664885403
0.003480002414812597
-0.02134496536741478
0.0822906645696134
-0.05985695160571803
-0.007645937695336822
-0.012890243740366106
-0.0072189592324054565
0.024864028117632334
-0.012145273924587297
-0.009999071548360253
0.02548336148106367
-0.001016465379345394
0.028508839167563776
-0.02841226151719445
-0.0001278686639342135
0.007019921889850165
-0.0005707510437670259
-0.0076124013560402975
0.01942376516663275
0.05164037584817823
0.030980369054455236
-0.03631063577134015
-0.015739523736943522
0.028907526792151767
-0.0021972457235109604
0.019374116685833376
-0.03410645901306563
-0.03732625311603564
0.015829735577833962
0.0062743570292422175
-0.006996539569711407
-0.015900888422795304
-0.002961458269344813
-0.020336851643763275
-0.0020379238587450005
-0.013394416571611391
-0.022297364697386787
-0.04329908061614637
0.03052088663207163
0.06335597151797136
-0.00316925265991345
-0.020420571860167103
0.0005197323990655489
-0.029947802449031637
0.0017084347328405558
0.02982259706817157
-0.023729539751513182
-0.0306356130741624
0.032996220451538716
0.020819012325028665
-0.025107740162561572
0.015625192501628565
-0.03366071375742848
0.006005833281727372
-0.01264135208555547
0.04060880045152814
-0.017366904332559236
0.0072992973674955225
0.014483854273038187
-0.012819767752745077
-0.002288684378370933
-0.04922848685914332
0.025409135262803056
0.043909943995038156
-0.0316475328461683
-0.017007841446334594
-0.026733804520486314
0.014429246446896513
0.07714548281705046
0.05253145448367251
-0.02635041662187703
0.021325486950943873
0.0013630104426834017
0.013081959971464038
-0.06440965456439232
0.036754483639363775
0.04753259605420562
0.00032863732915688963
0.036276980821447716
0.05209062205539687
-0.030204711874546434
-0.02247922064645994
-0.035093380171615736
-0.0080399116660436
0.008204149716698955
-0.00387949723885587
0.025352092489621822
-0.0025268674471590506
-0.008743592013074737
-0.009502683483791694
-0.020884645505624987
0.027733354595627445
0.012859643343810888
-0.00797483439530763
0.007985290291519447
-0.0013962646138772079
0.0378331393225072
0.014706354660933387
-0.01722936989891444
-0.017960718634704446
-0.008486828066958328
0.0172848221233954
0.008782548942322273
0.022180890502768544
-0.025469705908494757
-0.03494601105614327
0.0030306978428243595
-0.04018183550174398
-0.025474394908437312
-0.016915602727112976
0.02331057133401262
-0.029821578961464725
-0.023010231564432986
0.020792843686944083
-0.040637967240917325
-0.03614895528070735
0.027054361120781367
0.011526540527807803
-0.023866456884792654
0.03624612470448044
0.008379588039638914
-0.04031639485568915
-0.037504256141488106
0.040334460262497956
-0.014344340126556146
-0.027427357202965075
0.015651483291226693
-0.007600621242233154
0.011200213435065665
-0.012081883540590017
-0.017213301383869395
-0.018459929443904382
-0.00537282571016572
0.0630335459850729
-0.017977714785191314
0.019288203459024843
0.015259872778173478
-0.048513284153514635
0.0053679927451192174
-0.008933024930802077
0.007255751536504876
-0.0202240094422611
-0.010633007045619132
-0.01617144936742895
-0.024863811409218443
-0.0046452507987278634
-0.007299263198847829
-0.002920173283430496
0.02331442778822443
0.0219172597844827
-0.03824515694547787
-0.008470876367290435
-0.02783690457058719
-0.03794113140237843
0.02292017280907799
0.03337503883167343
0.033337853580691044
-0.00756214499997112
0.004298461809444932
-0.02342727805854907
-0.0041446704454222915
0.00759737931705179
-0.035329799703684245
0.013220331740180242
-0.05010310362044999
-0.04068189746489729
-0.026130425050166356
-0.035058658537588584
-0.04117917920493942
0.02162605316447875
0.010479931128022405
0.006681204896203116
-0.0407338282722733
0.017465889618927515
-0.028814632556471344
0.023349891535721427
0.02397467371268261
0.0392269017200265
-0.008269967679026088
0.0005351594051508537
-0.028952051286147657
-0.028855654062129185
0.015493145953123344
0.009533749615251722
-0.009971094989881153
0.028135643919993347
-0.022261800006624085
-0.02612136258264643
-0.03776643342906393
-0.013550872411578254
-0.011288208339504687
-0.05104572581873996
-0.04161761576930658
0.02089599957055748
0.03235310027784753
-0.005777329245002616
-0.04106735940315824
-0.019643843616242804
-0.00746040006485152
0.0036090694040679426
0.0015681946153067476
-0.008307254701173366
-0.01720659470697606
0.07293086592089318
0.030724735831846758
0.010132429241057834
0.0179480787285512
0.01977787397030441
0.01329070045756743
-0.04507427571444026
0.024107212182601215
0.011577211751348357
-0.0054119274387316885
0.011438870225458071
-0.017893827492990236
-0.019551208297429085
-0.021607914122889666
-0.01066734366798175
-0.027180419790584873
0.0002549719903406818
-0.04190148698674256
-0.04050189822671788
-0.011150687406536793
0.04511714916751941
0.02307332687641688
-0.010909166155958175
-0.005746628178495928
0.03225945592913944
-0.013239642450412743
-0.004542045049171613
-0.02246757072037088
0.023356798955892582
0.05010554506503517
0.019263524087456074
-0.02784674158607571
-0.0014555278997692754
0.010075916699524953
-0.04010036560040683
0.06188384873634111
-0.002365515831774145
-0.004600174214896569
-0.010451086943332235
-0.014435280918752742
0.03258692232256616
0.022099409680551588
-0.010590979175480833
0.014372519929740165
0.04535343159032955
0.020571255417082893
-0.021305011659697563
-0.03429147219302482
0.011850303575288287
-0.01739122747539494
-0.07466128053969959
-0.013931697633418758
0.03154783715021483
0.009790987276010908
-0.07804831643690867
-0.0005085457597423263
0.02507343577107394
0.006283540958080395
0.0071769024090359325
-0.0009487054982113914
-0.0005137741571813258
0.01521417513420038
-0.0023638888038258043
-0.016814515497324194
-0.0057985267428382154
-0.012050432608833669
0.023476115892847326
-0.01837333373438635
-0.009947631567243988
-0.00932371797069665
-0.0009938675859609333
-0.020720065316688945
-0.027586607477978264
0.021912248769569237
0.005626693053220125
0.015542037376378194
-0.008788772985267309
-0.0007526852439744729
0.037126206944281634
-0.0038825382709069263
-0.015804725480422367
0.022032449746755275
0.02310936483552112
-0.03524322859551494
-0.03590104861108398
-0.06916967408938804
-0.035052631277962744
-0.0298557383514539
0.031861833547635623
-0.013905919269456836
0.011895728842433438
-0.037503119399127545
-0.003944330662998615
0.0320767119889492
-0.042786366915188216
