-0.06420167269731072
-0.03826790197734151
0.035903939183215675
0.013315039670970483
-0.01762965067655514
-0.001523280052685581
-0.01942767587393577
0.018798441137905735
0.03151209741591251
-0.020071716567947203
0.012681556744328087
0.0007981851504437219
-0.029586564665525967
-0.008804201068069699
-0.00820086929149853
0.006539038126084149
-0.0175710457264874
-0.018179131409708133
0.010777685668483692
0.0104163935662529
-0.021278631378192307
0.008023883343886332
0.035033267808537875
0.02605551121313753
-0.028477732430451083
0.014659227190291222
-0.004873078947965449
-0.017815650103328605
0.028468662828181432
0.08473436972676283
0.030987080742231943
-0.008290814313096964
-0.0022407679197886765
-0.0083505991562466
-0.013235974003974882
0.006248854049046252
-0.036617513129352845
-0.0172551052802717
0.02833241545435235
-0.003137276976582471
0.007937864919956043
-0.013473883087230147
-0.01951125229703237
-0.023126851940704286
0.0052208539487253736
-0.02992379499685634
0.01029347059914404
-0.029902759300580402
-0.03361154304612089
-0.03899459856197676
-0.020764331454206676
-0.008158073136870756
0.03736389969677798
-0.04011809648252133
-0.04410493452928884
-0.0071726902483982445
0.012544034700661226
0.04314571809821011
0.028192867315905486
-0.006654563662590433
0.04350395058310089
-0.0005153765633564736
-0.05516044995455653
-0.020442396535200753
0.06680991214810368
-0.011812440357218687
-0.013212004482009881
-0.03184059912190589
0.036871346672317756
-0.000725575478766887
-0.004213587617571492
-0.0169665160776949
0.01808968379667578
0.022562529232730905
-0.008956623403962107
-0.0003330646841597316
-0.03343707568991693
-0.003939617804979504
-0.0028763910937752548
-0.009406910899942132
0.029438795855705087
-0.01157144533010717
0.0034959108213802013
-0.01206200505387752
0.0294395436363214
-0.04610806053693161
0.01607414665169218
0.004675128009410608
0.05820881068735706
-0.007321841374074957
0.01815330851572699
0.033519821330057153
0.023675499160463957
0.0341393004486066
0.028710501655109393
-0.007232460049825709
-0.05233873593527233
0.02528442368333185
-0.03443461573884592
0.023534903066551503
0.01870627829316126
0.03178502002645699
-0.060626691416752865
0.005393707981762026
0.006510792686040799
0.018178865525182643
0.006263277769811733
-0.044103179986392974
0.003197250334535519
-0.017818718432477232
-0.018815281812924373
0.0004869609812315994
0.056650947145425866
-0.02111461461287031
-0.008753495485647737
-0.0064174389400014145
-0.06442539359144132
-0.025962682539063146
-0.0004722376566805391
0.03925289607744267
-0.05572331005404065
-0.012614485567804331
-0.008665184584365552
-0.00594579887296897
0.05072941035074305
-0.0014513931139064217
-0.021032595181879915
-0.018397337050888293
-0.0026322708247815472
0.041420203593669734
0.009544349418916503
-0.04306672616368441
0.03589826751063655
0.002418012206001277
-0.021440284090826118
0.07379564107386391
0.05640428878314453
0.08331184627796367
-0.003316300122087339
0.07334430137382011
0.002940098610281487
-0.03100864465298929
-0.015075201640178705
0.010358478305553516
-0.028087792945331584
0.00196324535704411
-0.018270729300787276
0.019327162539974643
-0.002614521300934599
-0.0076598569358553165
-0.022183827898148187
-0.02940953927161331
-0.03976513561032863
0.006403781493174692
0.017471891453184472
-0.011420331990859395
-0.01005552117029654
0.01864466117487152
-0.003400128632333631
-0.0017438206088415265
0.004875564422108262
0.0016821153936571597
0.026050273874566494
0.016234334222324044
-0.006704566173012246
0.02733365813475551
0.04014163343211333
-0.02143596167684688
-0.042106278266361374
0.013964521937382568
0.0031777755734508
-0.002276835451001107
0.03160618815438134
-0.025385642127832283
-0.02440639042051673
-0.010351372335140906
-0.014684788733829966
-0.03916943586236288
-0.011467926254196601
-0.004720717693089688
0.022462912053472946
0.006405003369726575
-0.06052827280719985
-0.0027571229997470845
0.05259834306041787
-0.016120057414364803
-0.0075566893787753706
-0.02613618205656589
-0.01729032909354545
-0.018704312519855496
0.0025863274167316464
0.008975185985826509
0.028632519137650143
-0.04996836333077356
0.005631195426854247
-0.001635800676763861
0.016509132811348203
0.003419445503683983
0.0019056367162461018
-0.020528703767754206
-0.022472169365241507
-0.035810861538551876
-0.017813793632363146
0.01290193002097598
0.01622697397058287
-0.011281569415103974
-0.002734179115070797
-0.012982387421365075
0.03237390904176007
-0.03642475664174535
-0.03243096527335478
0.019403598948463163
-0.025413751304873115
0.010954169460941925
0.03787981517830758
-0.016643869923323354
-0.015993394560449414
-0.006794419282408189
-0.007989160480854764
0.024932128175827326
0.015463837341938916
-0.06262323144689443
0.026173596869670215
-0.01752269483011513
-0.00348100184422833
0.009632116295782108
0.0013308938063999985
-0.029006937847879367
-0.033210407063777016
-0.022482189728484845
0.04353401035712403
-0.04704947694726325
-0.0072238904076143366
0.012784620121275422
0.09757256140227734
-0.004500924517852804
-0.03253702247121286
0.0077808442700546395
0.01922813733711998
0.03458132890557256
0.02260548719122777
-0.027428081648468473
-0.0052059343073079965
-0.01562828749400854
-0.026484684378784557
0.01104683245854747
0.04009556076081269
0.018175412079964596
0.004441677221548573
-0.10383083145840039
0.0362549024546026
0.0001689247416832229
-0.03360074270406074
-0.0047081523589951775
-0.00823400372248194
0.01180130368178989
-0.012479942393268946
0.006894582518365634
0.027514609019341087
-0.00586206888147597
-0.023421944934777016
-0.014377876162187966
-0.08131009794608654
-0.009025455451103837
-0.03442544583469792
-0.03706162468854891
-0.05219136881682882
-0.002204855698158472
0.028367664146418538
0.02329475438730028
0.0253629696086875
0.01970303621266727
-0.01801023658724445
-0.014655544493495317
0.020277906984543844
-0.03946197036848848
0.02964911409121569
0.007429507965859597
0.012071617936831742
0.05125350083392109
0.04563383298856475
0.024097858140142713
-0.04493916485393699
-0.03560257940426795
-0.0018299984223738176
-0.05065664767760946
0.011743616922831736
0.02187475613664941
0.026817263776620887
-0.023797791662625297
-0.0035353016401057542
0.061069837936089
0.05293413796771434
0.009396437347110686
-0.015239608085861868
-0.007074084048455264
0.04971914547222199
0.01844312540576436
0.05253664354529034
0.025497711032439727
-0.019048994511319015
0.031953759326333146
-0.0018168904113646384
-0.004037006799042535
0.004775461315124801
0.017769086507142488
0.02422119189950117
-0.010447375149403191
0.003677579881974324
-0.029981042347451022
-0.0013751578417351925
-0.029247994069872423
-0.009205132297490362
-0.03770775102278974
-0.012030633182019903
0.014528873920961551
-0.06340679598521991
0.01944816506981715
-0.011997740759134644
0.1116643018477409
-0.005690265708037886
-0.023973482663220046
0.011083801439414669
0.016270650230435828
0.03742385033199678
0.004684582604468463
-0.012996818998952048
-0.01600189105830345
-0.052176016746177604
-0.008527678857373936
-0.006529690497438236
0.01152921116144641
0.005645098472073334
0.00807248871322335
0.03626733552062924
0.01824153711801758
-0.01017868692995089
0.029671807385435588
-0.0035173750691063137
0.00854383624037888
0.010466957996611724
-0.006424430844286089
-0.045516993116235166
-0.023160056569740132
0.0013219034558817888
-0.00015063424634607344
0.012877972226122036
-0.020946303386908324
0.015985614862326407
0.013541764948134537
0.05793142534410848
0.022372287740024845
-0.024385784476992068
-0.001640443319441081
-0.05642584618800527
0.02844131822877202
-0.0037821317518776203
-0.013241254445565861
-0.0273219676919884
-0.0034310265127785963
-0.012567441443335384
0.06238930519201731
0.037403664364696804
-0.013955562715667011
-0.006513986663169023
0.01844988665294072
-0.021487898129311473
-0.05952574606310434
0.02669581968704093
0.05283508418558279
0.0217141081846993
0.0377212475549194
-0.0440008563037836
0.0018146617899568887
-0.015433449828940134
0.05139135945032744
-0.031946063251244446
-0.007331665501229007
-0.013045996032686889
-0.046346394271709286
0.006183519715831581
-0.006809844348366128
0.001307668019684405
0.005301504238650702
0.0014198135012325524
0.015726905701050207
0.06429355781219065
-0.021956664078314512
0.018143287965529838
-0.015056396193672524
0.028161821882842258
-0.0037306990969622695
-0.015251461604829718
0.0013375971284737243
0.035937415433500874
0.032297027106480504
0.005264375339303976
0.058288133089229456
-0.06393372660826639
-0.019024286158424237
0.006513813818409058
-0.020300124992711763
-0.020798705881500554
0.03638598294877229
-0.011510207466728184
-0.03470571244117416
0.0019645894322746628
0.00704342070696315
-0.034617203339379544
-0.01849529820685516
-0.021299126556169622
-0.020593228295325415
0.02268933577540083
0.051520188526210264
-0.01888665675360235
0.0026085238396425623
-0.06696220580076545
0.02377633260756814
-0.049903800340280295
0.02843999898447183
-0.006711537326830924
-0.028916181165286596
-0.04753699997998898
-0.019535107140826957
-0.013306056585364604
-0.010582332838212378
0.011360867880701273
0.06660228413073004
-0.026457456922573543
0.034555238188932566
-0.007557337227911207
-0.028810101033611677
0.052611206477228355
0.027549819933195423
-0.007286724534537935
-0.023778412020083222
0.021383093452785364
-0.050721309977241086
0.0007223306734338075
-0.003663343750369406
-0.04537430836364342
0.007174111750170189
0.06579519782322951
-0.03165617958630282
0.01261616315107796
-0.0013770789401411191
0.036589189644667945
0.04147702933620298
-0.008599646290514512
-0.012357741741436244
0.006936990238622207
0.003941913415117771
-0.010583597846800396
-0.01083579275585157
0.022418711014058387
0.0740186535185876
0.06566815638529777
-0.04068079308334792
0.02585372972452206
-0.050778981395131706
-0.01666609248928784
0.056980186888288285
0.025600526992243872
0.02567488017792812
-0.014816722356490467
0.009178888832765004
0.007369060320190972
-0.027543124501467516
-0.01946035193852271
0.03540746015780286
-0.02030272773467145
0.003306188423963031
0.024902424198744534
-0.04940711961676002
0.0074361750532149235
0.06994622953859078
-0.007209214226085701
0.02463241651961238
0.008548569153902027
0.005549375702682813
0.030115237673428944
0.0011522142889869142
0.047083005928529285
-0.005566534683798078
-0.004409923095531325
0.0014515206275856488
-0.008480839510991368
-0.030325374982787836
0.01948279794465609
0.003260324511374528
0.010436605809024425
0.02919064726598805
-0.05914709250700513
0.03202274499345986
0.003406172338362796
-0.005865458641620539
-0.004811945814661618
-0.02671216551010157
-0.020993238940752133
0.03614448110169703
-0.036920241041165196
0.0389646424900537
0.016634209402141407
-0.031534229885623495
-0.02689818817955194
-0.005449233293274578
-0.011920692946198226
-0.012177057646470023
0.02437210517958301
-0.0219985187020568
0.019467283220725055
0.043488147407889054
0.03415332431888772
0.011289672172642606
0.008335555630563393
-0.004253089665820398
0.004256289288562223
-0.028984724756576458
0.03951028569824566
-0.045948827046120494
-0.006248382735415891
-0.036803788358075545
-0.0589826288855924
0.027895304537877523
-0.07142607482492706
0.002319994115758447
-0.04675604095200406
0.009420413007860897
-0.0032634790597507327
0.027856430657318767
0.012778699483532979
-0.004015872971174779
0.002421077138164708
0.01583862378642442
0.015506542636325693
0.032959052609516225
-0.050861927894018735
-0.001143812396797946
-0.03199304433763856
-0.008573582449968618
-0.06736677105659965
0.005268911553323694
0.008048248534876654
0.04695921959467419
-0.024720049529418333
0.00588887833754659
-0.04240640998461343
-0.023453302163329366
-0.011755125933123086
-0.0021346224758295204
-0.026460722377470068
-0.003847261564922184
0.014429191238165648
-0.008127633244188734
-0.03278970034847342
-0.0018361000019407958
0.01353226743768978
0.010675794033513493
0.018186974708056212
-0.0204133181879482
-0.00018265961441760382
0.024600557345655426
0.044972050674039254
-0.003662415725006553
-0.024212326756013324
0.04492513169928169
-0.03006402987770181
0.010836777568876263
0.0402465240067092
-0.0033574381113444683
0.0013784656271309981
0.03602247219854549
0.01601087560538392
-0.023473247135017004
0.035665560283531385
0.0010493455762767292
0.004458338421503164
-0.0018747437854650178
0.001441960979880782
-0.05427368596247009
-0.006989552472453552
0.034765346798369776
0.0010110279426496479
-0.008166675329025007
-0.05812381494464764
0.0002666270589446819
0.014034098030703452
0.019687973166251208
-0.025288196169738448
0.004366298599294973
0.027261433368562255
-0.05044822430304066
0.03981798330212603
-0.040384018410533636
0.014688202251129944
-0.031388553815318215
0.01522044202264625
-0.012291084735414735
0.007386890244052078
0.006145262179689501
0.02196247671353856
0.00369914812231489
-0.02168021139407184
-0.037944646176270795
-0.028406060779747024
-0.05790326191015004
0.013218868806151897
0.039916973663143604
0.03095250755235504
0.02627129493935167
0.013903633670214346
-0.021089830288065547
-0.027110139175018144
-0.04979935054126712
0.031768178182464926
-0.0015935454251745742
0.010645826725339397
-0.029249167703429734
0.03474430365755053
0.010015977503917193
0.018346149307902605
0.002559414670800212
0.04056238980152554
0.02027448937419135
-0.036037986359939295
-0.0032449825669263886
-0.05113118103823627
-0.011950753432548296
-0.04655848757374377
0.02553292648534534
0.016753665037558988
-0.0007161668626167218
0.005948384426536685
-0.005811823589280487
0.03331247460384029
-0.02386186339355626
0.045277891670102904
0.013820124858135935
-0.022863647563900295
-0.011153577128442078
0.006280823846011659
0.012508531615645213
-0.010991643370424733
0.011265813446842854
-0.005543417947590638
0.02050419109631313
-0.021364663998788776
0.04947615847715452
-0.01707367586288401
-0.026524639692835642
0.011775689759743519
-0.046294338755283944
-0.0016639335174566114
-0.005476955516681623
-0.0018636003393320726
0.0021968556538482903
-0.016456821283834116
0.033419809307306286
0.03283931115585467
0.032995208858019105
0.006365233165852316
-0.0643375236678986
0.06900424037611158
0.011968358823686354
0.002308985672907076
0.012788757454983632
0.0022149374156690046
0.04501254725777176
-0.005008576467108679
0.03344793025479471
0.01867189383907036
0.010300965077059103
-0.00866949148312484
0.005278736710531411
0.0024391566247796907
0.0010272708203060705
0.004701402039322694
-0.061193507042686564
0.0016589079355995644
-0.00874082552320536
-0.03869907509435922
-0.0011156228911666473
-0.031330056563878106
0.0020281232057007986
0.016594308701222662
0.01629584316038332
0.03340579946835843
-0.04140371030554776
0.05757031865359909
0.02991032399562173
0.016472790902240776
0.04130191066777256
-0.007022453999615268
0.004635564088064617
0.014632617694220158
0.002448686269090937
0.0368936393925387
-0.04668393923710198
-0.003633546877303154
0.005543314649185675
-0.02215206696241088
-0.010266967894260808
0.014912728127698085
-0.003775913653142306
0.021762082420231085
-0.0009640832488839576
0.014963727895329121
-0.04656803367328621
-0.03974967260964439
-0.0020159536914423526
-0.01005828421570363
-0.03891450544716476
0.0026660945092277445
0.029623110516118854
0.05591440698299789
0.01741744735627006
-0.04400740653981858
-0.010290223152166045
-0.01150854341083253
-0.0034778262599836347
0.03642586139978037
-0.015790091288738574
-0.04703918848956415
0.02473207708942315
0.009064088943750133
0.07824487776864522
-0.016068339675465112
-0.02906763127120827
0.006039782581010202
0.004337565516010415
0.026652815207821055
0.07809334121083399
-0.004529833616539348
0.0006889965053721464
-0.07075162433823014
0.024617609787359235
-0.08903775105973183
0.06311641994620991
0.10487970945575192
-0.003092200057597471
-0.018965007588428257
-0.011055743202987894
-0.03135402946606981
-0.042219983803549216
0.015422898838810362
-0.0007898679226226312
-0.002535996600388067
-0.03621029385071233
-0.027783689903883777
0.028581286669479677
-0.02444341348053585
0.0025878094703773234
0.03873816975624654
0.003091887044736214
0.003120276323435801
-0.020052799386548144
0.048627094638245806
-0.014544849329730965
-0.0319826270099605
0.019288419138808546
0.03890804893784601
-0.01974063923968884
-0.02270360558327348
0.051904581152277356
0.0391841922833175
-0.005392407792390888
0.02616966142348696
-0.06640316117544282
0.00284199754526909
0.018708423242866867
-0.020180652507093465
-0.00862528501951275
0.01072486237639939
-0.007876675530661044
0.033951236152285395
-0.01302642129983988
-0.031419042342237885
-0.03528539003524484
0.00889787186121441
-0.017362434579489983
0.02959009579226437
-0.0071119554335553024
0.040807071953117786
-0.03886380037431453
-0.03957701551509731
-0.0035984188441752396
0.01207158351588889
0.0016759095260970667
-0.021132590268860708
0.029602638733368183
-0.05428774328528603
0.036788094852266764
-0.027103805075136905
-0.004763981257470781
-0.012205872843172564
-0.04071520284072771
0.013600115815203625
0.03714184366576779
-0.022878896301631365
-0.015591050284423175
-0.02219808738096138
0.021887241537104987
-0.002769496260651834
0.008014458158024412
-0.08516788975862374
0.009407871622055149
-0.0409967289358666
-0.04916797946273458
-0.03429040161461525
0.0005580023807596418
0.017296329688054734
-0.006100931554416276
-0.04729954606485787
0.003049726845403266
-0.006689565235508035
0.01953281614607094
-0.009502713589454629
0.011498687628496991
-0.05665508515855647
0.0015737600195055545
0.02185714698383016
-0.013628470403894144
-0.055146035925543395
-0.013389195252160202
0.026423936471947372
-0.022714908948675717
0.034235809981050046
0.06294642989532229
0.023582149283472135
-0.042925203599639805
0.009213097776216856
0.013547278486523923
-0.07479886266479259
-0.00537767023751481
0.04513070030983664
-0.03591056075887495
0.035512604238838924
0.003685088008306691
0.053790609618424884
-0.01490741113588525
-0.04356414685734377
0.02203426168307107
-0.030710418224043915
-0.006970154952815822
-0.038958513959457534
0.0001329786816535918
-0.020638579272341348
-0.00208552944442718
-0.007061549315356628
-0.06171756062444046
0.012245849155489106
-0.008353862834790676
-0.008760481044715614
0.02594760328352411
0.0309267573016798
0.0290657074994061
0.03703703230294778
-0.048058123802865435
-0.03058427789036675
-0.02004675458057779
0.017801353564697694
0.003004010121432045
-0.038665807603570634
-0.012702820324822986
0.008924005111490038
0.02440771083849994
-0.00452531254790072
-0.003755346505063991
0.02285416762269464
-0.014173619673027448
0.004627706549642839
0.013241068888000133
0.06519959466517683
-0.01415447519996276
-0.0030439562049252213
0.007935059168379405
0.015449666817620377
0.020709697611635138
0.015094661714122132
-0.0013016388124756071
0.01981608603724291
-0.030524587396370657
0.06128532343055592
0.01123521266540767
-0.00953459750576767
0.006891621285901585
0.007270223181974244
-0.00529329076319979
0.02419144989979053
0.006620349068026273
-0.03982513527737306
0.016272875568752124
0.01267133555842935
0.00299705699464772
-0.021711926291157518
0.042499262497580174
0.00013810440973621631
0.03517952421632427
0.019776603685006507
0.0431359282401257
0.007005534749292882
-0.003764795424380819
0.003180686842507146
0.01169323527982498
-0.001225047919896622
0.004067782195920227
0.01765239244443673
-0.04290651275536817
-0.0008273478232948704
0.03007770808903726
0.01559400785748898
0.03262188651181127
-0.04959008884839356
-0.0074765599596477526
-0.013363183743685638
-0.010450097563133132
0.005150316704766479
0.041268921971056104
-0.018802549945047327
0.012979557687439148
0.01923083008675808
-0.028430701971306396
-0.028723279794591966
0.018015224715788
0.023743123636113375
0.002096014423120942
0.01979186544302583
-0.0031992119736703596
-0.02978306643959813
0.06927851338371009
0.003138600446060997
0.07672108936645128
-0.025107643763799026
-0.025367524637681077
0.02707738181685303
-0.01849669813106576
-0.05851968594361269
0.013920059731712443
0.0027159299445557407
-0.03509998663643506
0.0021969423547749736
0.017553141263490748
0.0012080571146547265
0.03686653647827488
-0.03596063218975314
-0.019017899319830018
0.0016192353408663288
-0.0027068601181972226
0.024455590808863545
0.028033908750012083
0.007040939851015492
0.004247966409510661
0.0334349740268865
0.035357634373698967
-0.04855192985698829
-0.00814950319626475
-0.0057911421983410085
-0.0485483815504792
-0.059169010727337094
-0.014643711012399446
-0.01900264475743099
-0.06497398150556845
-0.005311750861514471
-0.03273247058052547
-0.01541509209359714
0.011295394631176599
0.0140537125458909
0.01587002353374281
-0.055691030559736315
0.018939357106692912
-0.02495166799428865
-0.012875132132947218
0.018666911527780786
0.01762031608180842
0.04566273443045458
0.0010473627267703447
-0.014286239304765377
0.023795935056288152
-0.05504902216054198
-0.011571953881164337
-0.031187718165608457
-0.0005132331188066291
-0.025787595039492035
0.015766484360259268
0.022834865209899684
-0.040500700314672
0.004148872685514609
0.027236314062245272
-0.047264039674626786
-0.013239379131671196
0.01771417232142563
-0.0010385017086521336
-0.027041670094894728
-0.0369701582695149
-0.03082276409565389
-0.006136463359569796
-0.09002961780453578
-0.008094598087232736
0.014957646560197031
0.009174501547277444
-0.0017575796220424703
0.049712028173410125
-0.020474950203987888
-0.01088778656317403
0.0014515689867473642
0.05472418448184566
-0.01193997017362
-0.0327882138804318
-0.00616222015453541
-0.03353505769387524
0.013752049934439691
0.010589740937326833
0.015388227184177388
0.003856940354401937
0.020148911945364514
0.02090314827061244
0.024598093547601042
-0.005407943656947228
-0.03131060420659889
0.003963171125842482
-0.014485831710813853
0.008296886950668573
-0.002622605605679141
-0.0020976669200571917
-0.04636574511251799
0.0010769259174743002
-0.005470914820443249
0.023071201451379163
0.061256665696059746
-0.023299656157626466
-0.007143806680642966
-0.013955238610908203
0.021398313900000084
0.012017287548607355
0.002243763839329836
-0.013362071975433314
-0.015560166406310185
0.01177687198691482
-0.09375862257627433
-0.019842179996398642
0.02125227270121063
0.019231879025869585
-0.06285958337266093
-0.008147638197476137
0.04160743798147328
-0.01549865810019817
0.010759904357300537
0.03456938469469939
-0.003973791339079401
0.024635586745665867
-0.020071080295363825
-0.012809208564649798
0.01657325622360519
0.003921193724926726
0.01888028102347471
0.0016716721736669143
0.008484436958000252
-0.009981746077895185
-0.006691823513316298
-0.0093802986471411
0.01960465840217069
0.053654655943239864
-0.004451984387319342
-0.02445175047171894
0.020744732267765364
-0.005313283644348149
-0.03277200304261388
0.019845152717135394
-0.002699767505730637
-0.04477345869090992
0.023430998743716843
-0.0263556403372684
0.03904236514786263
0.021697981837773887
-0.054229861236022026
0.02101253429347029
0.0010435114476288604
-0.026174192681026266
-0.006958019888437582
0.01077830392380691
-3.8191927844044036e-05
0.00198690829453889
0.011617471118261244
-0.00848902028043948
0.012385712740974858
0.005636985140741203
-0.056083630125017915
-0.02020641135731633
-0.038175419213231
-0.011033959333823782
-0.008333545425941618
0.0014375238370059045
-0.018857218005251416
0.031168313510506074
-0.011595505269623248
-0.026157801083959757
-0.004671814772563482
0.01081674569700396
0.003075875231160096
0.023343061515554094
-0.012111733613020651
0.020143813188005934
-0.10445789698602759
0.023111236328448397
-0.015293604714165642
0.006318464537121412
0.009364007625153043
0.05337136580162937
0.03294405633863245
0.010445718005509952
0.004943625236992092
-0.019158231115014555
0.005365364257365143
-0.04017498844115096
-0.036114385699140265
0.007189102541926099
-0.006873432885972573
0.00574770847486298
0.023131176873269564
-0.018471257395421374
0.0032626424967462974
-0.02664206856197718
-0.001983825417251386
0.010989062974600986
-0.05345949417403961
0.025896626507471276
-0.0031101281472749828
0.028476578883627854
0.018944216655738852
0.05141161539974714
0.06576580335364696
0.01596341051092996
0.039007426924395155
-0.0017806129773227366
4.647388650313097e-05
0.011224625506133899
0.0049910553689420005
-0.040275954087784
0.015602444747303865
0.009150393466051008
-0.012498986053084329
0.03030166033662027
0.02482520128868023
0.02976808054459177
-0.012475185443365644
0.00941548493215084
0.02272048825564956
-0.005241488642830715
-0.01208334788406831
0.0034482091534014797
0.01332150679296759
0.013230806692731854
0.03014349676559642
-0.03119942090423276
-0.0030920614017072795
-0.06559278006463475
0.016260770755707872
0.01167309008449433
0.07404228120976333
-0.005269667891811965
0.0208733388048542
0.0022357747100053118
0.008291493862877265
-0.036359528081754085
0.012099683644669835
0.020659821547057648
0.0031812263392674133
0.004993863488530644
-0.02887907969132686
0.01908548732445306
-0.0060860030589581894
-0.004141524343201939
0.01738737628701456
0.029940521606526754
-0.012373089967168464
0.03023204290552382
-0.018497940667214722
-0.004081643225307458
-0.017814695566000262
0.036216944786124826
0.013086404029179781
0.038305276300069316
-0.034167291744167806
-0.019377460005979612
-0.01710049876328249
0.0005145976525963642
0.005357572496183062
0.03223918055702475
-0.05663267140280979
0.021775587655907907
0.0027058630429143684
0.010985337597812839
0.008978885843557488
0.05178057925353415
-0.035629432303609675
0.06013850056860064
0.01169857806343035
-0.03190810944606281
0.025375434714009323
0.018697123556598583
0.0315314219130003
0.002011202076664393
0.004824067433324584
0.019397135365248064
