-0.02236744296628226
-0.02509084872478953
-0.0028845318437965475
0.010106640612551808
0.00894890893488145
-0.005787043245135195
0.01235203216888571
-0.02118466857359082
-0.029271014995502154
-0.03400748123788432
0.00612775044847024
0.02558432480617694
-0.012416512095462733
-0.036332676840907116
0.013946152872735616
-0.03000790185432116
0.0073586183456527815
0.008138026975266123
0.0247129919547401
0.009537588473508394
0.048741812105344125
-0.03953539411473889
0.07279965879767583
-0.001070871509422793
0.03192076942163092
-0.017456606399046455
-0.001982396922786407
-0.007435505808831316
0.012907348601627785
0.04893437967509445
-0.013770161101987213
0.02597226706771031
-0.05242759287230952
-0.009435417246563693
0.07353460674691355
0.01581135896142818
0.024015794259344227
-0.011260070694183152
-0.04908936791196576
0.004764926254214162
-0.005356095221041155
0.00015704381706900368
0.04617882983690916
0.026848098868118984
0.08004686985542091
-0.030879165195051003
0.035831748567972894
-0.0696957934928366
-0.03360504801670585
-0.003005363047092832
-0.0020444329496755917
0.012661546960965492
0.02132894091771488
0.04556787995484741
0.017149094834744305
-0.011916802808260461
0.010898277861237687
-0.008482889931422165
-0.009181184429185522
-0.00225055108258767
-0.03682255987686691
-0.022479307442195173
0.009765311754712952
0.004851660853542319
0.01671831538217995
0.03915702495515566
-0.04634506056287672
0.014782178977521581
-0.030217054689169957
-0.03871933620812645
0.054228461650468116
0.008908320014135968
0.023121228638763442
0.0474884083347514
-0.030124131090163882
0.06468581564419969
-0.01253217516721575
-0.005464481748673361
-0.06569032828050816
0.01813130191445135
0.059021843419999775
0.010779347195717258
0.053386323086408234
-0.002754916118486106
0.0056932912546710564
-0.04665783069493878
-0.019119211823748206
0.012255642397043728
0.01164997485309155
-0.06829427365234275
-0.027108611522038938
0.013288019086762377
-0.006818585628709362
-0.012334069564479787
0.06582235655191701
-0.0005929976867278013
-0.021021583664672574
-0.04369850124990789
-0.014272742422582304
-0.0035619825605795186
0.027155930762453453
0.006743665038125358
-0.0019535065845781444
-0.004303562886843768
0.044036682290711414
0.086578763958896
-0.014682778233910938
-0.009188085809405446
-0.032067246856759976
0.03649748311804795
0.027207024335134715
-0.03705599010453358
-0.016493377888147483
-0.012888802977877232
0.023434337761576603
0.005706599780832098
0.0005092408575522395
-0.0012146308337082393
0.012758043033082124
-0.021368166728465664
-0.0022131413106258276
0.07144403002693853
0.027828770105465542
0.02235669346848412
-0.004215252296985111
-0.006100471780794235
-0.014442242692793
-0.0007131378667381804
-0.026684940187638964
0.0357509314511238
0.008005480826395106
0.003165613508153157
-0.017764401295818712
-0.029030980234781116
-0.051225782643345374
0.04094960307407699
-0.055414988212137826
0.0007758920303691713
-0.0066892469319963805
0.03010695408782766
0.002810134244120166
0.0015023255478659077
0.04209584560037782
0.01544240897193022
-0.030590668845065082
-0.022627451518978815
0.03780552831731932
0.004187557570325341
0.01530513109808979
0.004870584333644797
-0.006077458954742506
0.013018875505950302
-0.01585779224945693
-0.0017212076320775639
0.0014690480523667853
-0.019181504224954224
-0.006796739255243861
0.05623765091359029
-0.0013379788068855077
-0.014034345322121299
-0.01988747888583407
0.025341662613339633
-0.015362537806114884
0.029706042576775407
-0.022580004548491236
-0.013331479156432414
0.03944779477066204
-0.00501837123409599
0.01210990601397732
-0.014193226685466109
0.035237967455562035
0.018525741009816243
0.025435204997114776
0.05202071335342124
-0.012986699840573483
-0.006693558992306686
0.03691633052083717
-0.046789714233385286
0.0244017313605531
0.011375759531654109
-0.022440115462370982
-0.0265321043289257
0.01549730990903161
0.012906141253464277
-0.02689558524399792
0.020818357411783162
0.004867944571411564
0.03218187660663998
-0.029276441825679303
-0.01812585663481341
0.031240556743863866
-0.02954467925545629
0.00806348989974148
-0.02510535816926962
-0.004714715246360325
-0.004170447443133645
-0.008794846423653396
-0.005283989618618556
-0.01236183196584414
0.0068594359594368525
-0.0035162700769218436
0.0040153565655611425
-0.006412913568488346
-0.04373464320393118
0.014278855113285938
0.020658980611316182
-0.03792578555971758
-0.02392889206555783
-0.011494088604427336
-0.06973853841774198
-0.07792710166935762
0.003883576690604662
-0.05331489137741939
0.0012980277964739961
-0.05543314040766291
0.033105148575384685
-0.03331955439896187
0.05381325662131186
-0.00628685666869726
0.01822856526881755
-0.0010797706783258621
-0.00922853999806974
-0.02672058592211915
-0.004641993604315903
-0.0021935279794173413
0.016626959103139417
0.06061420736731591
0.023531085455779373
-0.023735391973886206
-0.007697328507293872
0.04787008642192425
0.021127402242628948
-0.038567143076594215
-0.03755503410094924
0.008620366513808144
-0.04012461963989401
-0.018360652916762026
-0.03909573878334553
-0.009443637387243374
0.025329218622195136
-0.030815984245564063
0.033476410866896344
-0.01548844570477562
0.015463718252963627
-0.020653594173267602
-0.006145543628076667
0.016475238048229233
0.0008736225718631555
-0.04932260159724373
0.007906301765916663
0.04051474865378051
0.01922057150263043
0.007115654206459229
0.007011070682366058
-0.05990393161683403
-0.006664543094395079
0.004776948512629812
0.0296193742406333
0.0318432708365875
0.007118427125012575
-0.009820615673585937
0.021271439014360037
-0.04735431618975378
-0.002878037369530278
0.014499280886970424
-0.04597134558638152
0.043420043561213324
0.02215435792201971
0.00397950583686985
-0.013490142327420556
-0.015883957539524422
0.0028841184547460756
0.04123893386931984
-0.0011683905408682955
-0.0058268761391897655
0.02636869503580851
-0.022041491697522203
0.01255491266727325
-0.005421793688268407
0.024934085196845143
-0.010475271630750878
-0.019350171356695485
-0.03299121933893102
-0.024817144995386464
0.0057811417736434315
0.04528193351457074
0.031723669113776255
0.024710395275529602
-0.09248195145670446
-0.039051025544769954
-0.012436334807356246
-0.04038049461315996
-0.007820409398672203
0.012262758941985495
-0.018542453419063992
0.040730527760057
0.022007705793307995
0.032068528693258234
-0.017739944696140025
-0.03910106186345331
-0.013374588261645812
-0.0158315865140991
0.04838518071876828
-0.02087438393503542
0.005014358942461903
0.007931647283268289
0.009225242551075317
0.03850149285314412
-0.0074587217322426074
0.000933424095405333
0.006347592262799231
-0.004095677100110033
-0.05887145651959966
0.02174501345991504
-0.003166493072217084
0.05374571701766946
0.03403066782295794
0.01914572254637645
-0.02597419595780897
-0.03357310252784205
0.02646486193650874
0.021685732603184512
-0.03974905772438505
-0.04916876656510617
-0.0066998575216997355
-0.006086270254696867
0.03445560812336751
-0.0016455987982442741
-0.06343743875624903
-0.011994122988766738
0.029721553399584964
0.0031391517485936313
0.015914897269872132
-0.0018887432577951932
-0.014008968266022754
-0.017791431039830788
-0.052753198709940864
0.01081727705179637
0.03818744959879217
-0.0737405755594765
0.004946514395287515
0.03743508982755499
0.014558941220475111
0.0027262125894525076
-0.0071454384898220315
-0.02161259026132834
-0.06296333069124126
0.026911254506635538
0.04626976171151848
0.006962113397497526
0.007968327410258009
0.017166911849197924
0.03202260329276461
0.01260288248381884
-0.051179563435720124
-0.0040807524549735345
-0.019519033423096604
-0.0012960598485583805
0.017492917867080376
-0.010039121094599446
-0.021680476296936355
0.010770215251452804
-0.060356298035542745
0.0028689045969807598
-0.019223997856123748
-0.019498971854853588
0.029567370717733077
0.011948228384347493
-0.0073979820633936775
0.01464485648549072
-0.013187267705324248
0.01898305495127872
0.019351743688101726
-0.013577973733165489
0.029007457174261203
0.011317251464520896
0.0035227358756828274
-0.013558878302011496
-0.051637558484289754
-0.026311704029306247
-0.006044661432800966
-0.019790091027392733
-0.0051224158659519655
0.008395143186137145
0.04198386604269244
-0.014811234347610424
0.06079410196024649
-0.0039624239349156124
-0.00938695290096075
-0.04086558721963404
-0.000649297394085751
-0.02478212266963237
-0.01998974128964657
-0.0023327189515873234
0.0028792473967348955
0.01858519845303379
0.0017619968558542692
-0.013068216598508644
-0.029714101906291094
0.0050634601359000435
0.001523224274756062
0.0012130702760448202
-0.01714409644480049
-0.05685642090144266
-0.00520659864102483
0.010975112670484169
-0.014123273418666512
0.05980681079454134
-0.03690591464137839
-0.010830229081435648
-0.018162779151979894
0.008743550452128523
0.008313635888577222
-0.012668196832959933
0.028416563651791578
0.007697716897811487
0.013192869089664681
-0.0401873971793527
-0.007763390483891947
-0.01956716676110909
0.005992629999939124
-0.036628685699086894
0.002731021656046904
-0.021673817921637518
0.03460728061740441
-0.010147382677892234
-0.011983529474122998
0.015918808572029555
0.045857042650278845
0.011076329545965397
0.027557884808769518
0.04876678756553789
-0.004782324894943105
0.08172612212582249
0.007896980903038798
-0.012688692814385255
-0.02312789459964738
0.030285196291498527
-0.01562983432358753
-0.03440130392590404
0.027994033123036215
0.00342552979483139
0.0043841741141969455
0.05137724690984279
-0.0021854246826206263
-0.057894525527310385
-0.03340720099933762
-0.024114154844688058
-0.053360333683296145
0.00449148326841511
0.026792111365238232
0.024687987517525774
-0.016079149586675702
0.015775284232851315
0.021982413637559293
0.014463355733397175
0.0017923204723811173
-0.03540421171963081
0.016018106254009633
0.007318598152741476
-0.02273059381424418
-0.0023465227479505524
0.07307761539832902
0.008177170032554403
0.021675888392360943
0.016862410580707563
0.013057411165728167
-0.0005487593626015569
0.012324142640536504
-0.0038168719151975903
-0.017012663019603223
0.0025627341945532313
-0.015779023737929467
0.07786353202108458
-0.0038824796336753924
-0.03663590398128556
-0.039758218494956934
-0.03987568933967559
-0.006068292497251333
0.017509138602336848
-0.04785296737989535
0.015108847414284596
0.03773329531037925
-0.0014156489138874074
0.013242458135677806
-0.0009410267829207614
0.011158108221398655
-0.01361908634893695
0.04338714826562559
0.058387174528843476
-0.03727945711891959
0.014807555359873749
0.030651144531493448
-0.052402480125869504
-0.013438263471008158
-0.014448009629541332
0.03636007590634725
-0.00965025664072789
0.003123161782527789
-0.02996538468245522
-0.011831228694538044
0.021031508310751325
-0.03865624929241155
0.003394380843160021
-0.01948593150098544
-0.020791185794283625
0.018787497112634756
0.014964714265250867
-0.02019129953006991
0.028247721651177265
-0.05963120638442949
0.03898272733378889
-0.005437810612573947
0.00034600246069547015
-0.015041945182670925
-0.015250504904646127
0.016570171914795425
0.0370683813109804
0.0021837891970958403
0.015997691457815214
-0.049547128912586835
-0.02802349670679439
0.12028592764666764
0.03355857981863084
0.03615365951467215
-0.009604918266331324
0.02104233873500849
-0.01721438785870232
-0.03880024109049786
0.0033352131066958736
0.0040306007028202175
-0.04320823100766086
0.02881150337051149
-0.006899622786000537
0.0350914661262384
-0.03270299868485414
0.0286788254113964
-0.03532953416497692
-0.004617535793829076
0.01755818315181889
0.051642123345821765
-0.08175724605492132
-0.022600908325026266
0.028692650114316185
0.0012741533143974459
0.011335189561664632
0.0013946681137862566
0.0060306568924493615
0.012751820270370421
0.04779399295357166
-0.06127641633712398
-0.0067102293545918835
-0.015351319819011704
0.009209930140440603
0.011832499876140403
0.008170559597872523
-0.022570891199298587
-0.014392636271312242
0.03355759777427827
0.03065076215806523
0.02796751104857463
-0.052619651641249175
0.01982051723816746
0.009598456884388434
0.04939105497005892
0.006706285172220826
0.007431641727423655
-0.034993054573520824
0.04639602196927878
-0.022654722245890064
-0.000812649076741981
0.014795804115491695
-0.002284764493614319
-0.026924773937775332
-0.030752174584105684
-0.023078009525489003
0.01913167819508258
-0.006364272938543346
0.003923774392123127
-0.022909750933877187
-0.02282080417950424
0.013926663035677711
-0.02073921551990434
-0.007557622194526793
-0.01526519137267892
-0.02288344017585842
0.03589645771688371
0.005083680046737558
0.017790221051114788
0.046603423096048924
0.020980603851698774
0.003000569711702603
0.0330110997561138
-0.021303528134262603
-0.009483856476332268
-0.06355302487953238
-0.03212315198382937
-0.023141808455776475
-0.03221168760284417
0.03541531342953387
0.06875020469902825
-0.0026969256367316294
-0.007607938778534452
-0.007049937779692045
0.04651453503664443
0.009461114700362726
0.01999369316031834
-0.028096311625363742
0.0230747192529218
-0.005551957679771365
0.0018243076620285952
0.05528045575130955
0.008815271690588001
-0.009032721292350004
-0.009347052505356796
0.0651191624876042
-0.04746026138234168
0.012749912790807661
0.0792249406011046
0.03938329046930878
-0.040747572695725244
-0.0029458529004726956
0.009582791683814732
-0.024096686070029422
0.03429652758289605
0.004403610460706523
0.028393349852512656
-0.08908768882841576
0.011197451377767833
-0.0026676901191956415
0.03290120303870629
-0.023103736297501006
0.006800660067589138
0.0016037312020332377
0.03840802206363687
0.010916676931735578
-0.03822461786627902
-0.027937219504259054
0.040888218562604335
0.0019538007935378746
0.038855898262401926
-0.010111900123737666
0.01731908067507935
0.010047466571294277
0.01809533942211818
0.01741171582668604
0.006631358005048135
-0.006165646732583331
-0.06178404749714142
0.01700487187158779
-0.006399217497753578
-0.0019621764869707146
-0.03827566068658225
-0.0024689758361803246
-0.008868524630060562
0.06613933895102143
0.008079330270512379
0.023757642467234465
0.05000057120215915
0.012041860147385952
-0.021181763046902016
-0.03979346476001514
-0.013624218287466508
0.004893238223085081
-0.021243743022747955
0.011227116150339396
0.0003217877988566636
0.002346219239649747
0.06265271095856614
0.0045545669965081905
-0.009652889440572889
0.028095345072230226
-0.0031609924479951194
0.00232991783427125
0.0009680984294180386
0.0348981353208565
-0.019539269269269792
-0.012781721897982021
-0.021145011987510353
0.046573640470895405
0.0022704192849272446
-0.060341697994415806
0.02420829076635044
-0.01778085913483476
0.06557268300005122
-0.09024810741937425
-0.009864977201231636
0.03070663457927684
0.042089262185723064
-0.0009398782239010696
-0.003117548886571618
-0.00700832131804589
0.01840099751692956
-0.029474291947893493
-0.037628885746586245
-0.023198602225197876
-0.029206979669502146
0.02650694558699784
0.018538039558948553
-0.007631749347165698
0.009466149637718675
0.014025251757428591
-0.029424056175151966
-0.02869203284188176
0.01401996314668393
-0.013524199325558792
0.02807602273325102
-0.009736204888380383
-0.011315577613934993
-0.005241404978821751
-0.0003094733407611282
-0.02459327399035724
-0.02585865010550538
0.007326711662047937
0.0073203421763075325
-0.02522552030363804
0.046019858223048625
-0.003960982328043012
0.018907357519355454
0.0051386244254284985
0.006738243086293843
-0.0012856272864269463
-0.04510570728572415
0.0057467079463544134
-0.06248038354502363
0.04408008836285116
0.00977856141632248
0.007843934856199341
-0.0013436737210865144
0.014979063493703749
-0.051704561898318145
0.05244930289164385
-0.0026352254820284364
-0.0723255780713021
-0.005786884401628324
0.06954302261055686
-0.020364995970585865
-0.014101092558905303
-0.020388488934616745
-0.005111748259186145
0.02644243908010825
0.004104318226479127
0.017858940087553926
0.00693465872056207
-0.008232491719384092
-0.017634893193907698
-0.004086541612835176
0.018482492879376738
-0.0821113893996977
-0.058411525824052735
-0.038987072782150446
-0.012201228774515915
-0.04400965999875896
-0.010522448311455948
0.0336320774012743
0.014199491890124193
-0.028323517028065532
-0.009460334027660505
-0.0183381014317722
-0.07947139124756793
-0.0077737930331897055
-0.012278733652679112
0.044451273122481816
-0.004413256552992141
0.015054483704534312
0.01616819088100806
-0.004162955078037619
0.00888613807827004
-0.026551957257956418
0.008682229217035873
-0.02730913908280566
-0.04610948149190828
-0.0031414870677599093
0.02436486938903124
-0.026831935977896373
-0.006880978839965688
-0.0019807362771397025
0.002429134208867335
-0.0014439400039944494
0.018156986279593074
0.01259602319476833
0.018939918411543747
-0.008829338780982993
0.02130098886968316
0.018545755768613826
0.0020459495222530984
-0.023788414619780603
0.02572864546687429
0.008823660817794976
0.03264031097762049
0.0008213003287898844
0.006462659898490919
-0.02194957711329659
0.002991482761863301
0.06902653675804349
0.030184448703511214
-0.00484510232430524
-0.027074438985476727
0.02747281338306351
0.015785708718569273
-0.025845032239119544
-0.003423483551557849
-0.01426938080913676
-0.00830696668340506
0.00024144137092289088
0.03225026509024141
0.027852918780711996
-0.04279808087855212
-0.035928595341608305
-0.018924956817158185
0.01894581690773602
0.024350225187208543
-0.014559960574006211
-0.019639545967578775
0.00011184972361685802
0.02739542646586839
0.018010576071447088
-0.009143630725292954
0.04555462588095723
0.006852068875350556
0.03831951827603648
-0.011668298061587288
0.05359920989617076
-0.01799627401410727
-0.024693811294186442
0.004081248646810568
0.0034362422068424385
0.014553046540239702
0.04219384340531129
0.014715256264600645
-0.0035139604890241207
0.024590828695362523
0.006793418266559596
-0.011736319827066534
-0.018440584086598565
0.016578601696422734
0.018202169234764424
-0.041607998873286534
0.013600047752899346
0.017834125834049842
-0.03305330658629116
0.04470718198415206
-0.03479452661306984
0.0022481070187389688
0.03119175297500621
0.0088767905187699
0.016502764583561005
-0.007865130862587125
0.003115000083751662
-0.013204219752858574
-0.004353817160649294
0.04797379823558537
0.06572024158751366
-0.012396738831759435
-0.03688840683757202
0.017442694690461356
0.003158736250578284
0.013299572252547694
-0.004571748969980471
-0.03720919648104431
0.011770392940557109
-0.0018696990614568635
0.05215052284087776
0.02385950118547058
0.0158135672697879
-0.02165627285017138
-0.01581528499518821
0.016226984206698988
0.016874144444456788
-0.002645101187238585
0.023486410809737488
-0.011605115765558678
0.012801259570771797
0.026182998475544728
-0.005385277054735691
0.023031343835915877
-0.01756015580672453
-0.013074819406182372
-0.04035061942879237
-0.029904070834441004
-0.01632936773452652
-0.039596417211010176
0.012126826864307732
-0.020630188238974227
-0.01882092506264741
0.026854447775037874
-0.004402949434630076
-0.04917995545593998
0.028155275217964043
-0.010789723560085552
0.014454358494395107
0.020537223441462756
0.0046098055566578455
-0.04240717213859241
0.0046405033701951955
-0.014995518905125517
-0.0368976068307684
0.046928752627776175
-0.00616601292123919
-0.016996344924303543
-0.002151171742819909
0.006529412412133992
0.022554829331360198
-0.012299383336507576
-0.0012811772732049791
-0.021384644664959884
0.0065799411754777805
0.037450751589111486
-0.022788375890965842
0.017228434922630372
-0.0004861404312110065
0.007710708483480631
-0.04603892852738396
0.04687527874217253
0.004846436873954236
0.0273215075384836
-0.026461994192369914
0.002169477580246623
-0.014612101049030398
0.007319021686542076
0.03990243460911508
0.015164599805120594
-0.03734318972360072
0.0006656543099279185
0.024336093313722423
-0.0518871529816242
-0.06542078732715796
-0.05301443282450674
-0.01641084590778054
-0.0009677995973701767
-0.0048664048271386
-0.012587158597578703
-0.0003092252072035398
-0.020675211227026487
-0.010510651282108173
0.04357175042669988
-0.003620913662509341
-0.03635454722376922
-0.028471338929031788
0.024999679555424186
0.017752525151299766
0.0010058383443043587
0.010596728247617525
0.023554281522531906
0.06911417597475449
-8.053525879248729e-05
0.004257833409265093
0.03309320138984868
-0.037828038469382555
0.012610672388458716
-0.0009846013365112378
0.01010669885518789
-0.014306783989331284
0.0006036760796830735
0.05880854894192578
-0.00908560412619307
0.0067620947641846224
-0.058753973806594674
0.010146182483125748
7.848571318263374e-05
0.024229997441802195
-0.02908525340950224
0.009306960368665277
0.009875568483162978
-0.023320332738266468
-0.06595490702411547
-0.03865331769450554
-0.024061880657385223
-0.025028605465543637
-0.039487565988942486
0.025459555527589935
-0.000251714293991652
0.007585185556606462
-0.02765839725665277
0.010797125258723147
0.0011052801710967745
-0.037338082656448085
0.05670450064849047
-0.013438224976633304
0.009347536563137547
-0.002788438489786352
-0.007127214384372683
0.021452925306339438
0.025296369020242498
0.01739509689385065
0.00477345396555019
-0.0021514334362864444
0.015696176191199795
-0.005471644445943368
0.027745208244662863
0.004506959366995951
0.001901743952490626
0.021669482485598038
0.06935309324154415
0.01951082477424007
0.005648868804463908
-0.03065231647055019
0.026782491830413056
-0.004753876454525975
0.031241303926048822
0.006734012035065656
-0.03338189667682945
-0.010855760472893954
-0.0008049546160724526
-0.04529966613142332
0.03895729938945179
0.028090112723121292
-0.002217972659408367
0.03826571071722832
-0.05331655271271887
-0.03935511641821936
0.003267555146503937
0.029769247571676895
-0.0073341369167518764
-0.023971094723476322
-0.025131143160842185
0.009532021069449401
-0.005741033278411049
0.004735468442154236
-0.020285845412914217
0.0039874887594775026
-0.02015794493691259
-0.017347691375452095
-0.007388919483408615
-0.00487415089149324
-0.013851565878442837
0.008600628849914133
0.029575161569276767
0.029803432427005647
0.005054442283606205
-0.006517091483787385
-0.046699474365205745
0.000759791893513144
-0.02916729470049519
-0.014381763412220434
0.009089174830332333
-0.05744295922540419
-0.02068699019928207
-0.07737513027458187
0.03202726452563285
0.046924330649987356
-0.02050498267682333
-0.030361900451706395
0.04784149774590566
0.019890650532257154
0.006241638174886712
-0.02927521424863993
0.01055593335007769
-0.016358983420032176
0.009609407391492006
0.031303365989748796
0.017777310521875662
-0.010809387075387299
0.015140391603521363
0.012912784450068705
-0.05160240722203265
0.023206967358219862
-0.01337601538906436
-0.02130845519575585
-0.012225754680812596
-0.0299723127777109
0.01376711060440911
-0.04836208876824967
0.0011925066739761538
-0.0045182264916644186
0.014028112236318276
0.050438529768343746
0.012229590421600562
0.020049044064724138
-0.01824371907612544
-0.0363579346423816
0.016428339127228603
0.02511777713880023
0.027082766280605235
-0.0016571703895118836
-0.006377301997532187
0.0021479275176200215
-0.00013259435605530504
0.0008879634421095186
-0.012026978536692304
-0.012891683456727943
-0.020564695433062958
-0.025408004734636436
-0.019350814084317436
-0.06070428916609337
-0.0023117612792283603
-0.03791423785831302
-0.018374977116528884
0.0124362592709958
0.08427279740182585
0.029514410084975785
0.016369083118474917
0.0374037585340953
0.013828647617522538
0.006186070211096749
0.015311718885763879
0.02369532513726981
-0.03116175851612237
-0.00887598103180474
-0.0410075815529401
-0.03629508913557372
0.004779947433881661
0.0545676707770687
-0.026945739617189924
-0.04724641943833335
-0.023160691290687384
-0.06334711986922936
-0.10014923009896731
0.008228180421935018
-0.005313533608440494
0.00964618118891655
-0.003165811184070232
-0.034836877762166506
0.01964549234435335
0.03562743302447714
0.011490141680171146
-0.029086220764932235
0.028889462078775373
-0.002444417021725238
-0.015605335796705018
0.011638421975207364
0.0003917246612190303
0.008342976610720742
-0.031187927124588198
-0.01774350844918309
-0.007042249244676025
0.00450208185400092
-0.008142582885332142
0.010853064746158268
0.023777756840371485
-0.0549540671918942
0.048884798168087676
-0.029478537969599563
0.030332465508972388
-0.020975234912396067
0.005383245556374878
0.0579508979925119
0.03323835562122732
-0.005496731850284408
0.03016397679041013
0.0034307944079315913
-0.007966103375403271
0.005863296964057571
-0.041678870856013066
-0.02656948737839253
0.0042939520947884065
0.006346300642001737
0.032775461849313216
0.0434516576759427
0.027958045532554123
-0.033239835291120415
0.007872265663363758
-0.057536258668908345
-0.05326539669556503
-0.06482597115963606
-0.009205241649959988
0.010094105276524431
-0.02142581142011647
0.06986560836846568
-0.013418118822561437
0.08123350584743812
0.015989217822341695
-0.04800817210079052
0.019594835198006273
-0.010545826610501479
0.006497887220379196
-0.010160735652542614
-0.007463908041632535
0.00833357347535683
-0.006626725761288203
0.0026031672085773845
-0.050631368419000136
-0.010255007267877796
-0.01605785491433384
-0.005276567238046621
-0.0006368466767635584
-0.023884708497743254
0.037161707574456616
-0.007315035300131811
0.05595240281604954
-0.05814296748789673
-0.025040337508161047
-0.05490930018587675
0.00035459965370496655
-0.031178055617769086
-0.013911405233596394
-0.006906214190721932
0.019172036880428327
-0.0017416900063307733
0.005381916708052267
0.027860889750279814
-0.008088701220776469
-0.02260074184240216
0.04390362445672182
0.03609119562881976
-0.02514493829709683
0.020811663641410193
0.008884794630748897
-0.015073821666503952
-0.009412295426783847
0.058490295734834295
0.03495877326473845
0.029806361647141958
0.03508816997624182
