-0.006696892998246095
-0.017870778706714028
0.017821009513539994
0.02066031669063417
0.005530290461087649
0.0019794123147182465
-0.035170267415249354
0.02951413963005405
0.010311834099793802
0.022493859660066118
0.03982841744259222
0.008904174345582362
-0.00550752722897136
-0.005318459077381637
-0.04208240648990075
0.05162908064384411
0.06819873078804922
-0.05053352786537628
-0.021078478996940084
-0.009358583326489625
-0.014985355059005138
0.02203587996623359
0.011453564066717574
0.011558746552833336
0.002856390472634421
-0.013982657930892543
-0.0146529392476449
0.000555246147717536
0.018634071898088696
-0.01686726934996414
-0.08666678968853277
0.005208014252389968
0.002694322404821467
0.023752587398126374
-0.00959873340426663
0.022271191330167573
-0.06237941818526489
0.005946984072514413
-0.0011902120409089834
-0.022178567515358474
0.0044288229615847986
-0.0018550735437544035
0.0037133040933966066
0.01242490999605694
-0.033670401735175284
-0.004425434622292793
-0.012822089065661839
0.029287760398495486
-0.019657248225830124
0.03285986866649602
-0.0020349451873815233
-0.006043171892533438
0.009662709279630456
0.000729819630071499
0.004072026298149182
0.012380250715203236
-0.021292324718568064
0.008271752044676778
-0.04549480213573792
0.050411908009570135
-0.01077785103164803
0.059304467173282416
-0.04474446980182076
-0.05419995407622563
-0.015859376670931735
0.021761727470138607
-0.00633433673879698
-0.027268390929303
-0.04653652584985261
0.017887562260449866
0.020776683990795703
0.00646278998771782
0.013562271996729925
-0.007314821443789389
0.01801031894815293
-0.007143644331588275
6.191830752189435e-06
0.002706660169633276
-0.025113333915650758
0.005502783070573825
0.017876286964549917
-0.043896170431197555
-0.0080522612574861
-0.026378931402288856
-0.006436992414671183
-0.022194142787020678
-0.08216751678732383
-0.024536685277159888
-0.03122994234747924
-0.0016726040056120374
-0.020441132553227426
0.016113875027491276
0.05211630301590138
0.03298695154675095
-0.005154539877068193
0.006006084313091925
-0.0032980252487996267
0.019834316114928856
0.05558296364141879
-0.040688838666269427
-0.002112854384256699
-0.004143439611547228
-0.020664414180223165
-0.0287131983748663
-0.012057966648819373
-0.016652432848439366
-0.05137834728862458
0.006651293056341862
-0.022565267878659312
-0.012830217842942004
0.01833631693450495
-0.013431711371140269
0.02081126281479311
0.04066963194712448
-0.0324878367081983
-0.01727329366951405
-0.00498487190107478
-0.01323169309895766
-0.02632738719097024
0.02329333738235647
0.06794307531980617
0.0008394303341212666
-0.006935518962583166
-0.054683410214966935
-0.04370166444511061
-0.025755514022256065
-0.10384224695981333
-0.026995703854816203
-0.020459187233330404
-0.007652170354801136
-0.01644624071592256
-0.015377946883391521
0.00683380718387559
0.03185561826700973
-0.03771787886137714
0.04049387930136813
-0.013497588439106017
-0.011270443210421983
-0.036218361627124405
0.029178900931965318
0.038407201263436885
0.09060022432800652
0.056028756898887
-0.014628665889777364
-0.0007294085570327399
0.020920958511161554
-0.01661230056122902
-0.003718165346718178
-0.025611381449830474
0.018358571337055315
-0.01732041210393091
-0.032505531450295735
-0.05255574039211081
0.03246165042123866
-0.039157051316073374
0.003269098329857885
0.013519432450370097
-0.024679582341554422
-0.04717281614648866
0.014054809930655396
0.03113831497565434
0.052238071329520595
-0.03783197964345304
-0.012316405893128882
-0.019561001911070967
0.018543126912076137
0.006422506196390727
0.022294183651007028
0.0066416614530130395
0.0017922353552710514
-0.07502726593535175
0.013599000038857672
0.03714853533881244
-0.013428807375529523
-0.025653226910569663
0.03466877964802287
-0.00848739200922576
-0.03675851708497773
-0.014959220557642155
-0.040852810832932226
0.011273786195785479
0.026005196887104617
-0.010007006167317202
-0.004764503916028555
-0.03026795198234118
0.04412810899022713
0.02814595183608139
0.025577775369644954
-0.022056572366031667
-0.0422992425902187
-0.027330636306075295
0.026881462653342077
-0.01637110067900765
0.006379547132301347
0.04366119675945778
-0.02491414281202593
-0.011429589012605379
0.02721772723257798
-0.026987589710830213
0.00934628046049133
-0.03893485118346918
0.029373398041750952
-0.0048173852904996204
-0.0024544936714980758
-0.018315361281262894
0.0065118138155363554
0.04182214456986487
0.024204016470287266
-0.007554702886164878
0.09556186454952692
-0.0019177954560529516
0.006044736026705768
0.048814891844690164
-0.011453160013346226
-0.005317495250658839
-0.010287184913828849
0.015998237928862822
0.044640123916605066
-0.02230256145394652
-0.008658840229833613
-0.0012701294656522158
0.02655090903409615
-0.01883935485821126
0.011371334093941664
-0.013999229738978557
-0.007126134291737573
0.021098193228795255
0.008186325747552249
-0.022369922342022543
-0.001713618467357048
0.015210296129091786
0.0035820608072480676
-0.03313605262590367
-0.011123372236536547
0.061959305947324184
-0.02670016881280723
0.015328711928406392
-0.023648519319753012
0.035371598846663715
-0.018532726936174453
-1.5129946559653604e-05
-0.017224979016842248
-0.048188514789059264
-0.034547921108446504
0.005881155183637836
0.0066268803096108915
-0.01816525079589616
-0.004036390663211481
0.026860685599036288
0.019941897785182048
-0.013538315098784809
-0.02899648947731703
0.048458158577562395
0.031490496932752826
0.03785879339650419
0.013945081670594295
-0.044074855977796035
0.006675927647908107
-0.04027675847770852
0.02448770374541323
0.005020125163556939
-0.010220927883787338
0.013716356765811951
0.006833894197833722
0.006353497986820038
-0.022601612064176872
0.006151371732693875
0.03126670062271884
-0.007297893925437589
0.03851007490141416
0.027476264397742322
0.0085343256349389
-0.03825163582212501
0.011080287263621173
0.031151247158780947
-0.016494633335787608
-0.027337848274484423
-0.029102208781805187
0.03334350012273401
0.05061913690713701
-0.045533154102191734
0.015173990213651409
0.0227598588378271
-0.05121990845891836
0.020878553743775365
0.00498468240469725
0.020061683046175973
-0.07383362974864693
-0.018531677364834645
0.0202138609162653
0.04221212949313303
-0.0008069854339462773
0.003632899133800509
-0.018847233730685895
0.007395951891433282
0.009977217507263209
0.022468170778608194
-0.018717407708156178
0.039642795525802126
-0.02434667703965539
-0.017030135468643855
0.024861546135382964
0.01387225194481358
0.01964999851306154
0.009413648739222137
-0.006221106238732275
-0.005453885594756741
0.04191010256961817
0.023494341909199065
-0.06719933049902295
0.011850040637811247
-0.01838452662317214
0.007918343436134161
0.01939935323989812
-0.0030457242000932845
-0.029098108885608095
0.02115413459297036
0.023868238587189786
0.012780578680385502
-0.0539092423535147
-0.0023811185091824226
-0.00048565169233526906
0.017299330979051192
0.008992194869013885
-0.05627045136649237
-0.03348020600055482
0.033112630828748615
-0.03649657054533701
0.06252048580956542
0.012360019638669473
-0.06967041960198209
0.024455867926036712
0.010521338376482238
0.004796963363957062
-0.0341256958734028
-0.03728565621405669
-0.009818510067101747
0.003480319154319157
0.003989320702733419
-0.0061438706132793675
-0.003595663768242074
0.03748396192048174
-0.006084851111347473
0.0023082273746035252
0.012222204545540533
-0.016151095718577802
-0.00986681582215899
0.031106164893070744
0.038108910528663165
-0.005817676045836419
0.043495867345672734
0.005509230773469401
0.014232916848447071
-0.0361033530387829
-0.046666808509549525
-0.041665761874121326
-0.022008756936534497
-0.00510450060018747
0.020846723972823587
-0.0007139018386785978
-0.0451030039869182
-0.01891441453630979
-0.016034241647598257
-0.011961615609034408
-0.04409128848117604
0.024942140133608848
0.00606068589355239
0.04891603906917196
0.032990345418068515
0.03840737840946798
-0.036365537413265585
-0.03511450430530336
0.001643789030597738
-0.018948325154127806
-0.02183091035968463
0.04410635139371919
0.013184005387768325
-0.024198873667286933
-0.0018691979501493884
0.004601274771464492
0.04386995012804062
-0.020974828213592325
-0.016119245839140844
-0.007603415267835588
-0.008278700008150983
0.011498051223205973
0.049263690520074975
0.02048200353333874
-0.06400890549990847
0.01404263678612296
0.00014466785294492865
0.0744305584225278
0.02690165162415242
-0.0018481858562621062
0.008072551491944203
0.005127805148055854
-0.02775914661312623
-0.04442626728544441
0.019567995389389987
-0.0030924762605645923
-0.0715891039444877
-0.043445057493159765
-0.02687401242428628
0.07140756642221618
0.0005988861615457669
0.030400872057727776
0.016865505137969316
-0.043494429744843
0.01952313094171128
0.0135506793127779
-0.017212859204475996
0.0011886296189266418
-0.003958556946441395
0.013103378630423105
0.024858050286059877
-0.0011843793131774056
-0.06292175107626377
0.01550507860792374
-0.0050709536367827285
0.05788199487506566
-0.0521915373609127
-0.013514933163275204
0.0069496083946628045
-0.008475518214971483
-0.0038366715305496978
-0.008264721848996548
0.006006023599255868
0.04496334222571567
0.04449979063975828
-0.029161836308562873
-0.06072508988235043
0.02081901734192182
-0.007011031561495912
0.044809987178998714
-0.08380003112509574
-0.020053012939609868
-0.02364000940037441
0.03788687500057699
-0.02582941596560415
0.06774759825684491
0.01426852493713045
0.011384638842161494
-0.025016642954080265
-0.017952712075088778
0.020999847490019787
0.026963348118754553
-0.012323724646550663
0.059371939312606044
-0.06113508314025384
-0.023588693669070307
-0.011989477889140983
-0.0331246980435336
0.006022805534496914
0.016900789665032855
-0.042460005948725954
-0.037251586553770005
-0.04713586089354328
-0.0019356374013986012
0.010823973546424169
0.02397862004043123
0.010714705654608083
-0.019079737601202996
0.04796820129039329
0.01458721772948542
-0.0014910901155390365
-0.007404778688041938
-0.00250594740327837
0.030873333058420365
-0.03667317847081187
-0.00084502120332414
-0.0005368476332284175
-0.04092043840468742
-0.03222588113040544
-0.07696291270084225
-0.012878688327583465
-0.015028907824939482
-0.0345175886023081
0.08180032512942768
-0.03937273796137553
-0.007962380713289035
-0.03279529885361917
-0.04397385044766392
-0.015278864686184505
-0.0001535828823101047
-0.02395350703462804
-0.023589405854485383
-0.049957500350489646
-0.0499348302971756
0.038832424161850836
-0.004194711342438819
-0.04551154345399302
-0.0326503781258092
0.0324995223992694
0.05491631673534951
0.002267536892458018
-0.008627478026366875
-0.014420553957751214
0.07526611092687485
0.03314559977038946
-0.01700551454140993
0.007523407732971203
0.0003067725659765564
-0.0234599242912735
0.035485433337384104
-0.014537035075660653
-0.023536157923502003
0.024112788081173314
-0.044095304971097204
0.041121559129438275
-0.01990997481040679
-0.003960937612112149
-0.06568658417460736
-0.03696849161293204
-0.020570843943804203
-0.04119283570650841
0.032588897145887016
0.010113242589899703
-0.008404436930713848
0.0029091143633199574
-0.015382571144513085
-0.021109762029593405
0.013734461805086846
0.015271706384489499
0.05084786977640377
0.03616064759815109
0.018094738552237092
-0.0022933614079786897
0.00968110769708166
0.014104090969009104
0.014213935086273147
0.02146456182169933
-0.059090852631841134
0.01971059546752694
0.025704987973700393
0.024441457998005112
-0.03367318031191184
-0.01695415396393634
0.08806219940264187
0.05171560427543295
-0.027950044167375253
-0.0015536018553068975
0.046110086707262486
0.007009320519011343
0.021332108280285936
-0.0088288606249509
-0.02100069543605535
0.00109633085209045
-0.001332008967178977
0.01637620085765843
-0.005586245392962663
0.003895662359208426
0.01758410860900658
0.018149331825837726
0.019606908023461204
-0.013216931278420253
0.02583512093811661
0.00415102696570794
-0.013695872718012172
0.027054146395199496
-0.03169142116249255
0.06551423979945395
-0.018618702506960162
0.011906744059079242
0.003920771868002783
0.053546365737981945
-0.02837919063896452
0.007368454679940751
-0.04399206668160015
-0.016048825540412336
-0.0014437652156989817
0.0017610478361970354
-0.0076548856289605505
0.0024430986792739534
0.0344944099342483
-0.007422293261734511
0.0059741146173641225
-0.01078799777956411
0.05102240754463891
-0.047080835600026245
-0.0244505819154566
-0.024614371669322593
-0.009112615282355935
-0.01214121044787978
-0.03042881700430015
-0.009200386087111868
0.0011534475450457008
-0.053167591465335076
-0.01384417541430557
-0.022265888701506163
-0.010589631369925766
0.017545993793815887
0.013175633247528195
0.038442615457069916
-0.013285486766256674
0.01007978573021924
0.0003122232025258369
-0.02211723751171195
0.01438243228050846
-0.036821594160406076
-0.017994337896829988
-0.026397175057928813
0.01904599941564545
0.03217283569899445
-0.007516266036749647
-0.033749213407311456
0.031192450114086247
0.01804437416929816
-0.03461158920607137
0.06998328474683663
0.08270382900897885
0.01688915902835861
-0.02425541392488078
-0.02277741370485431
0.0013422777590486954
-0.007938035431801443
-0.04676935650596418
-0.007012657106513448
0.006508448071322748
0.0032423693499818097
0.07631542289100204
0.011483193856557465
0.010771614049163577
0.03562990465229895
-0.025485355666950937
0.01306795168600077
-0.009709976869005411
-0.03021361747229769
-0.03447341363773429
0.010112921392391021
-0.0026761520681889066
0.03023153593173644
0.008209880795452653
-0.015503148099995614
-0.02250229430926813
-0.013434983382444367
-0.0056561658063135865
0.021283378451806046
0.0005436568440038014
-0.08164213746342923
-0.01597795391365558
0.08572049367616724
-0.029619194941819225
-0.009845753475717534
0.012263983313450539
-0.006294205187990717
-0.026086355760633725
-0.028529300339761247
0.0071649064545356335
-0.026138050410506056
-0.013707982016683338
-0.03225370087986259
-0.034074482204222725
0.020495673928203763
-0.0009367659282495301
0.03035299125079878
0.06484513803159314
0.03180321605519367
-0.020739071480432168
0.010618564047421513
-0.02320222880003705
0.03356399143607147
-0.014141027358561615
0.03777869924478168
0.04882210902549926
0.004305769141052351
-0.028222243779236697
0.005244940246975508
-0.00230071634925435
0.005984549842395859
0.06305127102841113
0.03401230043803239
-0.0268699094983254
0.010732395602114695
0.0020337980152888404
-0.0024474413407661612
0.015709968039832364
0.0003368483660693295
-0.055213430398509636
0.014801057787626354
0.017161461884539545
-0.036224100912109085
-0.02193337862884154
-0.014709549369076496
-0.01899835778534217
0.0048528941277402
0.02541392473515637
0.01936070709246168
0.0441808991247752
-0.004233337333323715
0.05425737888736162
-0.011918366010456788
0.00372126940074447
-0.003469600417625346
0.03883396132918043
0.012470179178116703
0.03577650787599545
0.01396368495064427
-0.025125355763817282
-0.014664656758794711
-0.006487534353404622
-0.029125240187612013
-0.008670318777560892
0.03559631880244812
0.0022376207362443186
-0.00756942039300063
-0.029370321123221115
0.009907860971137708
-0.004886487591378451
0.039250562848781374
0.0329280896646866
-0.013131218223298434
0.022335035704328116
0.011947883607663927
0.0177647739351493
0.010254120454753797
0.006500062205314275
0.0027255033406183345
-0.018189132973243698
0.04998452493071726
0.06233935524821164
0.035865683230135725
-0.0012214865706434241
0.015316132866264784
-0.0036093897583452145
-0.014075836602265485
-0.04316934895774357
-0.01517860670862843
0.010357565361596379
-0.006664714948413477
-0.012495653205748993
-0.013520846246791255
0.012835669014607282
0.01835811317867107
-0.010207383127369159
-0.029961839082110885
0.016457875976807968
0.009994373389744774
-0.028200168966228515
-0.007347310649394912
0.009583281991585042
-0.004451202504644392
-0.0037448998047950035
-0.011765900154958731
0.0031664803654717316
0.010088050332042214
-0.015789475197000837
0.014867309263818707
-0.005487398058826252
-0.044078386786962825
0.02341853151248145
-0.050733510395551525
0.08180735658469696
-0.047859366347364186
-0.00732786262268037
0.01328670642112853
-0.06396479716820833
0.07188942301493628
-0.0003564860108807183
0.0064825354383146626
0.003175404709783621
-0.042049921457979776
0.0026843593248388124
-0.06741502949348155
-0.01853574671480212
-0.005352146130008392
-0.01275163197039876
-0.030053615641234637
-0.022579195871321334
0.015263991770290315
-0.0007768214941064108
-0.0010180897618248528
-0.0007956042556773594
0.016411004913938352
-0.013728015768659403
-0.0031934631252348764
-0.0008552748374443182
-0.013568545852723969
0.03451550916723204
0.04378224750420418
0.024432358622570226
-0.031387429525356635
0.04996002108229436
0.027086551292530587
-0.00016245876300934858
-0.004703733610562449
-0.025667967920028536
-0.03370528275006223
-0.009700276224944389
-0.039493951719530525
0.010579093323055662
0.06895748096079894
-0.015497828640562088
0.009383336998398778
0.00909700785005195
-0.0014929793091745195
0.0009536643434864084
-0.018135150020403397
0.08846064706355143
-0.030563556602608108
0.011097549101609877
-0.014322199178825263
-0.017684474374690933
0.008357989528629551
-0.011027907433633544
0.03796448549989791
-0.006745577334130402
0.01942307595338158
-0.015792083700906942
0.042615261914353164
0.0050790013806678025
-0.005178675294481837
0.02465262698159424
0.012697508714301194
0.013704720565544972
0.009249969097703285
0.007622541939965511
0.01615208553234995
-0.007017616071171518
-0.004555864296081748
-0.05281869836401803
0.04186524545907272
0.06368959547213614
-0.0175397656381805
-0.008925006371351393
-0.00448678952550541
-0.013088571463728826
-0.008571465623297603
-0.06802840307360017
-0.018001032701339837
-0.0016009749006266655
-0.003696234167928197
0.04399789720572773
0.0013850656252395723
-0.046913786620221824
0.054341892705586904
-0.02088002126789611
-0.004480755599203096
0.011884866641061045
-0.026615206879449918
-0.01687892830612439
-0.0068287413316433804
0.04336130587042276
0.041073610894973134
0.014119599695098944
0.033427791215652564
0.025465018012102523
-0.0069732714214711345
0.0010096216001306366
-0.007765671290902375
-0.009566843469135385
-0.06496011129766034
-0.03890412035281981
0.054921139369053934
-0.04538427320631491
0.014663230938169333
-0.003859491711311039
-0.02815724267575267
0.027668276311495363
0.01792435862368451
-0.020968761863300888
-0.021076303993736896
0.0017086910073880568
0.005956029771725776
-0.03379899317286503
0.023392271641580913
-0.008459902083020226
-0.005226205793851403
-0.009272176557939072
-0.037353227639164516
0.04452381719928151
-0.006300820509909255
-0.0336079697818529
0.039261535646823095
-0.004374641029761635
0.044957208998127184
0.03965029478163295
-0.014693115017219973
0.01655300298837078
-0.02061373662303079
-0.010593936434889793
-0.007729874627669033
0.006760802390863565
0.05333891084946562
-0.018309455600125712
0.0228874530629493
-0.007720035871913137
0.02756318357126539
0.04110697245227872
0.0025900503350972724
0.02064796210544231
-0.012234793205588462
0.010611850002958046
-0.08775290396825641
-0.008483227093810955
-0.030640109987098964
0.03826409029155197
-0.009824006596154804
0.039901994367633975
-0.010929301631316238
-0.0024276037554993185
0.013383239424216781
0.000618293701212367
-0.0008468352467270902
-0.008044526064755725
-0.013156879596068911
0.021387315294689783
0.03394882449616745
0.021584168150661446
0.057147140077814004
0.02666351416637418
-0.03077045459560533
0.03865233617821193
0.014934932087779166
0.03245018553344043
0.0007694361079184584
0.015097623910036462
-0.004125780748644878
0.005727407259884716
-0.013159776688536429
-0.03664304351656197
-0.03162870970844616
0.004228466770120304
0.0034048237834165963
0.0009247971460857985
-0.013440260545321433
-0.012856585485584037
0.0017460581380542848
-0.014348654869361677
0.014837246883941502
0.022275660739592976
-0.0017093847093811517
-0.037910098603438
-0.030580756310940555
-0.031593881436882805
0.018962161073549075
-0.020641976520086504
-0.006235375363835807
-0.022068949995647673
0.011381596440788616
0.0010390697911415007
-0.01889495489214534
0.004475013083480718
0.0034208062996206085
0.004676832850324291
-0.0029763827615325897
0.009953023035131214
0.007019034080281786
0.04105334598921086
-0.02548403740756334
0.020485911978092047
0.004735805625226118
-0.005433857645719231
-0.03237057592040196
-0.0014802027931761026
0.042075439181052644
-0.0026031578320523632
-0.05945924121844633
-0.02051990416843692
-0.012365156052678595
0.003873986532379339
-0.002976397271588122
0.02804349633204869
0.013847058530447149
0.044332263221866786
0.027001535544320207
-0.006426545965723432
0.014915353822895447
0.0036896830852080485
-0.011050797120667746
-0.028385394992713
0.006287897278088531
-0.02356953091625783
-0.013823957452292656
0.005620595083052828
0.016593118041428132
0.005384109800484202
0.024623400860093736
0.005150445268244468
-0.020902093742292644
0.0043688829454388255
-0.014053349595271762
0.04588916690095923
0.07456304755279103
-0.014790530423459887
-0.048338404755162
0.016716550755992918
0.014537119483820875
0.0014893124544579645
-0.048507421477862175
-0.03789105752091862
-0.029025100229402672
-0.028304873301073532
0.010003531584353825
0.00675545838640408
0.0288647404963003
-0.02293073083478695
-0.023786698970063545
-0.004244964534873505
0.03548122326244211
-0.024897608255618715
0.0007647669079622333
0.01985413961518632
-0.028565216729286483
-0.0026437139902994273
-0.053059104074439076
-0.04800052597414267
0.00629288382637015
-0.07898766628674563
-0.006341640936378196
0.01708161160132953
0.0021478366367593963
0.022388677629433452
0.010907931633543358
0.021811319394758694
0.00013565797070666752
-0.010295536950537308
0.005986383192647579
-0.02606028823024361
-0.06417207787800633
-0.004217426016443164
-0.04548534944511366
0.02863312940981767
-0.02564652932901102
-0.0036049718637032866
-0.02651607594894781
-0.019267658869687797
0.009817161610736177
-0.03580286422737422
-0.0018856065647936625
0.005222831678789562
0.020891631956826494
-0.02056941409360894
0.010906038518409865
0.006106042384635918
0.02872068874719609
-0.006496964666712197
-0.0037041480206441327
0.018034025992780697
-0.0544229959557836
0.02535484271003585
-0.012955173429208437
0.0005976231298661219
0.02515140195020558
-0.00032638597549004123
-0.00020906933712013526
-0.021919106368976413
0.012880179913323945
-0.017325927112127812
0.003965343001359647
0.05202372344784356
0.062064321642381015
0.01305373131546348
-0.05526751961991975
0.024392207052495875
0.014104304593980927
0.034535394895499366
-0.004170409043836323
0.003018719109698047
0.01651965195464658
-0.0019222031736293296
0.004979856395895343
0.006447034902116324
-0.008550920982087032
0.011809427988887592
0.01764870965391617
0.004906211650183269
0.011475470234838511
0.016134045171144584
0.013818939446556731
0.05111569562625137
-0.008916391245425502
0.03330035246104196
-0.043587827156779814
-0.00829225771517261
0.049022488226207694
-0.013668811525219477
0.016088580078029196
0.03085549449821644
-0.011973766303964635
0.03206762870321714
0.007023223722949053
0.021384899487101986
-0.026922808041783895
0.033885229224104516
0.022160401058247542
0.020641132230662253
0.004669594936008807
-0.043030372389920725
0.022358124842049812
0.017346768263334016
-0.03318832338141626
0.021216066469435167
-0.0013997958028860323
0.03336622623724956
0.011668580732927447
-0.06718748566959722
-0.039179539392867384
-0.03977231046893474
0.009089413759147695
0.012264217603470124
0.005425896428689612
0.035285161906142275
-0.020742266268725097
0.008422122828093053
0.003158034387392132
-0.022040628959526385
-0.04966775897422147
0.04329521993786385
-0.004102896082768919
-0.03041411028083793
0.024172712248235338
-0.0021527481901070654
0.010942304868234215
0.00470075008726105
-0.013362032104274722
-0.0010110074119077952
-0.01397757451176055
0.022743400584036247
0.010163285434260079
0.013004526648787764
-0.02152066193028737
0.01602881112429659
-0.009218486529624257
-0.07305138026432705
0.08641519337583389
0.06534361001148788
0.008224978272295553
0.0128207099681283
0.004926123151860521
-0.02070796068367502
0.010391415996384532
0.0017294697098553533
0.02009047859810142
-0.026232365312408266
0.013499530548445184
-0.0068218610585824
0.035088697491365284
0.005079949374357572
-0.02848768670738369
0.020299658719803004
-0.02338784254676924
-0.011168603565166342
0.014373823132048345
0.009937546037691617
-0.009829665434317587
0.01642022257809622
-0.023349123324229927
-0.014742019873617536
-0.043426662588513285
-0.035315155977036286
0.024993775380663236
-0.003633183826732871
-0.0742857963232205
0.03722491254823791
0.04759163531123886
0.05164327198694079
0.05383595987800801
0.005055533548226827
-0.008784670871318175
-0.048785426364932785
-0.014650768733776319
0.02256244381329768
-0.06033860549038069
-0.013228798363429769
0.004411353869279633
-0.03418540284487441
0.021082541280493715
0.014196017738703364
0.005129587078891809
-0.0005181821375093908
0.053460443671196914
0.03235600113814974
0.009847878155633302
-0.016485664678353155
-0.0036894284072701744
-0.05660454079245514
0.04355577522166772
0.04017388705627614
0.004169241696169635
0.018265016373454752
-0.0380582269055439
0.02604607586545102
-0.024181758310734987
-0.009876931998842875
0.009731501485096251
0.03297361607279299
0.017361229644738064
0.050758661968450844
-0.006521663184974844
0.006263322234039667
-0.03656747622430651
0.00323680241046227
0.015935991601114464
-0.015134912753368597
0.01929769096833433
0.04979376351782275
-0.004888687651221037
0.025366538756439162
0.020125826898756062
-0.018873583937972505
0.00977931320035014
0.009901908967114305
-0.028643429117228326
-0.03630576490475131
