0.013660597158106877
-0.00416472378152039
0.03264249168560732
-0.004652237996495173
-0.0033549524342712926
0.0010530218339800813
0.04528193245232965
0.05081712862297035
0.024848649900161827
-0.05410588094817991
-0.02409098393465878
0.009887712618185619
0.03289382010021541
-0.00014667901820877835
-0.008861480113585105
0.0306487319776923
0.027234352829706286
-0.027662659256819145
0.02604356278616548
0.001459431455025016
0.0233168057659349
0.005432798549828131
-0.08777040790573784
0.026365201639507972
0.04991171969407221
-0.021877367793780727
-0.027493715152193114
-0.005459745027267433
-0.08023353616976611
0.010673135361692744
0.01791497176096025
0.0284447485635065
-0.014179245433873233
0.010907486770829911
0.014370403184578632
0.049686756601048064
0.05216516174874023
-0.010846389035732242
-0.013142068261897611
-0.0037148153799632893
-0.002285326832264144
0.0034020980413827953
-0.005758397670319031
0.021460277404064823
-0.026824905924732512
0.03903927632180246
0.001867805011353388
-0.009458663981435583
-0.02441195477813754
0.020125000007078113
0.00024396034158994734
0.013871372629652138
-0.026446973416932775
-0.027798038168412982
0.020587990037287503
-0.007916743523350317
0.006431797487199462
0.02630255417191716
-0.020009354735959075
0.001228264910713937
-0.006218839250632386
0.034648681372541
-0.054609994061358254
-0.04364794132322461
-0.028023353971330902
-0.03360589294289192
-0.007566126546295525
0.007908280797542525
-0.0461174119475903
-0.0008602740556605404
-0.0006534075419909856
-0.006769301012937673
0.03435646622405081
-0.0012381222046320248
-0.0008711065118712773
0.009616560044616694
0.027084081829633146
-0.013786366428412649
-0.04980392965117049
0.022838824147247427
0.06907742508146174
0.06459799735584161
0.04350247530283045
-0.05934755869594067
-0.01608888689058663
0.0034459024134120947
0.034618070367724046
0.03693002114200924
-0.00494434702317283
-0.0048242432913056296
-0.02171827300494884
0.008397872856883445
0.06227416181176811
0.012280111304899253
-0.020124181452997346
-0.023302577149378764
0.002461978501104314
-0.018130753184241986
-0.04700352462626589
-0.06278081026545994
0.01217538571935436
-0.023215810082630486
-0.037229236553150295
-0.01330830618336708
-0.016978806351088574
-0.04114706004942005
-0.005206040214390581
-0.08591819100957616
-0.011225133617549335
0.0034933137432589315
0.030718237665444032
0.005891125735521302
-0.015825990903569863
0.028596344228942472
0.048719983931664206
0.027053240395692638
-0.059565734322828336
0.02247326187787053
0.020125039855940788
-0.004444024462429619
0.04304256179301324
-0.06604031728135744
-0.04109770008827581
0.029103026201416925
0.03342925821359489
0.01937342321591193
0.01720712727361643
0.01176379678600914
0.011898970974917506
0.017914944020036832
-0.06029732398469387
0.00099851994533393
0.02526000485915484
-0.05435714695073197
0.016494637445662864
0.02713003085137133
0.021812592022086123
0.06041712067319699
0.052324862811525624
0.010337609377006807
-0.0019201550922090238
0.009667801276936077
0.016041352466889893
-0.007178041239139242
-0.004672486242475132
-0.006051358140981167
-0.006059827035504023
0.021849777484457142
0.012701025831934446
-0.026522570706448267
-0.014822553250701961
0.00036467452354731184
-0.041958009708321455
-0.040773846588794065
0.012929786184912468
-0.006364340412501433
0.011759353854133181
-0.007128757927694482
0.028304216603625205
-0.005668097393968217
0.010804889800141462
-0.0029587974270171525
-0.0004394254344794716
0.047621625584370546
-0.0201927976701714
-0.011183618842966758
0.01441692384179131
0.016771304758556354
0.008462009167303634
0.06170921739837481
0.061850277353054726
-0.00287817816853997
-0.006895089686224598
0.010243241716983728
-0.04622780401598438
-0.05021855852009921
-0.015426382579204053
-0.03748056499914923
-0.013519580885737787
0.007401597401243441
0.013903393802747644
0.021091314768506737
0.01128083675610117
0.0186115950886377
0.017686049076219658
-0.029988569169397458
-0.049068403197420764
0.048831771131532586
0.0025970101362697163
-0.022401400564899
0.018263066778045234
0.030749471432946974
-0.008045936233565445
0.00968737092104302
-0.021035920411998085
0.008481909177976197
0.057477675731004964
0.04598673106620935
0.007524879621058724
-0.05129923427532604
0.04865827651961523
-0.00550624754723668
-0.010625940730764163
0.02869702101933708
0.021446368213216133
0.016741005961750318
-0.04356656583612964
0.0018754769010812782
-0.016835973853044573
-0.0020534065497700644
0.0016632544580038324
0.014171475501422854
0.04424875673794978
-0.01920459096294587
-0.02029473182589397
0.0011161043902552282
-0.018065747580466574
0.006278612982903829
0.001796169794221867
0.010225304987801257
0.031143114133915288
0.02133248637259898
0.036304959842610326
-0.008666078400559779
0.018890303753279894
-0.001887519232228009
-0.029374875924441917
-0.006098854392191841
-0.0237665108445942
0.016387037996368137
-0.01995150544265679
0.0007567096372464552
0.002746166429077566
0.0012470767694253988
0.01593353258757561
0.005112175663277383
-0.0022467587780704763
-0.013720326653408504
-0.02903584405057651
0.03632222732286514
-0.005707025912200056
0.02985672127473447
-0.005399026123805177
0.038487950468678776
0.009867714038452576
-0.005955213623385572
0.010449163301479165
0.01931905087643003
-0.007539455687834014
0.04385965301320008
-0.021393841761969786
-0.0035471366520376368
0.010652840437843246
0.011587684175751537
0.018166873729884778
0.002421691562273215
-0.00837310212582461
0.045490459878266894
-0.07461489575008984
0.002435636468002709
0.01737866295427704
-0.0032194745868270483
-0.020870068791809013
0.011920522337049827
0.02035030778126924
-0.014122508751416912
-0.019889691396621324
-0.008278483207136882
-0.015380311152668445
-0.030062275113676016
-0.029992022968902635
0.009183654983991239
0.05803906974195688
-0.0034223462833216887
0.0024355357916480964
-0.023939837399089007
0.0022188340066083274
0.017144700131227687
-0.011170194523721326
0.02552946240598522
0.004935139067316064
0.042913819198772636
0.06908284319921096
0.03447834037932488
-0.019294676263804433
-0.010735550351824507
0.029436636669655392
0.02318545896263564
0.04430857639011972
-0.050894576167388135
-0.05404262717672858
-0.039609699036471734
0.003433019258213377
0.06922711010295886
-0.00888381192753643
0.10211115752790718
-0.04241620188641249
-0.005207760438265976
0.01791664683316134
0.0033273113057390802
-0.03291482148569198
0.006817551226845838
0.0009372069963436466
-0.03587958513727554
0.011345005073869062
0.016229986789030208
0.002195006714691062
0.03794601235075095
-0.0020572380037873154
0.021191090456708785
-0.01987903235510627
-0.018669514218643844
-0.02213908102516406
0.03269017198411599
-0.022318332141444273
-0.04447923518410926
-0.01864664582170458
-0.018671940852576598
-0.013942273451803953
0.02562420236351913
0.05222695599521887
0.012394272957873627
0.013906722281717654
0.012582827749563784
0.02106971335517831
0.005777380284520847
0.0015823910923913665
-0.02780604493969657
0.039248665005540785
-0.01842717616807921
-0.01633137576557433
0.004754663621291745
-0.031949045490510294
0.04930212397125276
-0.031060650605969603
-0.04050337136410337
-0.01864754244320727
-0.0018851302641090248
0.010237115333530633
0.023185153073287924
0.001508306906032206
0.02992684347468665
-0.07679386209349204
0.01782078279398085
0.03487728207155183
-0.0042050128587429025
-0.007571395290572572
-0.03766830355736793
0.019539945122272164
-0.013303118690657192
-0.05231401593038154
-4.696210977689748e-05
-0.008864100238034096
-0.05005800770802198
0.04997112635594873
-0.011785069526296831
0.005816247244596125
-0.019603466470190564
-0.02596147378589605
-0.017553312074394558
-0.007247508112773572
0.003104958344842706
-0.013406154637708795
0.007230393168930598
0.037515463955579954
-0.03240854202870359
0.013827900343944167
-0.009172583688046574
0.002094513285610997
0.05803182623423145
-0.0041674618109081895
0.008479140808619815
0.0410789823747
0.03681232288981821
0.03510153007694921
-0.022778529805805622
0.0026798206542328726
-0.00663111157276504
-0.0154586960757349
-0.012141556658110784
-0.0658057113931
0.0059785252346584855
-0.03938749388938407
0.010885115245736014
-0.021131598918941306
0.0071973086724953245
-0.03986975333368315
-0.0011064435950141776
0.046511070874519084
-0.01868967855079196
-0.010665929515342903
0.009925350664103695
-0.035635080427925785
0.00047335086444246426
0.014094176484287624
0.03172195353271767
0.0140889774227542
-0.00010201758453696878
-0.01521607591902034
-0.030352444633497025
0.02725799501757204
-0.013180228233425347
-0.03237906374894907
-0.02759448075847842
0.0336400844923363
0.02359586419591795
-0.030608542293673408
0.004019130031963798
0.08657440627510637
0.016376467410114216
-0.0031411934115161224
-0.025589882417086082
-0.015542431766476553
0.005730628423451689
-0.012618852529790288
0.04406630470672114
-0.015334598780013812
-0.011314366543378121
-0.0226229799945444
-0.0051782886807104165
-0.023288514334566447
-0.006933395051265881
0.004906009182632475
-0.001371910996620989
-0.008971875137733874
-0.002831550641488229
-0.0006159380096140044
-0.0904717776231021
-0.022491539443481003
-0.031416232796571325
-0.03957879715698385
0.0285847708379301
-0.050660939454039315
-0.0005357592845274695
-0.0004033036829597898
0.03264069151485739
0.025464272469922097
-0.09695759784376701
0.029664473494803688
-0.012321323380665767
-0.018764236232493348
-0.006148320032620823
0.0850833027867149
0.008026940590089626
0.027924355951414823
0.016588486330888642
0.017062848729842022
0.019235377803131424
0.07003542947283442
-0.030090561669108496
-0.010819629814721236
0.0032510837603430156
0.03428297861551671
-0.003639074379240743
0.006671949345245125
0.024593140544385692
0.0009713688390434307
0.029452714813440892
-0.02168107413500022
-0.007822343446037461
0.005790904558634652
0.006727210794936641
0.00687050068410402
2.3106824628227626e-05
-0.006030843909096243
0.015260912180263021
0.01385228569877769
-0.03386246722899416
-0.044648477761827565
0.005143839522277355
-0.01476394413817032
-0.02031725871547143
0.01590117622293328
0.02548688547851699
0.010757944505274971
-0.03033680799277035
-0.03325609167668407
-0.060802115884468516
-0.00825992470932263
0.004875176959537129
0.014170207975756329
-0.06661355930341004
0.025857320786974208
-0.015247352866033705
0.0051263861630291745
0.017190966345001675
-0.00023179282587718742
0.002964677558339033
0.00987977253074006
0.0024227982871040865
-0.06369570206030249
0.0008508763754002662
-0.011957348429171604
-0.020577448059799816
0.02306455896962859
0.0007847459134829001
-0.030055071105663776
-0.053106005781964526
0.007722753988121146
-0.019416272638519208
-0.03632743025810969
-0.006908728002434428
-0.00689816764777493
0.001255869959301871
-0.011470952601660901
0.04506746515596679
0.018992072683402937
0.005102027781910553
-0.051485927479705255
-0.016099061927414938
-0.03470001713075957
-0.012690951960239543
-0.034375951243976625
0.004387798004894155
0.04173731140794523
0.05342870370102364
-0.0012197356156240743
-0.005862672358414274
0.006740980768231223
-0.0186967780313204
0.0030027691768093165
-0.044030665375561266
-0.02521771580650655
-0.0013325896014934908
0.05028918808404344
0.009185573060591886
0.010609867356806272
0.03277781638425595
0.031716485989449
-0.03229646937917329
0.03697002273389111
-0.014768461400750148
0.006895295726138588
0.013170448965212928
-0.05431698940574287
0.011558864687394518
0.013830446131272774
0.054825710618856875
0.01389046402008242
0.024221324488663137
0.011947987581890564
-0.013990010730243894
0.056415560199260396
0.007330469635842359
0.015956051377899134
0.021761730421738172
0.0028360910480247285
-0.012417224526546086
0.01720316821773136
-0.004314641168005712
0.038096784199756796
0.0011910392527585618
0.0011901839189465925
0.009771754089870367
0.021808980902017137
0.029352469935841705
0.06271840897235882
0.018016281981201917
-0.02545494172406045
-0.024638959883890435
-0.04789280811176454
-0.08353038115646678
0.01181451690881573
-0.021998053868059565
0.05832945841931374
0.0028040758423554597
-0.04779688922777324
0.021089360516129137
-0.03719096797396614
0.0007768961096780142
0.009478008350148484
-0.03875363493526973
0.004477141105437528
0.041955798058816045
-0.014353339371111272
-0.018196662971301483
-0.0048047625486579695
0.028795185505597162
-0.009250984948469996
0.01630762116573658
-0.004463144094547703
0.018713874110017154
-0.021236359301712047
-0.009621520101345328
-0.0037363505451128705
-0.0012691793788777669
-0.005334563061361933
0.0007545130653994476
-0.007797840293624574
-0.009511830757546592
-0.029886001578763734
-0.013991443382310243
0.006686884587897558
-0.08451353776828467
0.028662216877900444
-0.011301228509147656
0.003952113754027189
0.015318510074475685
0.011855973030374346
0.027825132502817016
-0.03326529913650827
-0.012591536966610929
0.00995838046036429
-0.0004981168573334006
-0.03266557836111232
2.2307010081199017e-05
0.04162009159959774
-0.007192133080334183
0.03171986632331478
-0.05532006612093178
-0.040362968219005466
0.06127488014784113
-0.04691482478412967
-0.02401537357794015
-0.001638930940367148
0.005968691466768966
0.016437435895525262
-0.03901955654756761
0.030821286781679617
0.03662696550501173
-0.0007536934879482552
-0.002023696010577627
0.043996067895451234
0.013125872253457207
-0.0006250267608759207
-0.009624825220463103
-0.010276851478377732
-0.034395186497797756
-0.027025664629224497
-0.0003047112266769842
0.027487895410942518
0.003707667701974924
-0.003696200472920357
0.020649725519637722
-0.008958850624325915
0.007612565821474145
-0.025677657298580847
0.01752794463651841
-0.007562817475440745
0.013197226919663902
0.004685680822882858
-0.0024075179366213773
0.009583207474617021
-0.02436368946934025
0.02837682978668731
0.010734331673101715
-0.0031427157772038147
-0.010778916816464545
0.0009632912842781476
0.037099964137308906
0.014691313678450522
-0.04991006632006568
-0.04995683880635489
-0.00339799643330343
0.018980619180936534
-0.034661570296824706
0.036666692643844194
0.022798263478793292
-0.04062222225819255
-0.03323077750341805
-0.028866823429307815
-0.008154834542799942
0.009462249874021741
-0.099106194526466
0.006242183733450906
-0.0307695215012743
-0.04246631775050862
-0.039900188756035265
-0.09075960625888864
0.04285384968829886
-0.018517734069279493
-0.06537497088884806
0.015195400250545738
0.0008371176691508295
-0.0006407699882765608
-0.027136192083757536
-0.03860668042576713
-0.053081878895108854
0.01838588070553373
0.005189382492507604
0.010470484879419168
0.0038624954769071766
0.050319526697279314
0.010835311596217704
-0.039794235320798885
-0.004202258762721175
-0.004250280903021017
-0.007816808110134849
-0.0025130187098237164
0.04227116836031502
-0.020239896440823815
-0.0019544678514029712
0.004229475653886563
0.01630765702452366
0.02639510352180797
0.003757438481258892
-0.02941139434658728
-0.03371367640471571
0.004907341221312331
0.017667281640575346
-0.03790632887184239
0.029608417729131673
0.015930067841894952
0.013275208087210593
0.013594420600559425
0.001382638556401151
-0.028779219063706944
-0.0023071984676426432
-0.03186980139154933
0.02922257041677473
-0.011547767233863316
-0.03133444511998449
0.011416142943231114
-0.014456533407580506
-0.03483505169972343
-0.002215268335722157
-0.06962090761968961
0.00014160314910484226
-0.021055951237408405
0.002075699954521509
0.020972127127188104
0.0007616103542815859
0.010117212343111278
-0.025386309284333417
0.016464209818737186
-0.03268684773108363
-0.02107060359349437
0.0024157376113719967
-0.0026748952416066796
0.033979541561335
-0.024074676651491423
0.051357100162849986
-0.04458330563522618
-0.02904780925196957
0.00535249142333566
-0.0034323269706378365
0.04034394665105867
-0.02301045691767353
-0.011511970117889545
0.0014105781490079887
-0.017017765089724534
0.02705621002830079
-0.03516709231317901
0.011757060221279935
0.013949269791501278
-0.00212560299311223
0.022790739867750345
0.012683018515247692
-0.03224974877068614
-0.013291744989322481
0.06833332520668296
0.018653064587402398
-0.022764569603718504
0.0011025647549068494
0.003370435300844336
-0.0426639843941664
0.003449636376162388
-0.020278542762707873
-0.0017028805566361035
0.005250399986318561
0.039893266731525545
0.009418304496296968
0.014030951622709184
-0.022438369492797153
-0.03727881677413952
0.008782975011001259
0.013705667884774586
-0.01487676598608828
0.036489936045925465
0.007335168296729525
0.034737470978959094
-0.0014183523455429117
-0.06424626810264797
-0.009802354240013217
0.0035446069770143124
-0.001853156382662724
-0.010854956142006272
-0.04281429516836738
-0.033006230036488796
0.013864700586953525
0.012116619283612087
0.002752490001200222
0.012241346964963028
-0.022698164133902632
0.03195711736943408
0.026097255880549935
0.006538129042095529
-0.009272949531363029
-0.02014079486081203
0.007800035613814434
-0.03811257338918166
0.006427187480286457
0.03341025383750829
-0.01144630327637561
0.001884668133803272
-0.04859310346534154
0.04507270432820851
0.023548285268612846
0.009944036014486794
-0.03943226153069428
-0.012705411083795005
-0.002003953241759902
-0.0022376814994350836
0.036876634846918166
-0.07313115551996423
0.003874052787885691
-0.004600337860712508
-0.001298658478723574
-0.008067735491572355
-0.0031310085535454983
0.04390276662739912
5.066292369938252e-05
0.006102017328880933
0.009704758709663792
-0.008944863884859119
-0.019212791676838252
0.017683487971030004
0.017862416496878704
0.03310111180354614
-0.01937346376463729
-0.0036531994831327345
-0.021836779206724412
-0.050958414739267814
0.010496200140073677
-0.006868541234575278
0.006866263354844397
-0.018440816333425956
0.02364855984671541
-0.054305411182841094
0.0004781739873193342
-0.005166346652101808
-0.008773458941020903
0.008680914065183044
-0.015308226590767034
0.0048974486537957905
0.012253761473733896
0.0009300967807981745
0.01892390221423452
0.019711055746520247
0.0029126252583670676
0.05467933168782264
0.014816653755011185
-0.05382871339709591
-0.014742146503089006
-0.017532105741959042
-0.03758801807169269
0.012685395492522365
0.00277058228289379
0.0037888675740809894
0.049922043329195115
-0.0630061499032659
-0.06320345991641832
0.0039220871951349415
-0.0016872947785095895
0.02711997372451365
-0.04576550720887576
0.0004953187821277939
-0.0049617311607593004
0.03243805306132307
0.010917187426583782
0.01396400603256368
0.014060000880065471
-0.050652728487182566
-0.006525338058988351
-0.03034870344179131
0.00977274192141605
0.0020288074519105807
0.021402507998814855
-0.007317990906820737
-0.05723054601227266
0.014858865087689976
0.05161802166144174
0.0055094477634813
-0.044428880598608965
-0.009555043641004405
-0.014201004283776807
0.002936205636182491
0.029506511442556508
-0.012135415328518907
0.018311285526060837
0.021657606666118556
0.020662699256541243
-0.0054566931225790314
-0.0018866680186386535
0.01824563287855426
-0.004318606636452743
0.03138361742016272
-0.02343243759273796
0.003982641995160649
0.01661703814588762
-0.01037834314592928
0.010613785557914356
-0.0399204751585172
0.004369022401652906
0.02890351035251831
-0.04200613461781234
0.01747740039566032
0.030465674002102792
-0.00235407866232265
-0.008084789979857333
0.0068219784008156
-0.05381785673035225
-0.0015099592682836433
-0.01773692473041498
-0.004226374587040164
-0.05136259263576595
0.011916557974790782
0.01635937715747458
-0.01853809994658322
-0.04993648059210381
-0.006177995868447233
-0.0014432172949113762
-0.026946096570163808
-0.020960848614030858
-0.007651896744957266
0.057551778780468195
-0.010391600331021317
0.019477316105981368
-0.007093968364967869
0.027434005994784166
-0.020592016660302116
-0.013334875709787567
0.01507799311933048
0.0014674147235772743
0.00913385412883209
0.01514486308076635
-0.0024082120492938163
-0.06749936934464373
-0.022252828268116174
0.01900891709619253
-0.0032549407795737745
-0.009321240062031068
-0.022865225362741114
-0.04784436541941734
-0.027775595386192887
0.023232914833047104
0.06080683651605033
0.018461085471117102
-0.0245177482506046
0.05185061927792759
-0.043969994526700175
-0.0024092801219797464
0.02584181858409916
0.007170818745935492
0.005058510769312213
0.008503798043341353
-0.027875160181047798
0.06626078568189793
-0.01963030301534729
0.00916331784597522
-0.0030793305789406106
-0.002223823087481784
-0.03516959967841951
0.02463260426450182
0.009977128388145892
0.02073759212077306
0.02994715576820542
0.048509204717569275
-0.002307092026387352
-0.028309001850910846
-0.01145255314695381
-0.0071783271982771785
-0.012817879120276774
-0.01279010380004452
0.003688127783899234
0.013030276855805555
-0.04914215968200356
-0.010693904034327507
0.0077835767182242175
0.003943799643241212
-0.005702795458058238
0.003763097023381948
0.014749192929001516
-0.04931825060016267
-0.005386349551333224
0.03791379743340405
0.04667255020891477
0.0467502920618941
-0.03703906945634851
0.03718667006586276
0.024486326249132905
0.026997228250506846
0.01964601033658435
-0.008306261142135053
-0.029996281452206258
-0.017124382035706442
-0.0035634094908375312
-0.018639199059809403
0.010789695423715068
-0.027268084781672426
0.03748886000725648
-0.003171757583376714
-0.012695366620948844
0.007777794524809366
0.0004833110415224269
0.009211822772049653
-0.04218578433966352
-0.025403999667590937
-0.008932838967721554
0.016902414061493717
-0.0014365280102914498
-0.01808734505705584
0.011242958923569694
-0.015133897449432146
-0.025462814339824846
0.01738876584192179
-0.0044918677685609944
0.004903405437045865
0.06713331911574848
0.08260546737608236
-0.048286611043002976
-0.003985067388681481
0.017191954472933514
0.0007981624787258057
-0.05455273598444479
-0.024674430555258423
0.011327427211818987
0.05159271903340406
0.004955819875530074
-0.00395807150397316
0.0012082265428630533
-0.014360474283645393
0.028642569144912353
-0.0043153927105817605
0.015563481382879066
-0.0318392868311382
0.017621525743491503
-0.029191483639223473
0.0034730621832179567
0.01284782112099705
0.003806080157828408
0.05865704602492533
-0.003350104267890603
-0.033944237229729245
-0.04930920593362264
-0.007771181418029653
-0.0098747828905805
0.0020141191136398735
7.41925801766522e-05
0.015325465778050756
0.006254312536137423
0.026073275157809567
0.046078336033014984
0.05392702271331635
-0.040181916160618544
-0.03233613425058257
0.02524138133566451
0.039501061479208115
0.0122697453139146
0.009057636359253673
0.010416215303268304
0.00487619381933372
-0.06034711792685716
0.018937226685995148
0.003323403991274945
0.0837763377921577
-0.002834769510638228
-0.0043979823138778325
0.014149159734365629
-0.0020614936684669877
-0.007805163562083771
0.027544611366574462
-0.015298535135287882
-0.01738317841252488
0.02849755538486817
0.0016180446842863432
0.052625839072622194
-0.018141227847567137
-0.00979488720567086
0.05690558379243836
0.027255210733352766
0.030677478448416465
-0.060664822018484416
0.00807905248113136
-0.007225260057337643
0.08869104088293324
-0.013831993005878257
-0.0058580759210326155
0.021836938959912507
0.005479358727656708
0.032245066460449716
0.044236330526684284
0.014174949577784557
0.03355359926668181
-0.06139102873007123
0.008126927619935708
-0.041192484226181054
0.06988772573698325
0.002542886623581166
-0.04097388840130015
-0.05756623354571161
0.0008917769396559589
-0.0026531617635207347
-0.0029389494581686815
-0.028426142972820107
0.06425350339359857
-0.005334481957230898
-0.011161440826456795
-0.03736932341635627
-0.01061139018512799
0.04860128786860167
-0.03100558409561713
0.006583551504702031
-0.014943048936434307
0.012450294068294098
0.03408631475135726
-0.056267574815722206
-0.028741075571160207
-0.06636184732859529
-0.013333937593566474
0.011195513895177126
0.07350295098619591
0.057422804600485704
-0.0007654497445685768
0.007143582989042444
0.011781295660643152
0.007273802198606902
0.008618926341230373
-0.02144369498464728
-0.07306168076900406
-0.012771734413401922
0.025149699837499952
0.06636232975083459
-0.04010183426320487
-0.007853735057787312
-0.028146035316386857
0.03589735321907094
-0.02296146670620108
0.03748985875600036
0.06237000276696972
0.0039032518637491303
-0.011574120929523615
-0.014570538087951418
-0.008967407513591728
-0.009445023415820637
-0.0005992474401758573
-0.04105612793124013
-0.01569926778602565
0.013653009010099951
-0.004439958441403124
4.816526634229237e-05
-0.005692721261992067
0.01864823539433643
-0.04151798855687271
-0.0693844879500322
-0.02112649402498601
0.0037039424766823013
-0.024172208664737158
0.004464435208699231
-0.0036633804731480138
-0.032817886206637906
-0.03915981096644079
0.0024671140251546174
-0.0024158826889490023
-0.0016514952143408946
-0.011066030226549874
-0.01866117867483069
-0.012960299567467977
0.01743280815704788
0.023068921859678695
-0.02408072614817107
0.07529139221525086
0.0660828898180046
-0.00962779113097747
-0.03142317990150696
-0.007582643953564663
-0.020546216165408776
-0.0006237134025297488
-0.010297188637244674
-0.015328440485520397
0.05843715585838689
-0.05171785970760625
0.06153833490125044
-0.02424373368107652
0.009832523199448025
0.03333023591027374
0.021872627931081943
0.040341965153635
0.0031467382932740783
0.014595952315336067
-0.06708357036917661
0.029743228412475002
0.020024233515117253
-0.0432342870030941
-0.009656807272910363
0.03925156824794262
0.004439365240784276
0.027324750539527987
0.006456195415767608
-0.054059417225550147
-0.022347536556991076
-0.026440384660857734
0.010632084840316587
-0.009302637525849042
-0.01720194696821178
0.018335216136152202
0.0034721399043557504
0.03228300936603081
-0.04249348439582738
0.001791508548131419
0.022250481781871674
0.0032575813177065896
0.02397016617516157
-0.05613468965315083
